0  0.244140625 0.48826291079812206 0.025390625 0.0406885758998435 0.2355869140625 0.4838622848200313 0.243974609375 0.4838622848200313 0.2386513671875 0.4923912363067292 0.2365546875 0.4985962441314554 0.24413671875 0.4985962441314554
0  0.18017578125 0.55320813771518 0.0244140625 0.04225352112676056 0.17206640625 0.5473818466353677 0.1820068359375 0.5476463223787168 0.1755458984375 0.5587965571205008 0.1728955078125 0.5627793427230047 0.182337890625 0.5635758998435054
0  0.1328125 0.564945226917058 0.02734375 0.046948356807511735 0.1246376953125 0.5614585289514867 0.1366357421875 0.562660406885759 0.13026171875 0.5734757433489828 0.1282001953125 0.5752785602503913 0.1371982421875 0.5761799687010954
0  0.16943359375 0.43740219092331767 0.0205078125 0.03912363067292645 0.163146484375 0.4297245696400626 0.1721494140625 0.4324131455399061 0.16650390625 0.43754929577464785 0.162841796875 0.4446400625978091 0.1694033203125 0.44684037558685447
0  0.1240234375 0.4272300469483568 0.013671875 0.028169014084507043 -0.0009765625 -0.001564945226917058 -0.0009765625 -0.001564945226917058 -0.0009765625 -0.001564945226917058 -0.0009765625 -0.001564945226917058 -0.0009765625 -0.001564945226917058
0  0.18603515625 0.40923317683881066 0.0166015625 0.03286384976525822 0.18062890625 0.40013771517996866 0.185494140625 0.40035367762128327 0.17833203125 0.4044679186228482 0.1787373046875 0.41464788732394364 0.18198046875 0.41486384976525825
0  0.29541015625 0.3935837245696401 0.0185546875 0.03286384976525822 0.289703125 0.39028638497652585 0.2970009765625 0.38985289514866983 0.2920009765625 0.39613302034428793 0.2891630859375 0.40133176838810647 0.2964609375 0.40133176838810647
0  0.24755859375 0.40688575899843504 0.0166015625 0.03129890453834116 0.2440185546875 0.4006322378716745 0.2526162109375 0.4006322378716745 0.2478115234375 0.40630516431924885 0.245662109375 0.41359937402190927 0.2500869140625 0.41380281690140847
0  0.20849609375 0.3826291079812207 0.0087890625 0.023474178403755867 -0.0009765625 -0.001564945226917058 -0.0009765625 -0.001564945226917058 -0.0009765625 -0.001564945226917058 -0.0009765625 -0.001564945226917058 -0.0009765625 -0.001564945226917058
0  0.19970703125 0.4154929577464789 0.0126953125 0.023474178403755867 -0.0009765625 -0.001564945226917058 -0.0009765625 -0.001564945226917058 -0.0009765625 -0.001564945226917058 -0.0009765625 -0.001564945226917058 -0.0009765625 -0.001564945226917058
0  0.06396484375 0.38184663536776214 0.0166015625 0.03442879499217527 0.0575478515625 0.3767042253521127 0.0643837890625 0.3767042253521127 0.060755859375 0.38385915492957745 0.058384765625 0.3887777777777778 0.0643837890625 0.3887777777777778
0  0.076171875 0.3458528951486698 0.01171875 0.02190923317683881 0.075103515625 0.342283255086072 0.0756533203125 0.3421361502347418 0.071625 0.34771205007824724 0.0745546875 0.35299217527386545 0.0745546875 0.3524068857589984
0  0.07861328125 0.31768388106416273 0.0107421875 0.025039123630672927 -0.0009765625 -0.001564945226917058 -0.0009765625 -0.001564945226917058 -0.0009765625 -0.001564945226917058 -0.0009765625 -0.001564945226917058 -0.0009765625 -0.001564945226917058
0  0.123046875 0.33568075117370894 0.01171875 0.023474178403755867 0.1213984375 0.33235524256651017 0.126892578125 0.33235524256651017 0.124603515625 0.3364632237871675 0.1218564453125 0.34013145539906103 0.1264345703125 0.34013145539906103
0  0.1376953125 0.3442879499217527 0.01171875 0.025039123630672927 0.135990234375 0.3430234741784038 0.1413046875 0.3418982785602504 0.140302734375 0.3467198748043818 0.1378955078125 0.3512190923317684 0.1414052734375 0.3508967136150235
0  0.14697265625 0.35289514866979654 0.0107421875 0.023474178403755867 0.14697265625 0.3507292644757434 0.150330078125 0.35011424100156496 0.1512890625 0.35564788732394365 0.1493701171875 0.35995148669796556 0.1520556640625 0.3590297339593114
0  0.1513671875 0.32942097026604067 0.009765625 0.023474178403755867 0.152892578125 0.3269483568075117 0.154427734375 0.32679342723004695 0.15538671875 0.3314053208137715 0.152796875 0.3377073552425665 0.1532763671875 0.3377073552425665
0  0.18115234375 0.31768388106416273 0.0107421875 0.02190923317683881 -0.0009765625 -0.001564945226917058 -0.0009765625 -0.001564945226917058 -0.0009765625 -0.001564945226917058 -0.0009765625 -0.001564945226917058 -0.0009765625 -0.001564945226917058
0  0.2060546875 0.31690140845070425 0.009765625 0.017214397496087636 0.205357421875 0.31522535211267605 0.2107978515625 0.31533646322378717 0.2081474609375 0.32103755868544603 0.205845703125 0.3249499217527387 0.2096123046875 0.3249499217527387
0  0.19189453125 0.30907668231611896 0.0107421875 0.017214397496087636 -0.0009765625 -0.001564945226917058 -0.0009765625 -0.001564945226917058 -0.0009765625 -0.001564945226917058 -0.0009765625 -0.001564945226917058 -0.0009765625 -0.001564945226917058
0  0.3115234375 0.39123630672926446 0.013671875 0.028169014084507043 -0.0009765625 -0.001564945226917058 -0.0009765625 -0.001564945226917058 -0.0009765625 -0.001564945226917058 -0.0009765625 -0.001564945226917058 -0.0009765625 -0.001564945226917058
0  0.32958984375 0.38341158059467917 0.0126953125 0.025039123630672927 -0.0009765625 -0.001564945226917058 -0.0009765625 -0.001564945226917058 -0.0009765625 -0.001564945226917058 -0.0009765625 -0.001564945226917058 -0.0009765625 -0.001564945226917058
0  0.37451171875 0.38497652582159625 0.0107421875 0.018779342723004695 -0.0009765625 -0.001564945226917058 -0.0009765625 -0.001564945226917058 -0.0009765625 -0.001564945226917058 -0.0009765625 -0.001564945226917058 -0.0009765625 -0.001564945226917058
0  0.38916015625 0.41236306729264477 0.0126953125 0.026604068857589983 0.38473046875 0.40956807511737087 0.3899619140625 0.4094006259780908 0.3856728515625 0.41443035993740224 0.38473046875 0.41929420970266035 0.3870322265625 0.41929420970266035
0  0.42041015625 0.3904538341158059 0.0146484375 0.026604068857589983 -0.0009765625 -0.001564945226917058 -0.0009765625 -0.001564945226917058 -0.0009765625 -0.001564945226917058 -0.0009765625 -0.001564945226917058 -0.0009765625 -0.001564945226917058
0  0.4384765625 0.39280125195618154 0.015625 0.03442879499217527 0.434421875 0.38422222222222224 0.4429365234375 0.3848716744913928 0.4373955078125 0.39310172143974964 0.4346923828125 0.3995993740219092 0.4417197265625 0.3995993740219092
0  0.4599609375 0.38810641627543035 0.01171875 0.028169014084507043 0.456072265625 0.38254460093896714 0.462306640625 0.3830907668231612 0.4585654296875 0.3907198748043818 0.456638671875 0.3950782472613459 0.4609462890625 0.3952597809076682
0  0.45849609375 0.34507042253521125 0.0107421875 0.023474178403755867 0.454986328125 0.34282003129890454 0.458796875 0.3421784037558685 0.456490234375 0.34812363067292645 0.4568916015625 0.352302034428795 0.460201171875 0.3510156494522692
0  0.400390625 0.33881064162754304 0.01171875 0.023474178403755867 0.397609375 0.33418622848200313 0.4025009765625 0.334339593114241 0.3990478515625 0.34064162754303595 0.3974169921875 0.34463693270735524 0.402021484375 0.3447902973395931
0  0.35498046875 0.325508607198748 0.0087890625 0.01564945226917058 -0.0009765625 -0.001564945226917058 -0.0009765625 -0.001564945226917058 -0.0009765625 -0.001564945226917058 -0.0009765625 -0.001564945226917058 -0.0009765625 -0.001564945226917058
0  0.2294921875 0.3810641627543036 0.01171875 0.023474178403755867 -0.0009765625 -0.001564945226917058 -0.0009765625 -0.001564945226917058 -0.0009765625 -0.001564945226917058 -0.0009765625 -0.001564945226917058 -0.0009765625 -0.001564945226917058
0  0.2802734375 0.3591549295774648 0.009765625 0.02034428794992175 -0.0009765625 -0.001564945226917058 -0.0009765625 -0.001564945226917058 -0.0009765625 -0.001564945226917058 -0.0009765625 -0.001564945226917058 -0.0009765625 -0.001564945226917058
0  0.26123046875 0.2887323943661972 0.0087890625 0.017214397496087636 -0.0009765625 -0.001564945226917058 -0.0009765625 -0.001564945226917058 -0.0009765625 -0.001564945226917058 -0.0009765625 -0.001564945226917058 -0.0009765625 -0.001564945226917058
0  0.24853515625 0.28482003129890454 0.0107421875 0.018779342723004695 -0.0009765625 -0.001564945226917058 -0.0009765625 -0.001564945226917058 -0.0009765625 -0.001564945226917058 -0.0009765625 -0.001564945226917058 -0.0009765625 -0.001564945226917058
0  0.283203125 0.2918622848200313 0.009765625 0.017214397496087636 -0.0009765625 -0.001564945226917058 -0.0009765625 -0.001564945226917058 -0.0009765625 -0.001564945226917058 -0.0009765625 -0.001564945226917058 -0.0009765625 -0.001564945226917058
0  0.19482421875 0.19483568075117372 0.0087890625 0.017214397496087636 -0.0009765625 -0.001564945226917058 -0.0009765625 -0.001564945226917058 -0.0009765625 -0.001564945226917058 -0.0009765625 -0.001564945226917058 -0.0009765625 -0.001564945226917058
0  0.32177734375 0.2942097026604069 0.0107421875 0.018779342723004695 0.3254482421875 0.2927699530516432 0.32646875 0.29327386541471046 0.3250556640625 0.29591392801251953 0.32576171875 0.30018935837245697 0.3259970703125 0.29993896713615026
0  0.34423828125 0.30359937402190923 0.0107421875 0.018779342723004695 -0.0009765625 -0.001564945226917058 -0.0009765625 -0.001564945226917058 -0.0009765625 -0.001564945226917058 -0.0009765625 -0.001564945226917058 -0.0009765625 -0.001564945226917058
0  0.36279296875 0.284037558685446 0.0087890625 0.017214397496087636 -0.0009765625 -0.001564945226917058 -0.0009765625 -0.001564945226917058 -0.0009765625 -0.001564945226917058 -0.0009765625 -0.001564945226917058 -0.0009765625 -0.001564945226917058
0  0.37548828125 0.2895148669796557 0.0068359375 0.01564945226917058 -0.0009765625 -0.001564945226917058 -0.0009765625 -0.001564945226917058 -0.0009765625 -0.001564945226917058 -0.0009765625 -0.001564945226917058 -0.0009765625 -0.001564945226917058
0  0.3857421875 0.28794992175273865 0.0078125 0.01564945226917058 0.385462890625 0.2881737089201878 0.38916015625 0.28850860719874805 0.3875556640625 0.29096870109546163 0.386021484375 0.294320813771518 0.3875556640625 0.2945446009389671
0  0.4208984375 0.3075117370892019 0.009765625 0.017214397496087636 -0.0009765625 -0.001564945226917058 -0.0009765625 -0.001564945226917058 -0.0009765625 -0.001564945226917058 -0.0009765625 -0.001564945226917058 -0.0009765625 -0.001564945226917058
0  0.419921875 0.2942097026604069 0.009765625 0.018779342723004695 -0.0009765625 -0.001564945226917058 -0.0009765625 -0.001564945226917058 -0.0009765625 -0.001564945226917058 -0.0009765625 -0.001564945226917058 -0.0009765625 -0.001564945226917058
0  0.46875 0.28794992175273865 0.0078125 0.01564945226917058 0.4690986328125 0.2881737089201878 0.472935546875 0.2881737089201878 0.471400390625 0.2919733959311424 0.469935546875 0.2936510172143975 0.4725166015625 0.2936510172143975
0  0.47998046875 0.27073552425665104 0.0068359375 0.01564945226917058 0.4802119140625 0.2699530516431925 0.4842001953125 0.2699530516431925 0.482369140625 0.27404068857589986 0.4807998046875 0.276660406885759 0.4837431640625 0.27687010954616587
0  0.4921875 0.2809076682316119 0.005859375 0.010954616588419406 -0.0009765625 -0.001564945226917058 -0.0009765625 -0.001564945226917058 -0.0009765625 -0.001564945226917058 -0.0009765625 -0.001564945226917058 -0.0009765625 -0.001564945226917058
0  0.486328125 0.26917057902973396 0.005859375 0.01564945226917058 -0.0009765625 -0.001564945226917058 -0.0009765625 -0.001564945226917058 -0.0009765625 -0.001564945226917058 -0.0009765625 -0.001564945226917058 -0.0009765625 -0.001564945226917058
0  0.49609375 0.3333333333333333 0.009765625 0.018779342723004695 -0.0009765625 -0.001564945226917058 -0.0009765625 -0.001564945226917058 -0.0009765625 -0.001564945226917058 -0.0009765625 -0.001564945226917058 -0.0009765625 -0.001564945226917058
0  0.47998046875 0.33255086071987483 0.0107421875 0.02034428794992175 -0.0009765625 -0.001564945226917058 -0.0009765625 -0.001564945226917058 -0.0009765625 -0.001564945226917058 -0.0009765625 -0.001564945226917058 -0.0009765625 -0.001564945226917058
0  0.48681640625 0.37089201877934275 0.0126953125 0.02190923317683881 0.484375 0.36921596244131455 0.488560546875 0.36977464788732395 0.48603125 0.3738262910798122 0.4840263671875 0.37871674491392804 0.4883857421875 0.37871674491392804
0  0.49462890625 0.4225352112676056 0.0146484375 0.028169014084507043 0.4907265625 0.4179796557120501 0.49673046875 0.4204319248826291 0.4929638671875 0.42382785602503914 0.4900205078125 0.4279780907668232 0.49496484375 0.4296744913928013
0  0.53125 0.39593114241001565 0.013671875 0.025039123630672927 -0.0009765625 -0.001564945226917058 -0.0009765625 -0.001564945226917058 -0.0009765625 -0.001564945226917058 -0.0009765625 -0.001564945226917058 -0.0009765625 -0.001564945226917058
0  0.5234375 0.3935837245696401 0.01171875 0.026604068857589983 -0.0009765625 -0.001564945226917058 -0.0009765625 -0.001564945226917058 -0.0009765625 -0.001564945226917058 -0.0009765625 -0.001564945226917058 -0.0009765625 -0.001564945226917058
0  0.5546875 0.37167449139280123 0.01171875 0.026604068857589983 -0.0009765625 -0.001564945226917058 -0.0009765625 -0.001564945226917058 -0.0009765625 -0.001564945226917058 -0.0009765625 -0.001564945226917058 -0.0009765625 -0.001564945226917058
0  0.57958984375 0.43427230046948356 0.0166015625 0.0297339593114241 0.575099609375 0.4291799687010954 0.582162109375 0.4295571205007825 0.576982421875 0.4348388106416276 0.574158203125 0.4423834115805947 0.5808671875 0.44181690140845076
0  0.62158203125 0.4225352112676056 0.0166015625 0.028169014084507043 0.6173447265625 0.4172253521126761 0.6187568359375 0.418169014084507 0.6151083984375 0.4240156494522692 0.616638671875 0.4302410015649452 0.61816796875 0.4309953051643193
0  0.66064453125 0.4209702660406886 0.0146484375 0.028169014084507043 -0.0009765625 -0.001564945226917058 -0.0009765625 -0.001564945226917058 -0.0009765625 -0.001564945226917058 -0.0009765625 -0.001564945226917058 -0.0009765625 -0.001564945226917058
0  0.59375 0.4029733959311424 0.01171875 0.023474178403755867 -0.0009765625 -0.001564945226917058 -0.0009765625 -0.001564945226917058 -0.0009765625 -0.001564945226917058 -0.0009765625 -0.001564945226917058 -0.0009765625 -0.001564945226917058
0  0.5693359375 0.38810641627543035 0.013671875 0.028169014084507043 0.56674609375 0.3837965571205008 0.573337890625 0.3837965571205008 0.5695712890625 0.3896431924882629 0.5676875 0.39624569640062596 0.5718076171875 0.39643348982785603
0  0.58154296875 0.38810641627543035 0.0107421875 0.025039123630672927 -0.0009765625 -0.001564945226917058 -0.0009765625 -0.001564945226917058 -0.0009765625 -0.001564945226917058 -0.0009765625 -0.001564945226917058 -0.0009765625 -0.001564945226917058
0  0.62841796875 0.3685446009389671 0.0126953125 0.023474178403755867 0.624947265625 0.36561032863849763 0.629935546875 0.36561032863849763 0.62676953125 0.3696071987480438 0.624947265625 0.37298748043818464 0.629072265625 0.3732957746478873
0  0.66357421875 0.37167449139280123 0.0126953125 0.023474178403755867 -0.0009765625 -0.001564945226917058 -0.0009765625 -0.001564945226917058 -0.0009765625 -0.001564945226917058 -0.0009765625 -0.001564945226917058 -0.0009765625 -0.001564945226917058
0  0.6923828125 0.38028169014084506 0.013671875 0.025039123630672927 0.688755859375 0.3794428794992175 0.6944052734375 0.37910798122065725 0.6905341796875 0.3834679186228482 0.6890693359375 0.39034272300469486 0.6930458984375 0.39067762128325506
0  0.7177734375 0.3982785602503912 0.013671875 0.026604068857589983 -0.0009765625 -0.001564945226917058 -0.0009765625 -0.001564945226917058 -0.0009765625 -0.001564945226917058 -0.0009765625 -0.001564945226917058 -0.0009765625 -0.001564945226917058
0  0.73779296875 0.3904538341158059 0.0126953125 0.026604068857589983 -0.0009765625 -0.001564945226917058 -0.0009765625 -0.001564945226917058 -0.0009765625 -0.001564945226917058 -0.0009765625 -0.001564945226917058 -0.0009765625 -0.001564945226917058
0  0.75732421875 0.47730829420970267 0.0146484375 0.03129890453834116 0.75356640625 0.47437402190923317 0.76062890625 0.47437402190923317 0.75709765625 0.48045226917057904 0.7544814453125 0.4854820031298905 0.760236328125 0.4859014084507042
0  0.76318359375 0.37715179968701096 0.0107421875 0.02190923317683881 -0.0009765625 -0.001564945226917058 -0.0009765625 -0.001564945226917058 -0.0009765625 -0.001564945226917058 -0.0009765625 -0.001564945226917058 -0.0009765625 -0.001564945226917058
0  0.67919921875 0.3435054773082942 0.0126953125 0.026604068857589983 0.676478515625 0.3382723004694836 0.6814921875 0.33792331768388106 0.6785498046875 0.3440359937402191 0.6762607421875 0.35032394366197184 0.6823642578125 0.350150234741784
0  0.62646484375 0.34976525821596244 0.0087890625 0.02034428794992175 -0.0009765625 -0.001564945226917058 -0.0009765625 -0.001564945226917058 -0.0009765625 -0.001564945226917058 -0.0009765625 -0.001564945226917058 -0.0009765625 -0.001564945226917058
0  0.60400390625 0.3411580594679186 0.0146484375 0.02190923317683881 -0.0009765625 -0.001564945226917058 -0.0009765625 -0.001564945226917058 -0.0009765625 -0.001564945226917058 -0.0009765625 -0.001564945226917058 -0.0009765625 -0.001564945226917058
0  0.759765625 0.34976525821596244 0.009765625 0.02034428794992175 0.7563125 0.34507042253521125 0.7622421875 0.3464679186228482 0.7584052734375 0.34912206572769955 0.7569228515625 0.35331455399061035 0.7600625 0.3549906103286385
0  0.7255859375 0.3333333333333333 0.009765625 0.018779342723004695 -0.0009765625 -0.001564945226917058 -0.0009765625 -0.001564945226917058 -0.0009765625 -0.001564945226917058 -0.0009765625 -0.001564945226917058 -0.0009765625 -0.001564945226917058
0  0.744140625 0.2949921752738654 0.005859375 0.014084507042253521 -0.0009765625 -0.001564945226917058 -0.0009765625 -0.001564945226917058 -0.0009765625 -0.001564945226917058 -0.0009765625 -0.001564945226917058 -0.0009765625 -0.001564945226917058
0  0.552734375 0.26291079812206575 0.0078125 0.012519561815336464 -0.0009765625 -0.001564945226917058 -0.0009765625 -0.001564945226917058 -0.0009765625 -0.001564945226917058 -0.0009765625 -0.001564945226917058 -0.0009765625 -0.001564945226917058
0  0.564453125 0.24726134585289514 0.005859375 0.009389671361502348 -0.0009765625 -0.001564945226917058 -0.0009765625 -0.001564945226917058 -0.0009765625 -0.001564945226917058 -0.0009765625 -0.001564945226917058 -0.0009765625 -0.001564945226917058
0  0.56591796875 0.2918622848200313 0.0068359375 0.014084507042253521 -0.0009765625 -0.001564945226917058 -0.0009765625 -0.001564945226917058 -0.0009765625 -0.001564945226917058 -0.0009765625 -0.001564945226917058 -0.0009765625 -0.001564945226917058
0  0.57421875 0.2777777777777778 0.005859375 0.010954616588419406 -0.0009765625 -0.001564945226917058 -0.0009765625 -0.001564945226917058 -0.0009765625 -0.001564945226917058 -0.0009765625 -0.001564945226917058 -0.0009765625 -0.001564945226917058
0  0.65576171875 0.2605633802816901 0.0048828125 0.010954616588419406 -0.0009765625 -0.001564945226917058 -0.0009765625 -0.001564945226917058 -0.0009765625 -0.001564945226917058 -0.0009765625 -0.001564945226917058 -0.0009765625 -0.001564945226917058
0  0.78076171875 0.4507042253521127 0.0166015625 0.03442879499217527 0.7783291015625 0.44814084507042257 0.7857626953125 0.44814084507042257 0.7814375 0.45312206572769953 0.778869140625 0.45918622848200313 0.784140625 0.45918622848200313
0  0.810546875 0.42331768388106417 0.013671875 0.0297339593114241 0.8064091796875 0.41835680751173704 0.8137080078125 0.41873395931142415 0.8080576171875 0.42326134585289515 0.8067626953125 0.4292973395931143 0.81170703125 0.4292973395931143
0  0.82763671875 0.3967136150234742 0.0146484375 0.026604068857589983 0.823974609375 0.3945899843505477 0.83056640625 0.3942550860719875 0.82711328125 0.3999546165884194 0.824916015625 0.4056557120500782 0.829625 0.40498591549295776
0  0.8505859375 0.4076682316118936 0.013671875 0.023474178403755867 -0.0009765625 -0.001564945226917058 -0.0009765625 -0.001564945226917058 -0.0009765625 -0.001564945226917058 -0.0009765625 -0.001564945226917058 -0.0009765625 -0.001564945226917058
0  0.88427734375 0.4217527386541471 0.0166015625 0.03599374021909233 0.87947265625 0.4137323943661972 0.8860908203125 0.41396244131455395 0.8823505859375 0.4238763693270736 0.8797607421875 0.42894835680751175 0.885947265625 0.42941001564945225
0  0.92578125 0.4241001564945227 0.013671875 0.025039123630672927 -0.0009765625 -0.001564945226917058 -0.0009765625 -0.001564945226917058 -0.0009765625 -0.001564945226917058 -0.0009765625 -0.001564945226917058 -0.0009765625 -0.001564945226917058
0  0.95703125 0.4194053208137715 0.013671875 0.028169014084507043 0.953935546875 0.4164992175273865 0.959490234375 0.41577308294209697 0.95575 0.42085915492957743 0.9552958984375 0.426489827856025 0.959263671875 0.4263082942097027
0  0.9873046875 0.40375586854460094 0.01171875 0.025039123630672927 -0.0009765625 -0.001564945226917058 -0.0009765625 -0.001564945226917058 -0.0009765625 -0.001564945226917058 -0.0009765625 -0.001564945226917058 -0.0009765625 -0.001564945226917058
0  0.8935546875 0.38497652582159625 0.01171875 0.025039123630672927 -0.0009765625 -0.001564945226917058 -0.0009765625 -0.001564945226917058 -0.0009765625 -0.001564945226917058 -0.0009765625 -0.001564945226917058 -0.0009765625 -0.001564945226917058
0  0.8759765625 0.39123630672926446 0.01171875 0.02190923317683881 -0.0009765625 -0.001564945226917058 -0.0009765625 -0.001564945226917058 -0.0009765625 -0.001564945226917058 -0.0009765625 -0.001564945226917058 -0.0009765625 -0.001564945226917058
0  0.87744140625 0.3599374021909233 0.0068359375 0.01564945226917058 -0.0009765625 -0.001564945226917058 -0.0009765625 -0.001564945226917058 -0.0009765625 -0.001564945226917058 -0.0009765625 -0.001564945226917058 -0.0009765625 -0.001564945226917058
0  0.89306640625 0.32629107981220656 0.0087890625 0.02034428794992175 -0.0009765625 -0.001564945226917058 -0.0009765625 -0.001564945226917058 -0.0009765625 -0.001564945226917058 -0.0009765625 -0.001564945226917058 -0.0009765625 -0.001564945226917058
0  0.8564453125 0.33568075117370894 0.009765625 0.02034428794992175 -0.0009765625 -0.001564945226917058 -0.0009765625 -0.001564945226917058 -0.0009765625 -0.001564945226917058 -0.0009765625 -0.001564945226917058 -0.0009765625 -0.001564945226917058
0  0.84375 0.3380281690140845 0.0078125 0.018779342723004695 -0.0009765625 -0.001564945226917058 -0.0009765625 -0.001564945226917058 -0.0009765625 -0.001564945226917058 -0.0009765625 -0.001564945226917058 -0.0009765625 -0.001564945226917058
0  0.88330078125 0.3302034428794992 0.0068359375 0.01564945226917058 -0.0009765625 -0.001564945226917058 -0.0009765625 -0.001564945226917058 -0.0009765625 -0.001564945226917058 -0.0009765625 -0.001564945226917058 -0.0009765625 -0.001564945226917058
0  0.86572265625 0.3317683881064163 0.0068359375 0.01564945226917058 -0.0009765625 -0.001564945226917058 -0.0009765625 -0.001564945226917058 -0.0009765625 -0.001564945226917058 -0.0009765625 -0.001564945226917058 -0.0009765625 -0.001564945226917058
0  0.8818359375 0.29890453834115804 0.0078125 0.01564945226917058 0.8792900390625 0.2979123630672927 0.8839326171875 0.2978075117370892 0.8815791015625 0.3011611893583725 0.8801396484375 0.30283724569640064 0.882494140625 0.3032566510172144
0  0.77001953125 0.32629107981220656 0.0087890625 0.02034428794992175 -0.0009765625 -0.001564945226917058 -0.0009765625 -0.001564945226917058 -0.0009765625 -0.001564945226917058 -0.0009765625 -0.001564945226917058 -0.0009765625 -0.001564945226917058
0  0.97021484375 0.33411580594679186 0.0087890625 0.02034428794992175 -0.0009765625 -0.001564945226917058 -0.0009765625 -0.001564945226917058 -0.0009765625 -0.001564945226917058 -0.0009765625 -0.001564945226917058 -0.0009765625 -0.001564945226917058
0  0.994140625 0.38184663536776214 0.0078125 0.018779342723004695 -0.0009765625 -0.001564945226917058 -0.0009765625 -0.001564945226917058 -0.0009765625 -0.001564945226917058 -0.0009765625 -0.001564945226917058 -0.0009765625 -0.001564945226917058
0  0.9912109375 0.33724569640062596 0.0078125 0.02034428794992175 -0.0009765625 -0.001564945226917058 -0.0009765625 -0.001564945226917058 -0.0009765625 -0.001564945226917058 -0.0009765625 -0.001564945226917058 -0.0009765625 -0.001564945226917058
0  0.91162109375 0.3677621283255086 0.0126953125 0.028169014084507043 -0.0009765625 -0.001564945226917058 -0.0009765625 -0.001564945226917058 -0.0009765625 -0.001564945226917058 -0.0009765625 -0.001564945226917058 -0.0009765625 -0.001564945226917058
0  0.66748046875 0.32785602503912364 0.0068359375 0.017214397496087636 -0.0009765625 -0.001564945226917058 -0.0009765625 -0.001564945226917058 -0.0009765625 -0.001564945226917058 -0.0009765625 -0.001564945226917058 -0.0009765625 -0.001564945226917058
0  0.67724609375 0.3215962441314554 0.0087890625 0.017214397496087636 -0.0009765625 -0.001564945226917058 -0.0009765625 -0.001564945226917058 -0.0009765625 -0.001564945226917058 -0.0009765625 -0.001564945226917058 -0.0009765625 -0.001564945226917058
0  0.67529296875 0.2589984350547731 0.0068359375 0.00782472613458529 -0.0009765625 -0.001564945226917058 -0.0009765625 -0.001564945226917058 -0.0009765625 -0.001564945226917058 -0.0009765625 -0.001564945226917058 -0.0009765625 -0.001564945226917058
0  0.30029296875 0.3474178403755869 0.0126953125 0.025039123630672927 -0.0009765625 -0.001564945226917058 -0.0009765625 -0.001564945226917058 -0.0009765625 -0.001564945226917058 -0.0009765625 -0.001564945226917058 -0.0009765625 -0.001564945226917058
0  0.5771484375 0.350547730829421 0.01171875 0.025039123630672927 -0.0009765625 -0.001564945226917058 -0.0009765625 -0.001564945226917058 -0.0009765625 -0.001564945226917058 -0.0009765625 -0.001564945226917058 -0.0009765625 -0.001564945226917058
0  0.0888671875 0.5289514866979655 0.009765625 0.02190923317683881 -0.0009765625 -0.001564945226917058 -0.0009765625 -0.001564945226917058 -0.0009765625 -0.001564945226917058 -0.0009765625 -0.001564945226917058 -0.0009765625 -0.001564945226917058
0  0.00390625 0.52660406885759 0.0078125 0.02034428794992175 -0.0009765625 -0.001564945226917058 -0.0009765625 -0.001564945226917058 -0.0009765625 -0.001564945226917058 -0.0009765625 -0.001564945226917058 -0.0009765625 -0.001564945226917058
0  0.78369140625 0.3904538341158059 0.0107421875 0.017214397496087636 0.7798681640625 0.38890923317683884 0.7828330078125 0.3890281690140845 0.7797939453125 0.39247261345852896 0.7814248046875 0.3965117370892019 0.7826103515625 0.39662910798122064
0  0.97705078125 0.33724569640062596 0.0087890625 0.017214397496087636 -0.0009765625 -0.001564945226917058 -0.0009765625 -0.001564945226917058 -0.0009765625 -0.001564945226917058 -0.0009765625 -0.001564945226917058 -0.0009765625 -0.001564945226917058
0  0.35595703125 0.4303599374021909 0.0126953125 0.025039123630672927 -0.0009765625 -0.001564945226917058 -0.0009765625 -0.001564945226917058 -0.0009765625 -0.001564945226917058 -0.0009765625 -0.001564945226917058 -0.0009765625 -0.001564945226917058
0  0.3515625 0.4131455399061033 0.01171875 0.02190923317683881 -0.0009765625 -0.001564945226917058 -0.0009765625 -0.001564945226917058 -0.0009765625 -0.001564945226917058 -0.0009765625 -0.001564945226917058 -0.0009765625 -0.001564945226917058
0  0.55712890625 0.2676056338028169 0.0068359375 0.012519561815336464 -0.0009765625 -0.001564945226917058 -0.0009765625 -0.001564945226917058 -0.0009765625 -0.001564945226917058 -0.0009765625 -0.001564945226917058 -0.0009765625 -0.001564945226917058
0  0.48828125 0.40219092331768386 0.009765625 0.018779342723004695 -0.0009765625 -0.001564945226917058 -0.0009765625 -0.001564945226917058 -0.0009765625 -0.001564945226917058 -0.0009765625 -0.001564945226917058 -0.0009765625 -0.001564945226917058
0  0.0908203125 0.352112676056338 0.009765625 0.02190923317683881 -0.0009765625 -0.001564945226917058 -0.0009765625 -0.001564945226917058 -0.0009765625 -0.001564945226917058 -0.0009765625 -0.001564945226917058 -0.0009765625 -0.001564945226917058
0  0.794921875 0.365414710485133 0.01171875 0.023474178403755867 -0.0009765625 -0.001564945226917058 -0.0009765625 -0.001564945226917058 -0.0009765625 -0.001564945226917058 -0.0009765625 -0.001564945226917058 -0.0009765625 -0.001564945226917058
0  0.716796875 0.37871674491392804 0.01171875 0.025039123630672927 -0.0009765625 -0.001564945226917058 -0.0009765625 -0.001564945226917058 -0.0009765625 -0.001564945226917058 -0.0009765625 -0.001564945226917058 -0.0009765625 -0.001564945226917058
