0  0.43115234375 0.24739583333333334 0.0224609375 0.0390625 0.4277783203125 0.24424479166666668 0.4364013671875 0.24474479166666666 0.43152734375 0.25199348958333334 0.4253408203125 0.2562434895833333 0.4356513671875 0.2567434895833333
0  0.48974609375 0.228515625 0.0185546875 0.03515625 -0.0009765625 -0.0013020833333333333 -0.0009765625 -0.0013020833333333333 -0.0009765625 -0.0013020833333333333 -0.0009765625 -0.0013020833333333333 -0.0009765625 -0.0013020833333333333
0  0.51806640625 0.2545572916666667 0.0263671875 0.045572916666666664 0.510462890625 0.24702994791666666 0.5240263671875 0.24821484375 0.5171337890625 0.25592317708333334 0.513130859375 0.26363151041666666 0.5209130859375 0.2639270833333333
0  0.55517578125 0.244140625 0.0224609375 0.04296875 0.549486328125 0.2392864583333333 0.5595263671875 0.2392864583333333 0.5533798828125 0.24693619791666666 0.549486328125 0.25212760416666663 0.557068359375 0.25185416666666666
0  0.56982421875 0.21028645833333334 0.0224609375 0.037760416666666664 -0.0009765625 -0.0013020833333333333 -0.0009765625 -0.0013020833333333333 -0.0009765625 -0.0013020833333333333 -0.0009765625 -0.0013020833333333333 -0.0009765625 -0.0013020833333333333
0  0.59521484375 0.2975260416666667 0.0263671875 0.045572916666666664 0.5912392578125 0.2913528645833333 0.601484375 0.2945494791666667 0.595380859375 0.2992005208333333 0.5901484375 0.30588541666666663 0.5984326171875 0.30762890625
0  0.646484375 0.2578125 0.025390625 0.0390625 0.6395615234375 0.25346484375 0.649919921875 0.2526966145833333 0.64378125 0.2590911458333333 0.6416708984375 0.2672760416666667 0.6487685546875 0.2665091145833333
0  0.6708984375 0.26171875 0.02734375 0.0390625 -0.0009765625 -0.0013020833333333333 -0.0009765625 -0.0013020833333333333 -0.0009765625 -0.0013020833333333333 -0.0009765625 -0.0013020833333333333 -0.0009765625 -0.0013020833333333333
0  0.763671875 0.18294270833333334 0.03125 0.05078125 0.753740234375 0.18029166666666666 0.7679052734375 0.17929817708333332 0.759953125 0.18758072916666668 0.755728515625 0.19785286458333332 0.7649228515625 0.19619661458333335
0  0.8173828125 0.3522135416666667 0.03515625 0.055989583333333336 0.8102021484375 0.34228515625 0.8277548828125 0.34051171874999997 0.8184462890625 0.34866796875 0.8115322265625 0.3589505208333333 0.824296875 0.35930468750000005
0  0.5078125 0.5481770833333334 0.033203125 0.049479166666666664 0.50075 0.5346796875000001 0.51581640625 0.5353072916666667 0.5071064453125 0.5466080729166667 0.4993369140625 0.5535130208333333 0.5155810546875 0.5544544270833334
0  0.43505859375 0.51953125 0.0361328125 0.046875 0.4276123046875 0.5053593749999999 0.4449423828125 0.5053593749999999 0.436392578125 0.5146015625 0.4306162109375 0.5232278645833334 0.442630859375 0.5226119791666667
0  0.365234375 0.5013020833333334 0.03125 0.049479166666666664 0.35723046875 0.4899557291666667 0.37488671875 0.4912109375 0.3659404296875 0.50251171875 0.35911328125 0.5094166666666667 0.372767578125 0.50973046875
0  0.322265625 0.4830729166666667 0.0234375 0.044270833333333336 -0.0009765625 -0.0013020833333333333 -0.0009765625 -0.0013020833333333333 -0.0009765625 -0.0013020833333333333 -0.0009765625 -0.0013020833333333333 -0.0009765625 -0.0013020833333333333
0  0.2724609375 0.4837239583333333 0.02734375 0.045572916666666664 0.2653505859375 0.47660286458333334 0.27475 0.4757486979166667 0.270263671875 0.48571744791666666 0.266845703125 0.49255338541666666 0.275818359375 0.4922682291666667
0  0.23291015625 0.4830729166666667 0.0244140625 0.036458333333333336 0.2264931640625 0.47516796874999995 0.2357353515625 0.4756328125 0.22945703125 0.48516536458333337 0.2264931640625 0.4895833333333333 0.2350380859375 0.48981640624999995
0  0.2060546875 0.4680989583333333 0.0234375 0.029947916666666668 -0.0009765625 -0.0013020833333333333 -0.0009765625 -0.0013020833333333333 -0.0009765625 -0.0013020833333333333 -0.0009765625 -0.0013020833333333333 -0.0009765625 -0.0013020833333333333
0  0.154296875 0.474609375 0.0234375 0.037760416666666664 0.14990234375 0.4690755208333333 0.157775390625 0.4693203125 0.153380859375 0.4756666666666667 0.1502685546875 0.4800625 0.15741015625 0.4807942708333333
0  0.4638671875 0.5338541666666666 0.01953125 0.03125 -0.0009765625 -0.0013020833333333333 -0.0009765625 -0.0013020833333333333 -0.0009765625 -0.0013020833333333333 -0.0009765625 -0.0013020833333333333 -0.0009765625 -0.0013020833333333333
0  0.11669921875 0.4134114583333333 0.0048828125 0.01171875 -0.0009765625 -0.0013020833333333333 -0.0009765625 -0.0013020833333333333 -0.0009765625 -0.0013020833333333333 -0.0009765625 -0.0013020833333333333 -0.0009765625 -0.0013020833333333333
0  0.09814453125 0.4173177083333333 0.0048828125 0.009114583333333334 -0.0009765625 -0.0013020833333333333 -0.0009765625 -0.0013020833333333333 -0.0009765625 -0.0013020833333333333 -0.0009765625 -0.0013020833333333333 -0.0009765625 -0.0013020833333333333
0  0.1083984375 0.412109375 0.00390625 0.006510416666666667 -0.0009765625 -0.0013020833333333333 -0.0009765625 -0.0013020833333333333 -0.0009765625 -0.0013020833333333333 -0.0009765625 -0.0013020833333333333 -0.0009765625 -0.0013020833333333333
0  0.0087890625 0.3815104166666667 0.005859375 0.010416666666666666 -0.0009765625 -0.0013020833333333333 -0.0009765625 -0.0013020833333333333 -0.0009765625 -0.0013020833333333333 -0.0009765625 -0.0013020833333333333 -0.0009765625 -0.0013020833333333333
0  0.06591796875 0.4108072916666667 0.0048828125 0.009114583333333334 -0.0009765625 -0.0013020833333333333 -0.0009765625 -0.0013020833333333333 -0.0009765625 -0.0013020833333333333 -0.0009765625 -0.0013020833333333333 -0.0009765625 -0.0013020833333333333
0  0.1513671875 0.4153645833333333 0.00390625 0.005208333333333333 -0.0009765625 -0.0013020833333333333 -0.0009765625 -0.0013020833333333333 -0.0009765625 -0.0013020833333333333 -0.0009765625 -0.0013020833333333333 -0.0009765625 -0.0013020833333333333
