0  0.0712890625 0.1220159151193634 0.0234375 0.03183023872679045 -0.0009765625 -0.001326259946949602 -0.0009765625 -0.001326259946949602 -0.0009765625 -0.001326259946949602 -0.0009765625 -0.001326259946949602 -0.0009765625 -0.001326259946949602
0  0.2294921875 0.2493368700265252 0.01953125 0.034482758620689655 -0.0009765625 -0.001326259946949602 -0.0009765625 -0.001326259946949602 -0.0009765625 -0.001326259946949602 -0.0009765625 -0.001326259946949602 -0.0009765625 -0.001326259946949602
0  0.0869140625 0.4005305039787798 0.0234375 0.03183023872679045 -0.0009765625 -0.001326259946949602 -0.0009765625 -0.001326259946949602 -0.0009765625 -0.001326259946949602 -0.0009765625 -0.001326259946949602 -0.0009765625 -0.001326259946949602
0  0.00537109375 0.5503978779840849 0.0107421875 0.03978779840848806 -0.0001572265625 0.5444058355437666 0.0052138671875 0.5444058355437666 3.515625e-05 0.5561286472148541 0.0002265625 0.5629031830238727 0.0031044921875 0.5626419098143236
0  0.19189453125 0.6850132625994695 0.0283203125 0.046419098143236075 0.1917724609375 0.6749840848806365 0.202240234375 0.6729522546419098 0.19903515625 0.6836870026525199 0.1949765625 0.6915198938992042 0.202240234375 0.6906498673740054
0  0.24560546875 0.5086206896551724 0.0283203125 0.04376657824933687 0.24500390625 0.5016936339522546 0.2546298828125 0.49896949602122015 0.2520224609375 0.5090464190981433 0.24680859375 0.5196684350132625 0.255431640625 0.5169456233421751
0  0.40283203125 0.646551724137931 0.0322265625 0.04907161803713528 0.4023701171875 0.6417732095490716 0.4139228515625 0.639262599469496 0.411150390625 0.6493050397877984 0.407453125 0.6590331564986738 0.4134609375 0.6568355437665783
0  0.396484375 0.8614058355437666 0.029296875 0.054376657824933686 0.3934677734375 0.8552480106100795 0.4061103515625 0.8531883289124668 0.40155859375 0.8652068965517241 0.3957431640625 0.8744787798408488 0.406869140625 0.8751657824933687
0  0.38671875 0.34880636604774534 0.025390625 0.042440318302387266 0.3868193359375 0.34334748010610083 0.397216796875 0.3438806366047745 0.394078125 0.35134084880636607 0.3891728515625 0.3577347480106101 0.39505859375 0.35826790450928386
0  0.54248046875 0.4396551724137931 0.0244140625 0.04376657824933687 -0.0009765625 -0.001326259946949602 -0.0009765625 -0.001326259946949602 -0.0009765625 -0.001326259946949602 -0.0009765625 -0.001326259946949602 -0.0009765625 -0.001326259946949602
0  0.53271484375 0.08952254641909814 0.0224609375 0.03050397877984085 0.533220703125 0.08926259946949602 0.5391494140625 0.08805437665782494 0.5382607421875 0.09610610079575596 0.5335166015625 0.10013262599469495 0.539001953125 0.09852254641909815
0  0.5068359375 0.22546419098143236 0.021484375 0.03183023872679045 -0.0009765625 -0.001326259946949602 -0.0009765625 -0.001326259946949602 -0.0009765625 -0.001326259946949602 -0.0009765625 -0.001326259946949602 -0.0009765625 -0.001326259946949602
0  0.66748046875 0.27453580901856767 0.0224609375 0.03713527851458886 -0.0009765625 -0.001326259946949602 -0.0009765625 -0.001326259946949602 -0.0009765625 -0.001326259946949602 -0.0009765625 -0.001326259946949602 -0.0009765625 -0.001326259946949602
0  0.19140625 0.02586206896551724 0.01953125 0.033156498673740056 -0.0009765625 -0.001326259946949602 -0.0009765625 -0.001326259946949602 -0.0009765625 -0.001326259946949602 -0.0009765625 -0.001326259946949602 -0.0009765625 -0.001326259946949602
0  0.33251953125 0.11140583554376658 0.0224609375 0.03713527851458886 0.3338798828125 0.10797214854111406 0.34153125 0.10750928381962864 0.33898046875 0.11536074270557028 0.3337099609375 0.11859416445623343 0.341361328125 0.11743899204244032
0  0.7666015625 0.04774535809018567 0.01953125 0.029177718832891247 0.7662529296875 0.04452387267904509 0.77392578125 0.04206100795755968 0.77294921875 0.04945092838196287 0.7696005859375 0.05627188328912467 0.773646484375 0.055133952254641905
0  0.71875 0.1863395225464191 0.01953125 0.03050397877984085 0.718693359375 0.18458090185676393 0.726318359375 0.18418965517241379 0.7240166015625 0.19122413793103446 0.72070703125 0.19767241379310344 0.7244482421875 0.1974761273209549
0  0.9716796875 0.03050397877984085 0.01953125 0.03183023872679045 0.9709169921875 0.025903183023872678 0.977630859375 0.02569628647214854 0.975646484375 0.032742705570291776 0.9722900390625 0.03730106100795756 0.9765625 0.0375079575596817
0  0.9208984375 0.13726790450928383 0.01953125 0.03050397877984085 0.921404296875 0.1329814323607427 0.9274814453125 0.13257824933687 0.9261474609375 0.13942307692307693 0.921552734375 0.14505968169761274 0.9264443359375 0.14445623342175065
0  0.87646484375 0.26061007957559684 0.0224609375 0.03050397877984085 -0.0009765625 -0.001326259946949602 -0.0009765625 -0.001326259946949602 -0.0009765625 -0.001326259946949602 -0.0009765625 -0.001326259946949602 -0.0009765625 -0.001326259946949602
0  0.8330078125 0.38992042440318303 0.025390625 0.04509283819628647 0.832310546875 0.382342175066313 0.8417275390625 0.380920424403183 0.8387978515625 0.38603580901856765 0.8335654296875 0.39854111405835546 0.8436103515625 0.3982572944297082
0  0.74951171875 0.5722811671087533 0.0322265625 0.04376657824933687 -0.0009765625 -0.001326259946949602 -0.0009765625 -0.001326259946949602 -0.0009765625 -0.001326259946949602 -0.0009765625 -0.001326259946949602 -0.0009765625 -0.001326259946949602
0  0.6455078125 0.8229442970822282 0.03125 0.05172413793103448 0.64621875 0.8154549071618037 0.6567685546875 0.8128488063660478 0.6555703125 0.8216419098143236 0.6507744140625 0.8356445623342176 0.656529296875 0.8340159151193633
