0  0.28515625 0.3118489583333333 0.025390625 0.055989583333333336 0.2746142578125 0.3065130208333333 0.2862373046875 0.3047109375 0.2751552734375 0.31516276041666663 0.2751552734375 0.3266953125 0.2867783203125 0.3248932291666667
0  0.38818359375 0.2825520833333333 0.0361328125 0.059895833333333336 0.377494140625 0.27056640625 0.393646484375 0.27094401041666666 0.3823115234375 0.28416796875 0.3791943359375 0.29248046875 0.3927958984375 0.29323567708333337
0  0.4775390625 0.3372395833333333 0.037109375 0.06510416666666667 0.4651484375 0.3314609375 0.4794921875 0.3269856770833333 0.4666748046875 0.3408203125 0.468505859375 0.3522135416666667 0.47674609375 0.3501796875
0  0.58642578125 0.3515625 0.0439453125 0.057291666666666664 0.57598828125 0.34248828125 0.592193359375 0.33882682291666666 0.5831298828125 0.3523763020833333 0.580658203125 0.3640950520833333 0.593017578125 0.3611653645833333
0  0.705078125 0.2890625 0.037109375 0.052083333333333336 0.697998046875 0.2737630208333333 0.7158203125 0.2718098958333333 0.708251953125 0.2854817708333333 0.701904296875 0.2975260416666667 0.714599609375 0.2962239583333333
0  0.62451171875 0.49609375 0.0380859375 0.059895833333333336 0.615 0.4857161458333333 0.632490234375 0.4849088541666667 0.62408203125 0.4986458333333333 0.617529296875 0.5075651041666667 0.631435546875 0.5068619791666666
0  0.53466796875 0.5013020833333334 0.0380859375 0.046875 0.5238779296875 0.48242708333333334 0.5416220703125 0.48146874999999995 0.5332294921875 0.49521614583333334 0.528673828125 0.5054466145833333 0.538744140625 0.5054466145833333
0  0.45654296875 0.5084635416666666 0.0400390625 0.05078125 0.4469521484375 0.4953385416666667 0.463134765625 0.49567578124999995 0.454537109375 0.5071380208333334 0.448974609375 0.5186015625 0.4595947265625 0.5189388020833333
0  0.39208984375 0.513671875 0.0361328125 0.053385416666666664 0.3854541015625 0.500296875 0.401916015625 0.5023541666666667 0.39445703125 0.5133294270833334 0.3857119140625 0.52190234375 0.39780078125 0.5232747395833334
0  0.31884765625 0.4264322916666667 0.0380859375 0.055989583333333336 0.31148828125 0.4136666666666667 0.329041015625 0.4129583333333333 0.319732421875 0.4207591145833333 0.3144140625 0.43529687499999997 0.325849609375 0.4345872395833333
0  0.72509765625 0.462890625 0.0400390625 0.07161458333333333 0.7108154296875 0.45271875 0.7271376953125 0.45453125 0.7135361328125 0.46314583333333337 0.7101357421875 0.47584114583333337 0.7247578125 0.478109375
0  0.85546875 0.3151041666666667 0.037109375 0.046875 0.8463486328125 0.303890625 0.8638525390625 0.3010143229166667 0.8523427734375 0.3112447916666667 0.848986328125 0.3233932291666667 0.862173828125 0.3214752604166667
0  0.91552734375 0.439453125 0.0419921875 0.07421875 0.9049248046875 0.4322916666666667 0.923060546875 0.4313619791666667 0.9122490234375 0.44391796874999995 0.9066689453125 0.4527526041666667 0.9209677734375 0.4522877604166667
0  0.81982421875 0.4615885416666667 0.0419921875 0.06380208333333333 0.8070068359375 0.4556484375 0.82012890625 0.45483333333333337 0.81005859375 0.4678541666666667 0.810974609375 0.4751796875 0.8219609375 0.4747721354166667
0  0.85498046875 0.6647135416666666 0.0771484375 0.14453125 0.8267998046875 0.6432057291666667 0.845162109375 0.6513671875 0.819318359375 0.6676901041666666 0.826119140625 0.6930807291666666 0.845162109375 0.69580078125
