0  0.61083984375 0.8696219035202086 0.0205078125 0.03911342894393742 -0.0009765625 -0.001303780964797914 -0.0009765625 -0.001303780964797914 -0.0009765625 -0.001303780964797914 -0.0009765625 -0.001303780964797914 -0.0009765625 -0.001303780964797914
0  0.85400390625 0.817470664928292 0.0107421875 0.020860495436766623 0.85471875 0.8178891786179923 0.8583291015625 0.8164172099087353 0.857626953125 0.8198983050847457 0.8560224609375 0.8243155149934811 0.8580283203125 0.8235123859191656
0  0.890625 0.803129074315515 0.01171875 0.020860495436766623 0.8934326171875 0.8036818774445893 0.8963408203125 0.8042177314211213 0.8954384765625 0.8071629726205998 0.893833984375 0.8109113428943938 0.8957392578125 0.8109113428943938
0  0.78955078125 0.8363754889178618 0.0166015625 0.024771838331160364 0.7945556640625 0.8370273794002607 0.79541015625 0.8373533246414603 0.796875 0.8407757496740548 0.79345703125 0.8446870925684485 0.794189453125 0.845013037809648
0  0.8056640625 0.7790091264667536 0.009765625 0.01955671447196871 0.8015439453125 0.7778279009126468 0.8067626953125 0.7777053455019557 0.80355859375 0.7818617992177314 0.80255078125 0.7843050847457628 0.80483984375 0.7843050847457628
0  0.7607421875 0.788135593220339 0.009765625 0.01694915254237288 0.7621591796875 0.7894628422425033 0.7623251953125 0.7892411994784876 0.7643955078125 0.7918956975228162 0.762076171875 0.794439374185137 0.7622421875 0.7943285528031291
0  0.923828125 0.81877444589309 0.009765625 0.018252933507170794 -0.0009765625 -0.001303780964797914 -0.0009765625 -0.001303780964797914 -0.0009765625 -0.001303780964797914 -0.0009765625 -0.001303780964797914 -0.0009765625 -0.001303780964797914
0  0.75732421875 0.8396349413298566 0.0146484375 0.02607561929595828 -0.0009765625 -0.001303780964797914 -0.0009765625 -0.001303780964797914 -0.0009765625 -0.001303780964797914 -0.0009765625 -0.001303780964797914 -0.0009765625 -0.001303780964797914
0  0.7763671875 0.8024771838331161 0.009765625 0.01955671447196871 -0.0009765625 -0.001303780964797914 -0.0009765625 -0.001303780964797914 -0.0009765625 -0.001303780964797914 -0.0009765625 -0.001303780964797914 -0.0009765625 -0.001303780964797914
0  0.669921875 0.7105606258148631 0.005859375 0.010430247718383311 -0.0009765625 -0.001303780964797914 -0.0009765625 -0.001303780964797914 -0.0009765625 -0.001303780964797914 -0.0009765625 -0.001303780964797914 -0.0009765625 -0.001303780964797914
0  0.28369140625 0.7816166883963495 0.0146484375 0.02998696219035202 0.2879462890625 0.7754237288135594 0.2920966796875 0.7760169491525424 0.290169921875 0.7791838331160366 0.287650390625 0.7815580182529336 0.2909111328125 0.781954367666232
0  0.32177734375 0.7998696219035202 0.0126953125 0.03259452411994785 -0.0009765625 -0.001303780964797914 -0.0009765625 -0.001303780964797914 -0.0009765625 -0.001303780964797914 -0.0009765625 -0.001303780964797914 -0.0009765625 -0.001303780964797914
0  0.2109375 0.7033898305084746 0.0078125 0.011734028683181226 -0.0009765625 -0.001303780964797914 -0.0009765625 -0.001303780964797914 -0.0009765625 -0.001303780964797914 -0.0009765625 -0.001303780964797914 -0.0009765625 -0.001303780964797914
0  0.11669921875 0.8461538461538461 0.0224609375 0.07561929595827901 -0.0009765625 -0.001303780964797914 -0.0009765625 -0.001303780964797914 -0.0009765625 -0.001303780964797914 -0.0009765625 -0.001303780964797914 -0.0009765625 -0.001303780964797914
