0  0.1484375 0.23177083333333334 0.013671875 0.0234375 -0.0009765625 -0.0013020833333333333 -0.0009765625 -0.0013020833333333333 -0.0009765625 -0.0013020833333333333 -0.0009765625 -0.0013020833333333333 -0.0009765625 -0.0013020833333333333
0  0.11572265625 0.24479166666666666 0.0166015625 0.0234375 -0.0009765625 -0.0013020833333333333 -0.0009765625 -0.0013020833333333333 -0.0009765625 -0.0013020833333333333 -0.0009765625 -0.0013020833333333333 -0.0009765625 -0.0013020833333333333
0  0.24169921875 0.28125 0.0185546875 0.0390625 -0.0009765625 -0.0013020833333333333 -0.0009765625 -0.0013020833333333333 -0.0009765625 -0.0013020833333333333 -0.0009765625 -0.0013020833333333333 -0.0009765625 -0.0013020833333333333
0  0.3046875 0.302734375 0.021484375 0.032552083333333336 0.304984375 0.2989440104166667 0.3128310546875 0.2974791666666667 0.3111044921875 0.3025013020833333 0.3045126953125 0.3104544270833333 0.31298828125 0.3096171875
0  0.3203125 0.2760416666666667 0.021484375 0.033854166666666664 0.31546875 0.27194921875 0.32579296875 0.27087369791666666 0.321759765625 0.2805520833333333 0.3182109375 0.28571484375 0.3275673828125 0.28205859375000003
0  0.345703125 0.2799479166666667 0.021484375 0.0390625 0.33966015625 0.2737630208333333 0.35028125 0.2718098958333333 0.344970703125 0.2774244791666667 0.3427734375 0.2901197916666667 0.350830078125 0.2879231770833333
0  0.380859375 0.2734375 0.0234375 0.044270833333333336 0.37365234375 0.26231770833333334 0.385830078125 0.26286458333333335 0.37953125 0.26984375 0.374169921875 0.2804817708333333 0.38486328125 0.28091145833333336
0  0.4130859375 0.275390625 0.0234375 0.045572916666666664 0.40681640625 0.2683450520833333 0.4177158203125 0.2709609375 0.410740234375 0.2776458333333333 0.4065986328125 0.2854934895833333 0.415318359375 0.28607421875
0  0.45556640625 0.29296875 0.0224609375 0.041666666666666664 0.4547900390625 0.2854817708333333 0.4660205078125 0.2860169270833333 0.464416015625 0.29002734375 0.456595703125 0.3020598958333333 0.464015625 0.302328125
0  0.45947265625 0.24674479166666666 0.0205078125 0.037760416666666664 0.4554091796875 0.2412630208333333 0.46559765625 0.2412630208333333 0.46273828125 0.24817447916666668 0.4566611328125 0.25460937499999997 0.4654189453125 0.25389453125
0  0.412109375 0.21223958333333334 0.017578125 0.033854166666666664 0.412916015625 0.20836197916666666 0.4201748046875 0.20879296875 0.4185615234375 0.21459895833333334 0.414044921875 0.22040625 0.4193681640625 0.22062239583333332
0  0.3564453125 0.259765625 0.017578125 0.032552083333333336 -0.0009765625 -0.0013020833333333333 -0.0009765625 -0.0013020833333333333 -0.0009765625 -0.0013020833333333333 -0.0009765625 -0.0013020833333333333 -0.0009765625 -0.0013020833333333333
0  0.3369140625 0.24153645833333334 0.021484375 0.037760416666666664 0.3299560546875 0.23746744791666666 0.33837890625 0.23575781250000002 0.333435546875 0.24259375000000002 0.3310546875 0.24942968750000002 0.33709765625 0.24918619791666666
0  0.2900390625 0.2740885416666667 0.01953125 0.032552083333333336 -0.0009765625 -0.0013020833333333333 -0.0009765625 -0.0013020833333333333 -0.0009765625 -0.0013020833333333333 -0.0009765625 -0.0013020833333333333 -0.0009765625 -0.0013020833333333333
0  0.4423828125 0.17643229166666666 0.013671875 0.022135416666666668 -0.0009765625 -0.0013020833333333333 -0.0009765625 -0.0013020833333333333 -0.0009765625 -0.0013020833333333333 -0.0009765625 -0.0013020833333333333 -0.0009765625 -0.0013020833333333333
0  0.4853515625 0.1484375 0.0234375 0.052083333333333336 0.475908203125 0.13486458333333332 0.485103515625 0.13320833333333335 0.476654296875 0.14613020833333332 0.47566015625 0.1577265625 0.483115234375 0.15640104166666666
0  0.77587890625 0.3111979166666667 0.0205078125 0.03125 0.768859375 0.30342578125 0.774962890625 0.3048502604166667 0.76641796875 0.310140625 0.767181640625 0.31787109375 0.772521484375 0.31787109375
0  0.6796875 0.2962239583333333 0.017578125 0.029947916666666668 0.6802626953125 0.2943059895833333 0.6837158203125 0.29334635416666666 0.683859375 0.3000598958333333 0.6798310546875 0.30562369791666666 0.6819892578125 0.3054309895833333
0  0.65087890625 0.275390625 0.0087890625 0.014322916666666666 -0.0009765625 -0.0013020833333333333 -0.0009765625 -0.0013020833333333333 -0.0009765625 -0.0013020833333333333 -0.0009765625 -0.0013020833333333333 -0.0009765625 -0.0013020833333333333
0  0.6669921875 0.24674479166666666 0.009765625 0.016927083333333332 -0.0009765625 -0.0013020833333333333 -0.0009765625 -0.0013020833333333333 -0.0009765625 -0.0013020833333333333 -0.0009765625 -0.0013020833333333333 -0.0009765625 -0.0013020833333333333
0  0.6083984375 0.24934895833333334 0.01171875 0.01953125 -0.0009765625 -0.0013020833333333333 -0.0009765625 -0.0013020833333333333 -0.0009765625 -0.0013020833333333333 -0.0009765625 -0.0013020833333333333 -0.0009765625 -0.0013020833333333333
0  0.72705078125 0.283203125 0.0107421875 0.01953125 -0.0009765625 -0.0013020833333333333 -0.0009765625 -0.0013020833333333333 -0.0009765625 -0.0013020833333333333 -0.0009765625 -0.0013020833333333333 -0.0009765625 -0.0013020833333333333
0  0.71435546875 0.2513020833333333 0.0087890625 0.018229166666666668 -0.0009765625 -0.0013020833333333333 -0.0009765625 -0.0013020833333333333 -0.0009765625 -0.0013020833333333333 -0.0009765625 -0.0013020833333333333 -0.0009765625 -0.0013020833333333333
0  0.85986328125 0.17513020833333334 0.0224609375 0.032552083333333336 0.8523125 0.17050260416666665 0.8587470703125 0.17071223958333334 0.8523125 0.17510677083333334 0.8521552734375 0.18159375 0.8596884765625 0.18180338541666666
0  0.9140625 0.15690104166666666 0.01953125 0.037760416666666664 0.907470703125 0.14990234375 0.9144287109375 0.14965885416666666 0.9085693359375 0.15698177083333334 0.908203125 0.1650390625 0.9144287109375 0.16455078125
0  0.71142578125 0.22135416666666666 0.0126953125 0.0234375 -0.0009765625 -0.0013020833333333333 -0.0009765625 -0.0013020833333333333 -0.0009765625 -0.0013020833333333333 -0.0009765625 -0.0013020833333333333 -0.0009765625 -0.0013020833333333333
0  0.7822265625 0.2845052083333333 0.015625 0.024739583333333332 0.7779541015625 0.28076171875 0.7852783203125 0.2805989583333333 0.781494140625 0.28466796875 0.779296875 0.2892252604166667 0.7845458984375 0.2893880208333333
0  0.828125 0.2610677083333333 0.013671875 0.029947916666666668 -0.0009765625 -0.0013020833333333333 -0.0009765625 -0.0013020833333333333 -0.0009765625 -0.0013020833333333333 -0.0009765625 -0.0013020833333333333 -0.0009765625 -0.0013020833333333333
0  0.6943359375 0.2630208333333333 0.015625 0.028645833333333332 -0.0009765625 -0.0013020833333333333 -0.0009765625 -0.0013020833333333333 -0.0009765625 -0.0013020833333333333 -0.0009765625 -0.0013020833333333333 -0.0009765625 -0.0013020833333333333
0  0.71240234375 0.28125 0.0126953125 0.026041666666666668 -0.0009765625 -0.0013020833333333333 -0.0009765625 -0.0013020833333333333 -0.0009765625 -0.0013020833333333333 -0.0009765625 -0.0013020833333333333 -0.0009765625 -0.0013020833333333333
0  0.7509765625 0.0625 0.02734375 0.0390625 -0.0009765625 -0.0013020833333333333 -0.0009765625 -0.0013020833333333333 -0.0009765625 -0.0013020833333333333 -0.0009765625 -0.0013020833333333333 -0.0009765625 -0.0013020833333333333
