0  0.03173828125 0.13458856345885634 0.0283203125 0.05439330543933055 0.032470703125 0.12377963737796374 0.04443359375 0.12726638772663879 0.042236328125 0.13493723849372385 0.03466796875 0.14435146443514643 0.0419921875 0.14679218967921898
0  0.1337890625 0.14504881450488144 0.017578125 0.03347280334728033 0.12777734375 0.13846722454672247 0.1322021484375 0.13912133891213388 0.127013671875 0.1465299860529986 0.1285400390625 0.15306834030683403 0.1309814453125 0.15415760111576013
0  0.2958984375 0.41492329149232915 0.041015625 0.07670850767085077 0.286228515625 0.40596931659693164 0.3039111328125 0.41131241283124126 0.292349609375 0.4205397489539749 0.2845283203125 0.42976708507670847 0.3005107421875 0.43268061366806143
0  0.490234375 0.10599721059972106 0.037109375 0.07252440725244072 0.487431640625 0.09423988842398884 0.503603515625 0.09507670850767086 0.4991796875 0.10753138075313806 0.486435546875 0.1186750348675035 0.50181640625 0.1196234309623431
0  0.548828125 0.14156206415620642 0.03515625 0.06555090655509066 0.5422060546875 0.1307154811715481 0.559439453125 0.13405299860529987 0.55096875 0.1440655509065551 0.5427900390625 0.15240864714086472 0.55739453125 0.1544937238493724
0  0.724609375 0.09065550906555091 0.03515625 0.061366806136680614 0.7160947265625 0.0770139470013947 0.7309267578125 0.08054393305439331 0.7204892578125 0.08956624825662482 0.7133486328125 0.10133333333333334 0.7262578125 0.10368758716875871
0  0.2158203125 0.8186889818688982 0.013671875 0.022315202231520222 -0.0009765625 -0.001394700139470014 -0.0009765625 -0.001394700139470014 -0.0009765625 -0.001394700139470014 -0.0009765625 -0.001394700139470014 -0.0009765625 -0.001394700139470014
0  0.23974609375 0.8451882845188284 0.0205078125 0.04184100418410042 0.23670703125 0.8410097629009763 0.2451435546875 0.84502649930265 0.24120703125 0.8490418410041841 0.2350205078125 0.8538619246861925 0.24083203125 0.8565383542538355
0  0.2939453125 0.8584379358437936 0.03515625 0.06555090655509066 0.29691015625 0.8519874476987448 0.3081318359375 0.8519874476987448 0.3084189453125 0.8585620641562065 0.30352734375 0.8717126917712692 0.3101455078125 0.8704797768479777
0  0.279296875 0.8277545327754533 0.029296875 0.04881450488145049 -0.0009765625 -0.001394700139470014 -0.0009765625 -0.001394700139470014 -0.0009765625 -0.001394700139470014 -0.0009765625 -0.001394700139470014 -0.0009765625 -0.001394700139470014
0  0.32275390625 0.8075313807531381 0.0166015625 0.030683403068340307 0.3192666015625 0.8017531380753138 0.3270791015625 0.8015536959553696 0.323033203125 0.8069330543933054 0.3194052734375 0.8133096234309624 0.32470703125 0.8133096234309624
0  0.3427734375 0.8375174337517434 0.017578125 0.029288702928870293 0.3385009765625 0.8363598326359832 0.3447177734375 0.8359735006973501 0.341068359375 0.8431143654114366 0.338771484375 0.8463960948396094 0.343095703125 0.8462036262203626
0  0.38525390625 0.8263598326359832 0.0283203125 0.04881450488145049 -0.0009765625 -0.001394700139470014 -0.0009765625 -0.001394700139470014 -0.0009765625 -0.001394700139470014 -0.0009765625 -0.001394700139470014 -0.0009765625 -0.001394700139470014
0  0.43701171875 0.8089260808926081 0.0283203125 0.0502092050209205 0.4287412109375 0.8098158995815901 0.4394140625 0.8091813110181311 0.43385546875 0.8168019525801953 0.432521484375 0.8234714086471409 0.43674609375 0.8234714086471409
0  0.40673828125 0.800557880055788 0.0126953125 0.019525801952580194 -0.0009765625 -0.001394700139470014 -0.0009765625 -0.001394700139470014 -0.0009765625 -0.001394700139470014 -0.0009765625 -0.001394700139470014 -0.0009765625 -0.001394700139470014
0  0.4755859375 0.8200836820083682 0.013671875 0.022315202231520222 -0.0009765625 -0.001394700139470014 -0.0009765625 -0.001394700139470014 -0.0009765625 -0.001394700139470014 -0.0009765625 -0.001394700139470014 -0.0009765625 -0.001394700139470014
0  0.45849609375 0.8193863319386332 0.0146484375 0.023709902370990237 -0.0009765625 -0.001394700139470014 -0.0009765625 -0.001394700139470014 -0.0009765625 -0.001394700139470014 -0.0009765625 -0.001394700139470014 -0.0009765625 -0.001394700139470014
0  0.509765625 0.8354253835425384 0.017578125 0.03905160390516039 -0.0009765625 -0.001394700139470014 -0.0009765625 -0.001394700139470014 -0.0009765625 -0.001394700139470014 -0.0009765625 -0.001394700139470014 -0.0009765625 -0.001394700139470014
0  0.54736328125 0.8228730822873083 0.0380859375 0.07252440725244072 0.54864453125 0.8214909344490935 0.560904296875 0.8233333333333334 0.558646484375 0.8307057182705718 0.5525166015625 0.8422245467224547 0.5612265625 0.8426847977684798
0  0.56884765625 0.8417015341701534 0.0126953125 0.026499302649930265 -0.0009765625 -0.001394700139470014 -0.0009765625 -0.001394700139470014 -0.0009765625 -0.001394700139470014 -0.0009765625 -0.001394700139470014 -0.0009765625 -0.001394700139470014
0  0.572265625 0.806136680613668 0.013671875 0.02510460251046025 -0.0009765625 -0.001394700139470014 -0.0009765625 -0.001394700139470014 -0.0009765625 -0.001394700139470014 -0.0009765625 -0.001394700139470014 -0.0009765625 -0.001394700139470014
0  0.59765625 0.8389121338912134 0.01171875 0.01813110181311018 -0.0009765625 -0.001394700139470014 -0.0009765625 -0.001394700139470014 -0.0009765625 -0.001394700139470014 -0.0009765625 -0.001394700139470014 -0.0009765625 -0.001394700139470014
0  0.90625 0.8256624825662483 0.09765625 0.16457461645746166 0.880431640625 0.8122259414225941 0.923130859375 0.7894867503486751 0.910103515625 0.8380655509065551 0.90576171875 0.8783751743375173 0.93543359375 0.8587364016736403
0  0.23876953125 0.41352859135285913 0.0087890625 0.023709902370990237 -0.0009765625 -0.001394700139470014 -0.0009765625 -0.001394700139470014 -0.0009765625 -0.001394700139470014 -0.0009765625 -0.001394700139470014 -0.0009765625 -0.001394700139470014
0  0.20556640625 0.4351464435146444 0.0087890625 0.02510460251046025 -0.0009765625 -0.001394700139470014 -0.0009765625 -0.001394700139470014 -0.0009765625 -0.001394700139470014 -0.0009765625 -0.001394700139470014 -0.0009765625 -0.001394700139470014
0  0.08984375 0.0899581589958159 0.033203125 0.08228730822873083 0.0796025390625 0.08625383542538355 0.09701953125 0.08625383542538355 0.087755859375 0.10530543933054394 0.082197265625 0.1127154811715481 0.093314453125 0.11324407252440725
0  0.27587890625 0.17224546722454673 0.1123046875 0.24407252440725244 0.2507236328125 0.14397768479776848 0.3064921875 0.1516359832635983 0.27753515625 0.19299163179916318 0.247505859375 0.24200557880055787 0.30434765625 0.2511952580195258
