0  0.00634765625 0.14009962640099627 0.0107421875 0.026151930261519303 0.0 0.1382316313823163 0.001953125 0.1382316313823163 0.0 0.14196762141967623 0.0 0.14694894146948942 0.001953125 0.14694894146948942
0  0.06787109375 0.22789539227895392 0.0322265625 0.049813200498132 0.0656435546875 0.22093524283935242 0.0785654296875 0.21903362391033623 0.0743408203125 0.23202615193026152 0.066388671875 0.2408991282689913 0.0755830078125 0.24026525529265255
0  0.10986328125 0.1569115815691158 0.0205078125 0.034869240348692404 0.1028876953125 0.15446575342465754 0.11038671875 0.1553549190535492 0.1046318359375 0.16135865504358654 0.1035849609375 0.16691905354919054 0.107421875 0.16714072229140722
0  0.123046875 0.1930261519302615 0.03125 0.0547945205479452 0.1253046875 0.18890161892901616 0.1360166015625 0.18890161892901616 0.132720703125 0.19730759651307594 0.124755859375 0.20851556662515566 0.133544921875 0.20816438356164385
0  0.13818359375 0.20859277708592777 0.0146484375 0.0361145703611457 0.12661328125 0.19012951432129516 0.135193359375 0.19058530510585303 0.1301875 0.198107098381071 0.1257197265625 0.20813698630136984 0.1316181640625 0.20859277708592777
0  0.2001953125 0.21481942714819427 0.033203125 0.06351183063511831 0.1963544921875 0.20913823163138232 0.21067578125 0.2103549190535492 0.2065390625 0.21928393524283937 0.198900390625 0.22821170610211705 0.2100390625 0.22861768368617685
0  0.2333984375 0.18929016189290163 0.0234375 0.037359900373599 0.23046875 0.1917808219178082 0.2421875 0.1917808219178082 0.236328125 0.19676214196762143 0.232421875 0.20174346201743462 0.2392578125 0.20298879202988793
0  0.26025390625 0.1718555417185554 0.0185546875 0.0323785803237858 0.25540625 0.16916438356164384 0.2629873046875 0.1693698630136986 0.2578251953125 0.17492403486924035 0.25540625 0.17924408468244082 0.261697265625 0.17944956413449567
0  0.3115234375 0.18617683686176836 0.02734375 0.05603985056039851 -0.0009765625 -0.0012453300124533001 -0.0009765625 -0.0012453300124533001 -0.0009765625 -0.0012453300124533001 -0.0009765625 -0.0012453300124533001 -0.0009765625 -0.0012453300124533001
0  0.240234375 0.25280199252801994 0.0390625 0.074719800747198 0.2429638671875 0.24509090909090908 0.257044921875 0.24367372353673722 0.257044921875 0.2550149439601494 0.24481640625 0.2724993773349938 0.2537099609375 0.2724993773349938
0  0.373046875 0.23785803237858033 0.03515625 0.06973848069738481 0.371861328125 0.2329651307596513 0.3861611328125 0.23207596513075965 0.3844169921875 0.24408468244084683 0.3746513671875 0.25698256537982567 0.3858115234375 0.25653798256537985
0  0.36376953125 0.17745952677459526 0.0263671875 0.0460772104607721 -0.0009765625 -0.0012453300124533001 -0.0009765625 -0.0012453300124533001 -0.0009765625 -0.0012453300124533001 -0.0009765625 -0.0012453300124533001 -0.0009765625 -0.0012453300124533001
0  0.380859375 0.20298879202988793 0.02734375 0.04234122042341221 -0.0009765625 -0.0012453300124533001 -0.0009765625 -0.0012453300124533001 -0.0009765625 -0.0012453300124533001 -0.0009765625 -0.0012453300124533001 -0.0009765625 -0.0012453300124533001
0  0.44970703125 0.19987546699875466 0.0322265625 0.06102117061021171 0.4501953125 0.19427148194271482 0.462890625 0.19551681195516812 0.4599609375 0.20797011207970112 0.4501953125 0.21793275217932753 0.4599609375 0.21793275217932753
0  0.55322265625 0.16687422166874222 0.0224609375 0.037359900373599 0.5564833984375 0.159079701120797 0.563607421875 0.1612316313823163 0.561919921875 0.1679252801992528 0.553859375 0.17414072229140723 0.560982421875 0.1762914072229141
0  0.50830078125 0.22789539227895392 0.0244140625 0.039850560398505604 -0.0009765625 -0.0012453300124533001 -0.0009765625 -0.0012453300124533001 -0.0009765625 -0.0012453300124533001 -0.0009765625 -0.0012453300124533001 -0.0009765625 -0.0012453300124533001
0  0.5517578125 0.23412204234122042 0.029296875 0.052303860523038606 0.546333984375 0.22954047322540472 0.5607216796875 0.22887422166874222 0.55758203125 0.23888044831880448 0.5484267578125 0.2478879202988792 0.5604599609375 0.2478879202988792
0  0.5283203125 0.2727272727272727 0.037109375 0.06724782067247821 0.5284951171875 0.267678704856787 0.5420791015625 0.267678704856787 0.53909765625 0.28077708592777084 0.5284951171875 0.2926077210460772 0.53909765625 0.2930311332503113
0  0.64111328125 0.15628891656288915 0.0166015625 0.028642590286425903 -0.0009765625 -0.0012453300124533001 -0.0009765625 -0.0012453300124533001 -0.0009765625 -0.0012453300124533001 -0.0009765625 -0.0012453300124533001 -0.0009765625 -0.0012453300124533001
0  0.6494140625 0.2328767123287671 0.03515625 0.0647571606475716 0.6506650390625 0.22413698630136986 0.664986328125 0.22332503113325033 0.6646689453125 0.2346886674968867 0.653529296875 0.24564632627646324 0.6637138671875 0.24321170610211706
0  0.70166015625 0.19240348692403486 0.0205078125 0.043586550435865505 0.6962890625 0.18929016189290163 0.708984375 0.18804483188044832 0.703125 0.19551681195516812 0.697265625 0.2054794520547945 0.7060546875 0.2054794520547945
0  0.69677734375 0.22727272727272727 0.0244140625 0.0460772104607721 0.692888671875 0.2226027397260274 0.70263671875 0.22202490660024907 0.698783203125 0.2312752179327522 0.6942490234375 0.23734620174346202 0.7015029296875 0.23705728518057284
0  0.7568359375 0.23785803237858033 0.025390625 0.047322540473225407 0.7565654296875 0.23365504358655043 0.7662177734375 0.2339551681195517 0.7636279296875 0.24476338729763386 0.75844921875 0.25166749688667495 0.765041015625 0.25136737235367373
0  0.7734375 0.22976338729763388 0.01953125 0.043586550435865505 -0.0009765625 -0.0012453300124533001 -0.0009765625 -0.0012453300124533001 -0.0009765625 -0.0012453300124533001 -0.0009765625 -0.0012453300124533001 -0.0009765625 -0.0012453300124533001
0  0.6943359375 0.3181818181818182 0.037109375 0.07347447073474471 0.697828125 0.30955292652552924 0.70976953125 0.3086301369863014 0.7126640625 0.31924408468244087 0.7010849609375 0.3340099626400996 0.7104931640625 0.33447073474470734
0  0.80615234375 0.2770859277708593 0.0341796875 0.06351183063511831 0.8062919921875 0.2744620174346202 0.8191611328125 0.27286052303860525 0.8172783203125 0.281266500622665 0.8125693359375 0.2956774595267746 0.8185341796875 0.2956774595267746
0  0.806640625 0.2503113325031133 0.03125 0.047322540473225407 -0.0009765625 -0.0012453300124533001 -0.0009765625 -0.0012453300124533001 -0.0009765625 -0.0012453300124533001 -0.0009765625 -0.0012453300124533001 -0.0009765625 -0.0012453300124533001
0  0.8662109375 0.21544209215442092 0.0234375 0.037359900373599 0.8623486328125 0.20836488169364883 0.873783203125 0.20812577833125778 0.8702216796875 0.21529763387297632 0.86422265625 0.22270859277708593 0.874345703125 0.22270859277708593
0  0.9072265625 0.21793275217932753 0.02734375 0.052303860523038606 0.9119345703125 0.2139302615193026 0.9203056640625 0.2112615193026152 0.9208291015625 0.22093524283935242 0.9132431640625 0.23094146948941469 0.9208291015625 0.2296077210460772
0  0.8720703125 0.33374844333748444 0.037109375 0.07721046077210461 0.8758017578125 0.32885554171855547 0.8853935546875 0.32983437110834374 0.8888466796875 0.3415765877957659 0.8765693359375 0.35429638854296386 0.88040625 0.354785803237858
0  0.9736328125 0.24844333748443337 0.0390625 0.07347447073474471 0.976998046875 0.23783063511830635 0.99038671875 0.23783063511830635 0.9911103515625 0.25028891656288915 0.978083984375 0.26413200498132006 0.987853515625 0.26367123287671235
0  0.986328125 0.20983810709838108 0.02734375 0.06351183063511831 -0.0009765625 -0.0012453300124533001 -0.0009765625 -0.0012453300124533001 -0.0009765625 -0.0012453300124533001 -0.0009765625 -0.0012453300124533001 -0.0009765625 -0.0012453300124533001
0  0.05419921875 0.1793275217932752 0.0224609375 0.029887920298879204 -0.0009765625 -0.0012453300124533001 -0.0009765625 -0.0012453300124533001 -0.0009765625 -0.0012453300124533001 -0.0009765625 -0.0012453300124533001 -0.0009765625 -0.0012453300124533001
