0  0.04345703125 0.23715124816446403 0.0400390625 0.07195301027900147 0.028228515625 0.22855653450807634 0.046578125 0.22855653450807634 0.0363505859375 0.24438913362701908 0.0333427734375 0.2575066079295154 0.0459765625 0.2575066079295154
0  0.16552734375 0.23861967694566813 0.0537109375 0.09544787077826726 0.1525185546875 0.22461674008810573 0.1741767578125 0.22280763582966226 0.162544921875 0.23909104258443464 0.1541220703125 0.25899412628487517 0.1729736328125 0.26080323054331866
0  0.26611328125 0.2907488986784141 0.0380859375 0.07342143906020558 0.255859375 0.2790014684287812 0.271484375 0.28046989720998533 0.263671875 0.2936857562408223 0.255859375 0.29955947136563876 0.2724609375 0.3010279001468429
0  0.3359375 0.2444933920704846 0.041015625 0.06607929515418502 0.325474609375 0.23159177679882526 0.3397041015625 0.2307533039647577 0.3316123046875 0.24711600587371513 0.331333984375 0.2597019089574156 0.339146484375 0.258863436123348
0  0.5087890625 0.328928046989721 0.0390625 0.07929515418502203 0.4997255859375 0.3170895741556534 0.5155029296875 0.3186035242290749 0.506103515625 0.3347562408223201 0.500396484375 0.3509089574155653 0.51449609375 0.3509089574155653
0  0.56396484375 0.32819383259911894 0.0419921875 0.08370044052863436 0.5504111328125 0.3138575624082232 0.569126953125 0.31332599118942733 0.5588857421875 0.3297870778267254 0.5532353515625 0.34837151248164466 0.5680673828125 0.34837151248164466
0  0.61083984375 0.33259911894273125 0.0361328125 0.07488986784140969 0.5960869140625 0.3243127753303965 0.61429296875 0.32148164464023493 0.6039345703125 0.334697503671072 0.600794921875 0.34838472834067546 0.6155478515625 0.34555212922173273
0  0.65625 0.25036710719530103 0.0390625 0.06901615271659324 0.6469990234375 0.23938619676945666 0.6633564453125 0.23938619676945666 0.6548857421875 0.2569559471365639 0.6481669921875 0.27408516886930984 0.6598515625 0.27408516886930984
0  0.84765625 0.2907488986784141 0.041015625 0.07048458149779736 0.8383310546875 0.28096769456681353 0.8539736328125 0.2796108663729809 0.84525 0.2949897209985316 0.8395341796875 0.30855947136563877 0.8539736328125 0.307654919236417
0  0.9111328125 0.3487518355359765 0.041015625 0.07782672540381791 0.900015625 0.334985315712188 0.921595703125 0.3340014684287812 0.9130947265625 0.3526857562408223 0.9059013671875 0.3669427312775331 0.9193076171875 0.3664522760646109
0  0.9853515625 0.30176211453744495 0.029296875 0.07488986784140969 0.9765625 0.28634361233480177 0.994140625 0.28928046989721 0.986328125 0.302496328928047 0.98046875 0.315712187958884 0.9921875 0.3142437591776799
