0  0.09423828125 0.4876302083333333 0.0224609375 0.04296875 0.0875244140625 0.4838046875 0.097564453125 0.4848984375 0.091212890625 0.49282161458333335 0.0871142578125 0.4991041666666667 0.0946962890625 0.49855859374999995
0  0.04736328125 0.513671875 0.0166015625 0.032552083333333336 0.0515576171875 0.5123815104166667 0.0538154296875 0.5104453125 0.055912109375 0.5166822916666667 0.0523642578125 0.5261458333333333 0.0544609375 0.5242109375
0  0.27099609375 0.4811197916666667 0.0185546875 0.029947916666666668 0.270189453125 0.47751562500000005 0.27824609375 0.47732421875 0.27479296875 0.48365364583333337 0.271052734375 0.48844921875 0.277095703125 0.48844921875
0  0.044921875 0.478515625 0.017578125 0.02734375 0.043705078125 0.48031770833333337 0.0500576171875 0.48085807291666666 0.0465439453125 0.4864440104166667 0.0424892578125 0.4904088541666667 0.0481650390625 0.4911302083333333
0  0.11865234375 0.4674479166666667 0.0126953125 0.026041666666666668 -0.0009765625 -0.0013020833333333333 -0.0009765625 -0.0013020833333333333 -0.0009765625 -0.0013020833333333333 -0.0009765625 -0.0013020833333333333 -0.0009765625 -0.0013020833333333333
0  0.166015625 0.4889322916666667 0.009765625 0.024739583333333332 -0.0009765625 -0.0013020833333333333 -0.0009765625 -0.0013020833333333333 -0.0009765625 -0.0013020833333333333 -0.0009765625 -0.0013020833333333333 -0.0009765625 -0.0013020833333333333
0  0.18701171875 0.4615885416666667 0.0107421875 0.02734375 -0.0009765625 -0.0013020833333333333 -0.0009765625 -0.0013020833333333333 -0.0009765625 -0.0013020833333333333 -0.0009765625 -0.0013020833333333333 -0.0009765625 -0.0013020833333333333
0  0.20849609375 0.4583333333333333 0.0146484375 0.0234375 0.2099345703125 0.4564270833333333 0.21458203125 0.4564270833333333 0.214015625 0.46368098958333337 0.2091416015625 0.46625 0.210955078125 0.46655208333333337
0  0.01171875 0.3580729166666667 0.005859375 0.013020833333333334 0.01070703125 0.3567239583333333 0.014107421875 0.3567239583333333 0.0126689453125 0.35907812499999997 0.011099609375 0.36151953124999997 0.0137158203125 0.3616067708333333
0  0.1064453125 0.3626302083333333 0.0078125 0.014322916666666666 -0.0009765625 -0.0013020833333333333 -0.0009765625 -0.0013020833333333333 -0.0009765625 -0.0013020833333333333 -0.0009765625 -0.0013020833333333333 -0.0009765625 -0.0013020833333333333
0  0.12255859375 0.3671875 0.0068359375 0.013020833333333334 -0.0009765625 -0.0013020833333333333 -0.0009765625 -0.0013020833333333333 -0.0009765625 -0.0013020833333333333 -0.0009765625 -0.0013020833333333333 -0.0009765625 -0.0013020833333333333
0  0.13720703125 0.3723958333333333 0.0048828125 0.013020833333333334 -0.0009765625 -0.0013020833333333333 -0.0009765625 -0.0013020833333333333 -0.0009765625 -0.0013020833333333333 -0.0009765625 -0.0013020833333333333 -0.0009765625 -0.0013020833333333333
0  0.37060546875 0.46484375 0.0224609375 0.044270833333333336 0.3692099609375 0.45824088541666663 0.3790458984375 0.45851953124999995 0.375279296875 0.46605338541666663 0.3681640625 0.4733072916666667 0.3788369140625 0.4747018229166667
0  0.46435546875 0.4759114583333333 0.0166015625 0.02734375 0.4655673828125 0.47334244791666663 0.46661328125 0.4740390625 0.467005859375 0.4838046875 0.460205078125 0.4864205729166667 0.460466796875 0.48729296875
0  0.19970703125 0.384765625 0.0068359375 0.01171875 -0.0009765625 -0.0013020833333333333 -0.0009765625 -0.0013020833333333333 -0.0009765625 -0.0013020833333333333 -0.0009765625 -0.0013020833333333333 -0.0009765625 -0.0013020833333333333
0  0.23388671875 0.380859375 0.0087890625 0.01171875 -0.0009765625 -0.0013020833333333333 -0.0009765625 -0.0013020833333333333 -0.0009765625 -0.0013020833333333333 -0.0009765625 -0.0013020833333333333 -0.0009765625 -0.0013020833333333333
0  0.27880859375 0.3756510416666667 0.0068359375 0.01171875 -0.0009765625 -0.0013020833333333333 -0.0009765625 -0.0013020833333333333 -0.0009765625 -0.0013020833333333333 -0.0009765625 -0.0013020833333333333 -0.0009765625 -0.0013020833333333333
0  0.63671875 0.46484375 0.017578125 0.028645833333333332 0.6311474609375 0.4602278645833333 0.632228515625 0.46040885416666666 0.629390625 0.4681575520833334 0.6334443359375 0.47284244791666663 0.634255859375 0.47212109375
0  0.72802734375 0.513671875 0.0302734375 0.053385416666666664 0.717189453125 0.5109973958333334 0.7290732421875 0.5089752604166666 0.71946484375 0.5187526041666667 0.718958984375 0.52785546875 0.7260390625 0.5275182291666667
0  0.666015625 0.453125 0.009765625 0.015625 -0.0009765625 -0.0013020833333333333 -0.0009765625 -0.0013020833333333333 -0.0009765625 -0.0013020833333333333 -0.0009765625 -0.0013020833333333333 -0.0009765625 -0.0013020833333333333
0  0.677734375 0.453125 0.01171875 0.015625 -0.0009765625 -0.0013020833333333333 -0.0009765625 -0.0013020833333333333 -0.0009765625 -0.0013020833333333333 -0.0009765625 -0.0013020833333333333 -0.0009765625 -0.0013020833333333333
0  0.62451171875 0.4446614583333333 0.0107421875 0.016927083333333332 -0.0009765625 -0.0013020833333333333 -0.0009765625 -0.0013020833333333333 -0.0009765625 -0.0013020833333333333 -0.0009765625 -0.0013020833333333333 -0.0009765625 -0.0013020833333333333
0  0.6064453125 0.451171875 0.009765625 0.014322916666666666 -0.0009765625 -0.0013020833333333333 -0.0009765625 -0.0013020833333333333 -0.0009765625 -0.0013020833333333333 -0.0009765625 -0.0013020833333333333 -0.0009765625 -0.0013020833333333333
0  0.36572265625 0.3951822916666667 0.0048828125 0.009114583333333334 -0.0009765625 -0.0013020833333333333 -0.0009765625 -0.0013020833333333333 -0.0009765625 -0.0013020833333333333 -0.0009765625 -0.0013020833333333333 -0.0009765625 -0.0013020833333333333
0  0.7744140625 0.4583333333333333 0.013671875 0.020833333333333332 -0.0009765625 -0.0013020833333333333 -0.0009765625 -0.0013020833333333333 -0.0009765625 -0.0013020833333333333 -0.0009765625 -0.0013020833333333333 -0.0009765625 -0.0013020833333333333
0  0.87353515625 0.47265625 0.0185546875 0.026041666666666668 -0.0009765625 -0.0013020833333333333 -0.0009765625 -0.0013020833333333333 -0.0009765625 -0.0013020833333333333 -0.0009765625 -0.0013020833333333333 -0.0009765625 -0.0013020833333333333
0  0.72412109375 0.4485677083333333 0.0107421875 0.016927083333333332 -0.0009765625 -0.0013020833333333333 -0.0009765625 -0.0013020833333333333 -0.0009765625 -0.0013020833333333333 -0.0009765625 -0.0013020833333333333 -0.0009765625 -0.0013020833333333333
0  0.89501953125 0.4361979166666667 0.0087890625 0.013020833333333334 -0.0009765625 -0.0013020833333333333 -0.0009765625 -0.0013020833333333333 -0.0009765625 -0.0013020833333333333 -0.0009765625 -0.0013020833333333333 -0.0009765625 -0.0013020833333333333
0  0.91357421875 0.4342447916666667 0.0126953125 0.016927083333333332 0.909720703125 0.4310364583333333 0.9146904296875 0.4312682291666667 0.9118125 0.43510546875 0.9107666015625 0.4385924479166667 0.9144287109375 0.43870963541666663
0  0.92578125 0.4322916666666667 0.009765625 0.018229166666666668 0.9228212890625 0.43029817708333334 0.9257509765625 0.43029817708333334 0.922912109375 0.43334895833333337 0.923095703125 0.43737760416666666 0.9262998046875 0.43688932291666666
0  0.9189453125 0.4544270833333333 0.009765625 0.015625 -0.0009765625 -0.0013020833333333333 -0.0009765625 -0.0013020833333333333 -0.0009765625 -0.0013020833333333333 -0.0009765625 -0.0013020833333333333 -0.0009765625 -0.0013020833333333333
0  0.93310546875 0.4596354166666667 0.0087890625 0.015625 -0.0009765625 -0.0013020833333333333 -0.0009765625 -0.0013020833333333333 -0.0009765625 -0.0013020833333333333 -0.0009765625 -0.0013020833333333333 -0.0009765625 -0.0013020833333333333
0  0.95361328125 0.458984375 0.0107421875 0.01953125 0.9503173828125 0.45617708333333334 0.95523046875 0.4567109375 0.9518212890625 0.46179166666666666 0.949615234375 0.4636640625 0.9536259765625 0.4639309895833333
0  0.96630859375 0.455078125 0.0126953125 0.024739583333333332 -0.0009765625 -0.0013020833333333333 -0.0009765625 -0.0013020833333333333 -0.0009765625 -0.0013020833333333333 -0.0009765625 -0.0013020833333333333 -0.0009765625 -0.0013020833333333333
0  0.82958984375 0.4401041666666667 0.0087890625 0.015625 -0.0009765625 -0.0013020833333333333 -0.0009765625 -0.0013020833333333333 -0.0009765625 -0.0013020833333333333 -0.0009765625 -0.0013020833333333333 -0.0009765625 -0.0013020833333333333
0  0.99169921875 0.4563802083333333 0.0126953125 0.02734375 -0.0009765625 -0.0013020833333333333 -0.0009765625 -0.0013020833333333333 -0.0009765625 -0.0013020833333333333 -0.0009765625 -0.0013020833333333333 -0.0009765625 -0.0013020833333333333
0  0.24951171875 0.4661458333333333 0.0107421875 0.015625 -0.0009765625 -0.0013020833333333333 -0.0009765625 -0.0013020833333333333 -0.0009765625 -0.0013020833333333333 -0.0009765625 -0.0013020833333333333 -0.0009765625 -0.0013020833333333333
0  0.21923828125 0.4694010416666667 0.0107421875 0.024739583333333332 -0.0009765625 -0.0013020833333333333 -0.0009765625 -0.0013020833333333333 -0.0009765625 -0.0013020833333333333 -0.0009765625 -0.0013020833333333333 -0.0009765625 -0.0013020833333333333
0  0.56689453125 0.5006510416666666 0.0126953125 0.01953125 -0.0009765625 -0.0013020833333333333 -0.0009765625 -0.0013020833333333333 -0.0009765625 -0.0013020833333333333 -0.0009765625 -0.0013020833333333333 -0.0009765625 -0.0013020833333333333
0  0.70947265625 0.44140625 0.0087890625 0.018229166666666668 -0.0009765625 -0.0013020833333333333 -0.0009765625 -0.0013020833333333333 -0.0009765625 -0.0013020833333333333 -0.0009765625 -0.0013020833333333333 -0.0009765625 -0.0013020833333333333
0  0.0595703125 0.5052083333333334 0.009765625 0.026041666666666668 -0.0009765625 -0.0013020833333333333 -0.0009765625 -0.0013020833333333333 -0.0009765625 -0.0013020833333333333 -0.0009765625 -0.0013020833333333333 -0.0009765625 -0.0013020833333333333
