0  0.03662109375 0.30307467057101023 0.0166015625 0.029282576866764276 0.0306748046875 0.2955314787701318 0.0370830078125 0.2955314787701318 0.0334208984375 0.302787701317716 0.0318515625 0.30925768667642756 0.0366904296875 0.30945387994143486
0  0.1328125 0.3162518301610542 0.02734375 0.0527086383601757 0.1292109375 0.30685212298682285 0.142107421875 0.305185944363104 0.1401064453125 0.31518594436310393 0.1314345703125 0.32751976573938507 0.1427744140625 0.3271874084919473
0  0.14111328125 0.2664714494875549 0.0126953125 0.03513909224011713 0.1365185546875 0.2606939970717423 0.14141015625 0.2615827232796486 0.136962890625 0.2675827232796486 0.1374072265625 0.27202781844802343 0.142595703125 0.2729165446559297
0  0.1875 0.29502196193265007 0.0234375 0.06881405563689605 0.181169921875 0.2922445095168375 0.18175390625 0.29180673499267934 0.1762041015625 0.3049443631039531 0.184966796875 0.315891654465593 0.18584375 0.31545387994143487
0  0.2841796875 0.2547584187408492 0.015625 0.029282576866764276 -0.0009765625 -0.0014641288433382138 -0.0009765625 -0.0014641288433382138 -0.0009765625 -0.0014641288433382138 -0.0009765625 -0.0014641288433382138 -0.0009765625 -0.0014641288433382138
0  0.30615234375 0.2562225475841874 0.0244140625 0.07027818448023426 0.298548828125 0.2476471449487555 0.300328125 0.24720204978038068 0.2991416015625 0.2614260614934114 0.304478515625 0.2720922401171303 0.3056640625 0.27164860907759886
0  0.4150390625 0.2957540263543192 0.01171875 0.032210834553440704 0.4151787109375 0.29366178623718886 0.419224609375 0.29366178623718886 0.4178291015625 0.30056515373352855 0.4154580078125 0.30453879941434847 0.4189453125 0.3047481698389458
0  0.4443359375 0.29428989751098095 0.0078125 0.02342606149341142 -0.0009765625 -0.0014641288433382138 -0.0009765625 -0.0014641288433382138 -0.0009765625 -0.0014641288433382138 -0.0009765625 -0.0014641288433382138 -0.0009765625 -0.0014641288433382138
0  0.4501953125 0.25988286969253294 0.01171875 0.027818448023426062 0.4491181640625 0.25829428989751096 0.4534736328125 0.25653001464128844 0.4521787109375 0.2618243045387994 0.45053125 0.26553001464128845 0.4540625 0.2639414348462665
0  0.48779296875 0.23718887262079064 0.0048828125 0.01171303074670571 -0.0009765625 -0.0014641288433382138 -0.0009765625 -0.0014641288433382138 -0.0009765625 -0.0014641288433382138 -0.0009765625 -0.0014641288433382138 -0.0009765625 -0.0014641288433382138
0  0.50048828125 0.24377745241581258 0.0068359375 0.016105417276720352 -0.0009765625 -0.0014641288433382138 -0.0009765625 -0.0014641288433382138 -0.0009765625 -0.0014641288433382138 -0.0009765625 -0.0014641288433382138 -0.0009765625 -0.0014641288433382138
0  0.533203125 0.2108345534407028 0.037109375 0.0849194729136164 0.52069140625 0.20493850658857982 0.5289130859375 0.20386676427525624 0.5167587890625 0.21994582723279651 0.522478515625 0.23388140556368964 0.5299853515625 0.23173792093704243
0  0.63232421875 0.30380673499267935 0.0166015625 0.03367496339677892 -0.0009765625 -0.0014641288433382138 -0.0009765625 -0.0014641288433382138 -0.0009765625 -0.0014641288433382138 -0.0009765625 -0.0014641288433382138 -0.0009765625 -0.0014641288433382138
0  0.68115234375 0.369692532942899 0.0087890625 0.021961932650073207 -0.0009765625 -0.0014641288433382138 -0.0009765625 -0.0014641288433382138 -0.0009765625 -0.0014641288433382138 -0.0009765625 -0.0014641288433382138 -0.0009765625 -0.0014641288433382138
0  0.69677734375 0.36749633967789164 0.0087890625 0.017569546120058566 -0.0009765625 -0.0014641288433382138 -0.0009765625 -0.0014641288433382138 -0.0009765625 -0.0014641288433382138 -0.0009765625 -0.0014641288433382138 -0.0009765625 -0.0014641288433382138
0  0.70068359375 0.28038067349926793 0.0068359375 0.016105417276720352 -0.0009765625 -0.0014641288433382138 -0.0009765625 -0.0014641288433382138 -0.0009765625 -0.0014641288433382138 -0.0009765625 -0.0014641288433382138 -0.0009765625 -0.0014641288433382138
0  0.71337890625 0.2767203513909224 0.0107421875 0.02342606149341142 0.715384765625 0.27779209370424596 0.71758984375 0.27689019033674966 0.7178916015625 0.2806486090775988 0.7155849609375 0.2836559297218155 0.716888671875 0.2830541727672035
0  0.74365234375 0.41142020497803805 0.0087890625 0.01171303074670571 -0.0009765625 -0.0014641288433382138 -0.0009765625 -0.0014641288433382138 -0.0009765625 -0.0014641288433382138 -0.0009765625 -0.0014641288433382138 -0.0009765625 -0.0014641288433382138
0  0.76513671875 0.36749633967789164 0.0087890625 0.02342606149341142 -0.0009765625 -0.0014641288433382138 -0.0009765625 -0.0014641288433382138 -0.0009765625 -0.0014641288433382138 -0.0009765625 -0.0014641288433382138 -0.0009765625 -0.0014641288433382138
0  0.75537109375 0.25036603221083453 0.0087890625 0.017569546120058566 -0.0009765625 -0.0014641288433382138 -0.0009765625 -0.0014641288433382138 -0.0009765625 -0.0014641288433382138 -0.0009765625 -0.0014641288433382138 -0.0009765625 -0.0014641288433382138
0  0.8134765625 0.2767203513909224 0.0078125 0.020497803806734993 -0.0009765625 -0.0014641288433382138 -0.0009765625 -0.0014641288433382138 -0.0009765625 -0.0014641288433382138 -0.0009765625 -0.0014641288433382138 -0.0009765625 -0.0014641288433382138
0  0.85888671875 0.2708638360175695 0.0517578125 0.11127379209370425 0.838318359375 0.26523572474377743 0.8621083984375 0.2624392386530015 0.84578125 0.2778243045387994 0.84344921875 0.3044011713030747 0.8588427734375 0.30230307467057105
0  0.90625 0.26720351390922403 0.009765625 0.01903367496339678 -0.0009765625 -0.0014641288433382138 -0.0009765625 -0.0014641288433382138 -0.0009765625 -0.0014641288433382138 -0.0009765625 -0.0014641288433382138 -0.0009765625 -0.0014641288433382138
0  0.94482421875 0.24743777452415813 0.0068359375 0.01171303074670571 -0.0009765625 -0.0014641288433382138 -0.0009765625 -0.0014641288433382138 -0.0009765625 -0.0014641288433382138 -0.0009765625 -0.0014641288433382138 -0.0009765625 -0.0014641288433382138
0  0.93994140625 0.2979502196193265 0.0087890625 0.016105417276720352 0.9405693359375 0.2965900439238653 0.943359375 0.2978462664714495 0.9417548828125 0.30077452415812594 0.9400107421875 0.30223865300146413 0.942173828125 0.3042254758418741
0  0.9794921875 0.2686676427525622 0.009765625 0.016105417276720352 -0.0009765625 -0.0014641288433382138 -0.0009765625 -0.0014641288433382138 -0.0009765625 -0.0014641288433382138 -0.0009765625 -0.0014641288433382138 -0.0009765625 -0.0014641288433382138
0  0.619140625 0.26061493411420206 0.01171875 0.02635431918008785 -0.0009765625 -0.0014641288433382138 -0.0009765625 -0.0014641288433382138 -0.0009765625 -0.0014641288433382138 -0.0009765625 -0.0014641288433382138 -0.0009765625 -0.0014641288433382138
0  0.81640625 0.22840409956076135 0.005859375 0.01171303074670571 -0.0009765625 -0.0014641288433382138 -0.0009765625 -0.0014641288433382138 -0.0009765625 -0.0014641288433382138 -0.0009765625 -0.0014641288433382138 -0.0009765625 -0.0014641288433382138
