0  0.0537109375 0.2299168975069252 0.013671875 0.04986149584487535 -0.0009765625 -0.002770083102493075 -0.0009765625 -0.002770083102493075 -0.0009765625 -0.002770083102493075 -0.0009765625 -0.002770083102493075 -0.0009765625 -0.002770083102493075
0  0.09521484375 0.2257617728531856 0.0107421875 0.036011080332409975 -0.0009765625 -0.002770083102493075 -0.0009765625 -0.002770083102493075 -0.0009765625 -0.002770083102493075 -0.0009765625 -0.002770083102493075 -0.0009765625 -0.002770083102493075
0  0.1435546875 0.19667590027700832 0.013671875 0.04986149584487535 0.1453681640625 0.19294182825484765 0.14944921875 0.18940443213296398 0.1486552734375 0.20001385041551245 0.146388671875 0.2125540166204986 0.1482021484375 0.21126869806094184
0  0.1787109375 0.2562326869806094 0.0078125 0.036011080332409975 -0.0009765625 -0.002770083102493075 -0.0009765625 -0.002770083102493075 -0.0009765625 -0.002770083102493075 -0.0009765625 -0.002770083102493075 -0.0009765625 -0.002770083102493075
0  0.201171875 0.21745152354570638 0.009765625 0.04155124653739612 -0.0009765625 -0.002770083102493075 -0.0009765625 -0.002770083102493075 -0.0009765625 -0.002770083102493075 -0.0009765625 -0.002770083102493075 -0.0009765625 -0.002770083102493075
0  0.22509765625 0.2867036011080332 0.0166015625 0.05817174515235457 -0.0009765625 -0.002770083102493075 -0.0009765625 -0.002770083102493075 -0.0009765625 -0.002770083102493075 -0.0009765625 -0.002770083102493075 -0.0009765625 -0.002770083102493075
0  0.28662109375 0.25761772853185594 0.0146484375 0.04986149584487535 0.284720703125 0.2505567867036011 0.2898994140625 0.2505567867036011 0.2889580078125 0.2579030470914127 0.2863681640625 0.26791966759002767 0.2903701171875 0.26758448753462605
0  0.27490234375 0.22853185595567868 0.0126953125 0.036011080332409975 -0.0009765625 -0.002770083102493075 -0.0009765625 -0.002770083102493075 -0.0009765625 -0.002770083102493075 -0.0009765625 -0.002770083102493075 -0.0009765625 -0.002770083102493075
0  0.224609375 0.2146814404432133 0.005859375 0.019390581717451522 -0.0009765625 -0.002770083102493075 -0.0009765625 -0.002770083102493075 -0.0009765625 -0.002770083102493075 -0.0009765625 -0.002770083102493075 -0.0009765625 -0.002770083102493075
0  0.3154296875 0.24930747922437674 0.0078125 0.0332409972299169 -0.0009765625 -0.002770083102493075 -0.0009765625 -0.002770083102493075 -0.0009765625 -0.002770083102493075 -0.0009765625 -0.002770083102493075 -0.0009765625 -0.002770083102493075
0  0.3349609375 0.23545706371191136 0.005859375 0.0221606648199446 -0.0009765625 -0.002770083102493075 -0.0009765625 -0.002770083102493075 -0.0009765625 -0.002770083102493075 -0.0009765625 -0.002770083102493075 -0.0009765625 -0.002770083102493075
0  0.37060546875 0.2077562326869806 0.0146484375 0.055401662049861494 -0.0009765625 -0.002770083102493075 -0.0009765625 -0.002770083102493075 -0.0009765625 -0.002770083102493075 -0.0009765625 -0.002770083102493075 -0.0009765625 -0.002770083102493075
0  0.39111328125 0.23822714681440443 0.0126953125 0.0443213296398892 -0.0009765625 -0.002770083102493075 -0.0009765625 -0.002770083102493075 -0.0009765625 -0.002770083102493075 -0.0009765625 -0.002770083102493075 -0.0009765625 -0.002770083102493075
0  0.41357421875 0.21052631578947367 0.0068359375 0.01662049861495845 -0.0009765625 -0.002770083102493075 -0.0009765625 -0.002770083102493075 -0.0009765625 -0.002770083102493075 -0.0009765625 -0.002770083102493075 -0.0009765625 -0.002770083102493075
0  0.41796875 0.35318559556786705 0.005859375 0.019390581717451522 -0.0009765625 -0.002770083102493075 -0.0009765625 -0.002770083102493075 -0.0009765625 -0.002770083102493075 -0.0009765625 -0.002770083102493075 -0.0009765625 -0.002770083102493075
0  0.4345703125 0.32271468144044324 0.005859375 0.019390581717451522 -0.0009765625 -0.002770083102493075 -0.0009765625 -0.002770083102493075 -0.0009765625 -0.002770083102493075 -0.0009765625 -0.002770083102493075 -0.0009765625 -0.002770083102493075
0  0.4638671875 0.21329639889196675 0.005859375 0.0221606648199446 -0.0009765625 -0.002770083102493075 -0.0009765625 -0.002770083102493075 -0.0009765625 -0.002770083102493075 -0.0009765625 -0.002770083102493075 -0.0009765625 -0.002770083102493075
0  0.453125 0.20083102493074792 0.00390625 0.019390581717451522 -0.0009765625 -0.002770083102493075 -0.0009765625 -0.002770083102493075 -0.0009765625 -0.002770083102493075 -0.0009765625 -0.002770083102493075 -0.0009765625 -0.002770083102493075
0  0.4853515625 0.24653739612188366 0.013671875 0.0443213296398892 0.4854208984375 0.23763434903047093 0.4899208984375 0.23763434903047093 0.4898154296875 0.24683379501385042 0.4866767578125 0.25633240997229917 0.4890830078125 0.2554404432132964
0  0.50390625 0.2520775623268698 0.009765625 0.038781163434903045 -0.0009765625 -0.002770083102493075 -0.0009765625 -0.002770083102493075 -0.0009765625 -0.002770083102493075 -0.0009765625 -0.002770083102493075 -0.0009765625 -0.002770083102493075
0  0.50048828125 0.19113573407202217 0.0068359375 0.0221606648199446 -0.0009765625 -0.002770083102493075 -0.0009765625 -0.002770083102493075 -0.0009765625 -0.002770083102493075 -0.0009765625 -0.002770083102493075 -0.0009765625 -0.002770083102493075
0  0.52490234375 0.21606648199445982 0.0068359375 0.0221606648199446 -0.0009765625 -0.002770083102493075 -0.0009765625 -0.002770083102493075 -0.0009765625 -0.002770083102493075 -0.0009765625 -0.002770083102493075 -0.0009765625 -0.002770083102493075
0  0.5478515625 0.2257617728531856 0.005859375 0.024930747922437674 -0.0009765625 -0.002770083102493075 -0.0009765625 -0.002770083102493075 -0.0009765625 -0.002770083102493075 -0.0009765625 -0.002770083102493075 -0.0009765625 -0.002770083102493075
0  0.56298828125 0.23130193905817176 0.0048828125 0.019390581717451522 -0.0009765625 -0.002770083102493075 -0.0009765625 -0.002770083102493075 -0.0009765625 -0.002770083102493075 -0.0009765625 -0.002770083102493075 -0.0009765625 -0.002770083102493075
0  0.55615234375 0.34210526315789475 0.0068359375 0.030470914127423823 -0.0009765625 -0.002770083102493075 -0.0009765625 -0.002770083102493075 -0.0009765625 -0.002770083102493075 -0.0009765625 -0.002770083102493075 -0.0009765625 -0.002770083102493075
0  0.53466796875 0.33933518005540164 0.0068359375 0.024930747922437674 -0.0009765625 -0.002770083102493075 -0.0009765625 -0.002770083102493075 -0.0009765625 -0.002770083102493075 -0.0009765625 -0.002770083102493075 -0.0009765625 -0.002770083102493075
0  0.458984375 0.32271468144044324 0.005859375 0.024930747922437674 -0.0009765625 -0.002770083102493075 -0.0009765625 -0.002770083102493075 -0.0009765625 -0.002770083102493075 -0.0009765625 -0.002770083102493075 -0.0009765625 -0.002770083102493075
0  0.59619140625 0.2451523545706371 0.0126953125 0.04709141274238227 -0.0009765625 -0.002770083102493075 -0.0009765625 -0.002770083102493075 -0.0009765625 -0.002770083102493075 -0.0009765625 -0.002770083102493075 -0.0009765625 -0.002770083102493075
0  0.68896484375 0.26038781163434904 0.0107421875 0.038781163434903045 -0.0009765625 -0.002770083102493075 -0.0009765625 -0.002770083102493075 -0.0009765625 -0.002770083102493075 -0.0009765625 -0.002770083102493075 -0.0009765625 -0.002770083102493075
0  0.72802734375 0.3074792243767313 0.0126953125 0.07202216066481995 0.73125390625 0.2983157894736842 0.7328662109375 0.29740166204986146 0.733833984375 0.31204155124653743 0.73125390625 0.3253130193905817 0.731576171875 0.3253130193905817
0  0.73876953125 0.18698060941828254 0.0048828125 0.024930747922437674 -0.0009765625 -0.002770083102493075 -0.0009765625 -0.002770083102493075 -0.0009765625 -0.002770083102493075 -0.0009765625 -0.002770083102493075 -0.0009765625 -0.002770083102493075
0  0.763671875 0.1925207756232687 0.0078125 0.024930747922437674 -0.0009765625 -0.002770083102493075 -0.0009765625 -0.002770083102493075 -0.0009765625 -0.002770083102493075 -0.0009765625 -0.002770083102493075 -0.0009765625 -0.002770083102493075
0  0.787109375 0.1883656509695291 0.005859375 0.0221606648199446 -0.0009765625 -0.002770083102493075 -0.0009765625 -0.002770083102493075 -0.0009765625 -0.002770083102493075 -0.0009765625 -0.002770083102493075 -0.0009765625 -0.002770083102493075
0  0.80322265625 0.23407202216066483 0.0068359375 0.024930747922437674 -0.0009765625 -0.002770083102493075 -0.0009765625 -0.002770083102493075 -0.0009765625 -0.002770083102493075 -0.0009765625 -0.002770083102493075 -0.0009765625 -0.002770083102493075
0  0.75927734375 0.32409972299168976 0.0068359375 0.027700831024930747 -0.0009765625 -0.002770083102493075 -0.0009765625 -0.002770083102493075 -0.0009765625 -0.002770083102493075 -0.0009765625 -0.002770083102493075 -0.0009765625 -0.002770083102493075
0  0.79296875 0.33240997229916897 0.005859375 0.0332409972299169 -0.0009765625 -0.002770083102493075 -0.0009765625 -0.002770083102493075 -0.0009765625 -0.002770083102493075 -0.0009765625 -0.002770083102493075 -0.0009765625 -0.002770083102493075
0  0.73876953125 0.37534626038781166 0.0087890625 0.036011080332409975 -0.0009765625 -0.002770083102493075 -0.0009765625 -0.002770083102493075 -0.0009765625 -0.002770083102493075 -0.0009765625 -0.002770083102493075 -0.0009765625 -0.002770083102493075
0  0.7763671875 0.38365650969529086 0.0078125 0.036011080332409975 0.7735244140625 0.37806648199445986 0.7781455078125 0.37806648199445986 0.7752685546875 0.38499168975069253 0.7735244140625 0.3894432132963989 0.77753515625 0.3896925207756233
0  0.8349609375 0.3033240997229917 0.01953125 0.07479224376731301 0.834642578125 0.2933185595567867 0.8428037109375 0.2918725761772853 0.84093359375 0.30634072022160663 0.8354931640625 0.32129362880886425 0.84093359375 0.32129362880886425
0  0.82470703125 0.22437673130193905 0.0068359375 0.0221606648199446 -0.0009765625 -0.002770083102493075 -0.0009765625 -0.002770083102493075 -0.0009765625 -0.002770083102493075 -0.0009765625 -0.002770083102493075 -0.0009765625 -0.002770083102493075
0  0.83837890625 0.20221606648199447 0.0087890625 0.027700831024930747 -0.0009765625 -0.002770083102493075 -0.0009765625 -0.002770083102493075 -0.0009765625 -0.002770083102493075 -0.0009765625 -0.002770083102493075 -0.0009765625 -0.002770083102493075
0  0.87353515625 0.18698060941828254 0.0068359375 0.024930747922437674 -0.0009765625 -0.002770083102493075 -0.0009765625 -0.002770083102493075 -0.0009765625 -0.002770083102493075 -0.0009765625 -0.002770083102493075 -0.0009765625 -0.002770083102493075
0  0.89892578125 0.20498614958448755 0.0048828125 0.027700831024930747 -0.0009765625 -0.002770083102493075 -0.0009765625 -0.002770083102493075 -0.0009765625 -0.002770083102493075 -0.0009765625 -0.002770083102493075 -0.0009765625 -0.002770083102493075
0  0.90673828125 0.34210526315789475 0.0107421875 0.04155124653739612 0.9032421875 0.3361329639889197 0.9075537109375 0.3355623268698061 0.90474609375 0.34694182825484765 0.9032421875 0.35490581717451525 0.90625 0.3560415512465374
0  0.85498046875 0.4293628808864266 0.0087890625 0.027700831024930747 0.8527265625 0.4281634349030471 0.8544267578125 0.42890581717451526 0.8530537109375 0.43317174515235457 0.8542958984375 0.43892243767313016 0.854884765625 0.43855124653739613
0  0.943359375 0.31301939058171746 0.01171875 0.055401662049861494 -0.0009765625 -0.002770083102493075 -0.0009765625 -0.002770083102493075 -0.0009765625 -0.002770083102493075 -0.0009765625 -0.002770083102493075 -0.0009765625 -0.002770083102493075
0  0.95068359375 0.35041551246537395 0.0087890625 0.04155124653739612 -0.0009765625 -0.002770083102493075 -0.0009765625 -0.002770083102493075 -0.0009765625 -0.002770083102493075 -0.0009765625 -0.002770083102493075 -0.0009765625 -0.002770083102493075
0  0.9912109375 0.4099722991689751 0.0078125 0.038781163434903045 -0.0009765625 -0.002770083102493075 -0.0009765625 -0.002770083102493075 -0.0009765625 -0.002770083102493075 -0.0009765625 -0.002770083102493075 -0.0009765625 -0.002770083102493075
0  0.6064453125 0.2631578947368421 0.0078125 0.0332409972299169 0.604701171875 0.25281994459833795 0.60760546875 0.25326592797783937 0.6070556640625 0.25749307479224376 0.604701171875 0.26350415512465375 0.60768359375 0.2639501385041551
0  0.88330078125 0.24238227146814403 0.0107421875 0.030470914127423823 -0.0009765625 -0.002770083102493075 -0.0009765625 -0.002770083102493075 -0.0009765625 -0.002770083102493075 -0.0009765625 -0.002770083102493075 -0.0009765625 -0.002770083102493075
0  0.888671875 0.2548476454293629 0.005859375 0.0221606648199446 -0.0009765625 -0.002770083102493075 -0.0009765625 -0.002770083102493075 -0.0009765625 -0.002770083102493075 -0.0009765625 -0.002770083102493075 -0.0009765625 -0.002770083102493075
0  0.15283203125 0.21329639889196675 0.0068359375 0.027700831024930747 -0.0009765625 -0.002770083102493075 -0.0009765625 -0.002770083102493075 -0.0009765625 -0.002770083102493075 -0.0009765625 -0.002770083102493075 -0.0009765625 -0.002770083102493075
