0  0.64306640625 0.21156661786237188 0.0224609375 0.06588579795021962 -0.0009765625 -0.0014641288433382138 -0.0009765625 -0.0014641288433382138 -0.0009765625 -0.0014641288433382138 -0.0009765625 -0.0014641288433382138 -0.0009765625 -0.0014641288433382138
0  0.71533203125 0.232796486090776 0.0244140625 0.0527086383601757 -0.0009765625 -0.0014641288433382138 -0.0009765625 -0.0014641288433382138 -0.0009765625 -0.0014641288433382138 -0.0009765625 -0.0014641288433382138 -0.0009765625 -0.0014641288433382138
0  0.771484375 0.23865300146412885 0.01953125 0.04978038067349927 -0.0009765625 -0.0014641288433382138 -0.0009765625 -0.0014641288433382138 -0.0009765625 -0.0014641288433382138 -0.0009765625 -0.0014641288433382138 -0.0009765625 -0.0014641288433382138
0  0.83154296875 0.2730600292825769 0.0185546875 0.03953147877013177 -0.0009765625 -0.0014641288433382138 -0.0009765625 -0.0014641288433382138 -0.0009765625 -0.0014641288433382138 -0.0009765625 -0.0014641288433382138 -0.0009765625 -0.0014641288433382138
0  0.876953125 0.2745241581259151 0.015625 0.04538799414348463 -0.0009765625 -0.0014641288433382138 -0.0009765625 -0.0014641288433382138 -0.0009765625 -0.0014641288433382138 -0.0009765625 -0.0014641288433382138 -0.0009765625 -0.0014641288433382138
0  0.9345703125 0.24890190336749635 0.017578125 0.03806734992679356 -0.0009765625 -0.0014641288433382138 -0.0009765625 -0.0014641288433382138 -0.0009765625 -0.0014641288433382138 -0.0009765625 -0.0014641288433382138 -0.0009765625 -0.0014641288433382138
0  0.55810546875 0.1903367496339678 0.0283203125 0.07320644216691069 0.5587158203125 0.17880673499267935 0.5599365234375 0.1783484626647145 0.5703125 0.18658565153733528 0.5635986328125 0.20259882869692533 0.5635986328125 0.20168374816983894
0  0.2236328125 0.2232796486090776 0.037109375 0.08345534407027819 -0.0009765625 -0.0014641288433382138 -0.0009765625 -0.0014641288433382138 -0.0009765625 -0.0014641288433382138 -0.0009765625 -0.0014641288433382138 -0.0009765625 -0.0014641288433382138
0  0.0673828125 0.27232796486090777 0.041015625 0.0849194729136164 0.0674658203125 0.2445944363103953 0.0692314453125 0.2435358711566618 0.085828125 0.25359443631039535 0.0777060546875 0.28271449487554906 0.0794716796875 0.2816559297218155
0  0.3662109375 0.2130307467057101 0.017578125 0.03953147877013177 -0.0009765625 -0.0014641288433382138 -0.0009765625 -0.0014641288433382138 -0.0009765625 -0.0014641288433382138 -0.0009765625 -0.0014641288433382138 -0.0009765625 -0.0014641288433382138
0  0.1064453125 0.2657393850658858 0.0234375 0.05124450951683748 -0.0009765625 -0.0014641288433382138 -0.0009765625 -0.0014641288433382138 -0.0009765625 -0.0014641288433382138 -0.0009765625 -0.0014641288433382138 -0.0009765625 -0.0014641288433382138
0  0.435546875 0.25988286969253294 0.029296875 0.06881405563689605 0.4406083984375 0.2492225475841874 0.4438212890625 0.24834699853587117 0.446158203125 0.2579809663250366 0.4438212890625 0.2759355783308931 0.4458662109375 0.27374670571010246
0  0.98193359375 0.2964860907759883 0.0087890625 0.024890190336749635 -0.0009765625 -0.0014641288433382138 -0.0009765625 -0.0014641288433382138 -0.0009765625 -0.0014641288433382138 -0.0009765625 -0.0014641288433382138 -0.0009765625 -0.0014641288433382138
