0  0.845703125 0.37702503681885124 0.072265625 0.11487481590574374 0.83302734375 0.3660235640648012 0.86595703125 0.3638733431516937 0.85123046875 0.39232695139911633 0.837158203125 0.4120029455081001 0.86390625 0.41011782032400595
0  0.7451171875 0.35198821796759944 0.0546875 0.09131075110456553 0.7491806640625 0.33580706921944037 0.766248046875 0.3329469808541973 0.7685244140625 0.359260677466863 0.7533525390625 0.3741325478645066 0.7670068359375 0.37241678939617084
0  0.55419921875 0.4734904270986745 0.0712890625 0.11045655375552282 0.52921875 0.453240058910162 0.5611044921875 0.4511487481590574 0.54446875 0.48599558173784974 0.5329150390625 0.5069042709867452 0.562953125 0.5020250368188512
0  0.23583984375 0.4690721649484536 0.0751953125 0.12223858615611193 0.21014453125 0.4473888070692194 0.237923828125 0.44273343151693667 0.2219765625 0.46988807069219435 0.2147744140625 0.500920471281296 0.2425537109375 0.49238586156111924
0  0.046875 0.4646539027982327 0.056640625 0.10456553755522828 0.0254599609375 0.458 0.048130859375 0.4481384388807069 0.0372314453125 0.47903976435935197 0.0354873046875 0.4981060382916053 0.0551064453125 0.48890132547864507
0  0.08056640625 0.42930780559646536 0.0478515625 0.09278350515463918 -0.0009765625 -0.0014727540500736377 -0.0009765625 -0.0014727540500736377 -0.0009765625 -0.0014727540500736377 -0.0009765625 -0.0014727540500736377 -0.0009765625 -0.0014727540500736377
0  0.30859375 0.44624447717231225 0.0546875 0.09720176730486009 0.2967529296875 0.4326671575846834 0.3186474609375 0.4320559646539028 0.3085107421875 0.45590279823269514 0.30040234375 0.47302356406480117 0.3178359375 0.4718011782032401
0  0.4716796875 0.38880706921944036 0.0390625 0.06480117820324006 0.4621279296875 0.3797864506627393 0.4775087890625 0.3793726067746686 0.47119140625 0.3963549337260677 0.4651484375 0.40546686303387336 0.47833203125 0.4033961708394698
0  0.44775390625 0.37702503681885124 0.0341796875 0.061855670103092786 0.4459794921875 0.36697938144329895 0.448037109375 0.3646509572901326 0.4536962890625 0.37706480117820323 0.4477802734375 0.3921929307805596 0.4503525390625 0.38947717231222384
0  0.39306640625 0.3851251840942563 0.0283203125 0.048600883652430045 0.389439453125 0.379338733431517 0.4007392578125 0.3774462444771723 0.3965537109375 0.38880706921944036 0.392369140625 0.39827540500736375 0.4013671875 0.3970117820324006
0  0.11865234375 0.41384388807069217 0.0419921875 0.07069219440353461 -0.0009765625 -0.0014727540500736377 -0.0009765625 -0.0014727540500736377 -0.0009765625 -0.0014727540500736377 -0.0009765625 -0.0014727540500736377 -0.0009765625 -0.0014727540500736377
0  0.14794921875 0.3586156111929308 0.0205078125 0.039764359351988215 -0.0009765625 -0.0014727540500736377 -0.0009765625 -0.0014727540500736377 -0.0009765625 -0.0014727540500736377 -0.0009765625 -0.0014727540500736377 -0.0009765625 -0.0014727540500736377
0  0.65185546875 0.36597938144329895 0.0400390625 0.06332842415316642 0.6481240234375 0.358720176730486 0.6621787109375 0.3570898379970545 0.65839453125 0.3786951399116348 0.649474609375 0.3860324005891016 0.6635302734375 0.3844020618556701
0  0.67041015625 0.3541973490427099 0.0341796875 0.07216494845360824 0.649474609375 0.36036524300441825 0.66229296875 0.3585243004418262 0.65801953125 0.3783136966126657 0.649474609375 0.38797938144329897 0.66290234375 0.3861384388807069
0  0.94140625 0.41899852724594994 0.046875 0.08689248895434462 -0.0009765625 -0.0014727540500736377 -0.0009765625 -0.0014727540500736377 -0.0009765625 -0.0014727540500736377 -0.0009765625 -0.0014727540500736377 -0.0009765625 -0.0014727540500736377
0  0.90673828125 0.33063328424153166 0.0263671875 0.05154639175257732 -0.0009765625 -0.0014727540500736377 -0.0009765625 -0.0014727540500736377 -0.0009765625 -0.0014727540500736377 -0.0009765625 -0.0014727540500736377 -0.0009765625 -0.0014727540500736377
0  0.94091796875 0.31443298969072164 0.0224609375 0.045655375552282766 0.933140625 0.30993519882179676 0.94215625 0.30964653902798234 0.9369765625 0.3183254786450663 0.9365927734375 0.32497938144329896 0.941388671875 0.32497938144329896
0  0.58740234375 0.3240058910162003 0.0185546875 0.03240058910162003 -0.0009765625 -0.0014727540500736377 -0.0009765625 -0.0014727540500736377 -0.0009765625 -0.0014727540500736377 -0.0009765625 -0.0014727540500736377 -0.0009765625 -0.0014727540500736377
0  0.607421875 0.3247422680412371 0.013671875 0.01914580265095729 -0.0009765625 -0.0014727540500736377 -0.0009765625 -0.0014727540500736377 -0.0009765625 -0.0014727540500736377 -0.0009765625 -0.0014727540500736377 -0.0009765625 -0.0014727540500736377
