0  0.068359375 0.259233926128591 0.015625 0.025991792065663474 0.0673828125 0.2612859097127223 0.0771484375 0.25991792065663477 0.0712890625 0.2667578659370725 0.0654296875 0.2722298221614227 0.07421875 0.2722298221614227
0  0.10546875 0.24555403556771546 0.015625 0.036935704514363885 0.1044921875 0.2448700410396717 0.1103515625 0.23803009575923392 0.111328125 0.2476060191518468 0.1083984375 0.25718194254445964 0.1142578125 0.2558139534883721
0  0.2158203125 0.106703146374829 0.048828125 0.08755129958960328 0.2109375 0.09575923392612859 0.2314453125 0.09575923392612859 0.2236328125 0.11080711354309165 0.212890625 0.12585499316005472 0.23046875 0.12585499316005472
0  0.32568359375 0.265389876880985 0.0068359375 0.013679890560875513 -0.0009765625 -0.0013679890560875513 -0.0009765625 -0.0013679890560875513 -0.0009765625 -0.0013679890560875513 -0.0009765625 -0.0013679890560875513 -0.0009765625 -0.0013679890560875513
0  0.34228515625 0.25376196990424077 0.0068359375 0.012311901504787962 -0.0009765625 -0.0013679890560875513 -0.0009765625 -0.0013679890560875513 -0.0009765625 -0.0013679890560875513 -0.0009765625 -0.0013679890560875513 -0.0009765625 -0.0013679890560875513
0  0.37548828125 0.24623803009575923 0.0185546875 0.038303693570451436 0.37796484375 0.2413529411764706 0.3826728515625 0.24110807113543092 0.384765625 0.2467264021887825 0.3798828125 0.2550328317373461 0.3798828125 0.2550328317373461
0  0.486328125 0.25444596443228457 0.03125 0.06566347469220246 0.4925576171875 0.24680574555403556 0.498107421875 0.24476060191518467 0.5004443359375 0.2566265389876881 0.4966474609375 0.26808344733242134 0.4986923828125 0.2656279069767442
0  0.56494140625 0.1689466484268126 0.0693359375 0.1518467852257182 0.5598583984375 0.14552530779753764 0.58860546875 0.13977291381668946 0.58860546875 0.15799042407660738 0.57628515625 0.19538440492476059 0.596134765625 0.19826128590971273
0  0.93896484375 0.3023255813953488 0.0283203125 0.049247606019151846 0.9319853515625 0.29634610123119015 0.9459921875 0.2969699042407661 0.9362099609375 0.3047564979480164 0.929984375 0.3140998632010944 0.94065625 0.3144117647058824
0  0.88427734375 0.2708618331053352 0.0107421875 0.024623803009575923 -0.0009765625 -0.0013679890560875513 -0.0009765625 -0.0013679890560875513 -0.0009765625 -0.0013679890560875513 -0.0009765625 -0.0013679890560875513 -0.0009765625 -0.0013679890560875513
