0  0.3564453125 0.9290364583333334 0.037109375 0.09505208333333333 0.3658359375 0.9248450520833332 0.369876953125 0.9224505208333333 0.3734697265625 0.9380169270833334 0.3631416015625 0.9577747395833334 0.3649375 0.9577747395833334
0  0.513671875 0.9368489583333334 0.037109375 0.11067708333333333 0.52175 0.9214335937499999 0.5146220703125 0.9233346354166666 0.5303037109375 0.93790625 0.5165234375 0.9670520833333334 0.5112958984375 0.9683203125
0  0.6552734375 0.9055989583333334 0.041015625 0.09505208333333333 0.6681259765625 0.8948684895833333 0.670349609375 0.8948684895833333 0.673017578125 0.9120625000000001 0.658787109375 0.9316289062499999 0.661455078125 0.9316289062499999
0  0.5283203125 0.7037760416666666 0.041015625 0.08984375 -0.0009765625 -0.0013020833333333333 -0.0009765625 -0.0013020833333333333 -0.0009765625 -0.0013020833333333333 -0.0009765625 -0.0013020833333333333 -0.0009765625 -0.0013020833333333333
0  0.470703125 0.58203125 0.025390625 0.06510416666666667 0.4755859375 0.57177734375 0.476501953125 0.5713697916666667 0.48291015625 0.58154296875 0.4749755859375 0.5978190104166666 0.4749755859375 0.5978190104166666
0  0.40087890625 0.6158854166666666 0.0146484375 0.06510416666666667 -0.0009765625 -0.0013020833333333333 -0.0009765625 -0.0013020833333333333 -0.0009765625 -0.0013020833333333333 -0.0009765625 -0.0013020833333333333 -0.0009765625 -0.0013020833333333333
0  0.11376953125 0.8307291666666666 0.0283203125 0.0703125 -0.0009765625 -0.0013020833333333333 -0.0009765625 -0.0013020833333333333 -0.0009765625 -0.0013020833333333333 -0.0009765625 -0.0013020833333333333 -0.0009765625 -0.0013020833333333333
0  0.03173828125 0.7643229166666666 0.0283203125 0.07552083333333333 -0.0009765625 -0.0013020833333333333 -0.0009765625 -0.0013020833333333333 -0.0009765625 -0.0013020833333333333 -0.0009765625 -0.0013020833333333333 -0.0009765625 -0.0013020833333333333
0  0.0498046875 0.6282552083333334 0.017578125 0.06380208333333333 -0.0009765625 -0.0013020833333333333 -0.0009765625 -0.0013020833333333333 -0.0009765625 -0.0013020833333333333 -0.0009765625 -0.0013020833333333333 -0.0009765625 -0.0013020833333333333
0  0.5380859375 0.3606770833333333 0.0234375 0.036458333333333336 -0.0009765625 -0.0013020833333333333 -0.0009765625 -0.0013020833333333333 -0.0009765625 -0.0013020833333333333 -0.0009765625 -0.0013020833333333333 -0.0009765625 -0.0013020833333333333
0  0.6640625 0.3411458333333333 0.021484375 0.03125 -0.0009765625 -0.0013020833333333333 -0.0009765625 -0.0013020833333333333 -0.0009765625 -0.0013020833333333333 -0.0009765625 -0.0013020833333333333 -0.0009765625 -0.0013020833333333333
0  0.78369140625 0.3294270833333333 0.0224609375 0.0390625 0.77467578125 0.3253346354166667 0.7787041015625 0.3255911458333333 0.7735244140625 0.3322408854166667 0.7752509765625 0.3391458333333333 0.777552734375 0.33940234375
0  0.7265625 0.3255208333333333 0.021484375 0.033854166666666664 0.718658203125 0.31906249999999997 0.727046875 0.31906249999999997 0.7209169921875 0.32508463541666666 0.7184970703125 0.33110677083333334 0.7239814453125 0.33110677083333334
0  0.68701171875 0.31640625 0.0185546875 0.028645833333333332 -0.0009765625 -0.0013020833333333333 -0.0009765625 -0.0013020833333333333 -0.0009765625 -0.0013020833333333333 -0.0009765625 -0.0013020833333333333 -0.0009765625 -0.0013020833333333333
0  0.6513671875 0.314453125 0.017578125 0.02734375 0.6460400390625 0.3089192708333333 0.65009375 0.30909375 0.6449931640625 0.3155455729166667 0.6465625 0.3192083333333333 0.649962890625 0.31955729166666663
0  0.6259765625 0.3287760416666667 0.01953125 0.029947916666666668 0.6190146484375 0.32302083333333337 0.62376171875 0.32282942708333334 0.6188701171875 0.32935156250000003 0.61786328125 0.33472265625000003 0.623330078125 0.33433854166666666
0  0.61865234375 0.3111979166666667 0.0166015625 0.0234375 0.614650390625 0.30426953125 0.6198291015625 0.30379817708333334 0.613826171875 0.31070442708333335 0.6148857421875 0.31525520833333337 0.6175927734375 0.31541276041666666
0  0.43603515625 0.30859375 0.0224609375 0.033854166666666664 0.4253798828125 0.30428645833333334 0.4337685546875 0.303640625 0.4261865234375 0.31030859375000003 0.4274775390625 0.31955729166666663 0.4321552734375 0.31740625
0  0.54150390625 0.3274739583333333 0.0205078125 0.03515625 -0.0009765625 -0.0013020833333333333 -0.0009765625 -0.0013020833333333333 -0.0009765625 -0.0013020833333333333 -0.0009765625 -0.0013020833333333333 -0.0009765625 -0.0013020833333333333
0  0.58544921875 0.3046875 0.0224609375 0.036458333333333336 0.5755791015625 0.2971080729166667 0.58203125 0.2971080729166667 0.576451171875 0.3029205729166667 0.57523046875 0.31012890625 0.57906640625 0.31012890625
0  0.478515625 0.3072916666666667 0.01953125 0.03125 0.4701142578125 0.30107812500000003 0.47630078125 0.30146093749999997 0.4706904296875 0.30779166666666663 0.471984375 0.3143138020833333 0.47630078125 0.31412239583333335
0  0.55322265625 0.2981770833333333 0.0205078125 0.028645833333333332 0.544642578125 0.2925963541666667 0.553431640625 0.2920390625 0.5457587890625 0.2978046875 0.5450615234375 0.3033854166666667 0.5518974609375 0.3030130208333333
0  0.53076171875 0.30078125 0.0185546875 0.026041666666666668 0.52317578125 0.29760156249999997 0.52975 0.29726432291666666 0.52456640625 0.30164713541666666 0.5238076171875 0.30602994791666666 0.52734765625 0.30619921875
0  0.45361328125 0.2962239583333333 0.0166015625 0.02734375 -0.0009765625 -0.0013020833333333333 -0.0009765625 -0.0013020833333333333 -0.0009765625 -0.0013020833333333333 -0.0009765625 -0.0013020833333333333 -0.0009765625 -0.0013020833333333333
0  0.37255859375 0.3046875 0.0205078125 0.03125 0.371373046875 0.299828125 0.3784873046875 0.299828125 0.375078125 0.30397786458333337 0.37270703125 0.3108958333333333 0.3774501953125 0.31109375
0  0.4150390625 0.2936197916666667 0.013671875 0.016927083333333332 -0.0009765625 -0.0013020833333333333 -0.0009765625 -0.0013020833333333333 -0.0009765625 -0.0013020833333333333 -0.0009765625 -0.0013020833333333333 -0.0009765625 -0.0013020833333333333
0  0.39794921875 0.306640625 0.0146484375 0.01953125 -0.0009765625 -0.0013020833333333333 -0.0009765625 -0.0013020833333333333 -0.0009765625 -0.0013020833333333333 -0.0009765625 -0.0013020833333333333 -0.0009765625 -0.0013020833333333333
0  0.34228515625 0.3098958333333333 0.0205078125 0.03125 0.334638671875 0.3032578125 0.34160546875 0.304640625 0.334638671875 0.30879166666666663 0.334490234375 0.3155104166666667 0.3387890625 0.31590625
0  0.30810546875 0.30859375 0.0205078125 0.026041666666666668 0.30081640625 0.3037109375 0.3086630859375 0.3040598958333333 0.3040859375 0.3092916666666667 0.3023857421875 0.31609244791666663 0.3061787109375 0.31609244791666663
0  0.2890625 0.3040364583333333 0.01953125 0.022135416666666668 -0.0009765625 -0.0013020833333333333 -0.0009765625 -0.0013020833333333333 -0.0009765625 -0.0013020833333333333 -0.0009765625 -0.0013020833333333333 -0.0009765625 -0.0013020833333333333
0  0.5029296875 0.30078125 0.017578125 0.0234375 -0.0009765625 -0.0013020833333333333 -0.0009765625 -0.0013020833333333333 -0.0009765625 -0.0013020833333333333 -0.0009765625 -0.0013020833333333333 -0.0009765625 -0.0013020833333333333
0  0.24365234375 0.2975260416666667 0.0166015625 0.022135416666666668 0.2377666015625 0.29476432291666665 0.2438701171875 0.29345703125 0.23929296875 0.300578125 0.2396201171875 0.30580989583333335 0.2446328125 0.30493750000000003
0  0.27001953125 0.30078125 0.0185546875 0.028645833333333332 0.2646484375 0.2938984375 0.2728798828125 0.2933411458333333 0.267578125 0.2987356770833333 0.265904296875 0.3056171875 0.2716240234375 0.3050598958333333
0  0.22998046875 0.2936197916666667 0.0126953125 0.024739583333333332 0.2262138671875 0.28812630208333334 0.2318642578125 0.28828385416666663 0.228568359375 0.2936197916666667 0.22644921875 0.298328125 0.2292744140625 0.2986419270833333
0  0.21875 0.2962239583333333 0.01171875 0.01953125 -0.0009765625 -0.0013020833333333333 -0.0009765625 -0.0013020833333333333 -0.0009765625 -0.0013020833333333333 -0.0009765625 -0.0013020833333333333 -0.0009765625 -0.0013020833333333333
0  0.19384765625 0.287109375 0.0166015625 0.022135416666666668 -0.0009765625 -0.0013020833333333333 -0.0009765625 -0.0013020833333333333 -0.0009765625 -0.0013020833333333333 -0.0009765625 -0.0013020833333333333 -0.0009765625 -0.0013020833333333333
0  0.1728515625 0.2805989583333333 0.015625 0.022135416666666668 0.1665341796875 0.2765299479166667 0.172419921875 0.27783723958333334 0.166861328125 0.28190624999999997 0.166861328125 0.2864114583333333 0.17067578125 0.28713802083333334
0  0.15673828125 0.2760416666666667 0.0146484375 0.020833333333333332 -0.0009765625 -0.0013020833333333333 -0.0009765625 -0.0013020833333333333 -0.0009765625 -0.0013020833333333333 -0.0009765625 -0.0013020833333333333 -0.0009765625 -0.0013020833333333333
0  0.14453125 0.2701822916666667 0.013671875 0.01953125 0.1391513671875 0.26735677083333337 0.145001953125 0.2671015625 0.1410693359375 0.2715768229166667 0.139630859375 0.275796875 0.142412109375 0.2756692708333333
0  0.130859375 0.2623697916666667 0.015625 0.022135416666666668 0.1268271484375 0.2587421875 0.130859375 0.25859765625000003 0.1282431640625 0.26324739583333334 0.128025390625 0.26876953124999997 0.13183984375 0.2689153645833333
0  0.12353515625 0.2578125 0.0107421875 0.020833333333333332 -0.0009765625 -0.0013020833333333333 -0.0009765625 -0.0013020833333333333 -0.0009765625 -0.0013020833333333333 -0.0009765625 -0.0013020833333333333 -0.0009765625 -0.0013020833333333333
0  0.1083984375 0.251953125 0.013671875 0.022135416666666668 0.10302734375 0.24683723958333334 0.1080498046875 0.24641927083333334 0.104701171875 0.2510234375 0.1040732421875 0.2579986979166667 0.108154296875 0.2577200520833333
0  0.08740234375 0.24609375 0.0146484375 0.018229166666666668 0.083365234375 0.24135026041666666 0.088927734375 0.24173437499999997 0.0856669921875 0.24620963541666666 0.084228515625 0.251453125 0.08796875 0.251453125
0  0.05322265625 0.236328125 0.0126953125 0.016927083333333332 -0.0009765625 -0.0013020833333333333 -0.0009765625 -0.0013020833333333333 -0.0009765625 -0.0013020833333333333 -0.0009765625 -0.0013020833333333333 -0.0009765625 -0.0013020833333333333
0  0.4013671875 0.2727864583333333 0.009765625 0.014322916666666666 -0.0009765625 -0.0013020833333333333 -0.0009765625 -0.0013020833333333333 -0.0009765625 -0.0013020833333333333 -0.0009765625 -0.0013020833333333333 -0.0009765625 -0.0013020833333333333
0  0.37158203125 0.26953125 0.0146484375 0.018229166666666668 -0.0009765625 -0.0013020833333333333 -0.0009765625 -0.0013020833333333333 -0.0009765625 -0.0013020833333333333 -0.0009765625 -0.0013020833333333333 -0.0009765625 -0.0013020833333333333
0  0.326171875 0.26953125 0.01171875 0.018229166666666668 -0.0009765625 -0.0013020833333333333 -0.0009765625 -0.0013020833333333333 -0.0009765625 -0.0013020833333333333 -0.0009765625 -0.0013020833333333333 -0.0009765625 -0.0013020833333333333
0  0.3134765625 0.26953125 0.01171875 0.018229166666666668 -0.0009765625 -0.0013020833333333333 -0.0009765625 -0.0013020833333333333 -0.0009765625 -0.0013020833333333333 -0.0009765625 -0.0013020833333333333 -0.0009765625 -0.0013020833333333333
0  0.28955078125 0.265625 0.0166015625 0.020833333333333332 0.285400390625 0.25925390625 0.289794921875 0.2603697916666667 0.2864462890625 0.2630208333333333 0.2861328125 0.2662291666666667 0.2887490234375 0.2665091145833333
0  0.26220703125 0.2740885416666667 0.0126953125 0.01953125 -0.0009765625 -0.0013020833333333333 -0.0009765625 -0.0013020833333333333 -0.0009765625 -0.0013020833333333333 -0.0009765625 -0.0013020833333333333 -0.0009765625 -0.0013020833333333333
0  0.27197265625 0.2532552083333333 0.0126953125 0.016927083333333332 0.268759765625 0.24927864583333334 0.2714931640625 0.24961067708333332 0.2665234375 0.25513281250000003 0.270748046875 0.2581145833333333 0.2710791015625 0.2581145833333333
0  0.25634765625 0.248046875 0.0126953125 0.014322916666666666 -0.0009765625 -0.0013020833333333333 -0.0009765625 -0.0013020833333333333 -0.0009765625 -0.0013020833333333333 -0.0009765625 -0.0013020833333333333 -0.0009765625 -0.0013020833333333333
0  0.24365234375 0.2649739583333333 0.0146484375 0.01953125 0.238564453125 0.2596263020833333 0.24478125 0.25976041666666666 0.23996875 0.26296875000000003 0.238263671875 0.26885156250000003 0.2425751953125 0.26911848958333334
0  0.22998046875 0.2662760416666667 0.0107421875 0.01953125 -0.0009765625 -0.0013020833333333333 -0.0009765625 -0.0013020833333333333 -0.0009765625 -0.0013020833333333333 -0.0009765625 -0.0013020833333333333 -0.0009765625 -0.0013020833333333333
0  0.21728515625 0.26171875 0.0126953125 0.018229166666666668 0.2139892578125 0.2598463541666667 0.215728515625 0.25996875 0.21270703125 0.26558463541666666 0.21353125 0.26900260416666666 0.214447265625 0.2687578125
0  0.20458984375 0.25 0.0126953125 0.018229166666666668 -0.0009765625 -0.0013020833333333333 -0.0009765625 -0.0013020833333333333 -0.0009765625 -0.0013020833333333333 -0.0009765625 -0.0013020833333333333 -0.0009765625 -0.0013020833333333333
0  0.18603515625 0.2506510416666667 0.0126953125 0.01953125 0.181134765625 0.24641927083333334 0.1878486328125 0.24603515625000003 0.18362890625 0.2506393229166667 0.1833408203125 0.2549869791666667 0.1866015625 0.254859375
0  0.173828125 0.2421875 0.01171875 0.018229166666666668 -0.0009765625 -0.0013020833333333333 -0.0009765625 -0.0013020833333333333 -0.0009765625 -0.0013020833333333333 -0.0009765625 -0.0013020833333333333 -0.0009765625 -0.0013020833333333333
0  0.15478515625 0.24088541666666666 0.0126953125 0.018229166666666668 -0.0009765625 -0.0013020833333333333 -0.0009765625 -0.0013020833333333333 -0.0009765625 -0.0013020833333333333 -0.0009765625 -0.0013020833333333333 -0.0009765625 -0.0013020833333333333
0  0.13037109375 0.23307291666666666 0.0107421875 0.013020833333333334 -0.0009765625 -0.0013020833333333333 -0.0009765625 -0.0013020833333333333 -0.0009765625 -0.0013020833333333333 -0.0009765625 -0.0013020833333333333 -0.0009765625 -0.0013020833333333333
0  0.14111328125 0.22265625 0.0107421875 0.015625 -0.0009765625 -0.0013020833333333333 -0.0009765625 -0.0013020833333333333 -0.0009765625 -0.0013020833333333333 -0.0009765625 -0.0013020833333333333 -0.0009765625 -0.0013020833333333333
0  0.1328125 0.21484375 0.009765625 0.013020833333333334 -0.0009765625 -0.0013020833333333333 -0.0009765625 -0.0013020833333333333 -0.0009765625 -0.0013020833333333333 -0.0009765625 -0.0013020833333333333 -0.0009765625 -0.0013020833333333333
0  0.1181640625 0.21549479166666666 0.0078125 0.01171875 -0.0009765625 -0.0013020833333333333 -0.0009765625 -0.0013020833333333333 -0.0009765625 -0.0013020833333333333 -0.0009765625 -0.0013020833333333333 -0.0009765625 -0.0013020833333333333
0  0.10498046875 0.21614583333333334 0.0087890625 0.013020833333333334 -0.0009765625 -0.0013020833333333333 -0.0009765625 -0.0013020833333333333 -0.0009765625 -0.0013020833333333333 -0.0009765625 -0.0013020833333333333 -0.0009765625 -0.0013020833333333333
0  0.2412109375 0.23893229166666666 0.01171875 0.016927083333333332 -0.0009765625 -0.0013020833333333333 -0.0009765625 -0.0013020833333333333 -0.0009765625 -0.0013020833333333333 -0.0009765625 -0.0013020833333333333 -0.0009765625 -0.0013020833333333333
0  0.224609375 0.22981770833333334 0.01171875 0.01953125 -0.0009765625 -0.0013020833333333333 -0.0009765625 -0.0013020833333333333 -0.0009765625 -0.0013020833333333333 -0.0009765625 -0.0013020833333333333 -0.0009765625 -0.0013020833333333333
0  0.29443359375 0.23828125 0.0107421875 0.018229166666666668 -0.0009765625 -0.0013020833333333333 -0.0009765625 -0.0013020833333333333 -0.0009765625 -0.0013020833333333333 -0.0009765625 -0.0013020833333333333 -0.0009765625 -0.0013020833333333333
0  0.33984375 0.2740885416666667 0.009765625 0.016927083333333332 -0.0009765625 -0.0013020833333333333 -0.0009765625 -0.0013020833333333333 -0.0009765625 -0.0013020833333333333 -0.0009765625 -0.0013020833333333333 -0.0009765625 -0.0013020833333333333
0  0.07666015625 0.22786458333333334 0.0126953125 0.018229166666666668 -0.0009765625 -0.0013020833333333333 -0.0009765625 -0.0013020833333333333 -0.0009765625 -0.0013020833333333333 -0.0009765625 -0.0013020833333333333 -0.0009765625 -0.0013020833333333333
0  0.09423828125 0.21744791666666666 0.0087890625 0.013020833333333334 -0.0009765625 -0.0013020833333333333 -0.0009765625 -0.0013020833333333333 -0.0009765625 -0.0013020833333333333 -0.0009765625 -0.0013020833333333333 -0.0009765625 -0.0013020833333333333
0  0.05615234375 0.2109375 0.0087890625 0.013020833333333334 -0.0009765625 -0.0013020833333333333 -0.0009765625 -0.0013020833333333333 -0.0009765625 -0.0013020833333333333 -0.0009765625 -0.0013020833333333333 -0.0009765625 -0.0013020833333333333
0  0.14794921875 0.19791666666666666 0.0068359375 0.010416666666666666 -0.0009765625 -0.0013020833333333333 -0.0009765625 -0.0013020833333333333 -0.0009765625 -0.0013020833333333333 -0.0009765625 -0.0013020833333333333 -0.0009765625 -0.0013020833333333333
0  0.171875 0.20052083333333334 0.005859375 0.010416666666666666 -0.0009765625 -0.0013020833333333333 -0.0009765625 -0.0013020833333333333 -0.0009765625 -0.0013020833333333333 -0.0009765625 -0.0013020833333333333 -0.0009765625 -0.0013020833333333333
0  0.18212890625 0.1953125 0.0068359375 0.010416666666666666 -0.0009765625 -0.0013020833333333333 -0.0009765625 -0.0013020833333333333 -0.0009765625 -0.0013020833333333333 -0.0009765625 -0.0013020833333333333 -0.0009765625 -0.0013020833333333333
0  0.15234375 0.18424479166666666 0.005859375 0.009114583333333334 -0.0009765625 -0.0013020833333333333 -0.0009765625 -0.0013020833333333333 -0.0009765625 -0.0013020833333333333 -0.0009765625 -0.0013020833333333333 -0.0009765625 -0.0013020833333333333
0  0.12451171875 0.18880208333333334 0.0068359375 0.0078125 -0.0009765625 -0.0013020833333333333 -0.0009765625 -0.0013020833333333333 -0.0009765625 -0.0013020833333333333 -0.0009765625 -0.0013020833333333333 -0.0009765625 -0.0013020833333333333
0  0.10498046875 0.19075520833333334 0.0068359375 0.006510416666666667 -0.0009765625 -0.0013020833333333333 -0.0009765625 -0.0013020833333333333 -0.0009765625 -0.0013020833333333333 -0.0009765625 -0.0013020833333333333 -0.0009765625 -0.0013020833333333333
0  0.08984375 0.18684895833333334 0.005859375 0.006510416666666667 -0.0009765625 -0.0013020833333333333 -0.0009765625 -0.0013020833333333333 -0.0009765625 -0.0013020833333333333 -0.0009765625 -0.0013020833333333333 -0.0009765625 -0.0013020833333333333
0  0.24365234375 0.19270833333333334 0.0068359375 0.010416666666666666 -0.0009765625 -0.0013020833333333333 -0.0009765625 -0.0013020833333333333 -0.0009765625 -0.0013020833333333333 -0.0009765625 -0.0013020833333333333 -0.0009765625 -0.0013020833333333333
0  0.22509765625 0.19075520833333334 0.0068359375 0.009114583333333334 -0.0009765625 -0.0013020833333333333 -0.0009765625 -0.0013020833333333333 -0.0009765625 -0.0013020833333333333 -0.0009765625 -0.0013020833333333333 -0.0009765625 -0.0013020833333333333
0  0.357421875 0.20052083333333334 0.005859375 0.010416666666666666 -0.0009765625 -0.0013020833333333333 -0.0009765625 -0.0013020833333333333 -0.0009765625 -0.0013020833333333333 -0.0009765625 -0.0013020833333333333 -0.0009765625 -0.0013020833333333333
0  0.39404296875 0.20638020833333334 0.0068359375 0.01171875 -0.0009765625 -0.0013020833333333333 -0.0009765625 -0.0013020833333333333 -0.0009765625 -0.0013020833333333333 -0.0009765625 -0.0013020833333333333 -0.0009765625 -0.0013020833333333333
0  0.3779296875 0.20768229166666666 0.005859375 0.009114583333333334 -0.0009765625 -0.0013020833333333333 -0.0009765625 -0.0013020833333333333 -0.0009765625 -0.0013020833333333333 -0.0009765625 -0.0013020833333333333 -0.0009765625 -0.0013020833333333333
0  0.41845703125 0.208984375 0.0068359375 0.009114583333333334 -0.0009765625 -0.0013020833333333333 -0.0009765625 -0.0013020833333333333 -0.0009765625 -0.0013020833333333333 -0.0009765625 -0.0013020833333333333 -0.0009765625 -0.0013020833333333333
0  0.3330078125 0.20182291666666666 0.005859375 0.0078125 -0.0009765625 -0.0013020833333333333 -0.0009765625 -0.0013020833333333333 -0.0009765625 -0.0013020833333333333 -0.0009765625 -0.0013020833333333333 -0.0009765625 -0.0013020833333333333
0  0.283203125 0.19921875 0.005859375 0.0078125 -0.0009765625 -0.0013020833333333333 -0.0009765625 -0.0013020833333333333 -0.0009765625 -0.0013020833333333333 -0.0009765625 -0.0013020833333333333 -0.0009765625 -0.0013020833333333333
0  0.07958984375 0.19661458333333334 0.0048828125 0.0078125 -0.0009765625 -0.0013020833333333333 -0.0009765625 -0.0013020833333333333 -0.0009765625 -0.0013020833333333333 -0.0009765625 -0.0013020833333333333 -0.0009765625 -0.0013020833333333333
0  0.23779296875 0.20182291666666666 0.0048828125 0.010416666666666666 -0.0009765625 -0.0013020833333333333 -0.0009765625 -0.0013020833333333333 -0.0009765625 -0.0013020833333333333 -0.0009765625 -0.0013020833333333333 -0.0009765625 -0.0013020833333333333
0  0.19873046875 0.19596354166666666 0.0048828125 0.009114583333333334 -0.0009765625 -0.0013020833333333333 -0.0009765625 -0.0013020833333333333 -0.0009765625 -0.0013020833333333333 -0.0009765625 -0.0013020833333333333 -0.0009765625 -0.0013020833333333333
0  0.26904296875 0.19791666666666666 0.0048828125 0.010416666666666666 -0.0009765625 -0.0013020833333333333 -0.0009765625 -0.0013020833333333333 -0.0009765625 -0.0013020833333333333 -0.0009765625 -0.0013020833333333333 -0.0009765625 -0.0013020833333333333
0  0.2626953125 0.20182291666666666 0.00390625 0.010416666666666666 -0.0009765625 -0.0013020833333333333 -0.0009765625 -0.0013020833333333333 -0.0009765625 -0.0013020833333333333 -0.0009765625 -0.0013020833333333333 -0.0009765625 -0.0013020833333333333
0  0.43505859375 0.18619791666666666 0.0068359375 0.010416666666666666 -0.0009765625 -0.0013020833333333333 -0.0009765625 -0.0013020833333333333 -0.0009765625 -0.0013020833333333333 -0.0009765625 -0.0013020833333333333 -0.0009765625 -0.0013020833333333333
0  0.60595703125 0.20182291666666666 0.0068359375 0.010416666666666666 0.605447265625 0.19928255208333334 0.6078837890625 0.20003776041666665 0.60663671875 0.20275911458333332 0.6049365234375 0.2050260416666667 0.60675 0.20540364583333334
0  0.0341796875 0.22591145833333334 0.0078125 0.01171875 -0.0009765625 -0.0013020833333333333 -0.0009765625 -0.0013020833333333333 -0.0009765625 -0.0013020833333333333 -0.0009765625 -0.0013020833333333333 -0.0009765625 -0.0013020833333333333
0  0.5947265625 0.19986979166666666 0.0078125 0.01171875 -0.0009765625 -0.0013020833333333333 -0.0009765625 -0.0013020833333333333 -0.0009765625 -0.0013020833333333333 -0.0009765625 -0.0013020833333333333 -0.0009765625 -0.0013020833333333333
0  0.74755859375 0.208984375 0.0048828125 0.009114583333333334 -0.0009765625 -0.0013020833333333333 -0.0009765625 -0.0013020833333333333 -0.0009765625 -0.0013020833333333333 -0.0009765625 -0.0013020833333333333 -0.0009765625 -0.0013020833333333333
0  0.48291015625 0.19401041666666666 0.0048828125 0.010416666666666666 -0.0009765625 -0.0013020833333333333 -0.0009765625 -0.0013020833333333333 -0.0009765625 -0.0013020833333333333 -0.0009765625 -0.0013020833333333333 -0.0009765625 -0.0013020833333333333
0  0.564453125 0.197265625 0.005859375 0.009114583333333334 -0.0009765625 -0.0013020833333333333 -0.0009765625 -0.0013020833333333333 -0.0009765625 -0.0013020833333333333 -0.0009765625 -0.0013020833333333333 -0.0009765625 -0.0013020833333333333
0  0.576171875 0.1953125 0.005859375 0.010416666666666666 -0.0009765625 -0.0013020833333333333 -0.0009765625 -0.0013020833333333333 -0.0009765625 -0.0013020833333333333 -0.0009765625 -0.0013020833333333333 -0.0009765625 -0.0013020833333333333
