0  0.73486328125 0.3398840206185567 0.0693359375 0.06765463917525773 0.710658203125 0.3276417525773196 0.7113037109375 0.3276417525773196 0.701625 0.34552190721649484 0.717755859375 0.353610824742268 0.7184013671875 0.353610824742268
0  0.76416015625 0.11533505154639176 0.0166015625 0.019329896907216496 0.763109375 0.11241559278350514 0.7702333984375 0.11303414948453608 0.7674208984375 0.11600257731958763 0.763109375 0.11822873711340207 0.7698583984375 0.11859987113402062
0  0.6982421875 0.11082474226804123 0.01953125 0.01804123711340206 -0.0009765625 -0.0006443298969072165 -0.0009765625 -0.0006443298969072165 -0.0009765625 -0.0006443298969072165 -0.0009765625 -0.0006443298969072165 -0.0009765625 -0.0006443298969072165
0  0.10546875 0.04606958762886598 0.01953125 0.01997422680412371 -0.0009765625 -0.0006443298969072165 -0.0009765625 -0.0006443298969072165 -0.0009765625 -0.0006443298969072165 -0.0009765625 -0.0006443298969072165 -0.0009765625 -0.0006443298969072165
0  0.0576171875 0.04478092783505155 0.01953125 0.018685567010309278 -0.0009765625 -0.0006443298969072165 -0.0009765625 -0.0006443298969072165 -0.0009765625 -0.0006443298969072165 -0.0009765625 -0.0006443298969072165 -0.0009765625 -0.0006443298969072165
0  0.96728515625 0.10824742268041238 0.0185546875 0.01804123711340206 -0.0009765625 -0.0006443298969072165 -0.0009765625 -0.0006443298969072165 -0.0009765625 -0.0006443298969072165 -0.0009765625 -0.0006443298969072165 -0.0009765625 -0.0006443298969072165
0  0.966796875 0.14207474226804123 0.017578125 0.017396907216494846 0.9623330078125 0.13945747422680413 0.97078125 0.13945747422680413 0.9649833984375 0.14328286082474226 0.964486328125 0.14776417525773197 0.9702841796875 0.14732731958762885
0  0.908203125 0.5125644329896907 0.0390625 0.04445876288659794 -0.0009765625 -0.0006443298969072165 -0.0009765625 -0.0006443298969072165 -0.0009765625 -0.0006443298969072165 -0.0009765625 -0.0006443298969072165 -0.0009765625 -0.0006443298969072165
0  0.23779296875 0.522229381443299 0.0400390625 0.0509020618556701 -0.0009765625 -0.0006443298969072165 -0.0009765625 -0.0006443298969072165 -0.0009765625 -0.0006443298969072165 -0.0009765625 -0.0006443298969072165 -0.0009765625 -0.0006443298969072165
0  0.2216796875 0.4690721649484536 0.0234375 0.019329896907216496 -0.0009765625 -0.0006443298969072165 -0.0009765625 -0.0006443298969072165 -0.0009765625 -0.0006443298969072165 -0.0009765625 -0.0006443298969072165 -0.0009765625 -0.0006443298969072165
