0  0.51806640625 0.4199706314243759 0.0166015625 0.02936857562408223 -0.0009765625 -0.0014684287812041115 -0.0009765625 -0.0014684287812041115 -0.0009765625 -0.0014684287812041115 -0.0009765625 -0.0014684287812041115 -0.0009765625 -0.0014684287812041115
0  0.48779296875 0.39280469897209985 0.0107421875 0.01908957415565345 -0.0009765625 -0.0014684287812041115 -0.0009765625 -0.0014684287812041115 -0.0009765625 -0.0014684287812041115 -0.0009765625 -0.0014684287812041115 -0.0009765625 -0.0014684287812041115
0  0.46484375 0.4045521292217327 0.013671875 0.027900146842878122 -0.0009765625 -0.0014684287812041115 -0.0009765625 -0.0014684287812041115 -0.0009765625 -0.0014684287812041115 -0.0009765625 -0.0014684287812041115 -0.0009765625 -0.0014684287812041115
0  0.09765625 0.4104258443465492 0.009765625 0.01908957415565345 -0.0009765625 -0.0014684287812041115 -0.0009765625 -0.0014684287812041115 -0.0009765625 -0.0014684287812041115 -0.0009765625 -0.0014684287812041115 -0.0009765625 -0.0014684287812041115
0  0.0244140625 0.40381791483113066 0.01171875 0.02936857562408223 0.0207646484375 0.400992657856094 0.0219033203125 0.40137298091042584 0.0195009765625 0.4057444933920705 0.02051171875 0.40935682819383257 0.021650390625 0.409928046989721
0  0.05712890625 0.4831130690161527 0.0126953125 0.023494860499265784 -0.0009765625 -0.0014684287812041115 -0.0009765625 -0.0014684287812041115 -0.0009765625 -0.0014684287812041115 -0.0009765625 -0.0014684287812041115 -0.0009765625 -0.0014684287812041115
0  0.06005859375 0.4067547723935389 0.0068359375 0.014684287812041116 -0.0009765625 -0.0014684287812041115 -0.0009765625 -0.0014684287812041115 -0.0009765625 -0.0014684287812041115 -0.0009765625 -0.0014684287812041115 -0.0009765625 -0.0014684287812041115
0  0.15966796875 0.38839941262848754 0.0107421875 0.01908957415565345 -0.0009765625 -0.0014684287812041115 -0.0009765625 -0.0014684287812041115 -0.0009765625 -0.0014684287812041115 -0.0009765625 -0.0014684287812041115 -0.0009765625 -0.0014684287812041115
0  0.1806640625 0.4052863436123348 0.009765625 0.01762114537444934 -0.0009765625 -0.0014684287812041115 -0.0009765625 -0.0014684287812041115 -0.0009765625 -0.0014684287812041115 -0.0009765625 -0.0014684287812041115 -0.0009765625 -0.0014684287812041115
0  0.21533203125 0.3891336270190896 0.0087890625 0.014684287812041116 -0.0009765625 -0.0014684287812041115 -0.0009765625 -0.0014684287812041115 -0.0009765625 -0.0014684287812041115 -0.0009765625 -0.0014684287812041115 -0.0009765625 -0.0014684287812041115
0  0.22998046875 0.40161527165932454 0.0087890625 0.01908957415565345 -0.0009765625 -0.0014684287812041115 -0.0009765625 -0.0014684287812041115 -0.0009765625 -0.0014684287812041115 -0.0009765625 -0.0014684287812041115 -0.0009765625 -0.0014684287812041115
0  0.25390625 0.3832599118942731 0.009765625 0.020558002936857563 -0.0009765625 -0.0014684287812041115 -0.0009765625 -0.0014684287812041115 -0.0009765625 -0.0014684287812041115 -0.0009765625 -0.0014684287812041115 -0.0009765625 -0.0014684287812041115
0  0.26806640625 0.42290748898678415 0.0166015625 0.02936857562408223 0.2641640625 0.4181806167400881 0.271244140625 0.4179911894273128 0.26795703125 0.42654625550660796 0.265681640625 0.43053744493392077 0.2706123046875 0.43053744493392077
0  0.2958984375 0.4185022026431718 0.01171875 0.023494860499265784 -0.0009765625 -0.0014684287812041115 -0.0009765625 -0.0014684287812041115 -0.0009765625 -0.0014684287812041115 -0.0009765625 -0.0014684287812041115 -0.0009765625 -0.0014684287812041115
0  0.330078125 0.42143906020558003 0.009765625 0.020558002936857563 -0.0009765625 -0.0014684287812041115 -0.0009765625 -0.0014684287812041115 -0.0009765625 -0.0014684287812041115 -0.0009765625 -0.0014684287812041115 -0.0009765625 -0.0014684287812041115
0  0.31787109375 0.4023494860499266 0.0068359375 0.014684287812041116 -0.0009765625 -0.0014684287812041115 -0.0009765625 -0.0014684287812041115 -0.0009765625 -0.0014684287812041115 -0.0009765625 -0.0014684287812041115 -0.0009765625 -0.0014684287812041115
0  0.32958984375 0.39941262848751835 0.0087890625 0.01762114537444934 0.328333984375 0.396345080763583 0.331787109375 0.396345080763583 0.330138671875 0.4007107195301028 0.3287265625 0.40330690161527166 0.33139453125 0.40318795888399417
0  0.3564453125 0.4170337738619677 0.017578125 0.03524229074889868 0.3521728515625 0.4103348017621145 0.3596494140625 0.4103348017621145 0.35629296875 0.4188237885462555 0.353087890625 0.42387077826725406 0.357970703125 0.42341262848751837
0  0.5888671875 0.40602055800293685 0.009765625 0.01908957415565345 -0.0009765625 -0.0014684287812041115 -0.0009765625 -0.0014684287812041115 -0.0009765625 -0.0014684287812041115 -0.0009765625 -0.0014684287812041115 -0.0009765625 -0.0014684287812041115
0  0.62109375 0.39500734214390604 0.021484375 0.0381791483113069 -0.0009765625 -0.0014684287812041115 -0.0009765625 -0.0014684287812041115 -0.0009765625 -0.0014684287812041115 -0.0009765625 -0.0014684287812041115 -0.0009765625 -0.0014684287812041115
0  0.65966796875 0.4118942731277533 0.0166015625 0.030837004405286344 0.655666015625 0.40819089574155654 0.6616123046875 0.40839353891336266 0.657962890625 0.4150998531571219 0.6574228515625 0.42058737151248166 0.6617470703125 0.4207900146842878
0  0.708984375 0.4199706314243759 0.01171875 0.023494860499265784 0.7068564453125 0.41582819383259906 0.7127158203125 0.41629955947136565 0.7097861328125 0.4221204111600587 0.7075888671875 0.4260543318649045 0.709263671875 0.4265256975036711
0  0.7822265625 0.4052863436123348 0.017578125 0.0381791483113069 0.7788388671875 0.40164170337738614 0.7862587890625 0.40139941262848755 0.783033203125 0.4086754772393539 0.78061328125 0.4149823788546256 0.78496875 0.4147400881057269
0  0.88330078125 0.40822320117474303 0.0166015625 0.03524229074889868 0.8800400390625 0.40274302496328923 0.8861171875 0.40274302496328923 0.882115234375 0.40942878120411164 0.8800400390625 0.4154478707782673 0.8864140625 0.4158928046989721
0  0.90283203125 0.38619676945668135 0.0107421875 0.020558002936857563 -0.0009765625 -0.0014684287812041115 -0.0009765625 -0.0014684287812041115 -0.0009765625 -0.0014684287812041115 -0.0009765625 -0.0014684287812041115 -0.0009765625 -0.0014684287812041115
0  0.8427734375 0.3891336270190896 0.01171875 0.023494860499265784 -0.0009765625 -0.0014684287812041115 -0.0009765625 -0.0014684287812041115 -0.0009765625 -0.0014684287812041115 -0.0009765625 -0.0014684287812041115 -0.0009765625 -0.0014684287812041115
0  0.87548828125 0.39720998531571217 0.0107421875 0.024963289280469897 -0.0009765625 -0.0014684287812041115 -0.0009765625 -0.0014684287812041115 -0.0009765625 -0.0014684287812041115 -0.0009765625 -0.0014684287812041115 -0.0009765625 -0.0014684287812041115
0  0.99267578125 0.41262848751835535 0.0146484375 0.02936857562408223 0.989837890625 0.40676064610866375 0.9957802734375 0.4054302496328928 0.993125 0.41208370044052867 0.9909755859375 0.41854772393538914 0.994515625 0.41778707782672536
