0  0.24609375 0.1636904761904762 0.01171875 0.023809523809523808 0.244140625 0.16071428571428573 0.25 0.16071428571428573 0.2470703125 0.16517857142857142 0.244140625 0.16815476190476192 0.2490234375 0.16815476190476192
0  0.22216796875 0.19866071428571427 0.0126953125 0.028273809523809524 0.2197265625 0.19791666666666666 0.2265625 0.19791666666666666 0.22265625 0.20238095238095238 0.2197265625 0.20386904761904762 0.224609375 0.20535714285714285
0  0.310546875 0.22470238095238096 0.01171875 0.020833333333333332 0.30859375 0.21875 0.3134765625 0.21875 0.3115234375 0.22172619047619047 0.30859375 0.22916666666666666 0.3134765625 0.22767857142857142
0  0.33935546875 0.24479166666666666 0.0126953125 0.019345238095238096 0.3358115234375 0.2432767857142857 0.3406982421875 0.2432767857142857 0.3378818359375 0.24782142857142858 0.3362255859375 0.2514821428571429 0.3402841796875 0.2514821428571429
0  0.36279296875 0.22544642857142858 0.0107421875 0.019345238095238096 0.3603515625 0.22023809523809523 0.3671875 0.22023809523809523 0.3642578125 0.22470238095238096 0.3603515625 0.22916666666666666 0.3662109375 0.22916666666666666
0  0.375 0.2537202380952381 0.01171875 0.019345238095238096 0.373046875 0.25 0.3798828125 0.25148809523809523 0.3759765625 0.25595238095238093 0.3740234375 0.2604166666666667 0.37890625 0.25892857142857145
0  0.388671875 0.27380952380952384 0.013671875 0.023809523809523808 0.38671875 0.27232142857142855 0.39453125 0.27380952380952384 0.3896484375 0.27827380952380953 0.38671875 0.28422619047619047 0.392578125 0.28422619047619047
0  0.412109375 0.25595238095238093 0.01171875 0.020833333333333332 0.4105224609375 0.25502232142857145 0.4155576171875 0.25502232142857145 0.4128115234375 0.25795238095238093 0.41015625 0.26102083333333337 0.4149169921875 0.26130059523809523
0  0.34423828125 0.27157738095238093 0.0126953125 0.022321428571428572 0.3414482421875 0.2687872023809524 0.3470107421875 0.2683482142857143 0.344708984375 0.2746339285714286 0.3422158203125 0.2779940476190476 0.3470107421875 0.27784821428571427
0  0.29638671875 0.25223214285714285 0.0126953125 0.022321428571428572 0.293779296875 0.25148809523809523 0.2990546875 0.2509032738095238 0.2965615234375 0.25645684523809525 0.295314453125 0.2608422619047619 0.298287109375 0.2605491071428571
0  0.2998046875 0.28273809523809523 0.013671875 0.026785714285714284 0.2978515625 0.27976190476190477 0.3037109375 0.27827380952380953 0.30078125 0.28422619047619047 0.2978515625 0.29017857142857145 0.3056640625 0.2916666666666667
0  0.29052734375 0.30505952380952384 0.0126953125 0.026785714285714284 0.2875107421875 0.3031592261904762 0.293177734375 0.30281398809523813 0.2906845703125 0.30886011904761906 0.2877373046875 0.3126592261904762 0.292837890625 0.31317708333333333
0  0.326171875 0.31473214285714285 0.013671875 0.025297619047619048 0.32421875 0.3125 0.330078125 0.3125 0.3271484375 0.31547619047619047 0.32421875 0.32142857142857145 0.330078125 0.3229166666666667
0  0.34033203125 0.3385416666666667 0.0146484375 0.028273809523809524 0.3369140625 0.33630952380952384 0.34375 0.33482142857142855 0.3408203125 0.34077380952380953 0.3369140625 0.34375 0.3447265625 0.34375
0  0.37646484375 0.31994047619047616 0.0126953125 0.026785714285714284 0.3740234375 0.31398809523809523 0.380859375 0.3125 0.3779296875 0.3169642857142857 0.3740234375 0.3229166666666667 0.380859375 0.32142857142857145
0  0.39208984375 0.34970238095238093 0.0146484375 0.026785714285714284 0.3893349609375 0.34579613095238093 0.395115234375 0.3452782738095238 0.39228125 0.3514955357142857 0.3904677734375 0.3558139880952381 0.394095703125 0.3559866071428572
0  0.37060546875 0.37723214285714285 0.0146484375 0.028273809523809524 0.36767578125 0.3755580357142857 0.3734130859375 0.37593005952380953 0.3702392578125 0.3790922619047619 0.3687744140625 0.38448660714285715 0.3726806640625 0.38448660714285715
0  0.34375 0.41220238095238093 0.015625 0.026785714285714284 0.3427734375 0.4107142857142857 0.3486328125 0.4107142857142857 0.345703125 0.41517857142857145 0.341796875 0.41964285714285715 0.349609375 0.4211309523809524
0  0.3203125 0.39211309523809523 0.013671875 0.028273809523809524 0.31640625 0.38839285714285715 0.32421875 0.38839285714285715 0.3203125 0.3913690476190476 0.31640625 0.39732142857142855 0.32421875 0.39880952380952384
0  0.28466796875 0.3474702380952381 0.0146484375 0.025297619047619048 0.28125 0.34375 0.287109375 0.34226190476190477 0.2841796875 0.3482142857142857 0.28125 0.35119047619047616 0.287109375 0.3541666666666667
0  0.275390625 0.3869047619047619 0.013671875 0.023809523809523808 0.271484375 0.38095238095238093 0.2802734375 0.38095238095238093 0.2763671875 0.3854166666666667 0.2724609375 0.3913690476190476 0.2783203125 0.39285714285714285
0  0.29248046875 0.42038690476190477 0.0166015625 0.03125 0.2918046875 0.4168392857142857 0.2970751953125 0.4176636904761905 0.2947783203125 0.4224002976190476 0.29112890625 0.4269300595238095 0.296669921875 0.42754761904761907
0  0.18603515625 0.2693452380952381 0.0107421875 0.023809523809523808 0.18359375 0.2648809523809524 0.189453125 0.2648809523809524 0.1865234375 0.2693452380952381 0.1826171875 0.27380952380952384 0.1884765625 0.27380952380952384
0  0.15869140625 0.3392857142857143 0.0146484375 0.026785714285714284 0.158337890625 0.3376443452380952 0.1629287109375 0.34033482142857147 0.1598681640625 0.34553720238095237 0.15704296875 0.34804761904761905 0.16033984375 0.3498422619047619
0  0.11865234375 0.40773809523809523 0.0166015625 0.03273809523809524 0.1153740234375 0.40582440476190473 0.1219306640625 0.40582440476190473 0.117884765625 0.41326488095238095 0.115513671875 0.4175163690476191 0.1206748046875 0.4170922619047619
0  0.26416015625 0.46279761904761907 0.0166015625 0.03273809523809524 0.2608115234375 0.46130952380952384 0.267369140625 0.46109672619047626 0.26513671875 0.46811160714285716 0.2617880859375 0.4727886904761905 0.2675087890625 0.4727886904761905
0  0.31201171875 0.46205357142857145 0.0146484375 0.028273809523809524 0.30881640625 0.4609776785714286 0.3152900390625 0.4609776785714286 0.3117587890625 0.46725595238095236 0.3090517578125 0.47120089285714284 0.3151728515625 0.47120089285714284
0  0.35595703125 0.4642857142857143 0.0166015625 0.02976190476190476 0.353515625 0.46130952380952384 0.3603515625 0.46130952380952384 0.357421875 0.46726190476190477 0.3525390625 0.4732142857142857 0.361328125 0.47172619047619047
0  0.24560546875 0.5133928571428571 0.0185546875 0.023809523809523808 0.2431640625 0.5059523809523809 0.2509765625 0.5059523809523809 0.2470703125 0.5089285714285714 0.2431640625 0.5148809523809523 0.2509765625 0.5163690476190477
0  0.2607421875 0.546875 0.015625 0.03125 0.2574462890625 0.5433407738095238 0.26359375 0.5435401785714286 0.2613701171875 0.550514880952381 0.255876953125 0.5570922619047619 0.2630703125 0.5568928571428572
0  0.291015625 0.5297619047619048 0.015625 0.026785714285714284 0.2890625 0.5238095238095238 0.296875 0.5238095238095238 0.29296875 0.5282738095238095 0.2890625 0.5342261904761905 0.2958984375 0.5327380952380952
0  0.337890625 0.5208333333333334 0.015625 0.026785714285714284 0.333662109375 0.516860119047619 0.3395556640625 0.516514880952381 0.3363818359375 0.5237693452380953 0.3355888671875 0.5275699404761904 0.3396689453125 0.5273973214285714
0  0.328125 0.5662202380952381 0.017578125 0.03125 0.326171875 0.5654761904761905 0.333984375 0.5639880952380952 0.330078125 0.5699404761904762 0.3251953125 0.5744047619047619 0.3330078125 0.5744047619047619
0  0.36865234375 0.5535714285714286 0.0166015625 0.02976190476190476 0.363865234375 0.5524419642857142 0.371830078125 0.5507083333333334 0.3682900390625 0.5578363095238095 0.3655087890625 0.5622678571428571 0.371830078125 0.5624598214285714
0  0.1005859375 0.5052083333333334 0.01953125 0.03720238095238095 0.096283203125 0.5041845238095238 0.1043701171875 0.5039523809523809 0.101013671875 0.5086026785714286 0.0968935546875 0.5134851190476191 0.1045224609375 0.5130208333333334
0  0.2236328125 0.5892857142857143 0.017578125 0.03571428571428571 0.2216796875 0.5863095238095238 0.23046875 0.5877976190476191 0.2265625 0.5922619047619048 0.2216796875 0.5997023809523809 0.23046875 0.5997023809523809
0  0.42724609375 0.22470238095238096 0.0107421875 0.020833333333333332 0.42578125 0.22172619047619047 0.4306640625 0.22321428571428573 0.4287109375 0.2261904761904762 0.42578125 0.23065476190476192 0.4306640625 0.23363095238095238
0  0.484375 0.21354166666666666 0.013671875 0.028273809523809524 0.483568359375 0.20990178571428572 0.488748046875 0.20990178571428572 0.486275390625 0.21528273809523807 0.4841572265625 0.21976636904761904 0.4881591796875 0.21976636904761904
0  0.45263671875 0.2544642857142857 0.0126953125 0.023809523809523808 0.451171875 0.25148809523809523 0.4580078125 0.25148809523809523 0.4541015625 0.25595238095238093 0.451171875 0.2604166666666667 0.45703125 0.2604166666666667
0  0.4931640625 0.25223214285714285 0.01171875 0.022321428571428572 0.490234375 0.25 0.4970703125 0.25 0.494140625 0.2544642857142857 0.4921875 0.2604166666666667 0.4970703125 0.2604166666666667
0  0.53173828125 0.2537202380952381 0.0146484375 0.019345238095238096 0.529296875 0.25148809523809523 0.53515625 0.25148809523809523 0.53125 0.25297619047619047 0.529296875 0.25892857142857145 0.5341796875 0.25892857142857145
0  0.51513671875 0.27306547619047616 0.0146484375 0.022321428571428572 0.512755859375 0.271078869047619 0.517669921875 0.27138541666666666 0.5149619140625 0.2756636904761905 0.5125556640625 0.2799419642857143 0.517970703125 0.2807053571428571
0  0.4794921875 0.2775297619047619 0.013671875 0.022321428571428572 0.4775390625 0.27232142857142855 0.484375 0.27529761904761907 0.48046875 0.27827380952380953 0.4765625 0.28125 0.4814453125 0.28422619047619047
0  0.4345703125 0.28422619047619047 0.013671875 0.023809523809523808 0.4326171875 0.27827380952380953 0.4375 0.27827380952380953 0.435546875 0.28273809523809523 0.43359375 0.28720238095238093 0.4384765625 0.28720238095238093
0  0.4287109375 0.30952380952380953 0.015625 0.026785714285714284 0.4261474609375 0.30354464285714283 0.4322685546875 0.3040625 0.4293212890625 0.3087261904761905 0.4261474609375 0.3139077380952381 0.4318154296875 0.31408035714285715
0  0.47509765625 0.3132440476190476 0.0146484375 0.025297619047619048 0.47123046875 0.30710565476190477 0.4765712890625 0.30743750000000003 0.4738466796875 0.31325 0.470794921875 0.31640625 0.476353515625 0.31607440476190474
0  0.525390625 0.31845238095238093 0.013671875 0.023809523809523808 0.522705078125 0.31733630952380953 0.52835546875 0.31733630952380953 0.5252158203125 0.3210029761904762 0.52249609375 0.32642410714285713 0.5288779296875 0.32642410714285713
0  0.4892578125 0.3430059523809524 0.013671875 0.028273809523809524 0.4853515625 0.34077380952380953 0.4931640625 0.34077380952380953 0.4892578125 0.34375 0.486328125 0.3482142857142857 0.4921875 0.3482142857142857
0  0.43994140625 0.34970238095238093 0.0126953125 0.023809523809523808 0.4384765625 0.34826785714285713 0.4434990234375 0.34842708333333333 0.4408828125 0.3535282738095238 0.4381630859375 0.3571964285714286 0.4431845703125 0.3571964285714286
0  0.47265625 0.3794642857142857 0.013671875 0.03273809523809524 0.4713310546875 0.37457440476190473 0.4771904296875 0.3762752976190476 0.4737021484375 0.3813779761904762 0.4706337890625 0.3875431547619047 0.4752373046875 0.38924255952380954
0  0.521484375 0.38318452380952384 0.013671875 0.028273809523809524 0.5205078125 0.38095238095238093 0.5263671875 0.3794642857142857 0.5224609375 0.3854166666666667 0.5205078125 0.3913690476190476 0.525390625 0.3913690476190476
0  0.42041015625 0.3898809523809524 0.0126953125 0.026785714285714284 0.41912890625 0.3871845238095238 0.425703125 0.3871845238095238 0.422302734375 0.3927113095238095 0.41946875 0.3991011904761905 0.4242294921875 0.3994479166666666
0  0.455078125 0.41964285714285715 0.015625 0.02976190476190476 0.4513203125 0.41755059523809523 0.4576416015625 0.41755059523809523 0.4541015625 0.4223660714285714 0.4514462890625 0.4289166666666667 0.45650390625 0.4289166666666667
0  0.50634765625 0.42038690476190477 0.0146484375 0.025297619047619048 0.502537109375 0.41707142857142854 0.509185546875 0.41856696428571427 0.5056982421875 0.4232172619047619 0.5023193359375 0.42554166666666665 0.50766015625 0.4270372023809524
0  0.39306640625 0.4226190476190476 0.0146484375 0.02976190476190476 0.39111328125 0.41982886904761907 0.396240234375 0.42020089285714285 0.393798828125 0.42392113095238093 0.390869140625 0.42819940476190477 0.3961181640625 0.4283854166666667
0  0.40283203125 0.45907738095238093 0.0146484375 0.028273809523809524 0.39963671875 0.4575892857142857 0.4051689453125 0.455796130952381 0.402697265625 0.4620729166666666 0.4011669921875 0.4674538690476191 0.4056396484375 0.46619940476190475
0  0.455078125 0.46130952380952384 0.013671875 0.020833333333333332 0.4521484375 0.4568452380952381 0.458984375 0.45535714285714285 0.4560546875 0.45982142857142855 0.4521484375 0.46577380952380953 0.458984375 0.46726190476190477
0  0.49755859375 0.46577380952380953 0.0146484375 0.026785714285714284 0.493669921875 0.4644583333333333 0.499564453125 0.46324999999999994 0.4966171875 0.46860416666666665 0.494349609375 0.4734404761904762 0.499677734375 0.4724032738095238
0  0.51171875 0.4880952380952381 0.015625 0.03273809523809524 0.507603515625 0.48299255952380954 0.5145791015625 0.48384374999999996 0.51123046875 0.4889449404761905 0.50830078125 0.49489732142857146 0.5140205078125 0.49511011904761904
0  0.44873046875 0.5059523809523809 0.0166015625 0.03273809523809524 0.4469169921875 0.5051026785714285 0.4540322265625 0.5046770833333333 0.450404296875 0.5093541666666667 0.4469169921875 0.5148809523809523 0.4517998046875 0.5146681547619048
0  0.39453125 0.4955357142857143 0.015625 0.026785714285714284 0.3927958984375 0.48921130952380953 0.3993701171875 0.4900744047619047 0.3963095703125 0.4943928571428572 0.3924560546875 0.4992291666666667 0.3982373046875 0.4999196428571429
0  0.42333984375 0.5535714285714286 0.0166015625 0.03273809523809524 0.4215263671875 0.5512336309523809 0.4280830078125 0.5527217261904761 0.425990234375 0.5573973214285715 0.421107421875 0.5616502976190476 0.426966796875 0.5633497023809524
0  0.48681640625 0.546875 0.0166015625 0.03422619047619048 0.48301953125 0.5445104166666667 0.490068359375 0.5442901785714286 0.4860400390625 0.5495520833333333 0.48373828125 0.5554717261904761 0.48978125 0.5552514880952382
0  0.5517578125 0.22916666666666666 0.013671875 0.026785714285714284 0.55078125 0.2261904761904762 0.556640625 0.22470238095238096 0.5537109375 0.22916666666666666 0.5498046875 0.23363095238095238 0.556640625 0.23363095238095238
0  0.57763671875 0.25148809523809523 0.0107421875 0.026785714285714284 0.578125 0.25 0.5830078125 0.25 0.580078125 0.2544642857142857 0.576171875 0.25892857142857145 0.58203125 0.2604166666666667
0  0.61181640625 0.2619047619047619 0.0107421875 0.023809523809523808 0.6083984375 0.2604166666666667 0.6162109375 0.2604166666666667 0.6123046875 0.2648809523809524 0.6083984375 0.2693452380952381 0.615234375 0.2708333333333333
0  0.5537109375 0.2767857142857143 0.013671875 0.020833333333333332 0.5511171875 0.27357738095238093 0.55615234375 0.2728794642857143 0.554595703125 0.27901785714285715 0.55322265625 0.2843184523809524 0.5571591796875 0.2833422619047619
0  0.59619140625 0.28794642857142855 0.0126953125 0.028273809523809524 0.599609375 0.28422619047619047 0.6015625 0.28422619047619047 0.603515625 0.28720238095238093 0.599609375 0.2931547619047619 0.6015625 0.2931547619047619
0  0.6279296875 0.23065476190476192 0.01171875 0.026785714285714284 0.6259765625 0.2261904761904762 0.6318359375 0.2261904761904762 0.62890625 0.23065476190476192 0.625 0.23660714285714285 0.630859375 0.23660714285714285
0  0.6318359375 0.2760416666666667 0.013671875 0.025297619047619048 0.62905859375 0.2747127976190476 0.634181640625 0.2747127976190476 0.631892578125 0.28036011904761904 0.6294951171875 0.28418005952380954 0.63363671875 0.28418005952380954
0  0.64990234375 0.26339285714285715 0.0126953125 0.020833333333333332 0.6474609375 0.2619047619047619 0.6572265625 0.25744047619047616 0.654296875 0.26339285714285715 0.6513671875 0.26785714285714285 0.6572265625 0.26785714285714285
0  0.5732421875 0.3162202380952381 0.013671875 0.025297619047619048 0.5703125 0.31398809523809523 0.5771484375 0.31398809523809523 0.572265625 0.3169642857142857 0.5703125 0.3244047619047619 0.576171875 0.32589285714285715
0  0.59521484375 0.3385416666666667 0.0146484375 0.03125 0.5910771484375 0.3341696428571429 0.597564453125 0.3339642857142857 0.594185546875 0.3399375 0.5929697265625 0.34611458333333334 0.59675390625 0.345702380952381
0  0.61572265625 0.32217261904761907 0.0126953125 0.028273809523809524 0.612173828125 0.3196607142857143 0.6172353515625 0.3194821428571429 0.613939453125 0.32253125000000005 0.612173828125 0.32755357142857144 0.616646484375 0.32719494047619047
0  0.658203125 0.3177083333333333 0.013671875 0.025297619047619048 0.65625 0.31398809523809523 0.662109375 0.3125 0.66015625 0.3169642857142857 0.6572265625 0.3229166666666667 0.6630859375 0.3229166666666667
0  0.6474609375 0.3489583333333333 0.01171875 0.022321428571428572 0.646484375 0.34672619047619047 0.6533203125 0.34672619047619047 0.6494140625 0.34970238095238093 0.6474609375 0.3556547619047619 0.65234375 0.3556547619047619
0  0.53564453125 0.35788690476190477 0.0126953125 0.028273809523809524 0.533203125 0.3556547619047619 0.5390625 0.3541666666666667 0.5361328125 0.3601190476190476 0.5341796875 0.3645833333333333 0.5400390625 0.3645833333333333
0  0.57177734375 0.38244047619047616 0.0126953125 0.023809523809523808 0.5703125 0.3794642857142857 0.5771484375 0.37797619047619047 0.57421875 0.38392857142857145 0.5703125 0.3898809523809524 0.5771484375 0.3898809523809524
0  0.61328125 0.37797619047619047 0.013671875 0.026785714285714284 0.6098330078125 0.37543898809523807 0.6152470703125 0.37525892857142856 0.6125400390625 0.3808199404761905 0.610892578125 0.3856622023809524 0.614541015625 0.38512499999999994
0  0.60546875 0.41369047619047616 0.013671875 0.026785714285714284 0.6044921875 0.40922619047619047 0.611328125 0.4107142857142857 0.607421875 0.41517857142857145 0.603515625 0.4181547619047619 0.609375 0.41964285714285715
0  0.5419921875 0.42038690476190477 0.015625 0.03125 0.5390625 0.4181547619047619 0.544921875 0.4166666666666667 0.54296875 0.4211309523809524 0.5400390625 0.4270833333333333 0.546875 0.4255952380952381
0  0.556640625 0.45163690476190477 0.015625 0.03125 0.5539287109375 0.44611011904761905 0.560599609375 0.44591071428571427 0.5575908203125 0.4514910714285714 0.5549755859375 0.4566726190476191 0.5599453125 0.4564732142857143
0  0.56494140625 0.5081845238095238 0.0166015625 0.03125 0.5625 0.5044642857142857 0.5703125 0.5029761904761905 0.56640625 0.5089285714285714 0.5634765625 0.5163690476190477 0.5703125 0.5163690476190477
0  0.61376953125 0.5089285714285714 0.0146484375 0.03273809523809524 0.6104912109375 0.5070148809523809 0.6167685546875 0.5065907738095238 0.6134208984375 0.5119047619047619 0.6097939453125 0.5142425595238096 0.617466796875 0.5140312499999999
0  0.619140625 0.47098214285714285 0.015625 0.025297619047619048 0.6171875 0.46875 0.6240234375 0.46726190476190477 0.6201171875 0.4732142857142857 0.6171875 0.4806547619047619 0.6220703125 0.4806547619047619
0  0.53466796875 0.5617559523809523 0.0185546875 0.03422619047619048 0.529296875 0.5595238095238095 0.5380859375 0.5595238095238095 0.5341796875 0.5639880952380952 0.5302734375 0.5669642857142857 0.5380859375 0.5684523809523809
0  0.60205078125 0.5565476190476191 0.0166015625 0.03273809523809524 0.597185546875 0.5545684523809524 0.604888671875 0.5543616071428572 0.6000234375 0.5617752976190475 0.5988076171875 0.5661011904761905 0.6036728515625 0.5669241071428571
0  0.69677734375 0.21577380952380953 0.0126953125 0.020833333333333332 0.6949462890625 0.21614583333333334 0.7000732421875 0.21433184523809526 0.6978759765625 0.2183779761904762 0.69677734375 0.22158630952380953 0.6994326171875 0.22116815476190477
0  0.66943359375 0.27157738095238093 0.0126953125 0.025297619047619048 0.6689453125 0.2708333333333333 0.6748046875 0.2693452380952381 0.671875 0.27380952380952384 0.66796875 0.27976190476190477 0.6748046875 0.27976190476190477
0  0.68505859375 0.2619047619047619 0.0126953125 0.023809523809523808 0.6845703125 0.25744047619047616 0.6904296875 0.25595238095238093 0.6875 0.2604166666666667 0.685546875 0.2663690476190476 0.689453125 0.2663690476190476
0  0.71533203125 0.2648809523809524 0.0126953125 0.023809523809523808 0.712890625 0.2619047619047619 0.720703125 0.2604166666666667 0.716796875 0.2648809523809524 0.7138671875 0.2693452380952381 0.71875 0.2708333333333333
0  0.7568359375 0.25 0.013671875 0.023809523809523808 0.753251953125 0.24742261904761906 0.758166015625 0.24726934523809524 0.755859375 0.25322916666666667 0.7530517578125 0.2564375 0.75796484375 0.25659077380952383
0  0.71484375 0.24330357142857142 0.013671875 0.022321428571428572 0.7138671875 0.24404761904761904 0.7197265625 0.2425595238095238 0.716796875 0.24553571428571427 0.71484375 0.25148809523809523 0.7197265625 0.25148809523809523
0  0.7587890625 0.2864583333333333 0.013671875 0.022321428571428572 0.7578125 0.28422619047619047 0.763671875 0.28422619047619047 0.76171875 0.28869047619047616 0.7587890625 0.29464285714285715 0.765625 0.29464285714285715
0  0.74560546875 0.31473214285714285 0.0146484375 0.022321428571428572 0.7431640625 0.3125 0.75 0.31101190476190477 0.748046875 0.31547619047619047 0.744140625 0.31994047619047616 0.7509765625 0.31994047619047616
0  0.69970703125 0.3125 0.0146484375 0.026785714285714284 0.6982421875 0.3080357142857143 0.7041015625 0.3080357142857143 0.7001953125 0.31101190476190477 0.6982421875 0.3169642857142857 0.7041015625 0.31547619047619047
0  0.70068359375 0.34077380952380953 0.0146484375 0.02976190476190476 0.69921875 0.33779761904761907 0.705078125 0.3392857142857143 0.7021484375 0.34226190476190477 0.6982421875 0.34672619047619047 0.705078125 0.3482142857142857
0  0.75439453125 0.34672619047619047 0.0146484375 0.020833333333333332 0.752947265625 0.3421815476190476 0.757263671875 0.34145089285714286 0.7551533203125 0.34656696428571426 0.75409765625 0.3512440476190476 0.756783203125 0.35095089285714287
0  0.65673828125 0.38764880952380953 0.0146484375 0.028273809523809524 0.654296875 0.3854166666666667 0.6611328125 0.38392857142857145 0.658203125 0.3898809523809524 0.65625 0.3958333333333333 0.6611328125 0.3958333333333333
0  0.70654296875 0.3869047619047619 0.0126953125 0.026785714285714284 0.70346484375 0.38382886904761904 0.709232421875 0.38382886904761904 0.7066435546875 0.38831250000000006 0.703818359375 0.392797619047619 0.7093505859375 0.3929761904761905
0  0.751953125 0.38839285714285715 0.015625 0.026785714285714284 0.7493115234375 0.38804761904761903 0.754978515625 0.38562946428571426 0.7532783203125 0.3932291666666667 0.75146484375 0.39668303571428576 0.75701953125 0.3934017857142857
0  0.662109375 0.4226190476190476 0.013671875 0.02976190476190476 0.660591796875 0.4191785714285714 0.6661552734375 0.41956250000000006 0.6647646484375 0.42611309523809526 0.661224609375 0.4301592261904762 0.6652705078125 0.4301592261904762
0  0.7158203125 0.4263392857142857 0.013671875 0.028273809523809524 0.7129775390625 0.4237752976190476 0.7186279296875 0.4235952380952381 0.7160380859375 0.4284389880952381 0.714390625 0.433639880952381 0.7181572265625 0.4334613095238095
0  0.77294921875 0.4226190476190476 0.0146484375 0.02976190476190476 0.768794921875 0.41898511904761904 0.7752421875 0.41937053571428573 0.7708173828125 0.4249568452380953 0.76866796875 0.4291964285714286 0.7738515625 0.4297738095238095
0  0.6728515625 0.4583333333333333 0.013671875 0.026785714285714284 0.669416015625 0.4558095238095238 0.675310546875 0.4558095238095238 0.6729296875 0.46116369047619044 0.669869140625 0.46669047619047616 0.674744140625 0.4663452380952381
0  0.71875 0.4642857142857143 0.013671875 0.02976190476190476 0.715576171875 0.4607514880952381 0.721923828125 0.4609375 0.7183837890625 0.4646577380952381 0.7156982421875 0.46912202380952384 0.720703125 0.4693080357142857
0  0.7685546875 0.4650297619047619 0.013671875 0.025297619047619048 0.7646484375 0.4642857142857143 0.771484375 0.46130952380952384 0.7685546875 0.46726190476190477 0.765625 0.47470238095238093 0.7705078125 0.47172619047619047
0  0.73193359375 0.5 0.0166015625 0.03273809523809524 0.729064453125 0.4974017857142857 0.7366328125 0.49699107142857146 0.732849609375 0.5031681547619048 0.7298759765625 0.5081116071428572 0.7362275390625 0.507904761904762
0  0.66943359375 0.5081845238095238 0.0166015625 0.03125 0.666294921875 0.5048497023809524 0.6719189453125 0.5046502976190477 0.669564453125 0.5112276785714286 0.6668173828125 0.5174047619047619 0.6717880859375 0.5170074404761904
0  0.66259765625 0.5580357142857143 0.0166015625 0.02976190476190476 0.658220703125 0.5568392857142858 0.6654140625 0.5562425595238095 0.662275390625 0.5622202380952381 0.6597900390625 0.5668050595238094 0.665021484375 0.56640625
0  0.7255859375 0.5446428571428571 0.01953125 0.03571428571428571 0.7216796875 0.5431547619047619 0.7294921875 0.5401785714285714 0.7265625 0.5476190476190477 0.72265625 0.5565476190476191 0.73046875 0.5535714285714286
0  0.7265625 0.5997023809523809 0.01953125 0.03571428571428571 0.7209296875 0.5960877976190476 0.7287861328125 0.596766369047619 0.7256728515625 0.6021875 0.722560546875 0.6073824404761905 0.7286376953125 0.6071562500000001
0  0.8056640625 0.15997023809523808 0.01171875 0.022321428571428572 0.802734375 0.15625 0.8095703125 0.15625 0.8056640625 0.16071428571428573 0.802734375 0.16517857142857142 0.8076171875 0.16517857142857142
0  0.8427734375 0.21205357142857142 0.009765625 0.022321428571428572 0.8404541015625 0.2104330357142857 0.8449619140625 0.2104330357142857 0.84266015625 0.21496279761904763 0.8413173828125 0.21963988095238096 0.8440029296875 0.21949404761904762
0  0.84619140625 0.26339285714285715 0.0146484375 0.023809523809523808 0.84375 0.26339285714285715 0.8505859375 0.26339285714285715 0.8466796875 0.26785714285714285 0.8427734375 0.2708333333333333 0.8486328125 0.27232142857142855
0  0.86865234375 0.33482142857142855 0.0166015625 0.026785714285714284 0.8657099609375 0.33484821428571426 0.87218359375 0.33359226190476193 0.8688876953125 0.33879464285714284 0.8671220703125 0.3427395833333333 0.8719482421875 0.3430982142857143
0  0.79345703125 0.4955357142857143 0.0166015625 0.03571428571428571 0.7900390625 0.4929315476190476 0.79736328125 0.4936294642857143 0.79248046875 0.4999077380952381 0.79034375 0.5047901785714286 0.794921875 0.5047901785714286
0  0.873046875 0.4211309523809524 0.015625 0.03273809523809524 0.869140625 0.4166666666666667 0.876953125 0.4181547619047619 0.8740234375 0.4211309523809524 0.8701171875 0.42857142857142855 0.876953125 0.43005952380952384
0  0.9033203125 0.5141369047619048 0.017578125 0.028273809523809524 0.9012451171875 0.5124627976190477 0.9072265625 0.5124627976190477 0.90478515625 0.5193452380952381 0.9013671875 0.5230654761904762 0.9078369140625 0.5226934523809523
