0  0.111328125 0.21280487804878048 0.037109375 0.045121951219512194 0.094578125 0.19749512195121952 0.1103515625 0.19896585365853656 0.098109375 0.20807926829268292 0.097638671875 0.21807439024390243 0.10587890625 0.21836829268292685
0  0.28173828125 0.20792682926829267 0.0322265625 0.03536585365853658 0.2752294921875 0.19759390243902436 0.2846552734375 0.19785 0.2803515625 0.20424634146341464 0.2772783203125 0.21269024390243904 0.283220703125 0.2124341463414634
0  0.21533203125 0.2329268292682927 0.0458984375 0.04878048780487805 -0.0009765625 -0.0012195121951219512 -0.0009765625 -0.0012195121951219512 -0.0009765625 -0.0012195121951219512 -0.0009765625 -0.0012195121951219512 -0.0009765625 -0.0012195121951219512
0  0.44970703125 0.2 0.0517578125 0.05365853658536585 0.430416015625 0.1834658536585366 0.4441484375 0.18305731707317074 0.430416015625 0.19775731707317074 0.4300888671875 0.21490609756097562 0.4438212890625 0.21409024390243903
0  0.50439453125 0.21646341463414634 0.0478515625 0.042682926829268296 0.4938359375 0.1967987804878049 0.505431640625 0.1975609756097561 0.4898681640625 0.21089999999999998 0.4892578125 0.22347560975609757 0.5042109375 0.22576219512195123
0  0.77587890625 0.24634146341463414 0.0439453125 0.04390243902439024 -0.0009765625 -0.0012195121951219512 -0.0009765625 -0.0012195121951219512 -0.0009765625 -0.0012195121951219512 -0.0009765625 -0.0012195121951219512 -0.0009765625 -0.0012195121951219512
0  0.818359375 0.1926829268292683 0.037109375 0.04390243902439024 0.80870703125 0.18736951219512196 0.8195361328125 0.18589999999999998 0.8115322265625 0.19736463414634145 0.8110615234375 0.2064780487804878 0.817888671875 0.2064780487804878
0  0.97021484375 0.22560975609756098 0.0400390625 0.046341463414634146 0.9563251953125 0.21186341463414635 0.972015625 0.21186341463414635 0.9586396484375 0.2227841463414634 0.9570966796875 0.23466951219512194 0.9699580078125 0.23434756097560974
0  0.2412109375 0.1152439024390244 0.01171875 0.015853658536585366 -0.0009765625 -0.0012195121951219512 -0.0009765625 -0.0012195121951219512 -0.0009765625 -0.0012195121951219512 -0.0009765625 -0.0012195121951219512 -0.0009765625 -0.0012195121951219512
0  0.11474609375 0.12073170731707317 0.0126953125 0.01707317073170732 -0.0009765625 -0.0012195121951219512 -0.0009765625 -0.0012195121951219512 -0.0009765625 -0.0012195121951219512 -0.0009765625 -0.0012195121951219512 -0.0009765625 -0.0012195121951219512
