0  0.04052734375 0.2808219178082192 0.0146484375 0.030821917808219176 -0.0009765625 -0.0017123287671232876 -0.0009765625 -0.0017123287671232876 -0.0009765625 -0.0017123287671232876 -0.0009765625 -0.0017123287671232876 -0.0009765625 -0.0017123287671232876
0  0.12841796875 0.2465753424657534 0.0126953125 0.030821917808219176 -0.0009765625 -0.0017123287671232876 -0.0009765625 -0.0017123287671232876 -0.0009765625 -0.0017123287671232876 -0.0009765625 -0.0017123287671232876 -0.0009765625 -0.0017123287671232876
0  0.1455078125 0.24743150684931506 0.013671875 0.03595890410958904 -0.0009765625 -0.0017123287671232876 -0.0009765625 -0.0017123287671232876 -0.0009765625 -0.0017123287671232876 -0.0009765625 -0.0017123287671232876 -0.0009765625 -0.0017123287671232876
0  0.21484375 0.2568493150684932 0.015625 0.03424657534246575 -0.0009765625 -0.0017123287671232876 -0.0009765625 -0.0017123287671232876 -0.0009765625 -0.0017123287671232876 -0.0009765625 -0.0017123287671232876 -0.0009765625 -0.0017123287671232876
0  0.1826171875 0.3458904109589041 0.013671875 0.03424657534246575 0.17871484375 0.34148801369863013 0.185037109375 0.3408219178082192 0.18073828125 0.34658561643835617 0.179853515625 0.35456678082191784 0.18453125 0.3527928082191781
0  0.14501953125 0.3450342465753425 0.0146484375 0.02910958904109589 0.13908203125 0.34407876712328767 0.14562109375 0.3433150684931507 0.141806640625 0.34847431506849313 0.140171875 0.3536335616438356 0.1458388671875 0.35306164383561645
0  0.06396484375 0.3544520547945205 0.0166015625 0.03424657534246575 0.06029296875 0.34601027397260276 0.066943359375 0.34705479452054794 0.06271484375 0.3529623287671233 0.059970703125 0.3593835616438356 0.065732421875 0.3601712328767123
0  0.14892578125 0.449486301369863 0.0166015625 0.03595890410958904 0.14321875 0.44498458904109583 0.149841796875 0.44214041095890405 0.14794921875 0.45043493150684927 0.146462890625 0.4577808219178082 0.1522744140625 0.45541095890410954
0  0.11865234375 0.449486301369863 0.0166015625 0.032534246575342464 0.1128671875 0.4443270547945206 0.121224609375 0.4443270547945206 0.116044921875 0.45196232876712333 0.11380859375 0.45753595890410964 0.1199296875 0.45671061643835614
0  0.0732421875 0.4392123287671233 0.017578125 0.032534246575342464 0.0681455078125 0.43487842465753423 0.075443359375 0.43446575342465754 0.0710888671875 0.441070205479452 0.0689697265625 0.44767465753424657 0.07403125 0.4474674657534247
0  0.03271484375 0.4297945205479452 0.0146484375 0.0273972602739726 0.02828515625 0.4255753424657534 0.0338310546875 0.4255753424657534 0.03173828125 0.4327294520547945 0.02880859375 0.43639897260273974 0.035400390625 0.43548116438356166
0  0.02783203125 0.5924657534246576 0.0166015625 0.03767123287671233 0.0214150390625 0.5919760273972603 0.02978515625 0.5919760273972603 0.0264365234375 0.5985804794520548 0.0244833984375 0.6046969178082191 0.029505859375 0.6049417808219179
0  0.052734375 0.5950342465753424 0.015625 0.03595890410958904 0.0497265625 0.5923441780821918 0.056396484375 0.5916558219178082 0.052734375 0.5980770547945206 0.0501181640625 0.6026626712328766 0.055611328125 0.6019760273972602
0  0.080078125 0.6001712328767124 0.015625 0.039383561643835614 0.0760322265625 0.5946678082191781 0.0824501953125 0.5949126712328767 0.078404296875 0.6020051369863014 0.0747763671875 0.6095890410958904 0.0811943359375 0.6090993150684931
0  0.107421875 0.5967465753424658 0.015625 0.02910958904109589 0.1026259765625 0.5900582191780822 0.1097109375 0.5929246575342465 0.1043701171875 0.6003784246575342 0.10175390625 0.6032448630136986 0.1053505859375 0.6055376712328767
0  0.16259765625 0.5607876712328768 0.0146484375 0.039383561643835614 0.157505859375 0.5610393835616438 0.1638359375 0.5612928082191782 0.1596640625 0.5703732876712329 0.15880078125 0.5756712328767123 0.161677734375 0.5764280821917809
0  0.19287109375 0.5565068493150684 0.0185546875 0.04452054794520548 0.1910576171875 0.5582499999999999 0.198015625 0.5594109589041096 0.19437109375 0.5666746575342465 0.1898974609375 0.5707397260273973 0.1938740234375 0.5721934931506849
0  0.27197265625 0.5804794520547946 0.0166015625 0.03767123287671233 0.266736328125 0.5788664383561644 0.273498046875 0.5758390410958905 0.2707646484375 0.5831541095890411 0.268462890625 0.5897140410958903 0.27565625 0.589208904109589
0  0.28955078125 0.634417808219178 0.0166015625 0.04280821917808219 0.285923828125 0.6272328767123287 0.2936142578125 0.6280582191780822 0.2889052734375 0.6365890410958903 0.285453125 0.6429178082191781 0.2923583984375 0.6437431506849316
0  0.2451171875 0.3672945205479452 0.013671875 0.02910958904109589 -0.0009765625 -0.0017123287671232876 -0.0009765625 -0.0017123287671232876 -0.0009765625 -0.0017123287671232876 -0.0009765625 -0.0017123287671232876 -0.0009765625 -0.0017123287671232876
0  0.30419921875 0.3424657534246575 0.0146484375 0.030821917808219176 0.30450390625 0.33928595890410956 0.3088115234375 0.33928595890410956 0.307677734375 0.3452482876712329 0.3052978515625 0.3508133561643836 0.3085849609375 0.35101198630136987
0  0.27783203125 0.4683219178082192 0.0166015625 0.03595890410958904 0.2756826171875 0.4621763698630137 0.28263671875 0.460181506849315 0.2803603515625 0.4683835616438356 0.277453125 0.47459075342465756 0.2823837890625 0.47303767123287677
0  0.24951171875 0.4726027397260274 0.0146484375 0.030821917808219176 -0.0009765625 -0.0017123287671232876 -0.0009765625 -0.0017123287671232876 -0.0009765625 -0.0017123287671232876 -0.0009765625 -0.0017123287671232876 -0.0009765625 -0.0017123287671232876
0  0.23095703125 0.2525684931506849 0.0126953125 0.032534246575342464 0.2264404296875 0.24700342465753425 0.2320556640625 0.246361301369863 0.2276611328125 0.2532106164383562 0.227783203125 0.2598458904109589 0.2314453125 0.2592037671232877
0  0.3046875 0.2345890410958904 0.015625 0.03424657534246575 -0.0009765625 -0.0017123287671232876 -0.0009765625 -0.0017123287671232876 -0.0009765625 -0.0017123287671232876 -0.0009765625 -0.0017123287671232876 -0.0009765625 -0.0017123287671232876
0  0.3447265625 0.3261986301369863 0.017578125 0.032534246575342464 -0.0009765625 -0.0017123287671232876 -0.0009765625 -0.0017123287671232876 -0.0009765625 -0.0017123287671232876 -0.0009765625 -0.0017123287671232876 -0.0009765625 -0.0017123287671232876
0  0.38037109375 0.23373287671232876 0.0146484375 0.032534246575342464 0.37646484375 0.22795376712328766 0.3828125 0.22752568493150685 0.379150390625 0.23544520547945205 0.3765869140625 0.2401541095890411 0.382568359375 0.2405821917808219
0  0.46630859375 0.24486301369863014 0.0126953125 0.0273972602739726 -0.0009765625 -0.0017123287671232876 -0.0009765625 -0.0017123287671232876 -0.0009765625 -0.0017123287671232876 -0.0009765625 -0.0017123287671232876 -0.0009765625 -0.0017123287671232876
0  0.48974609375 0.2422945205479452 0.0107421875 0.02910958904109589 -0.0009765625 -0.0017123287671232876 -0.0009765625 -0.0017123287671232876 -0.0009765625 -0.0017123287671232876 -0.0009765625 -0.0017123287671232876 -0.0009765625 -0.0017123287671232876
0  0.5615234375 0.24315068493150685 0.015625 0.0273972602739726 0.558349609375 0.2364845890410959 0.5646279296875 0.2363013698630137 0.5611748046875 0.24143835616438356 0.558349609375 0.2467585616438356 0.5635810546875 0.2465753424657534
0  0.57177734375 0.3279109589041096 0.0166015625 0.032534246575342464 0.5690703125 0.32351541095890407 0.5758974609375 0.3239280821917808 0.5723662109375 0.3286746575342466 0.5702470703125 0.33610616438356167 0.573896484375 0.33672431506849315
0  0.47216796875 0.3270547945205479 0.0166015625 0.030821917808219176 0.4665791015625 0.32228424657534244 0.474966796875 0.3214897260273973 0.4704326171875 0.32784931506849313 0.468732421875 0.33321575342465753 0.474513671875 0.3326198630136986
0  0.515625 0.4443493150684932 0.015625 0.032534246575342464 0.5133056640625 0.4400684931506849 0.520263671875 0.4407106164383562 0.5174560546875 0.4479880136986301 0.5142822265625 0.4539811643835616 0.51806640625 0.4539811643835616
0  0.66357421875 0.2320205479452055 0.0146484375 0.02910958904109589 0.6606796875 0.22694520547945204 0.6657021484375 0.22676198630136987 0.6625625 0.23299828767123287 0.6604697265625 0.23685102739726027 0.664759765625 0.23685102739726027
0  0.61376953125 0.24315068493150685 0.0126953125 0.0273972602739726 -0.0009765625 -0.0017123287671232876 -0.0009765625 -0.0017123287671232876 -0.0009765625 -0.0017123287671232876 -0.0009765625 -0.0017123287671232876 -0.0009765625 -0.0017123287671232876
0  0.671875 0.2970890410958904 0.013671875 0.032534246575342464 -0.0009765625 -0.0017123287671232876 -0.0009765625 -0.0017123287671232876 -0.0009765625 -0.0017123287671232876 -0.0009765625 -0.0017123287671232876 -0.0009765625 -0.0017123287671232876
0  0.77880859375 0.20976027397260275 0.0146484375 0.02910958904109589 0.7769033203125 0.20555650684931506 0.7826796875 0.20498287671232876 0.7802822265625 0.21109760273972603 0.7781025390625 0.21644863013698631 0.78158984375 0.21606678082191783
0  0.75439453125 0.2208904109589041 0.0146484375 0.030821917808219176 -0.0009765625 -0.0017123287671232876 -0.0009765625 -0.0017123287671232876 -0.0009765625 -0.0017123287671232876 -0.0009765625 -0.0017123287671232876 -0.0009765625 -0.0017123287671232876
0  0.75732421875 0.2945205479452055 0.0166015625 0.03424657534246575 0.7531865234375 0.28501883561643837 0.761025390625 0.28501883561643837 0.7569794921875 0.2912260273972603 0.7528076171875 0.30009246575342463 0.75976171875 0.30031506849315065
0  0.72314453125 0.3013698630136986 0.0166015625 0.030821917808219176 0.718654296875 0.29659931506849313 0.725681640625 0.29699657534246576 0.72228125 0.30196575342465753 0.719560546875 0.3063390410958904 0.724775390625 0.30713356164383565
0  0.96337890625 0.3227739726027397 0.0146484375 0.03595890410958904 0.9597822265625 0.32111472602739727 0.9658642578125 0.3199297945205479 0.962890625 0.32609246575342465 0.961404296875 0.33225342465753427 0.9659990234375 0.3315428082191781
0  0.8486328125 0.2996575342465753 0.015625 0.03424657534246575 0.84536328125 0.29525513698630135 0.8516845703125 0.2943681506849315 0.8487763671875 0.2992448630136986 0.846626953125 0.30722602739726024 0.8520634765625 0.30678253424657537
0  0.8681640625 0.3433219178082192 0.013671875 0.03595890410958904 0.864296875 0.3406609589041096 0.8707841796875 0.33971404109589043 0.8672705078125 0.34540068493150683 0.8653779296875 0.34848116438356164 0.8726767578125 0.3480085616438356
0  0.84228515625 0.3373287671232877 0.0146484375 0.03767123287671233 0.8419365234375 0.32901198630136985 0.8482138671875 0.3304794520547945 0.8452841796875 0.3365941780821918 0.841517578125 0.3441780821917808 0.845703125 0.34442294520547945
0  0.9228515625 0.363013698630137 0.015625 0.0273972602739726 -0.0009765625 -0.0017123287671232876 -0.0009765625 -0.0017123287671232876 -0.0009765625 -0.0017123287671232876 -0.0009765625 -0.0017123287671232876 -0.0009765625 -0.0017123287671232876
0  0.9228515625 0.4315068493150685 0.017578125 0.03767123287671233 0.9189453125 0.4288167808219178 0.9262001953125 0.42954965753424657 0.921875 0.43395376712328765 0.919224609375 0.4393339041095891 0.9253623046875 0.4405582191780822
0  0.880859375 0.4537671232876712 0.015625 0.03424657534246575 -0.0009765625 -0.0017123287671232876 -0.0009765625 -0.0017123287671232876 -0.0009765625 -0.0017123287671232876 -0.0009765625 -0.0017123287671232876 -0.0009765625 -0.0017123287671232876
0  0.84326171875 0.4349315068493151 0.0146484375 0.03424657534246575 0.8399921875 0.4323013698630137 0.8440380859375 0.43473972602739724 0.839486328125 0.4378441780821918 0.83796875 0.4438287671232877 0.84037109375 0.4447157534246575
0  0.806640625 0.4537671232876712 0.017578125 0.03767123287671233 0.8062353515625 0.4529109589041096 0.8133984375 0.450777397260274 0.8131279296875 0.45788698630136987 0.8079921875 0.4638116438356164 0.8129921875 0.46357534246575344
0  0.89013671875 0.535958904109589 0.0185546875 0.05136986301369863 0.89066015625 0.5337876712328767 0.8959091796875 0.5341164383561643 0.8955341796875 0.5416763698630137 0.89141015625 0.5495650684931507 0.8949716796875 0.5495650684931507
0  0.62841796875 0.4366438356164384 0.0126953125 0.030821917808219176 0.62188671875 0.43088013698630134 0.6280078125 0.43068150684931505 0.6232470703125 0.4384332191780822 0.623587890625 0.4447928082191781 0.627328125 0.44459417808219176
0  0.5908203125 0.4546232876712329 0.015625 0.02910958904109589 -0.0009765625 -0.0017123287671232876 -0.0009765625 -0.0017123287671232876 -0.0009765625 -0.0017123287671232876 -0.0009765625 -0.0017123287671232876 -0.0009765625 -0.0017123287671232876
0  0.53564453125 0.4537671232876712 0.0166015625 0.030821917808219176 0.53113671875 0.4487825342465753 0.53819921875 0.4487825342465753 0.535021484375 0.4558013698630137 0.532078125 0.45930993150684934 0.538552734375 0.45930993150684934
0  0.5361328125 0.5659246575342466 0.015625 0.039383561643835614 0.5322353515625 0.5603904109589041 0.5392021484375 0.5619503424657534 0.534310546875 0.5692277397260274 0.5320869140625 0.5759845890410958 0.5378681640625 0.5762448630136986
0  0.34765625 0.4606164383561644 0.013671875 0.030821917808219176 0.343845703125 0.4532619863013698 0.349626953125 0.4532619863013698 0.34633984375 0.46160958904109584 0.3445263671875 0.46558561643835616 0.349400390625 0.4653869863013699
0  0.38037109375 0.5222602739726028 0.0166015625 0.04452054794520548 0.37601171875 0.5194246575342466 0.3824638671875 0.5194246575342466 0.37875390625 0.5262123287671233 0.3753662109375 0.5318698630136987 0.38423828125 0.5318698630136987
0  0.35302734375 0.5684931506849316 0.0166015625 0.0410958904109589 0.3489814453125 0.5647020547945205 0.3557998046875 0.5626215753424658 0.3517978515625 0.5693801369863013 0.351056640625 0.5776969178082192 0.356392578125 0.5753578767123287
0  0.4267578125 0.5445205479452054 0.015625 0.04452054794520548 0.421796875 0.5387414383561644 0.4295830078125 0.5390325342465754 0.4256064453125 0.546875 0.422625 0.5526849315068493 0.4299140625 0.5521044520547945
0  0.44482421875 0.4477739726027397 0.0146484375 0.032534246575342464 0.4415283203125 0.4419948630136986 0.447021484375 0.4413527397260274 0.443359375 0.4479880136986301 0.4420166015625 0.4537671232876712 0.4462890625 0.4537671232876712
0  0.72021484375 0.4452054794520548 0.0146484375 0.0410958904109589 0.7212216796875 0.4424760273972603 0.7270205078125 0.4419417808219178 0.725494140625 0.4497003424657534 0.720763671875 0.4539811643835616 0.7262578125 0.45317808219178085
0  0.76708984375 0.4400684931506849 0.0146484375 0.03767123287671233 0.7653330078125 0.43873801369863014 0.7715498046875 0.4389760273972603 0.768576171875 0.4446626712328767 0.76438671875 0.4503493150684932 0.7722255859375 0.449638698630137
0  0.76904296875 0.5565068493150684 0.0185546875 0.04452054794520548 0.7738564453125 0.5550856164383562 0.77584375 0.5536318493150686 0.7781630859375 0.5623476027397261 0.7738564453125 0.5710616438356164 0.774849609375 0.5698989726027398
0  0.697265625 0.5804794520547946 0.015625 0.0410958904109589 0.692931640625 0.578820205479452 0.699951171875 0.5793561643835616 0.695373046875 0.5871147260273972 0.692779296875 0.5927328767123288 0.69903515625 0.5927328767123288
0  0.7236328125 0.586472602739726 0.015625 0.04280821917808219 -0.0009765625 -0.0017123287671232876 -0.0009765625 -0.0017123287671232876 -0.0009765625 -0.0017123287671232876 -0.0009765625 -0.0017123287671232876 -0.0009765625 -0.0017123287671232876
0  0.64453125 0.5924657534246576 0.015625 0.0410958904109589 -0.0009765625 -0.0017123287671232876 -0.0009765625 -0.0017123287671232876 -0.0009765625 -0.0017123287671232876 -0.0009765625 -0.0017123287671232876 -0.0009765625 -0.0017123287671232876
0  0.828125 0.571917808219178 0.015625 0.03767123287671233 0.8252646484375 0.5662910958904109 0.8258232421875 0.5662910958904109 0.8209404296875 0.5728955479452055 0.8231728515625 0.5824366438356164 0.82373046875 0.5826815068493151
0  0.60009765625 0.5821917808219178 0.0146484375 0.03767123287671233 0.5959599609375 0.5810993150684932 0.6028525390625 0.5820462328767123 0.5986630859375 0.5905770547945205 0.59690625 0.5938955479452055 0.60163671875 0.5943698630136987
0  0.5546875 0.5967465753424658 0.015625 0.039383561643835614 0.5506025390625 0.5944760273972602 0.557939453125 0.5944760273972602 0.5539111328125 0.6025479452054794 0.55175390625 0.6068373287671233 0.557939453125 0.6055753424657534
0  0.494140625 0.636986301369863 0.015625 0.04452054794520548 0.4896201171875 0.6338681506849314 0.497201171875 0.6372619863013699 0.4918779296875 0.643484589041096 0.4894580078125 0.6482928082191781 0.494458984375 0.6511198630136986
0  0.43798828125 0.3270547945205479 0.0146484375 0.030821917808219176 -0.0009765625 -0.0017123287671232876 -0.0009765625 -0.0017123287671232876 -0.0009765625 -0.0017123287671232876 -0.0009765625 -0.0017123287671232876 -0.0009765625 -0.0017123287671232876
0  0.0029296875 0.5616438356164384 0.005859375 0.0410958904109589 -0.0009765625 -0.0017123287671232876 -0.0009765625 -0.0017123287671232876 -0.0009765625 -0.0017123287671232876 -0.0009765625 -0.0017123287671232876 -0.0009765625 -0.0017123287671232876
0  0.00341796875 0.3441780821917808 0.0068359375 0.03424657534246575 -0.0009765625 -0.0017123287671232876 -0.0009765625 -0.0017123287671232876 -0.0009765625 -0.0017123287671232876 -0.0009765625 -0.0017123287671232876 -0.0009765625 -0.0017123287671232876
0  0.9921875 0.4486301369863014 0.013671875 0.030821917808219176 0.988974609375 0.44344006849315065 0.994625 0.4424075342465753 0.9913291015625 0.4483938356164384 0.99026953125 0.45252054794520546 0.995212890625 0.4516952054794521
