0  0.09619140625 0.5651041666666666 0.0732421875 0.12239583333333333 0.0962783203125 0.545921875 0.126203125 0.5497578125 0.1187216796875 0.5689401041666667 0.095703125 0.588890625 0.1175712890625 0.59426171875
0  0.1396484375 0.546875 0.052734375 0.10677083333333333 0.09769140625 0.5448515625 0.124494140625 0.5515950520833334 0.11640234375 0.5711497395833333 0.09769140625 0.58935546875 0.117919921875 0.5940755208333334
0  0.02001953125 0.501953125 0.0361328125 0.09505208333333333 -0.0009765625 -0.0013020833333333333 -0.0009765625 -0.0013020833333333333 -0.0009765625 -0.0013020833333333333 -0.0009765625 -0.0013020833333333333 -0.0009765625 -0.0013020833333333333
0  0.05224609375 0.4147135416666667 0.0458984375 0.08984375 0.0610615234375 0.40044270833333334 0.06825 0.39818749999999997 0.07290234375 0.4134114583333333 0.064021484375 0.4337096354166667 0.070365234375 0.43145442708333337
0  0.1748046875 0.4485677083333333 0.041015625 0.10286458333333333 0.1593193359375 0.4356510416666666 0.1781923828125 0.4311354166666667 0.1583515625 0.4524270833333333 0.1636748046875 0.47436458333333337 0.177224609375 0.47113932291666666
0  0.10791015625 0.4518229166666667 0.0185546875 0.0390625 -0.0009765625 -0.0013020833333333333 -0.0009765625 -0.0013020833333333333 -0.0009765625 -0.0013020833333333333 -0.0009765625 -0.0013020833333333333 -0.0009765625 -0.0013020833333333333
0  0.39794921875 0.3919270833333333 0.2431640625 0.3958333333333333 0.3043828125 0.3267421875 0.399322265625 0.3019205729166667 0.324859375 0.3863125 0.324859375 0.4955234375 0.4030458984375 0.47814973958333334
0  0.61279296875 0.4635416666666667 0.0263671875 0.0546875 0.6176796875 0.45020052083333334 0.61948046875 0.44985807291666663 0.624625 0.4598033854166667 0.6189658203125 0.4724934895833333 0.61973828125 0.4718072916666667
0  0.66748046875 0.4973958333333333 0.0400390625 0.0625 0.6570654296875 0.4855143229166667 0.6745126953125 0.48591536458333334 0.66548828125 0.49514062499999995 0.6564638671875 0.5087773437499999 0.6742119140625 0.5091783854166666
0  0.638671875 0.43359375 0.01953125 0.0390625 0.635689453125 0.42694401041666663 0.6447060546875 0.42822265625 0.6420205078125 0.4343606770833333 0.6358818359375 0.43998828125 0.64374609375 0.44024348958333337
0  0.67333984375 0.396484375 0.0185546875 0.029947916666666668 -0.0009765625 -0.0013020833333333333 -0.0009765625 -0.0013020833333333333 -0.0009765625 -0.0013020833333333333 -0.0009765625 -0.0013020833333333333 -0.0009765625 -0.0013020833333333333
0  0.6953125 0.431640625 0.017578125 0.037760416666666664 -0.0009765625 -0.0013020833333333333 -0.0009765625 -0.0013020833333333333 -0.0009765625 -0.0013020833333333333 -0.0009765625 -0.0013020833333333333 -0.0009765625 -0.0013020833333333333
0  0.7275390625 0.4361979166666667 0.02734375 0.041666666666666664 0.732251953125 0.4295299479166667 0.7351943359375 0.4295299479166667 0.737548828125 0.43633203125000003 0.734998046875 0.4441783854166667 0.737548828125 0.4441783854166667
0  0.65625 0.41015625 0.013671875 0.0234375 -0.0009765625 -0.0013020833333333333 -0.0009765625 -0.0013020833333333333 -0.0009765625 -0.0013020833333333333 -0.0009765625 -0.0013020833333333333 -0.0009765625 -0.0013020833333333333
0  0.73291015625 0.4140625 0.0166015625 0.026041666666666668 -0.0009765625 -0.0013020833333333333 -0.0009765625 -0.0013020833333333333 -0.0009765625 -0.0013020833333333333 -0.0009765625 -0.0013020833333333333 -0.0009765625 -0.0013020833333333333
0  0.76513671875 0.5533854166666666 0.0673828125 0.1328125 0.74267578125 0.52492578125 0.7564873046875 0.5257630208333334 0.737025390625 0.5575703125 0.743931640625 0.5826822916666666 0.757115234375 0.5843567708333334
0  0.96337890625 0.65625 0.0673828125 0.21614583333333334 0.9818984375 0.6217395833333333 0.990025390625 0.61767578125 1.0083095703125 0.6488268229166666 0.992056640625 0.7070664062500001 0.992056640625 0.7070664062500001
0  0.99169921875 0.4244791666666667 0.0146484375 0.08072916666666667 0.9952216796875 0.4122018229166667 0.9986748046875 0.4127135416666667 0.985630859375 0.42652473958333337 0.9913857421875 0.4423828125 0.9944541015625 0.44289453124999995
0  0.9384765625 0.474609375 0.021484375 0.032552083333333336 0.9334755859375 0.47094140624999997 0.93525 0.47051171875000003 0.93460546875 0.47674869791666663 0.9384765625 0.4801901041666667 0.9389609375 0.4797591145833333
0  0.96044921875 0.5045572916666666 0.0185546875 0.02734375 -0.0009765625 -0.0013020833333333333 -0.0009765625 -0.0013020833333333333 -0.0009765625 -0.0013020833333333333 -0.0009765625 -0.0013020833333333333 -0.0009765625 -0.0013020833333333333
0  0.90380859375 0.4453125 0.0224609375 0.0390625 -0.0009765625 -0.0013020833333333333 -0.0009765625 -0.0013020833333333333 -0.0009765625 -0.0013020833333333333 -0.0009765625 -0.0013020833333333333 -0.0009765625 -0.0013020833333333333
0  0.86572265625 0.4322916666666667 0.0205078125 0.052083333333333336 -0.0009765625 -0.0013020833333333333 -0.0009765625 -0.0013020833333333333 -0.0009765625 -0.0013020833333333333 -0.0009765625 -0.0013020833333333333 -0.0009765625 -0.0013020833333333333
0  0.92919921875 0.44140625 0.0146484375 0.026041666666666668 -0.0009765625 -0.0013020833333333333 -0.0009765625 -0.0013020833333333333 -0.0009765625 -0.0013020833333333333 -0.0009765625 -0.0013020833333333333 -0.0009765625 -0.0013020833333333333
0  0.9326171875 0.4166666666666667 0.009765625 0.018229166666666668 -0.0009765625 -0.0013020833333333333 -0.0009765625 -0.0013020833333333333 -0.0009765625 -0.0013020833333333333 -0.0009765625 -0.0013020833333333333 -0.0009765625 -0.0013020833333333333
0  0.96240234375 0.421875 0.0068359375 0.013020833333333334 -0.0009765625 -0.0013020833333333333 -0.0009765625 -0.0013020833333333333 -0.0009765625 -0.0013020833333333333 -0.0009765625 -0.0013020833333333333 -0.0009765625 -0.0013020833333333333
0  0.61474609375 0.3860677083333333 0.0087890625 0.024739583333333332 -0.0009765625 -0.0013020833333333333 -0.0009765625 -0.0013020833333333333 -0.0009765625 -0.0013020833333333333 -0.0009765625 -0.0013020833333333333 -0.0009765625 -0.0013020833333333333
