0  0.67626953125 0.3587239583333333 0.0283203125 0.045572916666666664 0.6755107421875 0.3513880208333333 0.684666015625 0.34848177083333337 0.6844482421875 0.3560390625 0.677037109375 0.36504817708333337 0.6837939453125 0.3621419270833333
0  0.607421875 0.3548177083333333 0.0390625 0.055989583333333336 0.6064013671875 0.34110546875 0.6223583984375 0.34004166666666663 0.618103515625 0.35209765625 0.6090615234375 0.3648619791666667 0.62315625 0.36450781250000003
0  0.50634765625 0.3704427083333333 0.0302734375 0.048177083333333336 0.5017783203125 0.3567942708333333 0.5167412109375 0.35619010416666663 0.5103935546875 0.3661640625 0.5051796875 0.3776510416666667 0.5142470703125 0.3770455729166667
0  0.4482421875 0.3776041666666667 0.04296875 0.057291666666666664 0.443751953125 0.3604440104166667 0.4613212890625 0.35936328125 0.454833984375 0.36909375 0.4448330078125 0.38495182291666663 0.461861328125 0.3845911458333333
0  0.4130859375 0.369140625 0.021484375 0.03515625 0.4127890625 0.35718359375000003 0.4202705078125 0.35718359375000003 0.41891015625 0.36489192708333335 0.412279296875 0.3739596354166667 0.4201005859375 0.37441276041666666
0  0.3759765625 0.3951822916666667 0.02734375 0.040364583333333336 0.3740234375 0.3815104166666667 0.38671875 0.3815104166666667 0.3837890625 0.390625 0.3779296875 0.4010416666666667 0.388671875 0.4010416666666667
0  0.32666015625 0.3834635416666667 0.0185546875 0.040364583333333336 0.326171875 0.375 0.337890625 0.375 0.333984375 0.3815104166666667 0.3291015625 0.390625 0.3359375 0.3919270833333333
0  0.27783203125 0.3958333333333333 0.0185546875 0.026041666666666668 0.2730625 0.38911328125 0.2817861328125 0.3886080729166667 0.2762236328125 0.39450781250000005 0.272556640625 0.40141927083333334 0.2819130859375 0.40141927083333334
0  0.2197265625 0.3912760416666667 0.017578125 0.02734375 0.215671875 0.3874921875 0.2248623046875 0.38623046875 0.2197265625 0.3907356770833333 0.217564453125 0.39722265625000003 0.2248623046875 0.39704296874999995
0  0.24658203125 0.34375 0.0166015625 0.018229166666666668 0.2447333984375 0.34002994791666663 0.2514296875 0.3391927083333333 0.2493369140625 0.3426809895833333 0.246302734375 0.34686588541666663 0.2505927734375 0.34644661458333337
0  0.2568359375 0.3411458333333333 0.009765625 0.020833333333333332 -0.0009765625 -0.0013020833333333333 -0.0009765625 -0.0013020833333333333 -0.0009765625 -0.0013020833333333333 -0.0009765625 -0.0013020833333333333 -0.0009765625 -0.0013020833333333333
0  0.26904296875 0.3411458333333333 0.0087890625 0.015625 -0.0009765625 -0.0013020833333333333 -0.0009765625 -0.0013020833333333333 -0.0009765625 -0.0013020833333333333 -0.0009765625 -0.0013020833333333333 -0.0009765625 -0.0013020833333333333
0  0.2802734375 0.3470052083333333 0.009765625 0.014322916666666666 0.2792275390625 0.34691276041666663 0.2818779296875 0.34691276041666663 0.2803427734375 0.3498880208333333 0.279296875 0.35212109374999995 0.2809013671875 0.3522135416666667
0  0.21533203125 0.365234375 0.0166015625 0.022135416666666668 0.2099609375 0.3619791666666667 0.21875 0.3606770833333333 0.21484375 0.3658854166666667 0.2119140625 0.3697916666666667 0.21875 0.3697916666666667
0  0.17822265625 0.349609375 0.0087890625 0.014322916666666666 0.176103515625 0.3492135416666667 0.179142578125 0.34941145833333337 0.177734375 0.35267317708333334 0.176177734375 0.35445182291666666 0.1783271484375 0.35455078125
0  0.18896484375 0.34375 0.0107421875 0.013020833333333334 -0.0009765625 -0.0013020833333333333 -0.0009765625 -0.0013020833333333333 -0.0009765625 -0.0013020833333333333 -0.0009765625 -0.0013020833333333333 -0.0009765625 -0.0013020833333333333
0  0.0126953125 0.3248697916666667 0.005859375 0.009114583333333334 -0.0009765625 -0.0013020833333333333 -0.0009765625 -0.0013020833333333333 -0.0009765625 -0.0013020833333333333 -0.0009765625 -0.0013020833333333333 -0.0009765625 -0.0013020833333333333
0  0.15771484375 0.328125 0.0048828125 0.0078125 -0.0009765625 -0.0013020833333333333 -0.0009765625 -0.0013020833333333333 -0.0009765625 -0.0013020833333333333 -0.0009765625 -0.0013020833333333333 -0.0009765625 -0.0013020833333333333
0  0.119140625 0.328125 0.005859375 0.0078125 -0.0009765625 -0.0013020833333333333 -0.0009765625 -0.0013020833333333333 -0.0009765625 -0.0013020833333333333 -0.0009765625 -0.0013020833333333333 -0.0009765625 -0.0013020833333333333
0  0.1123046875 0.3483072916666667 0.0078125 0.01171875 -0.0009765625 -0.0013020833333333333 -0.0009765625 -0.0013020833333333333 -0.0009765625 -0.0013020833333333333 -0.0009765625 -0.0013020833333333333 -0.0009765625 -0.0013020833333333333
0  0.1806640625 0.3125 0.005859375 0.0078125 -0.0009765625 -0.0013020833333333333 -0.0009765625 -0.0013020833333333333 -0.0009765625 -0.0013020833333333333 -0.0009765625 -0.0013020833333333333 -0.0009765625 -0.0013020833333333333
0  0.2080078125 0.310546875 0.005859375 0.009114583333333334 -0.0009765625 -0.0013020833333333333 -0.0009765625 -0.0013020833333333333 -0.0009765625 -0.0013020833333333333 -0.0009765625 -0.0013020833333333333 -0.0009765625 -0.0013020833333333333
0  0.26611328125 0.3079427083333333 0.0068359375 0.01171875 -0.0009765625 -0.0013020833333333333 -0.0009765625 -0.0013020833333333333 -0.0009765625 -0.0013020833333333333 -0.0009765625 -0.0013020833333333333 -0.0009765625 -0.0013020833333333333
0  0.1669921875 0.3255208333333333 0.005859375 0.010416666666666666 -0.0009765625 -0.0013020833333333333 -0.0009765625 -0.0013020833333333333 -0.0009765625 -0.0013020833333333333 -0.0009765625 -0.0013020833333333333 -0.0009765625 -0.0013020833333333333
0  0.3935546875 0.3385416666666667 0.01171875 0.020833333333333332 0.3915322265625 0.3362161458333333 0.3961357421875 0.3362161458333333 0.3935458984375 0.33890234375 0.392875 0.3428658854166667 0.39584765625 0.3428658854166667
0  0.52490234375 0.3203125 0.0068359375 0.010416666666666666 -0.0009765625 -0.0013020833333333333 -0.0009765625 -0.0013020833333333333 -0.0009765625 -0.0013020833333333333 -0.0009765625 -0.0013020833333333333 -0.0009765625 -0.0013020833333333333
0  0.7216796875 0.3951822916666667 0.03515625 0.05859375 0.722865234375 0.39043880208333337 0.734583984375 0.3893229166666667 0.73681640625 0.39899609374999995 0.7295615234375 0.41350390625000005 0.73681640625 0.41164453124999995
