0  0.98388671875 0.6875 0.0126953125 0.022727272727272728 -0.0009765625 -0.0014204545454545455 -0.0009765625 -0.0014204545454545455 -0.0009765625 -0.0014204545454545455 -0.0009765625 -0.0014204545454545455 -0.0009765625 -0.0014204545454545455
0  0.87548828125 0.7038352272727273 0.0126953125 0.02130681818181818 -0.0009765625 -0.0014204545454545455 -0.0009765625 -0.0014204545454545455 -0.0009765625 -0.0014204545454545455 -0.0009765625 -0.0014204545454545455 -0.0009765625 -0.0014204545454545455
0  0.83935546875 0.6761363636363636 0.0146484375 0.022727272727272728 -0.0009765625 -0.0014204545454545455 -0.0009765625 -0.0014204545454545455 -0.0009765625 -0.0014204545454545455 -0.0009765625 -0.0014204545454545455 -0.0009765625 -0.0014204545454545455
0  0.76904296875 0.6974431818181818 0.0126953125 0.02556818181818182 -0.0009765625 -0.0014204545454545455 -0.0009765625 -0.0014204545454545455 -0.0009765625 -0.0014204545454545455 -0.0009765625 -0.0014204545454545455 -0.0009765625 -0.0014204545454545455
0  0.794921875 0.6846590909090909 0.015625 0.02556818181818182 -0.0009765625 -0.0014204545454545455 -0.0009765625 -0.0014204545454545455 -0.0009765625 -0.0014204545454545455 -0.0009765625 -0.0014204545454545455 -0.0009765625 -0.0014204545454545455
0  0.71484375 0.6903409090909091 0.017578125 0.02556818181818182 -0.0009765625 -0.0014204545454545455 -0.0009765625 -0.0014204545454545455 -0.0009765625 -0.0014204545454545455 -0.0009765625 -0.0014204545454545455 -0.0009765625 -0.0014204545454545455
0  0.65283203125 0.7627840909090909 0.0126953125 0.022727272727272728 0.648646484375 0.7601775568181818 0.653560546875 0.7611988636363637 0.649849609375 0.7649914772727272 0.648646484375 0.7681988636363637 0.6510537109375 0.7690752840909091
0  0.58837890625 0.6782670454545454 0.0126953125 0.026988636363636364 -0.0009765625 -0.0014204545454545455 -0.0009765625 -0.0014204545454545455 -0.0009765625 -0.0014204545454545455 -0.0009765625 -0.0014204545454545455 -0.0009765625 -0.0014204545454545455
0  0.63037109375 0.6860795454545454 0.0126953125 0.019886363636363636 -0.0009765625 -0.0014204545454545455 -0.0009765625 -0.0014204545454545455 -0.0009765625 -0.0014204545454545455 -0.0009765625 -0.0014204545454545455 -0.0009765625 -0.0014204545454545455
0  0.60205078125 0.6399147727272727 0.0087890625 0.018465909090909092 -0.0009765625 -0.0014204545454545455 -0.0009765625 -0.0014204545454545455 -0.0009765625 -0.0014204545454545455 -0.0009765625 -0.0014204545454545455 -0.0009765625 -0.0014204545454545455
0  0.509765625 0.6931818181818182 0.015625 0.022727272727272728 0.5062431640625 0.6878039772727272 0.50927734375 0.6893267045454545 0.5031044921875 0.6913053977272727 0.5033134765625 0.6963267045454545 0.5069755859375 0.6976974431818181
0  0.5087890625 0.7436079545454546 0.01171875 0.018465909090909092 -0.0009765625 -0.0014204545454545455 -0.0009765625 -0.0014204545454545455 -0.0009765625 -0.0014204545454545455 -0.0009765625 -0.0014204545454545455 -0.0009765625 -0.0014204545454545455
0  0.46240234375 0.6853693181818182 0.0126953125 0.02130681818181818 -0.0009765625 -0.0014204545454545455 -0.0009765625 -0.0014204545454545455 -0.0009765625 -0.0014204545454545455 -0.0009765625 -0.0014204545454545455 -0.0009765625 -0.0014204545454545455
0  0.42626953125 0.7130681818181818 0.0107421875 0.022727272727272728 -0.0009765625 -0.0014204545454545455 -0.0009765625 -0.0014204545454545455 -0.0009765625 -0.0014204545454545455 -0.0009765625 -0.0014204545454545455 -0.0009765625 -0.0014204545454545455
0  0.43701171875 0.6953125 0.0107421875 0.018465909090909092 -0.0009765625 -0.0014204545454545455 -0.0009765625 -0.0014204545454545455 -0.0009765625 -0.0014204545454545455 -0.0009765625 -0.0014204545454545455 -0.0009765625 -0.0014204545454545455
0  0.40673828125 0.6683238636363636 0.0068359375 0.01278409090909091 -0.0009765625 -0.0014204545454545455 -0.0009765625 -0.0014204545454545455 -0.0009765625 -0.0014204545454545455 -0.0009765625 -0.0014204545454545455 -0.0009765625 -0.0014204545454545455
0  0.189453125 0.7322443181818182 0.013671875 0.024147727272727272 0.1883720703125 0.72615625 0.1937080078125 0.7263082386363636 0.1909873046875 0.7314829545454546 0.188685546875 0.7358963068181819 0.192662109375 0.7357443181818183
0  0.19775390625 0.7819602272727273 0.0126953125 0.02130681818181818 -0.0009765625 -0.0014204545454545455 -0.0009765625 -0.0014204545454545455 -0.0009765625 -0.0014204545454545455 -0.0009765625 -0.0014204545454545455 -0.0009765625 -0.0014204545454545455
0  0.1240234375 0.7400568181818182 0.013671875 0.022727272727272728 -0.0009765625 -0.0014204545454545455 -0.0009765625 -0.0014204545454545455 -0.0009765625 -0.0014204545454545455 -0.0009765625 -0.0014204545454545455 -0.0009765625 -0.0014204545454545455
0  0.13134765625 0.7123579545454546 0.0146484375 0.024147727272727272 -0.0009765625 -0.0014204545454545455 -0.0009765625 -0.0014204545454545455 -0.0009765625 -0.0014204545454545455 -0.0009765625 -0.0014204545454545455 -0.0009765625 -0.0014204545454545455
0  0.1083984375 0.6953125 0.01171875 0.024147727272727272 -0.0009765625 -0.0014204545454545455 -0.0009765625 -0.0014204545454545455 -0.0009765625 -0.0014204545454545455 -0.0009765625 -0.0014204545454545455 -0.0009765625 -0.0014204545454545455
0  0.00634765625 0.7350852272727273 0.0107421875 0.02130681818181818 -0.0009765625 -0.0014204545454545455 -0.0009765625 -0.0014204545454545455 -0.0009765625 -0.0014204545454545455 -0.0009765625 -0.0014204545454545455 -0.0009765625 -0.0014204545454545455
0  0.00927734375 0.6860795454545454 0.0146484375 0.022727272727272728 -0.0009765625 -0.0014204545454545455 -0.0009765625 -0.0014204545454545455 -0.0009765625 -0.0014204545454545455 -0.0009765625 -0.0014204545454545455 -0.0009765625 -0.0014204545454545455
0  0.01025390625 0.640625 0.0107421875 0.022727272727272728 -0.0009765625 -0.0014204545454545455 -0.0009765625 -0.0014204545454545455 -0.0009765625 -0.0014204545454545455 -0.0009765625 -0.0014204545454545455 -0.0009765625 -0.0014204545454545455
0  0.10107421875 0.6626420454545454 0.0126953125 0.02130681818181818 -0.0009765625 -0.0014204545454545455 -0.0009765625 -0.0014204545454545455 -0.0009765625 -0.0014204545454545455 -0.0009765625 -0.0014204545454545455 -0.0009765625 -0.0014204545454545455
0  0.04443359375 0.6732954545454546 0.0107421875 0.017045454545454544 -0.0009765625 -0.0014204545454545455 -0.0009765625 -0.0014204545454545455 -0.0009765625 -0.0014204545454545455 -0.0009765625 -0.0014204545454545455 -0.0009765625 -0.0014204545454545455
0  0.22265625 0.6931818181818182 0.01171875 0.019886363636363636 0.2215048828125 0.6924204545454545 0.226998046875 0.6926747159090909 0.223859375 0.6971136363636363 0.2213310546875 0.7000298295454546 0.224818359375 0.7000298295454546
0  0.232421875 0.6761363636363636 0.009765625 0.019886363636363636 0.231009765625 0.6723068181818181 0.231880859375 0.6723068181818181 0.230486328125 0.6772528409090909 0.2320556640625 0.680549715909091 0.232927734375 0.6804232954545454
0  0.2529296875 0.6690340909090909 0.0078125 0.019886363636363636 -0.0009765625 -0.0014204545454545455 -0.0009765625 -0.0014204545454545455 -0.0009765625 -0.0014204545454545455 -0.0009765625 -0.0014204545454545455 -0.0009765625 -0.0014204545454545455
0  0.18896484375 0.6654829545454546 0.0087890625 0.015625 -0.0009765625 -0.0014204545454545455 -0.0009765625 -0.0014204545454545455 -0.0009765625 -0.0014204545454545455 -0.0009765625 -0.0014204545454545455 -0.0009765625 -0.0014204545454545455
0  0.5205078125 0.6065340909090909 0.0078125 0.011363636363636364 -0.0009765625 -0.0014204545454545455 -0.0009765625 -0.0014204545454545455 -0.0009765625 -0.0014204545454545455 -0.0009765625 -0.0014204545454545455 -0.0009765625 -0.0014204545454545455
0  0.47998046875 0.625 0.0068359375 0.011363636363636364 -0.0009765625 -0.0014204545454545455 -0.0009765625 -0.0014204545454545455 -0.0009765625 -0.0014204545454545455 -0.0009765625 -0.0014204545454545455 -0.0009765625 -0.0014204545454545455
0  0.421875 0.6271306818181818 0.0078125 0.01278409090909091 -0.0009765625 -0.0014204545454545455 -0.0009765625 -0.0014204545454545455 -0.0009765625 -0.0014204545454545455 -0.0009765625 -0.0014204545454545455 -0.0009765625 -0.0014204545454545455
0  0.3984375 0.6313920454545454 0.0078125 0.01278409090909091 -0.0009765625 -0.0014204545454545455 -0.0009765625 -0.0014204545454545455 -0.0009765625 -0.0014204545454545455 -0.0009765625 -0.0014204545454545455 -0.0009765625 -0.0014204545454545455
0  0.30810546875 0.6555397727272727 0.0087890625 0.015625 -0.0009765625 -0.0014204545454545455 -0.0009765625 -0.0014204545454545455 -0.0009765625 -0.0014204545454545455 -0.0009765625 -0.0014204545454545455 -0.0009765625 -0.0014204545454545455
0  0.0556640625 0.7308238636363636 0.01171875 0.02130681818181818 -0.0009765625 -0.0014204545454545455 -0.0009765625 -0.0014204545454545455 -0.0009765625 -0.0014204545454545455 -0.0009765625 -0.0014204545454545455 -0.0009765625 -0.0014204545454545455
0  0.03125 0.7265625 0.01171875 0.024147727272727272 -0.0009765625 -0.0014204545454545455 -0.0009765625 -0.0014204545454545455 -0.0009765625 -0.0014204545454545455 -0.0009765625 -0.0014204545454545455 -0.0009765625 -0.0014204545454545455
0  0.0419921875 0.7166193181818182 0.01171875 0.024147727272727272 -0.0009765625 -0.0014204545454545455 -0.0009765625 -0.0014204545454545455 -0.0009765625 -0.0014204545454545455 -0.0009765625 -0.0014204545454545455 -0.0009765625 -0.0014204545454545455
0  0.150390625 0.6995738636363636 0.01171875 0.02130681818181818 -0.0009765625 -0.0014204545454545455 -0.0009765625 -0.0014204545454545455 -0.0009765625 -0.0014204545454545455 -0.0009765625 -0.0014204545454545455 -0.0009765625 -0.0014204545454545455
0  0.205078125 0.6619318181818182 0.009765625 0.017045454545454544 -0.0009765625 -0.0014204545454545455 -0.0009765625 -0.0014204545454545455 -0.0009765625 -0.0014204545454545455 -0.0009765625 -0.0014204545454545455 -0.0009765625 -0.0014204545454545455
