0  0.0234375 0.5317700453857791 0.017578125 0.03479576399394856 0.0190517578125 0.5255022692889562 0.026759765625 0.524124054462935 0.0227578125 0.5319319213313163 0.0202373046875 0.5399697428139183 0.0261669921875 0.5397397881996974
0  0.05810546875 0.5279878971255674 0.0146484375 0.02723146747352496 0.055009765625 0.521733736762481 0.0618115234375 0.5219092284417549 0.05773046875 0.5284069591527988 0.054103515625 0.5340257186081694 0.0619248046875 0.5350801815431164
0  0.0712890625 0.5438729198184569 0.01171875 0.028744326777609682 -0.0009765625 -0.0015128593040847202 -0.0009765625 -0.0015128593040847202 -0.0009765625 -0.0015128593040847202 -0.0009765625 -0.0015128593040847202 -0.0009765625 -0.0015128593040847202
0  0.08642578125 0.5499243570347958 0.0126953125 0.025718608169440244 0.082912109375 0.546534039334342 0.089373046875 0.545304084720121 0.0851787109375 0.552856278366112 0.083138671875 0.5604069591527987 0.089033203125 0.5605824508320726
0  0.10107421875 0.5635400907715582 0.0126953125 0.025718608169440244 -0.0009765625 -0.0015128593040847202 -0.0009765625 -0.0015128593040847202 -0.0009765625 -0.0015128593040847202 -0.0009765625 -0.0015128593040847202 -0.0009765625 -0.0015128593040847202
0  0.11767578125 0.5695915279878971 0.0126953125 0.028744326777609682 0.112060546875 0.5656202723146747 0.1195068359375 0.5635400907715582 0.1162109375 0.5718608169440242 0.1141357421875 0.5771558245083207 0.1195068359375 0.5760211800302572
0  0.173828125 0.5098335854765507 0.017578125 0.03328290468986384 0.168248046875 0.502052950075643 0.1778740234375 0.5007564296520424 0.1736884765625 0.5098335854765507 0.1697822265625 0.516748865355522 0.1781533203125 0.5163177004538578
0  0.2197265625 0.516641452344932 0.017578125 0.03479576399394856 -0.0009765625 -0.0015128593040847202 -0.0009765625 -0.0015128593040847202 -0.0009765625 -0.0015128593040847202 -0.0009765625 -0.0015128593040847202 -0.0009765625 -0.0015128593040847202
0  0.13427734375 0.573373676248109 0.0107421875 0.02118003025718608 -0.0009765625 -0.0015128593040847202 -0.0009765625 -0.0015128593040847202 -0.0009765625 -0.0015128593040847202 -0.0009765625 -0.0015128593040847202 -0.0009765625 -0.0015128593040847202
0  0.23876953125 0.5219364599092284 0.0126953125 0.02723146747352496 -0.0009765625 -0.0015128593040847202 -0.0009765625 -0.0015128593040847202 -0.0009765625 -0.0015128593040847202 -0.0009765625 -0.0015128593040847202 -0.0009765625 -0.0015128593040847202
0  0.25390625 0.5257186081694403 0.013671875 0.028744326777609682 -0.0009765625 -0.0015128593040847202 -0.0009765625 -0.0015128593040847202 -0.0009765625 -0.0015128593040847202 -0.0009765625 -0.0015128593040847202 -0.0009765625 -0.0015128593040847202
0  0.2666015625 0.5355521936459909 0.013671875 0.024205748865355523 -0.0009765625 -0.0015128593040847202 -0.0009765625 -0.0015128593040847202 -0.0009765625 -0.0015128593040847202 -0.0009765625 -0.0015128593040847202 -0.0009765625 -0.0015128593040847202
0  0.341796875 0.4092284417549168 0.033203125 0.0529500756429652 0.3343330078125 0.40273071104387287 0.3467578125 0.40137972768532526 0.340873046875 0.4104977307110439 0.33694921875 0.4243434190620272 0.3454501953125 0.4243434190620272
0  0.39990234375 0.5098335854765507 0.0146484375 0.03328290468986384 -0.0009765625 -0.0015128593040847202 -0.0009765625 -0.0015128593040847202 -0.0009765625 -0.0015128593040847202 -0.0009765625 -0.0015128593040847202 -0.0009765625 -0.0015128593040847202
0  0.4140625 0.5302571860816944 0.01171875 0.0226928895612708 -0.0009765625 -0.0015128593040847202 -0.0009765625 -0.0015128593040847202 -0.0009765625 -0.0015128593040847202 -0.0009765625 -0.0015128593040847202 -0.0009765625 -0.0015128593040847202
0  0.59228515625 0.5408472012102874 0.0126953125 0.0226928895612708 -0.0009765625 -0.0015128593040847202 -0.0009765625 -0.0015128593040847202 -0.0009765625 -0.0015128593040847202 -0.0009765625 -0.0015128593040847202 -0.0009765625 -0.0015128593040847202
0  0.62353515625 0.5181543116490166 0.0224609375 0.03479576399394856 0.6181552734375 0.5091316187594553 0.628828125 0.5091316187594553 0.6224541015625 0.5167095310136157 0.617859375 0.5238275340393344 0.627345703125 0.5245158850226929
0  0.708984375 0.5665658093797277 0.01171875 0.0226928895612708 0.7068740234375 0.5609062027231467 0.713587890625 0.5610544629349471 0.7104228515625 0.5667004538577912 0.7074501953125 0.5708608169440242 0.7124375 0.5708608169440242
0  0.7236328125 0.5590015128593041 0.01171875 0.0226928895612708 -0.0009765625 -0.0015128593040847202 -0.0009765625 -0.0015128593040847202 -0.0009765625 -0.0015128593040847202 -0.0009765625 -0.0015128593040847202 -0.0009765625 -0.0015128593040847202
0  0.74169921875 0.5438729198184569 0.0146484375 0.028744326777609682 0.7396240234375 0.5393343419062028 0.745849609375 0.5385779122541604 0.7425537109375 0.5467095310136157 0.74072265625 0.5527609682299546 0.7452392578125 0.5527609682299546
0  0.771484375 0.5423600605143721 0.015625 0.03177004538577912 0.7685634765625 0.5354039334341906 0.7762666015625 0.5343570347957639 0.7739697265625 0.5416853252647503 0.771537109375 0.5511059001512859 0.7761318359375 0.5498502269288956
0  0.81982421875 0.516641452344932 0.0205078125 0.037821482602118005 0.8146279296875 0.5066459909228441 0.8234169921875 0.5059167927382754 0.8199638671875 0.5136974281391831 0.8168251953125 0.523178517397882 0.82373046875 0.5229364599092284
0  0.8798828125 0.5711043872919819 0.013671875 0.028744326777609682 0.8765693359375 0.5670378214826022 0.88280859375 0.5672208774583963 0.879865234375 0.571962178517398 0.87586328125 0.5761558245083207 0.8817490234375 0.5765204236006051
0  0.89892578125 0.5521936459909228 0.0146484375 0.02723146747352496 0.894775390625 0.5476278366111952 0.901123046875 0.547803328290469 0.89772265625 0.5534220877458397 0.895455078125 0.5595688350983359 0.8991962890625 0.5595688350983359
0  0.91748046875 0.5468986384266263 0.0146484375 0.03177004538577912 0.9134609375 0.5396580937972768 0.9240546875 0.5400635400907716 0.9190849609375 0.5483706505295007 0.9158154296875 0.5546520423600605 0.9224853515625 0.5552602118003026
0  0.94091796875 0.5317700453857791 0.0185546875 0.03479576399394856 0.9366328125 0.5244145234493192 0.9449765625 0.5235234493192132 0.9410927734375 0.5322163388804841 0.937783203125 0.539125567322239 0.943826171875 0.538679273827534
0  0.9814453125 0.5847201210287444 0.01171875 0.025718608169440244 0.9776875 0.5803298033282905 0.9844443359375 0.5803298033282905 0.9807392578125 0.5848895612708018 0.97866796875 0.5919803328290468 0.9840087890625 0.5916429652042361
0  0.53271484375 0.596822995461422 0.0048828125 0.01059001512859304 -0.0009765625 -0.0015128593040847202 -0.0009765625 -0.0015128593040847202 -0.0009765625 -0.0015128593040847202 -0.0009765625 -0.0015128593040847202 -0.0009765625 -0.0015128593040847202
