0  0.99365234375 0.01072961373390558 0.0087890625 0.02145922746781116 -0.0009765625 -0.001430615164520744 -0.0009765625 -0.001430615164520744 -0.0009765625 -0.001430615164520744 -0.0009765625 -0.001430615164520744 -0.0009765625 -0.001430615164520744
0  0.9482421875 0.04935622317596566 0.015625 0.027181688125894134 -0.0009765625 -0.001430615164520744 -0.0009765625 -0.001430615164520744 -0.0009765625 -0.001430615164520744 -0.0009765625 -0.001430615164520744 -0.0009765625 -0.001430615164520744
0  0.91552734375 0.026466380543633764 0.0146484375 0.032904148783977114 0.9108671875 0.023349070100143064 0.9182041015625 0.022506437768240344 0.9140322265625 0.028618025751072963 0.91173046875 0.03451931330472103 0.916333984375 0.03451931330472103
0  0.96337890625 0.12303290414878398 0.0283203125 0.045779685264663805 -0.0009765625 -0.001430615164520744 -0.0009765625 -0.001430615164520744 -0.0009765625 -0.001430615164520744 -0.0009765625 -0.001430615164520744 -0.0009765625 -0.001430615164520744
0  0.8876953125 0.019313304721030045 0.013671875 0.024320457796852647 0.8839638671875 0.015992846924177396 0.889404296875 0.01430615164520744 0.886998046875 0.01905722460658083 0.8854287109375 0.023656652360515024 0.8887763671875 0.02319599427753934
0  0.90185546875 0.012875536480686695 0.0107421875 0.02575107296137339 -0.0009765625 -0.001430615164520744 -0.0009765625 -0.001430615164520744 -0.0009765625 -0.001430615164520744 -0.0009765625 -0.001430615164520744 -0.0009765625 -0.001430615164520744
0  0.85009765625 0.06223175965665236 0.0107421875 0.024320457796852647 -0.0009765625 -0.001430615164520744 -0.0009765625 -0.001430615164520744 -0.0009765625 -0.001430615164520744 -0.0009765625 -0.001430615164520744 -0.0009765625 -0.001430615164520744
0  0.80517578125 0.060085836909871244 0.0107421875 0.020028612303290415 -0.0009765625 -0.001430615164520744 -0.0009765625 -0.001430615164520744 -0.0009765625 -0.001430615164520744 -0.0009765625 -0.001430615164520744 -0.0009765625 -0.001430615164520744
0  0.79638671875 0.0765379113018598 0.0068359375 0.012875536480686695 -0.0009765625 -0.001430615164520744 -0.0009765625 -0.001430615164520744 -0.0009765625 -0.001430615164520744 -0.0009765625 -0.001430615164520744 -0.0009765625 -0.001430615164520744
0  0.77587890625 0.08655221745350501 0.0126953125 0.02145922746781116 -0.0009765625 -0.001430615164520744 -0.0009765625 -0.001430615164520744 -0.0009765625 -0.001430615164520744 -0.0009765625 -0.001430615164520744 -0.0009765625 -0.001430615164520744
0  0.98291015625 0.21530758226037197 0.0322265625 0.06723891273247497 -0.0009765625 -0.001430615164520744 -0.0009765625 -0.001430615164520744 -0.0009765625 -0.001430615164520744 -0.0009765625 -0.001430615164520744 -0.0009765625 -0.001430615164520744
0  0.91796875 0.18240343347639484 0.017578125 0.032904148783977114 0.9135390625 0.17823319027181686 0.9205888671875 0.17802288984263234 0.91612890625 0.18308011444921315 0.9133955078125 0.1891931330472103 0.9192939453125 0.1891931330472103
0  0.9453125 0.24606580829756797 0.0390625 0.04864091559370529 0.93359375 0.2349785407725322 0.948974609375 0.23462088698140202 0.9384765625 0.2510729613733906 0.93359375 0.25679542203147354 0.949951171875 0.25572246065808296
0  0.8515625 0.19098712446351931 0.017578125 0.032904148783977114 0.849548828125 0.18550786838340486 0.857029296875 0.18571816881258943 0.8522822265625 0.19330615164520745 0.8483974609375 0.19667811158798285 0.8567421875 0.19752074391988556
0  0.7451171875 0.15164520743919885 0.0078125 0.01430615164520744 -0.0009765625 -0.001430615164520744 -0.0009765625 -0.001430615164520744 -0.0009765625 -0.001430615164520744 -0.0009765625 -0.001430615164520744 -0.0009765625 -0.001430615164520744
0  0.8037109375 0.19313304721030042 0.017578125 0.02575107296137339 -0.0009765625 -0.001430615164520744 -0.0009765625 -0.001430615164520744 -0.0009765625 -0.001430615164520744 -0.0009765625 -0.001430615164520744 -0.0009765625 -0.001430615164520744
0  0.7841796875 0.19241773962804007 0.015625 0.024320457796852647 -0.0009765625 -0.001430615164520744 -0.0009765625 -0.001430615164520744 -0.0009765625 -0.001430615164520744 -0.0009765625 -0.001430615164520744 -0.0009765625 -0.001430615164520744
0  0.79833984375 0.24391988555078684 0.0322265625 0.058655221745350504 -0.0009765625 -0.001430615164520744 -0.0009765625 -0.001430615164520744 -0.0009765625 -0.001430615164520744 -0.0009765625 -0.001430615164520744 -0.0009765625 -0.001430615164520744
0  0.77490234375 0.24034334763948498 0.0224609375 0.05150214592274678 0.7662177734375 0.2335994277539342 0.777552734375 0.2316065808297568 0.7718857421875 0.24123748211731044 0.7696181640625 0.2508683834048641 0.777326171875 0.24987267525035767
0  0.75732421875 0.24105865522174535 0.0185546875 0.0357653791130186 0.75416796875 0.23137625178826896 0.7613876953125 0.22999713876967096 0.758248046875 0.23758369098712445 0.7557373046875 0.24609155937052932 0.762015625 0.2451716738197425
0  0.6826171875 0.12732474964234622 0.0078125 0.017167381974248927 -0.0009765625 -0.001430615164520744 -0.0009765625 -0.001430615164520744 -0.0009765625 -0.001430615164520744 -0.0009765625 -0.001430615164520744 -0.0009765625 -0.001430615164520744
0  0.63134765625 0.148068669527897 0.0166015625 0.0357653791130186 0.6270751953125 0.14459370529327611 0.63555078125 0.14482403433476396 0.6313125 0.1487324749642346 0.627388671875 0.15517024320457798 0.633509765625 0.15585979971387695
0  0.61279296875 0.148068669527897 0.0107421875 0.02145922746781116 -0.0009765625 -0.001430615164520744 -0.0009765625 -0.001430615164520744 -0.0009765625 -0.001430615164520744 -0.0009765625 -0.001430615164520744 -0.0009765625 -0.001430615164520744
0  0.63134765625 0.18955650929899856 0.0185546875 0.0357653791130186 0.6253662109375 0.18493276108726753 0.6333701171875 0.18309298998569384 0.6291328125 0.18907153075822605 0.625994140625 0.19665808297567955 0.6327431640625 0.19642918454935623
0  0.60791015625 0.23533619456366237 0.0166015625 0.032904148783977114 -0.0009765625 -0.001430615164520744 -0.0009765625 -0.001430615164520744 -0.0009765625 -0.001430615164520744 -0.0009765625 -0.001430615164520744 -0.0009765625 -0.001430615164520744
0  0.63623046875 0.2696709585121602 0.0205078125 0.03862660944206009 -0.0009765625 -0.001430615164520744 -0.0009765625 -0.001430615164520744 -0.0009765625 -0.001430615164520744 -0.0009765625 -0.001430615164520744 -0.0009765625 -0.001430615164520744
0  0.6787109375 0.24320457796852646 0.017578125 0.02575107296137339 -0.0009765625 -0.001430615164520744 -0.0009765625 -0.001430615164520744 -0.0009765625 -0.001430615164520744 -0.0009765625 -0.001430615164520744 -0.0009765625 -0.001430615164520744
0  0.70263671875 0.25393419170243203 0.0302734375 0.04721030042918455 0.6907998046875 0.2486008583690987 0.7051435546875 0.2455994277539342 0.69715234375 0.25310443490701 0.69530859375 0.2645107296137339 0.7030947265625 0.26270958512160225
0  0.779296875 0.3311874105865522 0.044921875 0.09012875536480687 0.764541015625 0.32124463519313307 0.7762890625 0.32527896995708155 0.761845703125 0.3356223175965665 0.763525390625 0.3476680972818312 0.773759765625 0.35024320457796854
0  0.9228515625 0.3261802575107296 0.033203125 0.08011444921316166 0.924595703125 0.32270529327610875 0.9322685546875 0.3201516452074392 0.9361044921875 0.3313919885550787 0.9263388671875 0.3487639484978541 0.934361328125 0.34620886981402005
0  0.70556640625 0.10801144492131616 0.0087890625 0.012875536480686695 -0.0009765625 -0.001430615164520744 -0.0009765625 -0.001430615164520744 -0.0009765625 -0.001430615164520744 -0.0009765625 -0.001430615164520744 -0.0009765625 -0.001430615164520744
0  0.87109375 0.2696709585121602 0.037109375 0.06151645207439199 -0.0009765625 -0.001430615164520744 -0.0009765625 -0.001430615164520744 -0.0009765625 -0.001430615164520744 -0.0009765625 -0.001430615164520744 -0.0009765625 -0.001430615164520744
0  0.99072265625 0.33261802575107297 0.0185546875 0.09585121602288985 -0.0009765625 -0.001430615164520744 -0.0009765625 -0.001430615164520744 -0.0009765625 -0.001430615164520744 -0.0009765625 -0.001430615164520744 -0.0009765625 -0.001430615164520744
0  0.7197265625 0.5743919885550787 0.05078125 0.19027181688125894 -0.0009765625 -0.001430615164520744 -0.0009765625 -0.001430615164520744 -0.0009765625 -0.001430615164520744 -0.0009765625 -0.001430615164520744 -0.0009765625 -0.001430615164520744
0  0.53076171875 0.14234620886981403 0.0107421875 0.015736766809728183 0.528529296875 0.14163090128755365 0.5322265625 0.14234620886981403 0.5302734375 0.1462288984263233 0.5287392578125 0.14929470672389128 0.53125 0.1491931330472103
0  0.5458984375 0.21602288984263232 0.01953125 0.03719599427753934 0.541599609375 0.20998140200286122 0.548888671875 0.20779685264663805 0.5459072265625 0.2148354792560801 0.5439189453125 0.2238140200286123 0.5505458984375 0.22163090128755364
0  0.576171875 0.25464949928469244 0.021484375 0.03719599427753934 0.5672431640625 0.24690844062947068 0.5760234375 0.24618025751072964 0.56790625 0.2600143061516452 0.5684033203125 0.2638969957081545 0.5745322265625 0.2636552217453505
0  0.576171875 0.33047210300429186 0.02734375 0.04291845493562232 -0.0009765625 -0.001430615164520744 -0.0009765625 -0.001430615164520744 -0.0009765625 -0.001430615164520744 -0.0009765625 -0.001430615164520744 -0.0009765625 -0.001430615164520744
0  0.56591796875 0.4864091559370529 0.0302734375 0.07725321888412018 -0.0009765625 -0.001430615164520744 -0.0009765625 -0.001430615164520744 -0.0009765625 -0.001430615164520744 -0.0009765625 -0.001430615164520744 -0.0009765625 -0.001430615164520744
0  0.42236328125 0.48569384835479257 0.0361328125 0.06437768240343347 -0.0009765625 -0.001430615164520744 -0.0009765625 -0.001430615164520744 -0.0009765625 -0.001430615164520744 -0.0009765625 -0.001430615164520744 -0.0009765625 -0.001430615164520744
0  0.52490234375 0.474964234620887 0.0361328125 0.05150214592274678 -0.0009765625 -0.001430615164520744 -0.0009765625 -0.001430615164520744 -0.0009765625 -0.001430615164520744 -0.0009765625 -0.001430615164520744 -0.0009765625 -0.001430615164520744
0  0.29150390625 0.43204577968526464 0.0341796875 0.06580829756795423 0.2871875 0.4261444921316166 0.30157421875 0.4210858369098712 0.2972587890625 0.433310443490701 0.2926552734375 0.44722031473533624 0.3041640625 0.44469098712446353
0  0.27734375 0.3948497854077253 0.0234375 0.03719599427753934 -0.0009765625 -0.001430615164520744 -0.0009765625 -0.001430615164520744 -0.0009765625 -0.001430615164520744 -0.0009765625 -0.001430615164520744 -0.0009765625 -0.001430615164520744
0  0.134765625 0.3791130185979971 0.01953125 0.02861230329041488 0.130091796875 0.3747067238912733 0.1380703125 0.3727896995708154 0.13427734375 0.3800715307582261 0.1321845703125 0.3846695278969957 0.13833203125 0.38160371959942774
0  0.22802734375 0.4227467811158798 0.0673828125 0.12446351931330472 0.2098916015625 0.40389270386266096 0.237775390625 0.3921101573676681 0.237775390625 0.421175965665236 0.2238330078125 0.4518125894134478 0.2506455078125 0.4345307582260372
0  0.11669921875 0.49642346208869814 0.0556640625 0.07725321888412018 0.10888671875 0.4977525035765379 0.130162109375 0.4900872675250358 0.1245810546875 0.5043934191702433 0.1249306640625 0.514101573676681 0.135044921875 0.5084821173104435
0  0.34765625 0.413447782546495 0.021484375 0.05436337625178827 -0.0009765625 -0.001430615164520744 -0.0009765625 -0.001430615164520744 -0.0009765625 -0.001430615164520744 -0.0009765625 -0.001430615164520744 -0.0009765625 -0.001430615164520744
0  0.01123046875 0.17310443490701002 0.0126953125 0.022889842632331903 -0.0009765625 -0.001430615164520744 -0.0009765625 -0.001430615164520744 -0.0009765625 -0.001430615164520744 -0.0009765625 -0.001430615164520744 -0.0009765625 -0.001430615164520744
0  0.08837890625 0.413447782546495 0.0107421875 0.03719599427753934 -0.0009765625 -0.001430615164520744 -0.0009765625 -0.001430615164520744 -0.0009765625 -0.001430615164520744 -0.0009765625 -0.001430615164520744 -0.0009765625 -0.001430615164520744
0  0.09619140625 0.4105865522174535 0.0087890625 0.022889842632331903 -0.0009765625 -0.001430615164520744 -0.0009765625 -0.001430615164520744 -0.0009765625 -0.001430615164520744 -0.0009765625 -0.001430615164520744 -0.0009765625 -0.001430615164520744
0  0.82080078125 0.07010014306151645 0.0087890625 0.01430615164520744 -0.0009765625 -0.001430615164520744 -0.0009765625 -0.001430615164520744 -0.0009765625 -0.001430615164520744 -0.0009765625 -0.001430615164520744 -0.0009765625 -0.001430615164520744
