0  0.1162109375 0.6315104166666666 0.03125 0.046875 0.10967578125 0.6323411458333333 0.1216826171875 0.6305625 0.1161240234375 0.64153125 0.111009765625 0.6453854166666667 0.122126953125 0.6442005208333333
0  0.29443359375 0.59375 0.0263671875 0.0390625 0.2933349609375 0.5936692708333333 0.3013916015625 0.5936692708333333 0.2977294921875 0.5985520833333333 0.293884765625 0.6046549479166666 0.298828125 0.6053880208333333
0  0.4462890625 0.5735677083333334 0.03125 0.04296875 0.4443359375 0.5755208333333334 0.4541015625 0.578125 0.4501953125 0.5846354166666666 0.4423828125 0.5872395833333334 0.4462890625 0.58984375
0  0.490234375 0.6282552083333334 0.025390625 0.037760416666666664 0.4931640625 0.6302083333333334 0.5 0.6302083333333334 0.49609375 0.63671875 0.490234375 0.640625 0.4931640625 0.6419270833333334
0  0.21728515625 0.529296875 0.0185546875 0.02734375 0.216796875 0.5260416666666666 0.224609375 0.5247395833333334 0.2216796875 0.5325520833333334 0.216796875 0.5364583333333334 0.2216796875 0.5364583333333334
0  0.1875 0.591796875 0.01953125 0.02734375 0.193359375 0.5924479166666666 0.197265625 0.5911458333333334 0.1953125 0.59765625 0.1923828125 0.6041666666666666 0.1943359375 0.6041666666666666
0  0.05029296875 0.4622395833333333 0.0205078125 0.03125 0.04296875 0.4557291666666667 0.048828125 0.4557291666666667 0.044921875 0.4609375 0.04296875 0.4700520833333333 0.0478515625 0.46875
0  0.263671875 0.4563802083333333 0.015625 0.024739583333333332 0.26171875 0.4544270833333333 0.2685546875 0.453125 0.2666015625 0.4596354166666667 0.263671875 0.4635416666666667 0.2666015625 0.4622395833333333
0  0.3330078125 0.484375 0.017578125 0.026041666666666668 0.3310546875 0.4830729166666667 0.337890625 0.4856770833333333 0.3330078125 0.4908854166666667 0.328125 0.4934895833333333 0.3310546875 0.4947916666666667
0  0.46630859375 0.533203125 0.0205078125 0.032552083333333336 0.4619140625 0.5286458333333334 0.470703125 0.5299479166666666 0.4658203125 0.5338541666666666 0.462890625 0.5403645833333334 0.4677734375 0.5416666666666666
0  0.32763671875 0.45703125 0.0146484375 0.0234375 -0.0009765625 -0.0013020833333333333 -0.0009765625 -0.0013020833333333333 -0.0009765625 -0.0013020833333333333 -0.0009765625 -0.0013020833333333333 -0.0009765625 -0.0013020833333333333
0  0.537109375 0.4908854166666667 0.015625 0.018229166666666668 0.5380859375 0.48828125 0.54296875 0.48828125 0.5390625 0.4947916666666667 0.5361328125 0.5 0.5390625 0.5
0  0.5576171875 0.44921875 0.009765625 0.013020833333333334 0.5546875 0.4466145833333333 0.55859375 0.4479166666666667 0.5556640625 0.4518229166666667 0.5546875 0.45703125 0.556640625 0.45703125
0  0.6142578125 0.453125 0.013671875 0.020833333333333332 0.6100029296875 0.4508463541666667 0.615966796875 0.4525208333333333 0.612095703125 0.4557291666666667 0.6133505859375 0.45851953124999995 0.6105263671875 0.45824088541666663
0  0.638671875 0.44140625 0.005859375 0.010416666666666666 -0.0009765625 -0.0013020833333333333 -0.0009765625 -0.0013020833333333333 -0.0009765625 -0.0013020833333333333 -0.0009765625 -0.0013020833333333333 -0.0009765625 -0.0013020833333333333
0  0.603515625 0.439453125 0.005859375 0.009114583333333334 -0.0009765625 -0.0013020833333333333 -0.0009765625 -0.0013020833333333333 -0.0009765625 -0.0013020833333333333 -0.0009765625 -0.0013020833333333333 -0.0009765625 -0.0013020833333333333
0  0.595703125 0.44921875 0.005859375 0.0078125 -0.0009765625 -0.0013020833333333333 -0.0009765625 -0.0013020833333333333 -0.0009765625 -0.0013020833333333333 -0.0009765625 -0.0013020833333333333 -0.0009765625 -0.0013020833333333333
0  0.75634765625 0.53515625 0.0244140625 0.049479166666666664 0.7499736328125 0.5304010416666667 0.760802734375 0.5313424479166667 0.755859375 0.5413880208333334 0.7516220703125 0.5476653645833334 0.7591552734375 0.5489205729166667
0  0.626953125 0.6888020833333334 0.025390625 0.044270833333333336 0.6249697265625 0.6875807291666667 0.635009765625 0.6867265625 0.6298828125 0.6955572916666667 0.62518359375 0.7012526041666667 0.6335146484375 0.70068359375
0  0.8544921875 0.515625 0.029296875 0.028645833333333332 0.8447265625 0.515625 0.8544921875 0.5130208333333334 0.8515625 0.5234375 0.8515625 0.5299479166666666 0.857421875 0.5299479166666666
0  0.9580078125 0.4674479166666667 0.021484375 0.036458333333333336 0.949986328125 0.4670755208333333 0.95504296875 0.4694010416666667 0.9503349609375 0.4747486979166667 0.95504296875 0.4803294270833333 0.9583564453125 0.48125911458333337
0  0.92724609375 0.44921875 0.0146484375 0.020833333333333332 -0.0009765625 -0.0013020833333333333 -0.0009765625 -0.0013020833333333333 -0.0009765625 -0.0013020833333333333 -0.0009765625 -0.0013020833333333333 -0.0009765625 -0.0013020833333333333
0  0.88525390625 0.6484375 0.0166015625 0.028645833333333332 -0.0009765625 -0.0013020833333333333 -0.0009765625 -0.0013020833333333333 -0.0009765625 -0.0013020833333333333 -0.0009765625 -0.0013020833333333333 -0.0009765625 -0.0013020833333333333
0  0.681640625 0.5553385416666666 0.017578125 0.024739583333333332 -0.0009765625 -0.0013020833333333333 -0.0009765625 -0.0013020833333333333 -0.0009765625 -0.0013020833333333333 -0.0009765625 -0.0013020833333333333 -0.0009765625 -0.0013020833333333333
0  0.4580078125 0.4544270833333333 0.005859375 0.0078125 -0.0009765625 -0.0013020833333333333 -0.0009765625 -0.0013020833333333333 -0.0009765625 -0.0013020833333333333 -0.0009765625 -0.0013020833333333333 -0.0009765625 -0.0013020833333333333
0  0.42333984375 0.4498697916666667 0.0048828125 0.01171875 -0.0009765625 -0.0013020833333333333 -0.0009765625 -0.0013020833333333333 -0.0009765625 -0.0013020833333333333 -0.0009765625 -0.0013020833333333333 -0.0009765625 -0.0013020833333333333
0  0.6767578125 0.4720052083333333 0.01171875 0.024739583333333332 -0.0009765625 -0.0013020833333333333 -0.0009765625 -0.0013020833333333333 -0.0009765625 -0.0013020833333333333 -0.0009765625 -0.0013020833333333333 -0.0009765625 -0.0013020833333333333
0  0.48046875 0.4654947916666667 0.01171875 0.016927083333333332 -0.0009765625 -0.0013020833333333333 -0.0009765625 -0.0013020833333333333 -0.0009765625 -0.0013020833333333333 -0.0009765625 -0.0013020833333333333 -0.0009765625 -0.0013020833333333333
0  0.25390625 0.2903645833333333 0.029296875 0.0390625 0.2512421875 0.28521484375 0.262115234375 0.28546484375 0.2572412109375 0.29321354166666663 0.2510546875 0.3009609375 0.260802734375 0.3012109375
