0  0.92724609375 0.3506588579795022 0.0166015625 0.05417276720351391 -0.0009765625 -0.0014641288433382138 -0.0009765625 -0.0014641288433382138 -0.0009765625 -0.0014641288433382138 -0.0009765625 -0.0014641288433382138 -0.0009765625 -0.0014641288433382138
0  0.94775390625 0.3850658857979502 0.0166015625 0.029282576866764276 -0.0009765625 -0.0014641288433382138 -0.0009765625 -0.0014641288433382138 -0.0009765625 -0.0014641288433382138 -0.0009765625 -0.0014641288433382138 -0.0009765625 -0.0014641288433382138
0  0.572265625 0.3784773060029283 0.009765625 0.027818448023426062 -0.0009765625 -0.0014641288433382138 -0.0009765625 -0.0014641288433382138 -0.0009765625 -0.0014641288433382138 -0.0009765625 -0.0014641288433382138 -0.0009765625 -0.0014641288433382138
0  0.54345703125 0.4011713030746706 0.0087890625 0.020497803806734993 -0.0009765625 -0.0014641288433382138 -0.0009765625 -0.0014641288433382138 -0.0009765625 -0.0014641288433382138 -0.0009765625 -0.0014641288433382138 -0.0009765625 -0.0014641288433382138
0  0.5341796875 0.3828696925329429 0.009765625 0.021961932650073207 -0.0009765625 -0.0014641288433382138 -0.0009765625 -0.0014641288433382138 -0.0009765625 -0.0014641288433382138 -0.0009765625 -0.0014641288433382138 -0.0009765625 -0.0014641288433382138
0  0.4599609375 0.493411420204978 0.02734375 0.04685212298682284 0.45327734375 0.48899267935578333 0.4639326171875 0.4883777452415813 0.4571708984375 0.4988228404099561 0.455736328125 0.5058887262079063 0.4614736328125 0.5052752562225475
0  0.3623046875 0.493411420204978 0.01953125 0.03806734992679356 0.355203125 0.48397364568081985 0.36133203125 0.4842152269399707 0.3540732421875 0.49122840409956076 0.3574609375 0.49920937042459734 0.3605263671875 0.5001771595900439
0  0.2421875 0.43997071742313326 0.0078125 0.016105417276720352 -0.0009765625 -0.0014641288433382138 -0.0009765625 -0.0014641288433382138 -0.0009765625 -0.0014641288433382138 -0.0009765625 -0.0014641288433382138 -0.0009765625 -0.0014641288433382138
0  0.04443359375 0.45168374816983897 0.0107421875 0.024890190336749635 0.041076171875 0.4448330893118595 0.047423828125 0.4448330893118595 0.04413671875 0.45316105417276725 0.0416435546875 0.45604978038067356 0.0452705078125 0.45571010248901905
0  0.037109375 0.445095168374817 0.01171875 0.032210834553440704 -0.0009765625 -0.0014641288433382138 -0.0009765625 -0.0014641288433382138 -0.0009765625 -0.0014641288433382138 -0.0009765625 -0.0014641288433382138 -0.0009765625 -0.0014641288433382138
0  0.27001953125 0.15446559297218154 0.0185546875 0.0424597364568082 0.2748935546875 0.14817715959004393 0.277396484375 0.15112591508052708 0.27775390625 0.15782576866764275 0.27328515625 0.16184480234260615 0.2748935546875 0.16264860907759882
