0  0.04052734375 0.08926080892608089 0.0087890625 0.016736401673640166 -0.0009765625 -0.001394700139470014 -0.0009765625 -0.001394700139470014 -0.0009765625 -0.001394700139470014 -0.0009765625 -0.001394700139470014 -0.0009765625 -0.001394700139470014
0  0.0244140625 0.059274755927475595 0.005859375 0.023709902370990237 -0.0009765625 -0.001394700139470014 -0.0009765625 -0.001394700139470014 -0.0009765625 -0.001394700139470014 -0.0009765625 -0.001394700139470014 -0.0009765625 -0.001394700139470014
0  0.0390625 0.043235704323570434 0.0078125 0.016736401673640166 -0.0009765625 -0.001394700139470014 -0.0009765625 -0.001394700139470014 -0.0009765625 -0.001394700139470014 -0.0009765625 -0.001394700139470014 -0.0009765625 -0.001394700139470014
0  0.0693359375 0.02789400278940028 0.0078125 0.01394700139470014 -0.0009765625 -0.001394700139470014 -0.0009765625 -0.001394700139470014 -0.0009765625 -0.001394700139470014 -0.0009765625 -0.001394700139470014 -0.0009765625 -0.001394700139470014
0  0.08154296875 0.046722454672245464 0.0126953125 0.02092050209205021 -0.0009765625 -0.001394700139470014 -0.0009765625 -0.001394700139470014 -0.0009765625 -0.001394700139470014 -0.0009765625 -0.001394700139470014 -0.0009765625 -0.001394700139470014
0  0.06787109375 0.07740585774058577 0.0107421875 0.023709902370990237 -0.0009765625 -0.001394700139470014 -0.0009765625 -0.001394700139470014 -0.0009765625 -0.001394700139470014 -0.0009765625 -0.001394700139470014 -0.0009765625 -0.001394700139470014
0  0.0947265625 0.11785216178521618 0.009765625 0.02092050209205021 -0.0009765625 -0.001394700139470014 -0.0009765625 -0.001394700139470014 -0.0009765625 -0.001394700139470014 -0.0009765625 -0.001394700139470014 -0.0009765625 -0.001394700139470014
0  0.11962890625 0.043235704323570434 0.0107421875 0.019525801952580194 -0.0009765625 -0.001394700139470014 -0.0009765625 -0.001394700139470014 -0.0009765625 -0.001394700139470014 -0.0009765625 -0.001394700139470014 -0.0009765625 -0.001394700139470014
0  0.16064453125 0.038354253835425386 0.0087890625 0.015341701534170154 -0.0009765625 -0.001394700139470014 -0.0009765625 -0.001394700139470014 -0.0009765625 -0.001394700139470014 -0.0009765625 -0.001394700139470014 -0.0009765625 -0.001394700139470014
0  0.13134765625 0.13179916317991633 0.0126953125 0.02092050209205021 -0.0009765625 -0.001394700139470014 -0.0009765625 -0.001394700139470014 -0.0009765625 -0.001394700139470014 -0.0009765625 -0.001394700139470014 -0.0009765625 -0.001394700139470014
0  0.07080078125 0.16666666666666666 0.0146484375 0.023709902370990237 -0.0009765625 -0.001394700139470014 -0.0009765625 -0.001394700139470014 -0.0009765625 -0.001394700139470014 -0.0009765625 -0.001394700139470014 -0.0009765625 -0.001394700139470014
0  0.1865234375 0.13249651324965134 0.013671875 0.022315202231520222 -0.0009765625 -0.001394700139470014 -0.0009765625 -0.001394700139470014 -0.0009765625 -0.001394700139470014 -0.0009765625 -0.001394700139470014 -0.0009765625 -0.001394700139470014
0  0.23876953125 0.1506276150627615 0.0126953125 0.02789400278940028 -0.0009765625 -0.001394700139470014 -0.0009765625 -0.001394700139470014 -0.0009765625 -0.001394700139470014 -0.0009765625 -0.001394700139470014 -0.0009765625 -0.001394700139470014
0  0.26708984375 0.10739191073919108 0.0126953125 0.019525801952580194 -0.0009765625 -0.001394700139470014 -0.0009765625 -0.001394700139470014 -0.0009765625 -0.001394700139470014 -0.0009765625 -0.001394700139470014 -0.0009765625 -0.001394700139470014
0  0.24267578125 0.08298465829846582 0.0068359375 0.01813110181311018 -0.0009765625 -0.001394700139470014 -0.0009765625 -0.001394700139470014 -0.0009765625 -0.001394700139470014 -0.0009765625 -0.001394700139470014 -0.0009765625 -0.001394700139470014
0  0.228515625 0.12412831241283125 0.009765625 0.022315202231520222 -0.0009765625 -0.001394700139470014 -0.0009765625 -0.001394700139470014 -0.0009765625 -0.001394700139470014 -0.0009765625 -0.001394700139470014 -0.0009765625 -0.001394700139470014
0  0.2060546875 0.038354253835425386 0.013671875 0.026499302649930265 -0.0009765625 -0.001394700139470014 -0.0009765625 -0.001394700139470014 -0.0009765625 -0.001394700139470014 -0.0009765625 -0.001394700139470014 -0.0009765625 -0.001394700139470014
0  0.19140625 0.011157601115760111 0.013671875 0.016736401673640166 -0.0009765625 -0.001394700139470014 -0.0009765625 -0.001394700139470014 -0.0009765625 -0.001394700139470014 -0.0009765625 -0.001394700139470014 -0.0009765625 -0.001394700139470014
0  0.23388671875 0.03138075313807531 0.0146484375 0.02092050209205021 -0.0009765625 -0.001394700139470014 -0.0009765625 -0.001394700139470014 -0.0009765625 -0.001394700139470014 -0.0009765625 -0.001394700139470014 -0.0009765625 -0.001394700139470014
0  0.18408203125 0.08716875871687588 0.0107421875 0.01813110181311018 -0.0009765625 -0.001394700139470014 -0.0009765625 -0.001394700139470014 -0.0009765625 -0.001394700139470014 -0.0009765625 -0.001394700139470014 -0.0009765625 -0.001394700139470014
0  0.1357421875 0.08716875871687588 0.01171875 0.02092050209205021 -0.0009765625 -0.001394700139470014 -0.0009765625 -0.001394700139470014 -0.0009765625 -0.001394700139470014 -0.0009765625 -0.001394700139470014 -0.0009765625 -0.001394700139470014
0  0.3017578125 0.04741980474198047 0.013671875 0.030683403068340307 -0.0009765625 -0.001394700139470014 -0.0009765625 -0.001394700139470014 -0.0009765625 -0.001394700139470014 -0.0009765625 -0.001394700139470014 -0.0009765625 -0.001394700139470014
0  0.298828125 0.09483960948396095 0.01171875 0.022315202231520222 -0.0009765625 -0.001394700139470014 -0.0009765625 -0.001394700139470014 -0.0009765625 -0.001394700139470014 -0.0009765625 -0.001394700139470014 -0.0009765625 -0.001394700139470014
0  0.30322265625 0.014644351464435146 0.0126953125 0.023709902370990237 -0.0009765625 -0.001394700139470014 -0.0009765625 -0.001394700139470014 -0.0009765625 -0.001394700139470014 -0.0009765625 -0.001394700139470014 -0.0009765625 -0.001394700139470014
0  0.3447265625 0.026499302649930265 0.015625 0.02789400278940028 -0.0009765625 -0.001394700139470014 -0.0009765625 -0.001394700139470014 -0.0009765625 -0.001394700139470014 -0.0009765625 -0.001394700139470014 -0.0009765625 -0.001394700139470014
0  0.34716796875 0.05718270571827057 0.0146484375 0.02789400278940028 -0.0009765625 -0.001394700139470014 -0.0009765625 -0.001394700139470014 -0.0009765625 -0.001394700139470014 -0.0009765625 -0.001394700139470014 -0.0009765625 -0.001394700139470014
0  0.3251953125 0.07182705718270571 0.01171875 0.01813110181311018 -0.0009765625 -0.001394700139470014 -0.0009765625 -0.001394700139470014 -0.0009765625 -0.001394700139470014 -0.0009765625 -0.001394700139470014 -0.0009765625 -0.001394700139470014
0  0.45703125 0.19246861924686193 0.013671875 0.030683403068340307 -0.0009765625 -0.001394700139470014 -0.0009765625 -0.001394700139470014 -0.0009765625 -0.001394700139470014 -0.0009765625 -0.001394700139470014 -0.0009765625 -0.001394700139470014
0  0.494140625 0.2203626220362622 0.013671875 0.02510460251046025 -0.0009765625 -0.001394700139470014 -0.0009765625 -0.001394700139470014 -0.0009765625 -0.001394700139470014 -0.0009765625 -0.001394700139470014 -0.0009765625 -0.001394700139470014
0  0.455078125 0.08577405857740586 0.009765625 0.029288702928870293 -0.0009765625 -0.001394700139470014 -0.0009765625 -0.001394700139470014 -0.0009765625 -0.001394700139470014 -0.0009765625 -0.001394700139470014 -0.0009765625 -0.001394700139470014
0  0.4365234375 0.11157601115760112 0.015625 0.02789400278940028 -0.0009765625 -0.001394700139470014 -0.0009765625 -0.001394700139470014 -0.0009765625 -0.001394700139470014 -0.0009765625 -0.001394700139470014 -0.0009765625 -0.001394700139470014
0  0.4296875 0.011157601115760111 0.013671875 0.016736401673640166 -0.0009765625 -0.001394700139470014 -0.0009765625 -0.001394700139470014 -0.0009765625 -0.001394700139470014 -0.0009765625 -0.001394700139470014 -0.0009765625 -0.001394700139470014
0  0.5283203125 0.06555090655509066 0.009765625 0.01394700139470014 -0.0009765625 -0.001394700139470014 -0.0009765625 -0.001394700139470014 -0.0009765625 -0.001394700139470014 -0.0009765625 -0.001394700139470014 -0.0009765625 -0.001394700139470014
0  0.572265625 0.08158995815899582 0.01171875 0.02092050209205021 -0.0009765625 -0.001394700139470014 -0.0009765625 -0.001394700139470014 -0.0009765625 -0.001394700139470014 -0.0009765625 -0.001394700139470014 -0.0009765625 -0.001394700139470014
0  0.556640625 0.017433751743375175 0.01171875 0.023709902370990237 -0.0009765625 -0.001394700139470014 -0.0009765625 -0.001394700139470014 -0.0009765625 -0.001394700139470014 -0.0009765625 -0.001394700139470014 -0.0009765625 -0.001394700139470014
0  0.59521484375 0.013249651324965132 0.0146484375 0.02092050209205021 -0.0009765625 -0.001394700139470014 -0.0009765625 -0.001394700139470014 -0.0009765625 -0.001394700139470014 -0.0009765625 -0.001394700139470014 -0.0009765625 -0.001394700139470014
0  0.56591796875 0.05788005578800558 0.0068359375 0.023709902370990237 -0.0009765625 -0.001394700139470014 -0.0009765625 -0.001394700139470014 -0.0009765625 -0.001394700139470014 -0.0009765625 -0.001394700139470014 -0.0009765625 -0.001394700139470014
0  0.6162109375 0.07112970711297072 0.0078125 0.016736401673640166 -0.0009765625 -0.001394700139470014 -0.0009765625 -0.001394700139470014 -0.0009765625 -0.001394700139470014 -0.0009765625 -0.001394700139470014 -0.0009765625 -0.001394700139470014
0  0.615234375 0.10111576011157601 0.009765625 0.026499302649930265 -0.0009765625 -0.001394700139470014 -0.0009765625 -0.001394700139470014 -0.0009765625 -0.001394700139470014 -0.0009765625 -0.001394700139470014 -0.0009765625 -0.001394700139470014
0  0.62841796875 0.12343096234309624 0.0107421875 0.01813110181311018 -0.0009765625 -0.001394700139470014 -0.0009765625 -0.001394700139470014 -0.0009765625 -0.001394700139470014 -0.0009765625 -0.001394700139470014 -0.0009765625 -0.001394700139470014
0  0.59765625 0.1499302649930265 0.013671875 0.026499302649930265 -0.0009765625 -0.001394700139470014 -0.0009765625 -0.001394700139470014 -0.0009765625 -0.001394700139470014 -0.0009765625 -0.001394700139470014 -0.0009765625 -0.001394700139470014
0  0.55322265625 0.1596931659693166 0.0107421875 0.01813110181311018 -0.0009765625 -0.001394700139470014 -0.0009765625 -0.001394700139470014 -0.0009765625 -0.001394700139470014 -0.0009765625 -0.001394700139470014 -0.0009765625 -0.001394700139470014
0  0.630859375 0.19525801952580196 0.01171875 0.030683403068340307 -0.0009765625 -0.001394700139470014 -0.0009765625 -0.001394700139470014 -0.0009765625 -0.001394700139470014 -0.0009765625 -0.001394700139470014 -0.0009765625 -0.001394700139470014
0  0.64501953125 0.17712691771269176 0.0087890625 0.016736401673640166 -0.0009765625 -0.001394700139470014 -0.0009765625 -0.001394700139470014 -0.0009765625 -0.001394700139470014 -0.0009765625 -0.001394700139470014 -0.0009765625 -0.001394700139470014
0  0.685546875 0.18479776847977686 0.013671875 0.02092050209205021 -0.0009765625 -0.001394700139470014 -0.0009765625 -0.001394700139470014 -0.0009765625 -0.001394700139470014 -0.0009765625 -0.001394700139470014 -0.0009765625 -0.001394700139470014
0  0.71337890625 0.13389121338912133 0.0126953125 0.016736401673640166 -0.0009765625 -0.001394700139470014 -0.0009765625 -0.001394700139470014 -0.0009765625 -0.001394700139470014 -0.0009765625 -0.001394700139470014 -0.0009765625 -0.001394700139470014
0  0.7470703125 0.16457461645746166 0.01171875 0.019525801952580194 -0.0009765625 -0.001394700139470014 -0.0009765625 -0.001394700139470014 -0.0009765625 -0.001394700139470014 -0.0009765625 -0.001394700139470014 -0.0009765625 -0.001394700139470014
0  0.75244140625 0.06206415620641562 0.0087890625 0.023709902370990237 -0.0009765625 -0.001394700139470014 -0.0009765625 -0.001394700139470014 -0.0009765625 -0.001394700139470014 -0.0009765625 -0.001394700139470014 -0.0009765625 -0.001394700139470014
0  0.79638671875 0.05369595536959554 0.0087890625 0.01813110181311018 -0.0009765625 -0.001394700139470014 -0.0009765625 -0.001394700139470014 -0.0009765625 -0.001394700139470014 -0.0009765625 -0.001394700139470014 -0.0009765625 -0.001394700139470014
0  0.767578125 0.045327754532775454 0.01171875 0.02092050209205021 -0.0009765625 -0.001394700139470014 -0.0009765625 -0.001394700139470014 -0.0009765625 -0.001394700139470014 -0.0009765625 -0.001394700139470014 -0.0009765625 -0.001394700139470014
0  0.70361328125 0.06206415620641562 0.0068359375 0.009762900976290097 -0.0009765625 -0.001394700139470014 -0.0009765625 -0.001394700139470014 -0.0009765625 -0.001394700139470014 -0.0009765625 -0.001394700139470014 -0.0009765625 -0.001394700139470014
0  0.71630859375 0.08298465829846582 0.0087890625 0.015341701534170154 -0.0009765625 -0.001394700139470014 -0.0009765625 -0.001394700139470014 -0.0009765625 -0.001394700139470014 -0.0009765625 -0.001394700139470014 -0.0009765625 -0.001394700139470014
0  0.66162109375 0.1101813110181311 0.0068359375 0.02789400278940028 -0.0009765625 -0.001394700139470014 -0.0009765625 -0.001394700139470014 -0.0009765625 -0.001394700139470014 -0.0009765625 -0.001394700139470014 -0.0009765625 -0.001394700139470014
0  0.65087890625 0.06764295676429567 0.0068359375 0.015341701534170154 -0.0009765625 -0.001394700139470014 -0.0009765625 -0.001394700139470014 -0.0009765625 -0.001394700139470014 -0.0009765625 -0.001394700139470014 -0.0009765625 -0.001394700139470014
0  0.64599609375 0.019525801952580194 0.0126953125 0.019525801952580194 -0.0009765625 -0.001394700139470014 -0.0009765625 -0.001394700139470014 -0.0009765625 -0.001394700139470014 -0.0009765625 -0.001394700139470014 -0.0009765625 -0.001394700139470014
0  0.6337890625 0.0299860529986053 0.0078125 0.023709902370990237 -0.0009765625 -0.001394700139470014 -0.0009765625 -0.001394700139470014 -0.0009765625 -0.001394700139470014 -0.0009765625 -0.001394700139470014 -0.0009765625 -0.001394700139470014
0  0.70068359375 0.009762900976290097 0.0068359375 0.016736401673640166 -0.0009765625 -0.001394700139470014 -0.0009765625 -0.001394700139470014 -0.0009765625 -0.001394700139470014 -0.0009765625 -0.001394700139470014 -0.0009765625 -0.001394700139470014
0  0.72265625 0.01813110181311018 0.009765625 0.019525801952580194 -0.0009765625 -0.001394700139470014 -0.0009765625 -0.001394700139470014 -0.0009765625 -0.001394700139470014 -0.0009765625 -0.001394700139470014 -0.0009765625 -0.001394700139470014
0  0.8212890625 0.043933054393305436 0.01171875 0.026499302649930265 -0.0009765625 -0.001394700139470014 -0.0009765625 -0.001394700139470014 -0.0009765625 -0.001394700139470014 -0.0009765625 -0.001394700139470014 -0.0009765625 -0.001394700139470014
0  0.0419921875 0.27824267782426776 0.03515625 0.0794979079497908 0.042201171875 0.2581185495118549 0.0533623046875 0.255629009762901 0.059291015625 0.2715676429567643 0.0516181640625 0.2904965132496513 0.0565009765625 0.28949930264993023
0  0.11669921875 0.32705718270571826 0.0146484375 0.03207810320781032 -0.0009765625 -0.001394700139470014 -0.0009765625 -0.001394700139470014 -0.0009765625 -0.001394700139470014 -0.0009765625 -0.001394700139470014 -0.0009765625 -0.001394700139470014
0  0.21875 0.28312412831241285 0.029296875 0.05299860529986053 0.222337890625 0.26975592747559274 0.2240166015625 0.2683863319386332 0.2300107421875 0.2759205020920502 0.2288125 0.29270013947001394 0.228572265625 0.29304323570432356
0  0.31884765625 0.2670850767085077 0.0341796875 0.06276150627615062 0.322265625 0.2496513249651325 0.3270087890625 0.24925244072524408 0.333705078125 0.2620041841004184 0.3233818359375 0.27953835425383544 0.3275673828125 0.27953835425383544
0  0.4208984375 0.3082287308228731 0.033203125 0.06415620641562064 0.4227119140625 0.2942566248256625 0.425013671875 0.29343514644351465 0.4353720703125 0.3028870292887029 0.429330078125 0.32137935843793586 0.4307685546875 0.3209679218967922
0  0.52392578125 0.297768479776848 0.0322265625 0.06276150627615062 0.52490234375 0.2823277545327755 0.5296455078125 0.28073361227336124 0.53662109375 0.29348535564853556 0.5302041015625 0.3086276150627615 0.5335517578125 0.3074323570432357
0  0.5927734375 0.26638772663877264 0.037109375 0.061366806136680614 0.5968935546875 0.25117712691771266 0.6032109375 0.24921617852161784 0.60678125 0.25705997210599724 0.60430859375 0.2715746164574616 0.6078798828125 0.27000557880055787
0  0.6865234375 0.3124128312412831 0.029296875 0.058577405857740586 0.690482421875 0.3041938633193863 0.6951904296875 0.3030739191073919 0.6983291015625 0.3127866108786611 0.6949287109375 0.32698186889818687 0.6983291015625 0.32698186889818687
0  0.779296875 0.29428172942817293 0.03515625 0.058577405857740586 0.7850869140625 0.2785913528591353 0.790318359375 0.2785913528591353 0.7945029296875 0.29204044630404463 0.78639453125 0.30735704323570434 0.7924111328125 0.3077308228730823
0  0.84033203125 0.2384937238493724 0.0341796875 0.05578800557880056 0.84307421875 0.22466527196652722 0.8468017578125 0.2221813110181311 0.8510263671875 0.23105299860529985 0.8450625 0.24560390516039055 0.8515234375 0.23957043235704323
0  0.9521484375 0.2719665271966527 0.02734375 0.04741980474198047 0.957275390625 0.25937099023709903 0.958984375 0.2590655509065551 0.9643251953125 0.2712691771269177 0.957916015625 0.2822524407252441 0.958984375 0.28194700139470014
0  0.97119140625 0.099721059972106 0.0126953125 0.02092050209205021 -0.0009765625 -0.001394700139470014 -0.0009765625 -0.001394700139470014 -0.0009765625 -0.001394700139470014 -0.0009765625 -0.001394700139470014 -0.0009765625 -0.001394700139470014
0  0.97314453125 0.03905160390516039 0.0068359375 0.016736401673640166 -0.0009765625 -0.001394700139470014 -0.0009765625 -0.001394700139470014 -0.0009765625 -0.001394700139470014 -0.0009765625 -0.001394700139470014 -0.0009765625 -0.001394700139470014
0  0.990234375 0.017433751743375175 0.0078125 0.023709902370990237 -0.0009765625 -0.001394700139470014 -0.0009765625 -0.001394700139470014 -0.0009765625 -0.001394700139470014 -0.0009765625 -0.001394700139470014 -0.0009765625 -0.001394700139470014
0  0.96240234375 0.17782426778242677 0.0107421875 0.029288702928870293 -0.0009765625 -0.001394700139470014 -0.0009765625 -0.001394700139470014 -0.0009765625 -0.001394700139470014 -0.0009765625 -0.001394700139470014 -0.0009765625 -0.001394700139470014
0  0.41455078125 0.17642956764295675 0.0068359375 0.02092050209205021 -0.0009765625 -0.001394700139470014 -0.0009765625 -0.001394700139470014 -0.0009765625 -0.001394700139470014 -0.0009765625 -0.001394700139470014 -0.0009765625 -0.001394700139470014
0  0.53369140625 0.10669456066945607 0.0107421875 0.023709902370990237 -0.0009765625 -0.001394700139470014 -0.0009765625 -0.001394700139470014 -0.0009765625 -0.001394700139470014 -0.0009765625 -0.001394700139470014 -0.0009765625 -0.001394700139470014
0  0.68359375 0.05439330543933055 0.01171875 0.019525801952580194 -0.0009765625 -0.001394700139470014 -0.0009765625 -0.001394700139470014 -0.0009765625 -0.001394700139470014 -0.0009765625 -0.001394700139470014 -0.0009765625 -0.001394700139470014
0  0.08154296875 0.201534170153417 0.0146484375 0.01813110181311018 -0.0009765625 -0.001394700139470014 -0.0009765625 -0.001394700139470014 -0.0009765625 -0.001394700139470014 -0.0009765625 -0.001394700139470014 -0.0009765625 -0.001394700139470014
0  0.11962890625 0.1896792189679219 0.0126953125 0.016736401673640166 -0.0009765625 -0.001394700139470014 -0.0009765625 -0.001394700139470014 -0.0009765625 -0.001394700139470014 -0.0009765625 -0.001394700139470014 -0.0009765625 -0.001394700139470014
0  0.01513671875 0.1304044630404463 0.0126953125 0.026499302649930265 -0.0009765625 -0.001394700139470014 -0.0009765625 -0.001394700139470014 -0.0009765625 -0.001394700139470014 -0.0009765625 -0.001394700139470014 -0.0009765625 -0.001394700139470014
0  0.84228515625 0.11576011157601115 0.0107421875 0.02789400278940028 -0.0009765625 -0.001394700139470014 -0.0009765625 -0.001394700139470014 -0.0009765625 -0.001394700139470014 -0.0009765625 -0.001394700139470014 -0.0009765625 -0.001394700139470014
0  0.90087890625 0.2112970711297071 0.0087890625 0.02092050209205021 -0.0009765625 -0.001394700139470014 -0.0009765625 -0.001394700139470014 -0.0009765625 -0.001394700139470014 -0.0009765625 -0.001394700139470014 -0.0009765625 -0.001394700139470014
0  0.32080078125 0.1206415620641562 0.0107421875 0.02092050209205021 -0.0009765625 -0.001394700139470014 -0.0009765625 -0.001394700139470014 -0.0009765625 -0.001394700139470014 -0.0009765625 -0.001394700139470014 -0.0009765625 -0.001394700139470014
0  0.29345703125 0.14365411436541142 0.0126953125 0.019525801952580194 -0.0009765625 -0.001394700139470014 -0.0009765625 -0.001394700139470014 -0.0009765625 -0.001394700139470014 -0.0009765625 -0.001394700139470014 -0.0009765625 -0.001394700139470014
0  0.3515625 0.13528591352859135 0.013671875 0.022315202231520222 -0.0009765625 -0.001394700139470014 -0.0009765625 -0.001394700139470014 -0.0009765625 -0.001394700139470014 -0.0009765625 -0.001394700139470014 -0.0009765625 -0.001394700139470014
0  0.35400390625 0.2203626220362622 0.0146484375 0.030683403068340307 -0.0009765625 -0.001394700139470014 -0.0009765625 -0.001394700139470014 -0.0009765625 -0.001394700139470014 -0.0009765625 -0.001394700139470014 -0.0009765625 -0.001394700139470014
0  0.3994140625 0.14086471408647142 0.01171875 0.02789400278940028 -0.0009765625 -0.001394700139470014 -0.0009765625 -0.001394700139470014 -0.0009765625 -0.001394700139470014 -0.0009765625 -0.001394700139470014 -0.0009765625 -0.001394700139470014
0  0.3837890625 0.14435146443514643 0.01171875 0.03207810320781032 -0.0009765625 -0.001394700139470014 -0.0009765625 -0.001394700139470014 -0.0009765625 -0.001394700139470014 -0.0009765625 -0.001394700139470014 -0.0009765625 -0.001394700139470014
0  0.3974609375 0.09205020920502092 0.009765625 0.019525801952580194 -0.0009765625 -0.001394700139470014 -0.0009765625 -0.001394700139470014 -0.0009765625 -0.001394700139470014 -0.0009765625 -0.001394700139470014 -0.0009765625 -0.001394700139470014
0  0.37255859375 0.07182705718270571 0.0146484375 0.023709902370990237 -0.0009765625 -0.001394700139470014 -0.0009765625 -0.001394700139470014 -0.0009765625 -0.001394700139470014 -0.0009765625 -0.001394700139470014 -0.0009765625 -0.001394700139470014
0  0.3974609375 0.03556485355648536 0.013671875 0.029288702928870293 -0.0009765625 -0.001394700139470014 -0.0009765625 -0.001394700139470014 -0.0009765625 -0.001394700139470014 -0.0009765625 -0.001394700139470014 -0.0009765625 -0.001394700139470014
0  0.4345703125 0.05509065550906555 0.01171875 0.023709902370990237 -0.0009765625 -0.001394700139470014 -0.0009765625 -0.001394700139470014 -0.0009765625 -0.001394700139470014 -0.0009765625 -0.001394700139470014 -0.0009765625 -0.001394700139470014
0  0.4912109375 0.06834030683403068 0.013671875 0.019525801952580194 -0.0009765625 -0.001394700139470014 -0.0009765625 -0.001394700139470014 -0.0009765625 -0.001394700139470014 -0.0009765625 -0.001394700139470014 -0.0009765625 -0.001394700139470014
0  0.45703125 0.03695955369595537 0.009765625 0.015341701534170154 -0.0009765625 -0.001394700139470014 -0.0009765625 -0.001394700139470014 -0.0009765625 -0.001394700139470014 -0.0009765625 -0.001394700139470014 -0.0009765625 -0.001394700139470014
0  0.47705078125 0.01603905160390516 0.0107421875 0.023709902370990237 -0.0009765625 -0.001394700139470014 -0.0009765625 -0.001394700139470014 -0.0009765625 -0.001394700139470014 -0.0009765625 -0.001394700139470014 -0.0009765625 -0.001394700139470014
0  0.50830078125 0.060669456066945605 0.0146484375 0.03486750348675035 -0.0009765625 -0.001394700139470014 -0.0009765625 -0.001394700139470014 -0.0009765625 -0.001394700139470014 -0.0009765625 -0.001394700139470014 -0.0009765625 -0.001394700139470014
0  0.53125 0.14853556485355648 0.01171875 0.023709902370990237 -0.0009765625 -0.001394700139470014 -0.0009765625 -0.001394700139470014 -0.0009765625 -0.001394700139470014 -0.0009765625 -0.001394700139470014 -0.0009765625 -0.001394700139470014
0  0.49267578125 0.11366806136680614 0.0166015625 0.026499302649930265 -0.0009765625 -0.001394700139470014 -0.0009765625 -0.001394700139470014 -0.0009765625 -0.001394700139470014 -0.0009765625 -0.001394700139470014 -0.0009765625 -0.001394700139470014
0  0.44384765625 0.1596931659693166 0.0126953125 0.026499302649930265 -0.0009765625 -0.001394700139470014 -0.0009765625 -0.001394700139470014 -0.0009765625 -0.001394700139470014 -0.0009765625 -0.001394700139470014 -0.0009765625 -0.001394700139470014
