0  0.017578125 0.39751098096632503 0.017578125 0.03367496339677892 0.0102275390625 0.39522401171303073 0.0168984375 0.39611273792093704 0.0105244140625 0.4023352855051245 0.0114140625 0.4067789165446559 0.0163046875 0.40766910688140556
0  0.0712890625 0.38433382137628114 0.0234375 0.0424597364568082 0.0657958984375 0.38233382137628114 0.0750908203125 0.38045827232796486 0.071158203125 0.38635285505124456 0.068298828125 0.39600146412884335 0.074912109375 0.39466178623718884
0  0.0673828125 0.48462664714494874 0.025390625 0.04685212298682284 0.060224609375 0.48065885797950225 0.0694453125 0.4797774524158126 0.063755859375 0.48977745241581255 0.0623818359375 0.4994831625183016 0.0698369140625 0.498307467057101
0  0.099609375 0.4868228404099561 0.021484375 0.0424597364568082 0.0941162109375 0.48773792093704244 0.1038203125 0.48554172767203513 0.09814453125 0.49322840409956076 0.0963134765625 0.5014641288433382 0.103087890625 0.5003660322108345
0  0.13037109375 0.43923865300146414 0.0263671875 0.04978038067349927 0.1233955078125 0.436519765739385 0.1332314453125 0.4340102489019033 0.1279990234375 0.44373499267935584 0.1261162109375 0.45597218155197655 0.13427734375 0.45440263543191806
0  0.14990234375 0.4816983894582723 0.0283203125 0.043923865300146414 0.1416142578125 0.4801229868228404 0.15117578125 0.4770307467057101 0.1457392578125 0.48827379209370425 0.1455517578125 0.49726793557833093 0.1519248046875 0.4955812591508053
0  0.19970703125 0.4494875549048316 0.0244140625 0.04978038067349927 0.195521484375 0.44708199121522696 0.2064033203125 0.44551390922401174 0.2015908203125 0.4549253294289897 0.1948935546875 0.4633967789165447 0.208287109375 0.4618286969253294
0  0.23974609375 0.47144948755490484 0.0283203125 0.055636896046852125 0.237435546875 0.46829282576866765 0.2499130859375 0.46794582723279654 0.2452919921875 0.4776456808199122 0.23812890625 0.48838506588579794 0.2487578125 0.487692532942899
0  0.09375 0.39092240117130306 0.01171875 0.02635431918008785 0.089826171875 0.3862298682284041 0.0909599609375 0.38656954612005856 0.0878994140625 0.3916676427525623 0.090052734375 0.39693557833089316 0.0908466796875 0.3974450951683748
0  0.10595703125 0.40995607613469986 0.0166015625 0.032210834553440704 0.1011435546875 0.40828257686676434 0.107701171875 0.4095373352855051 0.1029580078125 0.4145578330893118 0.1007255859375 0.4193689604685212 0.1058876953125 0.42020497803806733
0  0.1328125 0.39604685212298685 0.01953125 0.03367496339677892 0.1333310546875 0.3958316251830161 0.1406689453125 0.396909224011713 0.13750390625 0.40036017569546123 0.1331875 0.40618448023426057 0.137935546875 0.40726354319180086
0  0.1669921875 0.36676427525622257 0.021484375 0.0424597364568082 0.159912109375 0.3654831625183016 0.1690673828125 0.3668550512445095 0.1637578125 0.3731698389458272 0.1610107421875 0.38085651537335286 0.167419921875 0.38085651537335286
0  0.20068359375 0.3601756954612006 0.0224609375 0.04685212298682284 0.19150390625 0.35494875549048316 0.198876953125 0.3546705710102489 0.19072265625 0.362489019033675 0.1917578125 0.3720937042459736 0.1973828125 0.37165446559297216
0  0.23583984375 0.36383601756954614 0.0205078125 0.0424597364568082 0.23321484375 0.35486822840409954 0.232849609375 0.3545944363103953 0.225890625 0.3622811127379209 0.23193359375 0.37298682284040996 0.232482421875 0.37271156661786237
0  0.0068359375 0.5468521229868228 0.01171875 0.0424597364568082 0.0003876953125 0.54600878477306 0.00863671875 0.5465710102489019 0.00469921875 0.5538784773060029 0.0003876953125 0.5603426061493412 0.00807421875 0.5600614934114202
0  0.3125 0.36749633967789164 0.02734375 0.043923865300146414 0.301962890625 0.3603001464128843 0.3102109375 0.3594568081991215 0.303275390625 0.36845095168374814 0.301962890625 0.3788491947291362 0.3094609375 0.3777262079062958
0  0.30419921875 0.37774524158125916 0.0166015625 0.032210834553440704 -0.0009765625 -0.0014641288433382138 -0.0009765625 -0.0014641288433382138 -0.0009765625 -0.0014641288433382138 -0.0009765625 -0.0014641288433382138 -0.0009765625 -0.0014641288433382138
0  0.34765625 0.4458272327964861 0.029296875 0.05710102489019034 0.335205078125 0.43997071742313326 0.344482421875 0.43923865300146414 0.335693359375 0.4494875549048316 0.33642578125 0.46193265007320644 0.341552734375 0.462298682284041
0  0.3779296875 0.5051244509516838 0.01953125 0.043923865300146414 0.374083984375 0.493502196193265 0.374083984375 0.493502196193265 0.370421875 0.4970717423133236 0.371154296875 0.5116222547584187 0.3707890625 0.511896046852123
0  0.419921875 0.3374816983894583 0.029296875 0.060029282576866766 0.4168876953125 0.3324685212298682 0.426662109375 0.3297686676427526 0.4251181640625 0.34172327964860905 0.42048828125 0.3552210834553441 0.431548828125 0.3509795021961933
0  0.4736328125 0.32210834553440704 0.02734375 0.0527086383601757 0.47291796875 0.3204084919472914 0.482892578125 0.3176896046852123 0.4799453125 0.3285666178623719 0.475638671875 0.3404626647144949 0.482666015625 0.34080234260614933
0  0.4990234375 0.36530014641288433 0.025390625 0.05417276720351391 0.5031298828125 0.36495314787701316 0.50705859375 0.36599267935578333 0.5052099609375 0.375692532942899 0.497123046875 0.38400732064421667 0.4996640625 0.3853923865300147
0  0.5107421875 0.4238653001464129 0.02734375 0.05417276720351391 -0.0009765625 -0.0014641288433382138 -0.0009765625 -0.0014641288433382138 -0.0009765625 -0.0014641288433382138 -0.0009765625 -0.0014641288433382138 -0.0009765625 -0.0014641288433382138
0  0.52001953125 0.35505124450951686 0.0224609375 0.036603221083455345 0.511998046875 0.35173060029282577 0.51686328125 0.3529077598828697 0.5110556640625 0.3599663250366032 0.512154296875 0.3642020497803807 0.5176474609375 0.36490775988286966
0  0.68115234375 0.4150805270863836 0.0361328125 0.06881405563689605 0.676216796875 0.41212591508052715 0.6919296875 0.41212591508052715 0.685111328125 0.42279355783308925 0.67799609375 0.43390483162518306 0.6880751953125 0.4352386530014641
0  0.7294921875 0.34553440702781846 0.037109375 0.06149341142020498 0.718314453125 0.33925915080527086 0.731916015625 0.3388667642752562 0.7227607421875 0.3510248901903367 0.717529296875 0.36082869692532943 0.7303466796875 0.3612210834553441
0  0.7177734375 0.5592972181551976 0.03515625 0.06149341142020498 0.717546875 0.5604743777452416 0.7308876953125 0.5561595900439239 0.728271484375 0.568710102489019 0.720947265625 0.5816515373352855 0.7308876953125 0.5789062957540263
0  0.7568359375 0.3579795021961933 0.021484375 0.04538799414348463 -0.0009765625 -0.0014641288433382138 -0.0009765625 -0.0014641288433382138 -0.0009765625 -0.0014641288433382138 -0.0009765625 -0.0014641288433382138 -0.0009765625 -0.0014641288433382138
0  0.7783203125 0.3213762811127379 0.02734375 0.05124450951683748 0.7680927734375 0.3213762811127379 0.7774306640625 0.320710102489019 0.77009375 0.3270439238653002 0.768982421875 0.33837774524158126 0.7745400390625 0.33771010248901906
0  0.81591796875 0.38653001464128844 0.0244140625 0.040995607613469986 0.8082802734375 0.38016983894582723 0.817216796875 0.380705710102489 0.8122119140625 0.3916939970717423 0.80953125 0.3962489019033675 0.815787109375 0.3965168374816984
0  0.537109375 0.4238653001464129 0.025390625 0.0629575402635432 -0.0009765625 -0.0014641288433382138 -0.0009765625 -0.0014641288433382138 -0.0009765625 -0.0014641288433382138 -0.0009765625 -0.0014641288433382138 -0.0009765625 -0.0014641288433382138
0  0.84033203125 0.3301610541727672 0.0322265625 0.0746705710102489 0.8310546875 0.32189897510980964 0.8357626953125 0.3233103953147877 0.8260322265625 0.3341346998535871 0.832310546875 0.34684187408491945 0.83544921875 0.347311859443631
0  0.90966796875 0.2657393850658858 0.0400390625 0.07759882869692533 0.8985556640625 0.2583923865300146 0.9168662109375 0.2564319180087848 0.9077109375 0.26917715959004396 0.9005166015625 0.28486383601756954 0.914904296875 0.28339385065885797
0  0.81787109375 0.582723279648609 0.0341796875 0.06442166910688141 0.81133984375 0.579108345534407 0.825623046875 0.5762254758418741 0.8193056640625 0.5869326500732065 0.816009765625 0.6029926793557833 0.82699609375 0.599285505124451
0  0.8994140625 0.5329428989751098 0.03125 0.06442166910688141 0.890197265625 0.5247994143484627 0.8921201171875 0.5252108345534406 0.88360546875 0.5330336749633968 0.8849794921875 0.5449765739385066 0.890197265625 0.5507408491947291
0  0.95263671875 0.5673499267935578 0.0322265625 0.07174231332357248 0.940001953125 0.5636310395314788 0.9463193359375 0.5658857979502196 0.939099609375 0.5753572474377745 0.938798828125 0.5879853587115667 0.9427099609375 0.589338213762811
0  0.98779296875 0.3257686676427526 0.0244140625 0.0746705710102489 -0.0009765625 -0.0014641288433382138 -0.0009765625 -0.0014641288433382138 -0.0009765625 -0.0014641288433382138 -0.0009765625 -0.0014641288433382138 -0.0009765625 -0.0014641288433382138
0  0.54248046875 0.34992679355783307 0.0146484375 0.032210834553440704 -0.0009765625 -0.0014641288433382138 -0.0009765625 -0.0014641288433382138 -0.0009765625 -0.0014641288433382138 -0.0009765625 -0.0014641288433382138 -0.0009765625 -0.0014641288433382138
0  0.18310546875 0.36822840409956076 0.0166015625 0.036603221083455345 -0.0009765625 -0.0014641288433382138 -0.0009765625 -0.0014641288433382138 -0.0009765625 -0.0014641288433382138 -0.0009765625 -0.0014641288433382138 -0.0009765625 -0.0014641288433382138
0  0.650390625 0.46266471449487556 0.013671875 0.02635431918008785 -0.0009765625 -0.0014641288433382138 -0.0009765625 -0.0014641288433382138 -0.0009765625 -0.0014641288433382138 -0.0009765625 -0.0014641288433382138 -0.0009765625 -0.0014641288433382138
