0  0.35009765625 0.5662568306010929 0.0244140625 0.045081967213114756 0.3469453125 0.5625969945355191 0.35821484375 0.5620245901639344 0.3526826171875 0.5732035519125683 0.34735546875 0.5789357923497268 0.3571904296875 0.5786489071038252
0  0.427734375 0.5621584699453552 0.025390625 0.045081967213114756 0.4224326171875 0.5603046448087431 0.4345703125 0.5594262295081968 0.4287109375 0.5690860655737705 0.424525390625 0.5746489071038251 0.4335244140625 0.5740628415300546
0  0.53515625 0.5300546448087432 0.0234375 0.030054644808743168 0.5317685546875 0.523224043715847 0.541076171875 0.5230109289617486 0.535888671875 0.5306953551912568 0.531921875 0.537525956284153 0.539703125 0.5379521857923497
0  0.5615234375 0.5628415300546448 0.021484375 0.03825136612021858 0.5569892578125 0.5586939890710383 0.5686728515625 0.5586939890710383 0.5618720703125 0.5682090163934426 0.55855859375 0.5740628415300546 0.5650107421875 0.5745505464480875
0  0.62109375 0.5573770491803278 0.0234375 0.040983606557377046 0.6162109375 0.5532786885245902 0.6279296875 0.5519125683060109 0.62109375 0.5614754098360656 0.6181640625 0.5710382513661202 0.6240234375 0.569672131147541
0  0.677734375 0.5860655737704918 0.0234375 0.04371584699453552 0.6715439453125 0.5821379781420765 0.6815712890625 0.5826994535519125 0.6755546875 0.5919562841530055 0.672546875 0.597568306010929 0.680568359375 0.5978483606557377
0  0.72119140625 0.5628415300546448 0.0205078125 0.03825136612021858 0.71630859375 0.5597677595628415 0.7264228515625 0.56123087431694 0.719447265625 0.5687937158469946 0.7152626953125 0.5748920765027323 0.7238076171875 0.5758688524590164
0  0.77734375 0.5334699453551912 0.025390625 0.04234972677595628 0.7699501953125 0.5319822404371585 0.7805 0.5298346994535519 0.7726357421875 0.5400327868852459 0.77167578125 0.5478142076502732 0.7791572265625 0.5453989071038252
0  0.7333984375 0.7008196721311475 0.025390625 0.03825136612021858 0.728724609375 0.6950628415300546 0.740234375 0.6953060109289617 0.7351767578125 0.7045765027322405 0.7301201171875 0.7116516393442622 0.7386650390625 0.7118948087431693
0  0.63671875 0.7260928961748634 0.025390625 0.045081967213114756 0.631927734375 0.7217937158469945 0.64340234375 0.7220792349726776 0.638484375 0.7323989071038252 0.633771484375 0.7407117486338798 0.6423779296875 0.7401379781420764
0  0.5546875 0.7192622950819673 0.0234375 0.04234972677595628 0.551513671875 0.712139344262295 0.5616806640625 0.7129439890710383 0.557076171875 0.7199207650273224 0.55247265625 0.7290450819672131 0.5595703125 0.7298497267759563
0  0.470703125 0.7288251366120219 0.0234375 0.045081967213114756 0.466400390625 0.7288251366120219 0.4786943359375 0.7288251366120219 0.4723427734375 0.7379972677595629 0.4680390625 0.7465969945355192 0.47480078125 0.7460232240437159
0  0.380859375 0.7308743169398907 0.0234375 0.03551912568306011 0.375052734375 0.721860655737705 0.38780859375 0.7232513661202186 0.3800224609375 0.7318251366120219 0.375880859375 0.7394740437158469 0.383169921875 0.7397049180327869
0  0.29052734375 0.7233606557377049 0.0263671875 0.045081967213114756 0.2832724609375 0.719165300546448 0.2958291015625 0.7188715846994537 0.2889228515625 0.7288251366120219 0.2847373046875 0.7370218579234973 0.2933173828125 0.7373142076502733
0  0.17724609375 0.7206284153005464 0.0283203125 0.04234972677595628 0.172154296875 0.7118948087431693 0.1836630859375 0.7116270491803278 0.1767578125 0.7202131147540984 0.1734970703125 0.7304112021857923 0.181169921875 0.7301420765027323
0  0.41943359375 0.3790983606557377 0.0185546875 0.03415300546448088 0.415806640625 0.3762199453551912 0.424125 0.3755614754098361 0.420201171875 0.3812691256830601 0.417533203125 0.3889535519125683 0.4236533203125 0.38851502732240434
0  0.478515625 0.38114754098360654 0.01953125 0.030054644808743168 0.4755166015625 0.3780245901639344 0.484583984375 0.37821994535519127 0.479283203125 0.3829043715846995 0.476353515625 0.3889535519125683 0.481236328125 0.3897349726775956
0  0.37109375 0.30601092896174864 0.017578125 0.02459016393442623 0.367126953125 0.30274180327868855 0.374833984375 0.3038524590163934 0.3692802734375 0.3086092896174863 0.3662197265625 0.3165368852459017 0.3721142578125 0.3168551912568306
0  0.41748046875 0.31489071038251365 0.0166015625 0.025956284153005466 0.41357421875 0.3140368852459016 0.4210205078125 0.3130122950819672 0.41748046875 0.31830601092896177 0.4144287109375 0.32308743169398907 0.42041015625 0.3229166666666667
0  0.45849609375 0.31489071038251365 0.0185546875 0.028688524590163935 0.455 0.3079016393442623 0.461931640625 0.30808469945355194 0.457615234375 0.31430464480874315 0.454869140625 0.320525956284153 0.4606240234375 0.3207090163934426
0  0.498046875 0.30601092896174864 0.015625 0.030054644808743168 0.4940009765625 0.3017172131147541 0.5020927734375 0.3015218579234973 0.497349609375 0.307181693989071 0.493443359375 0.31440300546448086 0.5004189453125 0.3140122950819672
0  0.5341796875 0.30806010928961747 0.015625 0.028688524590163935 0.5289833984375 0.3039002732240437 0.537484375 0.3037172131147541 0.533037109375 0.3084754098360656 0.5309453125 0.31487841530054644 0.5363076171875 0.3150614754098361
0  0.5732421875 0.3128415300546448 0.015625 0.0273224043715847 0.5712890625 0.3073770491803279 0.5791015625 0.3073770491803279 0.57421875 0.3128415300546448 0.5712890625 0.31830601092896177 0.578125 0.31830601092896177
0  0.6474609375 0.3162568306010929 0.017578125 0.028688524590163935 0.642298828125 0.31356147540983603 0.6489697265625 0.3141106557377049 0.6438681640625 0.3190505464480874 0.642037109375 0.32417349726775957 0.647400390625 0.32417349726775957
0  0.47998046875 0.3469945355191257 0.0205078125 0.03278688524590164 0.4765625 0.34153005464480873 0.4853515625 0.3401639344262295 0.482421875 0.34562841530054644 0.478515625 0.35382513661202186 0.484375 0.35382513661202186
0  0.5400390625 0.34562841530054644 0.017578125 0.03278688524590164 0.53737109375 0.34156693989071035 0.5462646484375 0.3407377049180328 0.5418173828125 0.3452991803278688 0.538705078125 0.35172677595628415 0.5449306640625 0.35172677595628415
0  0.5810546875 0.33811475409836067 0.017578125 0.028688524590163935 0.5771044921875 0.33773633879781423 0.5839970703125 0.3384931693989071 0.580212890625 0.3434084699453552 0.5776455078125 0.347 0.5823759765625 0.34718989071038253
0  0.623046875 0.3422131147540984 0.017578125 0.031420765027322405 0.61959375 0.337827868852459 0.627650390625 0.3376270491803279 0.6233349609375 0.3442677595628415 0.620169921875 0.35030601092896174 0.6254921875 0.35050683060109294
0  0.41796875 0.34972677595628415 0.01953125 0.0273224043715847 0.4148251953125 0.3463907103825137 0.4234228515625 0.34603688524590165 0.4186181640625 0.35346584699453554 0.4153310546875 0.359301912568306 0.421779296875 0.359301912568306
0  0.23583984375 0.30396174863387976 0.0185546875 0.031420765027322405 0.2325615234375 0.29917486338797816 0.24004296875 0.2995765027322404 0.2363017578125 0.30621857923497264 0.23313671875 0.3132622950819672 0.239466796875 0.3140669398907104
0  0.28271484375 0.30327868852459017 0.0185546875 0.03278688524590164 0.2790224609375 0.2987540983606557 0.288025390625 0.29918032786885246 0.283294921875 0.3040901639344262 0.280853515625 0.310707650273224 0.28695703125 0.310707650273224
0  0.32421875 0.31420765027322406 0.01953125 0.03551912568306011 0.32012109375 0.3117431693989071 0.3300087890625 0.3115245901639344 0.324515625 0.31855054644808745 0.3210625 0.32250136612021857 0.328595703125 0.3211844262295082
0  0.30078125 0.5689890710382514 0.0234375 0.036885245901639344 0.2980390625 0.5635191256830601 0.3092607421875 0.5635191256830601 0.3038203125 0.5725573770491803 0.2970185546875 0.5768387978142077 0.30773046875 0.5777896174863388
0  0.2333984375 0.5669398907103825 0.021484375 0.03551912568306011 0.2333984375 0.5628415300546448 0.2412109375 0.5628415300546448 0.23828125 0.5724043715846995 0.2314453125 0.5765027322404371 0.2392578125 0.5792349726775956
0  0.18505859375 0.5683060109289617 0.0224609375 0.040983606557377046 0.18359375 0.5655737704918032 0.1943359375 0.5655737704918032 0.1904296875 0.5724043715846995 0.1826171875 0.5792349726775956 0.1923828125 0.5792349726775956
0  0.232421875 0.48155737704918034 0.021484375 0.03961748633879782 0.2294921875 0.47575136612021857 0.2399296875 0.47728825136612024 0.23516796875 0.4847158469945355 0.231140625 0.4926571038251366 0.237732421875 0.4924016393442623
0  0.3095703125 0.5 0.0234375 0.040983606557377046 0.3045830078125 0.4961693989071039 0.3152685546875 0.49695628415300547 0.30926953125 0.5037745901639344 0.30664453125 0.5116420765027322 0.3139560546875 0.5119043715846995
0  0.38818359375 0.51775956284153 0.0224609375 0.03551912568306011 0.3833447265625 0.5125628415300547 0.3938291015625 0.5112090163934426 0.3894736328125 0.5193333333333333 0.38544140625 0.5265546448087431 0.3935068359375 0.526327868852459
0  0.49267578125 0.5245901639344263 0.0224609375 0.03825136612021858 0.4869208984375 0.5171256830601093 0.4979072265625 0.5163934426229508 0.4925009765625 0.5246871584699454 0.4886650390625 0.5327377049180327 0.496337890625 0.5329822404371585
0  0.646484375 0.505464480874317 0.0234375 0.03551912568306011 0.6413662109375 0.5024521857923497 0.6514716796875 0.5029153005464481 0.6461708984375 0.5070874316939891 0.6423603515625 0.5154303278688525 0.649318359375 0.515198087431694
0  0.73095703125 0.4542349726775956 0.0205078125 0.036885245901639344 0.7262177734375 0.45096584699453557 0.736080078125 0.4502527322404371 0.7314892578125 0.4576256830601093 0.727748046875 0.46499863387978146 0.7348896484375 0.4647609289617486
0  0.31689453125 0.44672131147540983 0.0205078125 0.03551912568306011 0.3125869140625 0.44164754098360653 0.3218642578125 0.44164754098360653 0.31689453125 0.4474412568306011 0.3135810546875 0.4557841530054645 0.3200419921875 0.4557841530054645
0  0.38916015625 0.444672131147541 0.0205078125 0.036885245901639344 0.38529296875 0.44039071038251365 0.394984375 0.4401530054644809 0.3903935546875 0.4465751366120218 0.38750390625 0.4537103825136612 0.3927744140625 0.453948087431694
0  0.4560546875 0.44398907103825136 0.017578125 0.03825136612021858 0.4522880859375 0.4414030054644809 0.4610068359375 0.44164754098360653 0.45699609375 0.4496980874316939 0.453857421875 0.455551912568306 0.459263671875 0.455551912568306
0  0.47705078125 0.42896174863387976 0.0205078125 0.03551912568306011 0.4731796875 0.42579644808743167 0.4831806640625 0.42534562841530055 0.4786640625 0.43234016393442626 0.4754375 0.4393360655737705 0.481728515625 0.4384330601092896
0  0.51416015625 0.45560109289617484 0.0205078125 0.03415300546448088 0.509765625 0.4494535519125683 0.5205078125 0.44672131147540983 0.515625 0.45491803278688525 0.51171875 0.46311475409836067 0.5185546875 0.46311475409836067
0  0.5869140625 0.444672131147541 0.0234375 0.03961748633879782 0.5828505859375 0.44192213114754103 0.5925029296875 0.441422131147541 0.5883916015625 0.4489234972677596 0.58428125 0.45667486338797814 0.5914306640625 0.45642486338797816
0  0.6142578125 0.4180327868852459 0.01953125 0.03278688524590164 0.609916015625 0.4126420765027322 0.61955078125 0.41222677595628415 0.615251953125 0.41741120218579236 0.61376953125 0.42570491803278687 0.6183642578125 0.4252896174863388
0  0.6572265625 0.4248633879781421 0.0234375 0.03825136612021858 0.6529365234375 0.42008196721311475 0.662876953125 0.41886202185792354 0.65869140625 0.42691256830601093 0.655029296875 0.43398770491803274 0.6625283203125 0.43301092896174864
0  0.6982421875 0.38046448087431695 0.017578125 0.028688524590163935 0.6952685546875 0.37668306010928965 0.7025673828125 0.3755491803278688 0.6998642578125 0.3823551912568306 0.697025390625 0.3893497267759563 0.7028369140625 0.3882158469945355
0  0.68310546875 0.34494535519125685 0.0166015625 0.028688524590163935 0.6806728515625 0.34225546448087435 0.6881064453125 0.3432008196721312 0.6847275390625 0.34754918032786886 0.6808076171875 0.35359972677595625 0.6877001953125 0.35435519125683057
0  0.63916015625 0.3756830601092896 0.0166015625 0.03278688524590164 0.6361953125 0.3726584699453552 0.6442001953125 0.37162158469945356 0.640494140625 0.37825683060109294 0.637974609375 0.3842704918032787 0.6439033203125 0.3842704918032787
0  0.57958984375 0.36885245901639346 0.0185546875 0.03278688524590164 0.575591796875 0.36475409836065575 0.584900390625 0.3649672131147541 0.580626953125 0.3705177595628415 0.5765078125 0.3762814207650273 0.583068359375 0.3773483606557377
0  0.54248046875 0.40915300546448086 0.0205078125 0.03415300546448088 0.53714453125 0.4062745901639344 0.54608984375 0.4062745901639344 0.5418525390625 0.41242213114754095 0.538556640625 0.4185696721311475 0.545462890625 0.4185696721311475
0  0.52880859375 0.383879781420765 0.0185546875 0.03278688524590164 0.525390625 0.3797814207650273 0.5341796875 0.37841530054644806 0.53125 0.383879781420765 0.525390625 0.39207650273224043 0.533203125 0.39207650273224043
0  0.40673828125 0.4255464480874317 0.0205078125 0.036885245901639344 0.40426171875 0.4172158469945355 0.4130419921875 0.4183743169398907 0.4077412109375 0.42532650273224043 0.4029365234375 0.4339016393442623 0.4102255859375 0.43459699453551914
0  0.359375 0.38934426229508196 0.01953125 0.03278688524590164 0.3561708984375 0.38674043715846995 0.3650205078125 0.3869535519125683 0.360900390625 0.3918633879781421 0.35723828125 0.39912021857923496 0.3637998046875 0.3993333333333334
0  0.30029296875 0.3866120218579235 0.0205078125 0.03551912568306011 0.2973896484375 0.3852513661202186 0.3064228515625 0.385025956284153 0.302228515625 0.39202185792349725 0.299970703125 0.39766256830601093 0.30577734375 0.39788797814207655
0  0.24365234375 0.44672131147540983 0.0205078125 0.03551912568306011 0.2395107421875 0.44350136612021857 0.24928515625 0.44350136612021857 0.2451435546875 0.4506857923497268 0.241830078125 0.45717486338797814 0.248291015625 0.45717486338797814
0  0.23876953125 0.4064207650273224 0.0185546875 0.03415300546448088 0.234828125 0.40332240437158473 0.2433037109375 0.40354234972677594 0.2384384765625 0.40925000000000006 0.235298828125 0.41561748633879786 0.241419921875 0.41561748633879786
0  0.25634765625 0.33811475409836067 0.0166015625 0.03415300546448088 0.25191796875 0.3347964480874317 0.2608642578125 0.3363333333333333 0.2572548828125 0.3396270491803279 0.2528603515625 0.3457745901639344 0.25882421875 0.3464330601092896
0  0.30126953125 0.351775956284153 0.0205078125 0.028688524590163935 0.2969970703125 0.35026366120218577 0.3044306640625 0.35026366120218577 0.30145703125 0.354233606557377 0.2976728515625 0.3610396174863388 0.3045654296875 0.36122950819672134
0  0.36279296875 0.3442622950819672 0.0185546875 0.03278688524590164 0.3589169921875 0.33931010928961747 0.3668515625 0.33931010928961747 0.362884765625 0.3457131147540984 0.3596796875 0.3512636612021858 0.3648681640625 0.3516912568306011
