0  0.34033203125 0.41947291361639827 0.0185546875 0.03953147877013177 0.3415 0.41774670571010253 0.3479609375 0.4174992679355783 0.3497841796875 0.4242049780380674 0.342494140625 0.43041434846266474 0.3476298828125 0.4291727672035139
0  0.2763671875 0.42825768667642755 0.013671875 0.03074670571010249 0.2756171875 0.42674084919472915 0.282810546875 0.4251727672035139 0.2817646484375 0.4314480234260615 0.2766640625 0.43693850658857974 0.282810546875 0.4367423133235725
0  0.2265625 0.4377745241581259 0.015625 0.02342606149341142 0.2254111328125 0.4385592972181552 0.231166015625 0.43369546120058566 0.23148046875 0.44044070278184483 0.2301201171875 0.4460893118594436 0.2328408203125 0.443108345534407
0  0.1904296875 0.4443631039531479 0.013671875 0.021961932650073207 0.187744140625 0.444493411420205 0.1932109375 0.44118594436310393 0.1917724609375 0.44780087847730604 0.1911015625 0.45211566617862375 0.195033203125 0.4495270863836017
0  0.1650390625 0.4428989751098097 0.01171875 0.01903367496339678 0.1635302734375 0.44004978038067344 0.16808203125 0.4406368960468521 0.166748046875 0.4434612005856516 0.1638447265625 0.44699121522694 0.1669833984375 0.44734407027818446
0  0.1484375 0.445095168374817 0.0078125 0.014641288433382138 -0.0009765625 -0.0014641288433382138 -0.0009765625 -0.0014641288433382138 -0.0009765625 -0.0014641288433382138 -0.0009765625 -0.0014641288433382138 -0.0009765625 -0.0014641288433382138
0  0.24560546875 0.4568081991215227 0.0048828125 0.01171303074670571 -0.0009765625 -0.0014641288433382138 -0.0009765625 -0.0014641288433382138 -0.0009765625 -0.0014641288433382138 -0.0009765625 -0.0014641288433382138 -0.0009765625 -0.0014641288433382138
0  0.29345703125 0.45314787701317716 0.0087890625 0.013177159590043924 -0.0009765625 -0.0014641288433382138 -0.0009765625 -0.0014641288433382138 -0.0009765625 -0.0014641288433382138 -0.0009765625 -0.0014641288433382138 -0.0009765625 -0.0014641288433382138
0  0.48046875 0.41654465592972184 0.025390625 0.0424597364568082 0.483376953125 0.4125241581259151 0.4919560546875 0.4098448023426061 0.4919560546875 0.4208330893118594 0.48587890625 0.4286046852122987 0.4923134765625 0.4261918008784773
0  0.49658203125 0.4582723279648609 0.0087890625 0.017569546120058566 0.4964423828125 0.45621961932650074 0.4995029296875 0.4559853587115666 0.4977763671875 0.4592796486090776 0.496599609375 0.4622196193265008 0.4991103515625 0.4619853587115666
0  0.53173828125 0.46412884333821375 0.0126953125 0.020497803806734993 0.5296279296875 0.46321376281112736 0.5350341796875 0.46360614934114197 0.53241796875 0.4690966325036603 0.528755859375 0.4735417276720351 0.5330283203125 0.4735417276720351
0  0.5546875 0.4582723279648609 0.009765625 0.020497803806734993 0.55126953125 0.4538345534407028 0.552642578125 0.4543836017569546 0.549896484375 0.45973645680819913 0.5517275390625 0.46454026354319183 0.552734375 0.46495168374816986
0  0.587890625 0.4582723279648609 0.009765625 0.020497803806734993 -0.0009765625 -0.0014641288433382138 -0.0009765625 -0.0014641288433382138 -0.0009765625 -0.0014641288433382138 -0.0009765625 -0.0014641288433382138 -0.0009765625 -0.0014641288433382138
0  0.60498046875 0.445095168374817 0.0087890625 0.020497803806734993 -0.0009765625 -0.0014641288433382138 -0.0009765625 -0.0014641288433382138 -0.0009765625 -0.0014641288433382138 -0.0009765625 -0.0014641288433382138 -0.0009765625 -0.0014641288433382138
0  0.6044921875 0.3762811127379209 0.01171875 0.020497803806734993 0.602783203125 0.37403221083455346 0.6081015625 0.37311713030746707 0.6062705078125 0.37965446559297217 0.604439453125 0.38279062957540266 0.6078408203125 0.3823997071742313
0  0.67236328125 0.4633967789165447 0.0107421875 0.021961932650073207 0.669494140625 0.46027964860907755 0.6752099609375 0.46057979502196195 0.6720009765625 0.46448901903367495 0.66879296875 0.4689985358711567 0.6749091796875 0.46944948755490484
0  0.76318359375 0.42093704245973645 0.0341796875 0.06588579795021962 0.76806640625 0.4168579795021962 0.770298828125 0.41644070278184475 0.7786689453125 0.42689751098096634 0.7669501953125 0.43819326500732064 0.77001953125 0.43819326500732064
0  0.78662109375 0.424597364568082 0.0107421875 0.02635431918008785 0.7828369140625 0.42298243045387995 0.784484375 0.42298243045387995 0.7807177734375 0.42880673499267935 0.782955078125 0.4342781844802343 0.7842490234375 0.4341010248901903
0  0.83935546875 0.4773060029282577 0.0146484375 0.029282576866764276 0.834189453125 0.47316251830161055 0.8374765625 0.474489019033675 0.8324189453125 0.4807437774524158 0.834189453125 0.4862415812591508 0.8372236328125 0.4864304538799415
0  0.87841796875 0.4143484626647145 0.0107421875 0.020497803806734993 0.8747255859375 0.41183162518301614 0.8767392578125 0.41224304538799417 0.8730771484375 0.417597364568082 0.87518359375 0.4217144948755491 0.877197265625 0.4221259150805271
0  0.94970703125 0.4480234260614934 0.0205078125 0.03513909224011713 0.941986328125 0.4415724743777452 0.9512939453125 0.4424875549048316 0.944580078125 0.4498081991215227 0.941833984375 0.45529868228404097 0.95053125 0.4559853587115666
0  0.98486328125 0.3711566617862372 0.0166015625 0.03074670571010249 0.9784892578125 0.366502196193265 0.9818896484375 0.367090775988287 0.976658203125 0.37473792093704245 0.977966796875 0.38003221083455346 0.9830673828125 0.38003221083455346
0  0.98974609375 0.5395314787701317 0.0205078125 0.0424597364568082 0.98212109375 0.5345841874084919 0.993560546875 0.5348521229868228 0.9856962890625 0.5434275256222547 0.983193359375 0.5517349926793558 0.9908798828125 0.5528067349926794
