0  0.025390625 0.5846715328467154 0.029296875 0.05401459854014599 0.0135673828125 0.5795357664233577 0.0201416015625 0.5802131386861314 0.0140205078125 0.592414598540146 0.017875 0.5988525547445256 0.0237685546875 0.5974978102189781
0  0.15576171875 0.6255474452554745 0.0185546875 0.030656934306569343 0.148341796875 0.6195386861313869 0.15501171875 0.6195386861313869 0.1505654296875 0.6267722627737227 0.1495185546875 0.6349839416058394 0.1552734375 0.6334204379562043
0  0.18115234375 0.6291970802919709 0.0166015625 0.029197080291970802 0.177267578125 0.6239313868613138 0.1828310546875 0.624119708029197 0.17840625 0.6301678832116788 0.179291015625 0.6379167883211679 0.1832099609375 0.6384846715328467
0  0.21630859375 0.6372262773722628 0.0185546875 0.030656934306569343 0.2104970703125 0.6335897810218978 0.2186064453125 0.6329839416058394 0.2130654296875 0.6378321167883212 0.2110380859375 0.6469240875912409 0.2172548828125 0.6467211678832117
0  0.2783203125 0.6124087591240875 0.021484375 0.030656934306569343 0.2734375 0.6028160583941605 0.2841796875 0.6036496350364964 0.2777626953125 0.6090715328467153 0.273716796875 0.6192905109489051 0.280970703125 0.6197080291970803
0  0.35888671875 0.6496350364963503 0.0126953125 0.026277372262773723 0.354025390625 0.6460890510948906 0.361087890625 0.6459138686131387 0.3568505859375 0.6520729927007299 0.3554384765625 0.6554160583941605 0.3589697265625 0.6559430656934307
0  0.3779296875 0.6474452554744525 0.015625 0.024817518248175182 0.3740234375 0.6437956204379562 0.3798828125 0.6437956204379562 0.3759765625 0.6481751824817519 0.3740234375 0.6554744525547446 0.3798828125 0.6554744525547446
0  0.39892578125 0.6175182481751825 0.0126953125 0.026277372262773723 0.39453125 0.6087591240875913 0.3974609375 0.6087591240875913 0.3935546875 0.6160583941605839 0.3935546875 0.6248175182481752 0.3955078125 0.6233576642335766
0  0.4443359375 0.6021897810218978 0.013671875 0.021897810218978103 0.440865234375 0.5987357664233577 0.4464287109375 0.599021897810219 0.442591796875 0.6033240875912409 0.43971484375 0.6094890510948905 0.445181640625 0.6093459854014598
0  0.50048828125 0.6591240875912409 0.0146484375 0.024817518248175182 0.4951171875 0.654014598540146 0.5009765625 0.654014598540146 0.49609375 0.6613138686131387 0.494140625 0.6671532846715329 0.498046875 0.6671532846715329
0  0.45068359375 0.6562043795620438 0.0107421875 0.021897810218978103 0.44921875 0.6525547445255474 0.455078125 0.6510948905109489 0.453125 0.6554744525547446 0.4501953125 0.6613138686131387 0.455078125 0.6613138686131387
0  0.48583984375 0.6525547445255474 0.0107421875 0.017518248175182483 0.482421875 0.6525547445255474 0.48828125 0.6525547445255474 0.484375 0.6554744525547446 0.4833984375 0.6613138686131387 0.4873046875 0.6613138686131387
0  0.515625 0.6503649635036496 0.009765625 0.01897810218978102 0.512560546875 0.6480379562043795 0.5162880859375 0.6479138686131387 0.513388671875 0.6527430656934307 0.5131396484375 0.655963503649635 0.516205078125 0.6557153284671533
0  0.60693359375 0.6452554744525547 0.0068359375 0.014598540145985401 0.6025390625 0.6437956204379562 0.6064453125 0.6452554744525547 0.603515625 0.6481751824817519 0.6025390625 0.6525547445255474 0.60546875 0.654014598540146
0  0.6142578125 0.6613138686131387 0.01171875 0.02335766423357664 0.609671875 0.6580350364963504 0.61418359375 0.658785401459854 0.61117578125 0.6623824817518249 0.6102734375 0.6665795620437956 0.6128798828125 0.666429197080292
0  0.6357421875 0.6489051094890511 0.013671875 0.027737226277372264 0.6307373046875 0.6458029197080292 0.63671875 0.6459854014598541 0.6318359375 0.6510948905109489 0.630859375 0.6562043795620438 0.635498046875 0.6562043795620438
0  0.66259765625 0.6598540145985401 0.0166015625 0.032116788321167884 0.6588310546875 0.656934306569343 0.6660849609375 0.6571430656934306 0.6630166015625 0.6634 0.6572958984375 0.6669445255474453 0.6680380859375 0.6673620437956204
0  0.6875 0.6656934306569343 0.009765625 0.020437956204379562 0.684173828125 0.6657839416058394 0.689208984375 0.6651007299270073 0.68536328125 0.6711226277372263 0.6851806640625 0.6757751824817518 0.6884765625 0.6739970802919708
0  0.7314453125 0.6620437956204379 0.01953125 0.03941605839416058 0.7261435546875 0.6533883211678833 0.727634765625 0.6533883211678833 0.7226650390625 0.6623051094890511 0.7264755859375 0.6719635036496351 0.72862890625 0.6717153284671533
