0  0.91259765625 0.19558359621451105 0.0458984375 0.0946372239747634 0.9038388671875 0.1983864353312303 0.924220703125 0.1977870662460568 0.9134736328125 0.21035646687697163 0.90643359375 0.2265173501577287 0.92014453125 0.2259179810725552
0  0.865234375 0.27681388012618297 0.03125 0.07097791798107256 -0.0009765625 -0.0015772870662460567 -0.0009765625 -0.0015772870662460567 -0.0009765625 -0.0015772870662460567 -0.0009765625 -0.0015772870662460567 -0.0009765625 -0.0015772870662460567
0  0.79052734375 0.23107255520504733 0.0341796875 0.07413249211356467 -0.0009765625 -0.0015772870662460567 -0.0009765625 -0.0015772870662460567 -0.0009765625 -0.0015772870662460567 -0.0009765625 -0.0015772870662460567 -0.0009765625 -0.0015772870662460567
0  0.685546875 0.30441640378548895 0.029296875 0.05993690851735016 0.6874130859375 0.2978958990536278 0.6975361328125 0.29713564668769715 0.696123046875 0.3100630914826499 0.6888251953125 0.317288643533123 0.6963583984375 0.3203296529968454
0  0.7353515625 0.2910094637223975 0.029296875 0.0583596214511041 0.72885546875 0.2824258675078864 0.743875 0.2902634069400631 0.73486328125 0.2962334384858044 0.727931640625 0.3029511041009464 0.7376357421875 0.30780283911671924
0  0.98046875 0.04022082018927445 0.015625 0.03627760252365931 -0.0009765625 -0.0015772870662460567 -0.0009765625 -0.0015772870662460567 -0.0009765625 -0.0015772870662460567 -0.0009765625 -0.0015772870662460567 -0.0009765625 -0.0015772870662460567
0  0.30810546875 0.06466876971608833 0.0185546875 0.03785488958990536 -0.0009765625 -0.0015772870662460567 -0.0009765625 -0.0015772870662460567 -0.0009765625 -0.0015772870662460567 -0.0009765625 -0.0015772870662460567 -0.0009765625 -0.0015772870662460567
0  0.70068359375 0.27365930599369087 0.0205078125 0.055205047318611984 -0.0009765625 -0.0015772870662460567 -0.0009765625 -0.0015772870662460567 -0.0009765625 -0.0015772870662460567 -0.0009765625 -0.0015772870662460567 -0.0009765625 -0.0015772870662460567
0  0.4658203125 0.1774447949526814 0.041015625 0.083596214511041 0.458154296875 0.17358044164037856 0.474951171875 0.17269716088328074 0.467138671875 0.1893217665615142 0.460703125 0.20298107255520503 0.47330078125 0.20230283911671923
0  0.33544921875 0.31703470031545744 0.0244140625 0.05993690851735016 -0.0009765625 -0.0015772870662460567 -0.0009765625 -0.0015772870662460567 -0.0009765625 -0.0015772870662460567 -0.0009765625 -0.0015772870662460567 -0.0009765625 -0.0015772870662460567
0  0.35595703125 0.29258675078864355 0.0263671875 0.061514195583596214 0.3590654296875 0.2797776025236593 0.3664990234375 0.2813280757097792 0.36673828125 0.2925583596214511 0.35546875 0.30224132492113565 0.3621826171875 0.30340220820189273
0  0.29296875 0.2302839116719243 0.02734375 0.050473186119873815 0.287671875 0.23044637223974765 0.298658203125 0.22981230283911672 0.2931650390625 0.24026813880126185 0.2888486328125 0.24755678233438486 0.2963037109375 0.24755678233438486
0  0.2265625 0.3470031545741325 0.02734375 0.056782334384858045 0.2214052734375 0.3372365930599369 0.2365244140625 0.33651892744479495 0.2298544921875 0.3498059936908517 0.22340625 0.3602192429022082 0.232744140625 0.35986119873817035
0  0.14404296875 0.250788643533123 0.0224609375 0.04416403785488959 0.1406943359375 0.2514432176656151 0.147666015625 0.2505772870662461 0.1437333984375 0.25635173501577285 0.1419462890625 0.26270347003154576 0.1458779296875 0.26241482649842274
0  0.21533203125 0.31545741324921134 0.0283203125 0.056782334384858045 -0.0009765625 -0.0015772870662460567 -0.0009765625 -0.0015772870662460567 -0.0009765625 -0.0015772870662460567 -0.0009765625 -0.0015772870662460567 -0.0009765625 -0.0015772870662460567
0  0.20068359375 0.2705047318611987 0.0244140625 0.04889589905362776 -0.0009765625 -0.0015772870662460567 -0.0009765625 -0.0015772870662460567 -0.0009765625 -0.0015772870662460567 -0.0009765625 -0.0015772870662460567 -0.0009765625 -0.0015772870662460567
0  0.095703125 0.24132492113564669 0.0390625 0.07570977917981073 0.0858984375 0.23425867507886436 0.1016796875 0.2327602523659306 0.09330078125 0.24788643533123028 0.0889453125 0.26277602523659305 0.10083984375 0.2614826498422713
0  0.05029296875 0.2705047318611987 0.0283203125 0.04889589905362776 -0.0009765625 -0.0015772870662460567 -0.0009765625 -0.0015772870662460567 -0.0009765625 -0.0015772870662460567 -0.0009765625 -0.0015772870662460567 -0.0009765625 -0.0015772870662460567
0  0.03125 0.23659305993690852 0.025390625 0.05362776025236593 -0.0009765625 -0.0015772870662460567 -0.0009765625 -0.0015772870662460567 -0.0009765625 -0.0015772870662460567 -0.0009765625 -0.0015772870662460567 -0.0009765625 -0.0015772870662460567
0  0.6474609375 0.2894321766561514 0.02734375 0.04889589905362776 -0.0009765625 -0.0015772870662460567 -0.0009765625 -0.0015772870662460567 -0.0009765625 -0.0015772870662460567 -0.0009765625 -0.0015772870662460567 -0.0009765625 -0.0015772870662460567
0  0.6201171875 0.24053627760252366 0.025390625 0.04889589905362776 -0.0009765625 -0.0015772870662460567 -0.0009765625 -0.0015772870662460567 -0.0009765625 -0.0015772870662460567 -0.0009765625 -0.0015772870662460567 -0.0009765625 -0.0015772870662460567
0  0.95654296875 0.26261829652996843 0.0283203125 0.0583596214511041 -0.0009765625 -0.0015772870662460567 -0.0009765625 -0.0015772870662460567 -0.0009765625 -0.0015772870662460567 -0.0009765625 -0.0015772870662460567 -0.0009765625 -0.0015772870662460567
0  0.91748046875 0.04810725552050473 0.0146484375 0.02996845425867508 -0.0009765625 -0.0015772870662460567 -0.0009765625 -0.0015772870662460567 -0.0009765625 -0.0015772870662460567 -0.0009765625 -0.0015772870662460567 -0.0009765625 -0.0015772870662460567
0  0.69091796875 0.05914826498422713 0.0185546875 0.033123028391167195 -0.0009765625 -0.0015772870662460567 -0.0009765625 -0.0015772870662460567 -0.0009765625 -0.0015772870662460567 -0.0009765625 -0.0015772870662460567 -0.0009765625 -0.0015772870662460567
0  0.62939453125 0.07097791798107256 0.0146484375 0.031545741324921134 -0.0009765625 -0.0015772870662460567 -0.0009765625 -0.0015772870662460567 -0.0009765625 -0.0015772870662460567 -0.0009765625 -0.0015772870662460567 -0.0009765625 -0.0015772870662460567
0  0.55224609375 0.07097791798107256 0.0146484375 0.03470031545741325 -0.0009765625 -0.0015772870662460567 -0.0009765625 -0.0015772870662460567 -0.0009765625 -0.0015772870662460567 -0.0009765625 -0.0015772870662460567 -0.0009765625 -0.0015772870662460567
0  0.4970703125 0.04889589905362776 0.017578125 0.03470031545741325 -0.0009765625 -0.0015772870662460567 -0.0009765625 -0.0015772870662460567 -0.0009765625 -0.0015772870662460567 -0.0009765625 -0.0015772870662460567 -0.0009765625 -0.0015772870662460567
0  0.37548828125 0.06545741324921135 0.0185546875 0.03627760252365931 -0.0009765625 -0.0015772870662460567 -0.0009765625 -0.0015772870662460567 -0.0009765625 -0.0015772870662460567 -0.0009765625 -0.0015772870662460567 -0.0009765625 -0.0015772870662460567
