0  0.052734375 0.5938661710037175 0.037109375 0.03903345724907063 0.039359375 0.5882611524163569 0.05762109375 0.589239776951673 0.0439892578125 0.5948698884758364 0.0403876953125 0.6009897769516729 0.0547919921875 0.6029479553903346
0  0.4326171875 0.4800185873605948 0.0390625 0.04553903345724907 0.4243076171875 0.4713596654275093 0.4444619140625 0.47107342007434944 0.4348359375 0.47823048327137546 0.4255107421875 0.49168587360594795 0.4435595703125 0.49254460966542746
0  0.470703125 0.4902416356877323 0.025390625 0.03066914498141264 0.474849609375 0.4861468401486989 0.481611328125 0.48712174721189594 0.4824306640625 0.4919962825278811 0.4758740234375 0.49765148698884754 0.4787421875 0.49765148698884754
0  0.49560546875 0.537639405204461 0.0302734375 0.041821561338289966 0.4833984375 0.5278810408921933 0.5 0.5288104089219331 0.490234375 0.5390334572490706 0.482421875 0.5483271375464684 0.4990234375 0.5492565055762082
0  0.5859375 0.47444237918215615 0.021484375 0.02695167286245353 0.5803828125 0.47159665427509295 0.590087890625 0.4688085501858736 0.588439453125 0.47978624535315983 0.58514453125 0.48484014869888475 0.5921015625 0.48344609665427507
0  0.5224609375 0.5009293680297398 0.015625 0.020446096654275093 -0.0009765625 -0.0009293680297397769 -0.0009765625 -0.0009293680297397769 -0.0009765625 -0.0009293680297397769 -0.0009765625 -0.0009293680297397769 -0.0009765625 -0.0009293680297397769
0  0.6572265625 0.5408921933085502 0.03515625 0.040892193308550186 0.6449892578125 0.5320631970260223 0.6661376953125 0.5323243494423792 0.6546015625 0.5391208178438662 0.6471865234375 0.5493141263940521 0.663390625 0.5480074349442379
0  0.7548828125 0.49488847583643125 0.029296875 0.0362453531598513 0.749119140625 0.4882546468401487 0.7620673828125 0.48779832713754645 0.7558330078125 0.4935027881040892 0.7498388671875 0.4998921933085502 0.7611083984375 0.499435873605948
0  0.748046875 0.5655204460966543 0.033203125 0.04368029739776952 0.73704296875 0.5629228624535316 0.750771484375 0.5626449814126394 0.739671875 0.5720966542750929 0.7393798828125 0.579046468401487 0.7452216796875 0.578767657992565
0  0.8173828125 0.5162639405204461 0.03515625 0.039962825278810406 0.8112666015625 0.5086710037174722 0.8266904296875 0.5086710037174722 0.822435546875 0.5175297397769516 0.8115322265625 0.5241096654275093 0.8261591796875 0.5228438661710038
0  0.90185546875 0.5311338289962825 0.0322265625 0.039962825278810406 0.905421875 0.5268104089219331 0.9121787109375 0.5255241635687733 0.912990234375 0.5345278810408922 0.9092060546875 0.5419879182156133 0.9127197265625 0.5409581784386618
0  0.75 0.720724907063197 0.033203125 0.0362453531598513 0.7392578125 0.7184014869888475 0.7568359375 0.7188661710037175 0.746337890625 0.7279275092936803 0.7431640625 0.733503717472119 0.751220703125 0.7330390334572491
