0  0.958984375 0.5191740412979351 0.04296875 0.06784660766961652 0.9604228515625 0.5013569321533924 0.97509765625 0.4978790560471977 0.97164453125 0.515697640117994 0.9621494140625 0.529169616519174 0.9753857421875 0.5278657817109144
0  0.87255859375 0.39306784660766964 0.0146484375 0.028023598820058997 0.8701171875 0.387905604719764 0.8759765625 0.3864306784660767 0.876953125 0.3938053097345133 0.8740234375 0.3997050147492625 0.87890625 0.39823008849557523
0  0.83349609375 0.4638643067846608 0.0244140625 0.03982300884955752 0.830626953125 0.45256489675516226 0.842869140625 0.45179498525073747 0.838958984375 0.4623230088495575 0.83334765625 0.471311209439528 0.8336875 0.47156784660766965
0  0.78662109375 0.41887905604719766 0.0205078125 0.032448377581120944 0.779916015625 0.4014041297935103 0.7850517578125 0.40569026548672565 0.7776181640625 0.4136504424778761 0.779240234375 0.4189587020648967 0.7835654296875 0.42344837758112097
0  0.77490234375 0.3724188790560472 0.0107421875 0.022123893805309734 0.7737421875 0.369976401179941 0.778412109375 0.37025221238938055 0.7765810546875 0.37343362831858407 0.774658203125 0.3768893805309735 0.7773134765625 0.3767522123893805
0  0.74365234375 0.38716814159292035 0.0126953125 0.022123893805309734 0.743931640625 0.3832433628318584 0.7488232421875 0.38309882005899704 0.747671875 0.388023598820059 0.7454658203125 0.39396312684365786 0.7482470703125 0.39396312684365786
0  0.76416015625 0.42625368731563423 0.0126953125 0.029498525073746312 0.7587890625 0.42330383480825956 0.76171875 0.4247787610619469 0.759765625 0.42920353982300885 0.7587890625 0.4365781710914454 0.7607421875 0.4365781710914454
0  0.71875 0.3687315634218289 0.01171875 0.02064896755162242 0.71875 0.3672566371681416 0.7236328125 0.3672566371681416 0.7216796875 0.37168141592920356 0.7197265625 0.37610619469026546 0.72265625 0.3746312684365782
0  0.7099609375 0.40486725663716816 0.013671875 0.022123893805309734 0.7041015625 0.3997050147492625 0.7099609375 0.3997050147492625 0.7060546875 0.4056047197640118 0.7041015625 0.41002949852507375 0.70703125 0.41150442477876104
0  0.6943359375 0.3724188790560472 0.0078125 0.016224188790560472 -0.0009765625 -0.0014749262536873156 -0.0009765625 -0.0014749262536873156 -0.0009765625 -0.0014749262536873156 -0.0009765625 -0.0014749262536873156 -0.0009765625 -0.0014749262536873156
0  0.6806640625 0.4174041297935103 0.0234375 0.038348082595870206 0.6806640625 0.40412979351032446 0.689453125 0.40412979351032446 0.6865234375 0.41150442477876104 0.6806640625 0.42035398230088494 0.6884765625 0.42035398230088494
0  0.72607421875 0.4970501474926254 0.0302734375 0.05604719764011799 0.72295703125 0.480377581120944 0.736625 0.47965339233038345 0.7335078125 0.49232890855457223 0.728232421875 0.5071769911504425 0.7371044921875 0.506452802359882
0  0.81396484375 0.3355457227138643 0.0068359375 0.01032448377581121 -0.0009765625 -0.0014749262536873156 -0.0009765625 -0.0014749262536873156 -0.0009765625 -0.0014749262536873156 -0.0009765625 -0.0014749262536873156 -0.0009765625 -0.0014749262536873156
0  0.8046875 0.34513274336283184 0.0078125 0.017699115044247787 -0.0009765625 -0.0014749262536873156 -0.0009765625 -0.0014749262536873156 -0.0009765625 -0.0014749262536873156 -0.0009765625 -0.0014749262536873156 -0.0009765625 -0.0014749262536873156
0  0.83544921875 0.336283185840708 0.0048828125 0.011799410029498525 -0.0009765625 -0.0014749262536873156 -0.0009765625 -0.0014749262536873156 -0.0009765625 -0.0014749262536873156 -0.0009765625 -0.0014749262536873156 -0.0009765625 -0.0014749262536873156
0  0.83056640625 0.3473451327433628 0.0068359375 0.01032448377581121 -0.0009765625 -0.0014749262536873156 -0.0009765625 -0.0014749262536873156 -0.0009765625 -0.0014749262536873156 -0.0009765625 -0.0014749262536873156 -0.0009765625 -0.0014749262536873156
0  0.8212890625 0.34882005899705015 0.0078125 0.01327433628318584 0.8212890625 0.3495575221238938 0.82421875 0.3480825958702065 0.8232421875 0.35398230088495575 0.8251953125 0.3584070796460177 0.828125 0.3554572271386431
0  0.5771484375 0.39085545722713866 0.015625 0.02359882005899705 0.57421875 0.38495575221238937 0.578125 0.37905604719764013 0.580078125 0.3864306784660767 0.580078125 0.3938053097345133 0.583984375 0.39085545722713866
0  0.53466796875 0.4144542772861357 0.0244140625 0.038348082595870206 0.53590625 0.40776401179941 0.544224609375 0.40563126843657815 0.5409287109375 0.4136902654867257 0.5387314453125 0.42578023598820053 0.5454794921875 0.41890560471976396
0  0.4326171875 0.415929203539823 0.013671875 0.029498525073746312 0.4345703125 0.41297935103244837 0.439453125 0.41297935103244837 0.4384765625 0.41887905604719766 0.4345703125 0.4247787610619469 0.439453125 0.42330383480825956
0  0.50341796875 0.5088495575221239 0.0458984375 0.08849557522123894 0.4977421875 0.4935604719764012 0.51701171875 0.4924410029498525 0.509970703125 0.5036342182890855 0.5029296875 0.5243421828908554 0.51701171875 0.5249026548672566
0  0.36328125 0.44321533923303835 0.02734375 0.045722713864306784 0.361328125 0.43215339233038347 0.37109375 0.43215339233038347 0.3662109375 0.43805309734513276 0.3623046875 0.4469026548672566 0.369140625 0.4469026548672566
0  0.3173828125 0.4410029498525074 0.041015625 0.06489675516224189 0.316947265625 0.4174837758112094 0.3326240234375 0.4178908554572271 0.3299208984375 0.4338126843657817 0.3193798828125 0.4489174041297935 0.3353271484375 0.44728466076696166
0  0.2490234375 0.40707964601769914 0.025390625 0.0471976401179941 0.2477587890625 0.3980324483775811 0.257384765625 0.3992448377581121 0.254376953125 0.40711946902654866 0.2503662109375 0.4159026548672567 0.256181640625 0.4162064896755162
0  0.19091796875 0.4498525073746313 0.0322265625 0.0471976401179941 0.18727734375 0.43592625368731563 0.2005966796875 0.43592625368731563 0.194859375 0.4452109144542773 0.185638671875 0.45511356932153396 0.201005859375 0.45387610619469027
0  0.1708984375 0.41814159292035397 0.015625 0.025073746312684365 0.16796875 0.415929203539823 0.171875 0.415929203539823 0.1708984375 0.4218289085545723 0.1689453125 0.4277286135693215 0.171875 0.4277286135693215
0  0.1396484375 0.42035398230088494 0.009765625 0.02654867256637168 0.1416015625 0.4174041297935103 0.1435546875 0.415929203539823 0.14453125 0.4218289085545723 0.142578125 0.4277286135693215 0.1435546875 0.4277286135693215
0  0.14697265625 0.37610619469026546 0.0087890625 0.02064896755162242 0.142578125 0.3746312684365782 0.146484375 0.3746312684365782 0.142578125 0.37905604719764013 0.1416015625 0.3834808259587021 0.14453125 0.3834808259587021
0  0.11572265625 0.38200589970501475 0.0107421875 0.017699115044247787 0.1123046875 0.38200589970501475 0.1171875 0.38200589970501475 0.1142578125 0.3864306784660767 0.11328125 0.39085545722713866 0.1162109375 0.39085545722713866
0  0.09228515625 0.43436578171091444 0.0302734375 0.048672566371681415 0.0896689453125 0.4213687315634218 0.102783203125 0.4229159292035399 0.0990947265625 0.43003244837758114 0.0935625 0.44086430678466076 0.1011435546875 0.44148377581120946
0  0.06396484375 0.39306784660766964 0.0126953125 0.028023598820058997 0.0635986328125 0.3912241887905605 0.067138671875 0.3906710914454277 0.0677490234375 0.3952802359882006 0.06494140625 0.4019174041297935 0.0682373046875 0.4013643067846608
0  0.025390625 0.4004424778761062 0.01171875 0.028023598820058997 0.025390625 0.39823008849557523 0.029296875 0.39823008849557523 0.0283203125 0.4056047197640118 0.025390625 0.41150442477876104 0.0283203125 0.41150442477876104
0  0.01318359375 0.4107669616519174 0.0126953125 0.030973451327433628 0.013671875 0.4085545722713864 0.017578125 0.40707964601769914 0.017578125 0.41297935103244837 0.0146484375 0.41887905604719766 0.017578125 0.41887905604719766
0  0.00439453125 0.41519174041297935 0.0087890625 0.030973451327433628 0.001953125 0.41150442477876104 0.0048828125 0.41002949852507375 0.0068359375 0.415929203539823 0.005859375 0.42330383480825956 0.0078125 0.42330383480825956
0  0.0595703125 0.2809734513274336 0.009765625 0.022123893805309734 0.056640625 0.28023598820059 0.05859375 0.27876106194690264 0.056640625 0.28466076696165193 0.056640625 0.28761061946902655 0.0595703125 0.2890855457227139
0  0.00634765625 0.2920353982300885 0.0087890625 0.02064896755162242 0.00390625 0.2890855457227139 0.0068359375 0.2890855457227139 0.0048828125 0.2949852507374631 0.0048828125 0.29793510324483774 0.005859375 0.29793510324483774
0  0.77783203125 0.6533923303834809 0.0576171875 0.10619469026548672 0.7782763671875 0.6379454277286135 0.80006640625 0.6379454277286135 0.7938408203125 0.6574218289085546 0.779166015625 0.6782418879056047 0.7973984375 0.6802566371681416
