0  0.02294921875 0.19908940397350994 0.0185546875 0.020695364238410598 0.020734375 0.19800993377483445 0.0266982421875 0.19840976821192052 0.023873046875 0.20240066225165562 0.021048828125 0.2039975165562914 0.0266982421875 0.2039975165562914
0  0.0654296875 0.1767384105960265 0.01953125 0.01903973509933775 -0.0009765625 -0.0008278145695364238 -0.0009765625 -0.0008278145695364238 -0.0009765625 -0.0008278145695364238 -0.0009765625 -0.0008278145695364238 -0.0009765625 -0.0008278145695364238
0  0.12646484375 0.08857615894039735 0.0166015625 0.016556291390728478 -0.0009765625 -0.0008278145695364238 -0.0009765625 -0.0008278145695364238 -0.0009765625 -0.0008278145695364238 -0.0009765625 -0.0008278145695364238 -0.0009765625 -0.0008278145695364238
0  0.19287109375 0.17880794701986755 0.0185546875 0.019867549668874173 -0.0009765625 -0.0008278145695364238 -0.0009765625 -0.0008278145695364238 -0.0009765625 -0.0008278145695364238 -0.0009765625 -0.0008278145695364238 -0.0009765625 -0.0008278145695364238
0  0.2880859375 0.08609271523178808 0.013671875 0.014900662251655629 0.284310546875 0.08647682119205298 0.2897509765625 0.08638079470198676 0.2864638671875 0.08964817880794702 0.284876953125 0.09099337748344372 0.28827734375 0.09118543046357616
0  0.271484375 0.1945364238410596 0.017578125 0.018211920529801324 -0.0009765625 -0.0008278145695364238 -0.0009765625 -0.0008278145695364238 -0.0009765625 -0.0008278145695364238 -0.0009765625 -0.0008278145695364238 -0.0009765625 -0.0008278145695364238
0  0.31005859375 0.1808774834437086 0.0185546875 0.01903973509933775 0.30626171875 0.1774884105960265 0.314318359375 0.1778543046357616 0.3105771484375 0.18126903973509934 0.30784375 0.18590314569536423 0.313310546875 0.18602566225165562
0  0.51904296875 0.08195364238410596 0.0146484375 0.016556291390728478 -0.0009765625 -0.0008278145695364238 -0.0009765625 -0.0008278145695364238 -0.0009765625 -0.0008278145695364238 -0.0009765625 -0.0008278145695364238 -0.0009765625 -0.0008278145695364238
0  0.49365234375 0.17756622516556292 0.0166015625 0.0173841059602649 -0.0009765625 -0.0008278145695364238 -0.0009765625 -0.0008278145695364238 -0.0009765625 -0.0008278145695364238 -0.0009765625 -0.0008278145695364238 -0.0009765625 -0.0008278145695364238
0  0.5693359375 0.20198675496688742 0.015625 0.014900662251655629 -0.0009765625 -0.0008278145695364238 -0.0009765625 -0.0008278145695364238 -0.0009765625 -0.0008278145695364238 -0.0009765625 -0.0008278145695364238 -0.0009765625 -0.0008278145695364238
0  0.54052734375 0.2777317880794702 0.0224609375 0.024006622516556293 -0.0009765625 -0.0008278145695364238 -0.0009765625 -0.0008278145695364238 -0.0009765625 -0.0008278145695364238 -0.0009765625 -0.0008278145695364238 -0.0009765625 -0.0008278145695364238
0  0.75341796875 0.007036423841059603 0.0146484375 0.014072847682119206 0.7539189453125 0.0030082781456953643 0.7592333984375 0.002838576158940397 0.757328125 0.005388245033112583 0.75462109375 0.007598509933774835 0.757529296875 0.007513245033112583
0  0.73486328125 0.08153973509933775 0.0146484375 0.0173841059602649 -0.0009765625 -0.0008278145695364238 -0.0009765625 -0.0008278145695364238 -0.0009765625 -0.0008278145695364238 -0.0009765625 -0.0008278145695364238 -0.0009765625 -0.0008278145695364238
0  0.90771484375 0.08402317880794702 0.0146484375 0.015728476821192054 0.904052734375 0.08060844370860927 0.9110107421875 0.08071192052980132 0.905517578125 0.08557533112582781 0.904052734375 0.09012831125827815 0.9095458984375 0.09002483443708609
0  0.74267578125 0.17052980132450332 0.0185546875 0.018211920529801324 -0.0009765625 -0.0008278145695364238 -0.0009765625 -0.0008278145695364238 -0.0009765625 -0.0008278145695364238 -0.0009765625 -0.0008278145695364238 -0.0009765625 -0.0008278145695364238
0  0.849609375 0.17135761589403972 0.017578125 0.018211920529801324 -0.0009765625 -0.0008278145695364238 -0.0009765625 -0.0008278145695364238 -0.0009765625 -0.0008278145695364238 -0.0009765625 -0.0008278145695364238 -0.0009765625 -0.0008278145695364238
0  0.7021484375 0.2640728476821192 0.01953125 0.02152317880794702 -0.0009765625 -0.0008278145695364238 -0.0009765625 -0.0008278145695364238 -0.0009765625 -0.0008278145695364238 -0.0009765625 -0.0008278145695364238 -0.0009765625 -0.0008278145695364238
0  0.80859375 0.21026490066225165 0.015625 0.016556291390728478 -0.0009765625 -0.0008278145695364238 -0.0009765625 -0.0008278145695364238 -0.0009765625 -0.0008278145695364238 -0.0009765625 -0.0008278145695364238 -0.0009765625 -0.0008278145695364238
0  0.9560546875 0.28394039735099336 0.01953125 0.019867549668874173 -0.0009765625 -0.0008278145695364238 -0.0009765625 -0.0008278145695364238 -0.0009765625 -0.0008278145695364238 -0.0009765625 -0.0008278145695364238 -0.0009765625 -0.0008278145695364238
0  0.83837890625 0.2640728476821192 0.0185546875 0.018211920529801324 0.831822265625 0.2656100993377484 0.84423828125 0.26549172185430464 0.8387978515625 0.2695124172185431 0.8339150390625 0.27294205298013247 0.8417275390625 0.27294205298013247
0  0.08740234375 0.9122516556291391 0.0283203125 0.028145695364238412 0.0815732421875 0.9089403973509934 0.0935361328125 0.9089403973509934 0.0881953125 0.9178137417218544 0.0802919921875 0.9181754966887417 0.09246875 0.9179950331125829
0  0.22607421875 0.9122516556291391 0.0283203125 0.028145695364238412 0.2222373046875 0.9091175496688741 0.2335380859375 0.9089403973509934 0.2293525390625 0.9153261589403973 0.2218193359375 0.9174552980132451 0.23291015625 0.9181647350993378
0  0.369140625 0.9114238410596026 0.02734375 0.03145695364238411 0.3634560546875 0.9086299668874173 0.376875 0.9088294701986754 0.3709892578125 0.9144172185430464 0.36722265625 0.9192069536423841 0.3759326171875 0.9192069536423841
0  0.533203125 0.9114238410596026 0.02734375 0.028145695364238412 0.528015625 0.9081125827814569 0.53955078125 0.908475165562914 0.5342099609375 0.9135447019867549 0.526947265625 0.9186158940397352 0.5393369140625 0.9180720198675496
0  0.67529296875 0.9043874172185431 0.0263671875 0.03228476821192053 0.6726376953125 0.9017301324503311 0.6839072265625 0.9009172185430464 0.679591796875 0.9070149006622517 0.6719189453125 0.9125033112582782 0.683427734375 0.9122996688741721
0  0.84716796875 0.9076986754966887 0.0263671875 0.02566225165562914 0.85032421875 0.9066341059602648 0.8556953125 0.9050082781456954 0.8585732421875 0.9111870860927151 0.8497490234375 0.916716059602649 0.8524345703125 0.9163907284768212
0  0.99169921875 0.9081125827814569 0.0166015625 0.03145695364238411 0.9926064453125 0.9072922185430464 1.002197265625 0.9062756622516556 0.9993203125 0.9131862582781456 0.9938046875 0.9176581125827814 1.0024375 0.9174552980132451
0  0.29541015625 0.0016556291390728477 0.0146484375 0.0033112582781456954 -0.0009765625 -0.0008278145695364238 -0.0009765625 -0.0008278145695364238 -0.0009765625 -0.0008278145695364238 -0.0009765625 -0.0008278145695364238 -0.0009765625 -0.0008278145695364238
