0  0.97998046875 0.45095168374816985 0.0361328125 0.06442166910688141 0.96596875 0.4387935578330894 0.9773212890625 0.43636310395314787 0.96894140625 0.45419326500732066 0.9692119140625 0.46797218155197656 0.9773212890625 0.4675666178623719
0  0.91943359375 0.41215226939970717 0.0126953125 0.027818448023426062 -0.0009765625 -0.0014641288433382138 -0.0009765625 -0.0014641288433382138 -0.0009765625 -0.0014641288433382138 -0.0009765625 -0.0014641288433382138 -0.0009765625 -0.0014641288433382138
0  0.7958984375 0.369692532942899 0.044921875 0.08052708638360176 0.77587890625 0.35723426061493413 0.7898212890625 0.3567247437774524 0.77621875 0.37405856515373354 0.779279296875 0.3919033674963397 0.78880078125 0.3919033674963397
0  0.54345703125 0.3374816983894583 0.0537109375 0.08931185944363104 0.517826171875 0.3147349926793558 0.537169921875 0.3170102489019034 0.5204814453125 0.33122693997071745 0.51934375 0.35567935578330895 0.5299638671875 0.3568155197657394
0  0.37939453125 0.479502196193265 0.0185546875 0.03953147877013177 -0.0009765625 -0.0014641288433382138 -0.0009765625 -0.0014641288433382138 -0.0009765625 -0.0014641288433382138 -0.0009765625 -0.0014641288433382138 -0.0009765625 -0.0014641288433382138
0  0.35986328125 0.4912152269399707 0.0205078125 0.0424597364568082 0.36129296875 0.4873396778916545 0.3675498046875 0.4873396778916545 0.3662978515625 0.49430746705710105 0.3611142578125 0.5026149341142021 0.3641533203125 0.5023469985358712
0  0.31591796875 0.49487554904831627 0.0185546875 0.03513909224011713 -0.0009765625 -0.0014641288433382138 -0.0009765625 -0.0014641288433382138 -0.0009765625 -0.0014641288433382138 -0.0009765625 -0.0014641288433382138 -0.0009765625 -0.0014641288433382138
0  0.18212890625 0.4773060029282577 0.0224609375 0.03806734992679356 0.1856162109375 0.47062664714494873 0.191912109375 0.4703777452415812 0.192740234375 0.47931918008784774 0.1847880859375 0.4867701317715959 0.19091796875 0.4867701317715959
0  0.0791015625 0.4216691068814056 0.04296875 0.0849194729136164 0.065900390625 0.4066427525622255 0.0708447265625 0.4066427525622255 0.058837890625 0.42728989751098095 0.064134765625 0.44211420204978036 0.0655478515625 0.44211420204978036
0  0.00732421875 0.4970717423133236 0.0146484375 0.0424597364568082 0.00567578125 0.4930453879941435 0.01171875 0.49194729136163984 0.012451171875 0.499909224011713 0.006408203125 0.5081434846266472 0.012267578125 0.5075959004392386
0  0.94677734375 0.5336749633967789 0.0185546875 0.036603221083455345 -0.0009765625 -0.0014641288433382138 -0.0009765625 -0.0014641288433382138 -0.0009765625 -0.0014641288433382138 -0.0009765625 -0.0014641288433382138 -0.0009765625 -0.0014641288433382138
0  0.056640625 0.49194729136163984 0.021484375 0.03806734992679356 -0.0009765625 -0.0014641288433382138 -0.0009765625 -0.0014641288433382138 -0.0009765625 -0.0014641288433382138 -0.0009765625 -0.0014641288433382138 -0.0009765625 -0.0014641288433382138
