0  0.0849609375 0.36538461538461536 0.076171875 0.13660477453580902 0.07365234375 0.35694164456233424 0.10866015625 0.3526193633952255 0.09529296875 0.3820106100795756 0.0825634765625 0.4027572944297082 0.1080234375 0.3992984084880637
0  0.0185546875 0.36273209549071617 0.0078125 0.01989389920424403 -0.0009765625 -0.001326259946949602 -0.0009765625 -0.001326259946949602 -0.0009765625 -0.001326259946949602 -0.0009765625 -0.001326259946949602 -0.0009765625 -0.001326259946949602
0  0.125 0.3786472148541114 0.015625 0.038461538461538464 0.12225390625 0.3727612732095491 0.129578125 0.3725132625994695 0.1275634765625 0.3797241379310345 0.122802734375 0.3901697612732095 0.130126953125 0.3896710875331565
0  0.1630859375 0.3759946949602122 0.015625 0.025198938992042442 -0.0009765625 -0.001326259946949602 -0.0009765625 -0.001326259946949602 -0.0009765625 -0.001326259946949602 -0.0009765625 -0.001326259946949602 -0.0009765625 -0.001326259946949602
0  0.17626953125 0.3687002652519894 0.0107421875 0.01856763925729443 0.176365234375 0.36739787798408485 0.18077734375 0.36713660477453586 0.178763671875 0.3715663129973475 0.1768447265625 0.3745623342175067 0.1803935546875 0.37443103448275866
0  0.19677734375 0.3706896551724138 0.0126953125 0.01989389920424403 -0.0009765625 -0.001326259946949602 -0.0009765625 -0.001326259946949602 -0.0009765625 -0.001326259946949602 -0.0009765625 -0.001326259946949602 -0.0009765625 -0.001326259946949602
0  0.2080078125 0.366710875331565 0.01171875 0.014588859416445624 -0.0009765625 -0.001326259946949602 -0.0009765625 -0.001326259946949602 -0.0009765625 -0.001326259946949602 -0.0009765625 -0.001326259946949602 -0.0009765625 -0.001326259946949602
0  0.2373046875 0.3720159151193634 0.013671875 0.025198938992042442 -0.0009765625 -0.001326259946949602 -0.0009765625 -0.001326259946949602 -0.0009765625 -0.001326259946949602 -0.0009765625 -0.001326259946949602 -0.0009765625 -0.001326259946949602
0  0.27099609375 0.366710875331565 0.0244140625 0.054376657824933686 -0.0009765625 -0.001326259946949602 -0.0009765625 -0.001326259946949602 -0.0009765625 -0.001326259946949602 -0.0009765625 -0.001326259946949602 -0.0009765625 -0.001326259946949602
0  0.337890625 0.39655172413793105 0.02734375 0.04774535809018567 -0.0009765625 -0.001326259946949602 -0.0009765625 -0.001326259946949602 -0.0009765625 -0.001326259946949602 -0.0009765625 -0.001326259946949602 -0.0009765625 -0.001326259946949602
0  0.376953125 0.3249336870026525 0.033203125 0.0636604774535809 -0.0009765625 -0.001326259946949602 -0.0009765625 -0.001326259946949602 -0.0009765625 -0.001326259946949602 -0.0009765625 -0.001326259946949602 -0.0009765625 -0.001326259946949602
0  0.431640625 0.37997347480106103 0.072265625 0.13660477453580902 0.43873828125 0.36405305039787794 0.4633916015625 0.370920424403183 0.46086328125 0.3872320954907162 0.4267275390625 0.4035437665782493 0.455173828125 0.4147055702917772
0  0.58251953125 0.35278514588859416 0.0322265625 0.06631299734748011 0.571986328125 0.3434071618037135 0.5726142578125 0.3434071618037135 0.5660224609375 0.35278514588859416 0.5738701171875 0.3655742705570291 0.574498046875 0.366
0  0.63916015625 0.3640583554376658 0.0224609375 0.04111405835543767 0.6441474609375 0.358184350132626 0.647408203125 0.3605291777188329 0.64990234375 0.36834482758620696 0.640119140625 0.3753793103448276 0.6424208984375 0.37746286472148544
0  0.77783203125 0.2990716180371353 0.0576171875 0.13395225464190982 0.763724609375 0.27907161803713526 0.759390625 0.27991246684350135 0.7501044921875 0.3084973474801061 0.7686767578125 0.32783554376657825 0.7655810546875 0.32783554376657825
0  0.755859375 0.3660477453580902 0.03515625 0.050397877984084884 0.748779296875 0.36988461538461537 0.74925 0.37116312997347484 0.7419521484375 0.37883687002652516 0.742658203125 0.38107427055702914 0.74312890625 0.38139389920424405
0  0.60791015625 0.04774535809018567 0.0166015625 0.029177718832891247 0.606880859375 0.04341114058355437 0.6112060546875 0.04286074270557029 0.6117470703125 0.04836737400530504 0.6070166015625 0.054607427055702915 0.6112060546875 0.05442440318302388
0  0.89697265625 0.3720159151193634 0.0205078125 0.046419098143236075 -0.0009765625 -0.001326259946949602 -0.0009765625 -0.001326259946949602 -0.0009765625 -0.001326259946949602 -0.0009765625 -0.001326259946949602 -0.0009765625 -0.001326259946949602
0  0.25439453125 0.35079575596816975 0.0166015625 0.04376657824933687 -0.0009765625 -0.001326259946949602 -0.0009765625 -0.001326259946949602 -0.0009765625 -0.001326259946949602 -0.0009765625 -0.001326259946949602 -0.0009765625 -0.001326259946949602
