0  0.22705078125 0.09579100145137881 0.0205078125 0.03773584905660377 0.2184970703125 0.09003047895500725 0.225755859375 0.09003047895500725 0.21994921875 0.09770246734397676 0.219787109375 0.10417561683599419 0.2244658203125 0.10465457184325108
0  0.271484375 0.11320754716981132 0.015625 0.02902757619738752 0.267578125 0.11320754716981132 0.2734375 0.11175616835994194 0.2705078125 0.11611030478955008 0.2685546875 0.12191582002902758 0.2744140625 0.12191582002902758
0  0.25830078125 0.1328011611030479 0.0166015625 0.033381712626995644 0.256517578125 0.1311364296081277 0.263279296875 0.13092162554426706 0.260833984375 0.13776487663280115 0.2583876953125 0.14375181422351235 0.2648623046875 0.14311030478955006
0  0.19970703125 0.12917271407837447 0.0126953125 0.03193033381712627 -0.0009765625 -0.001451378809869376 -0.0009765625 -0.001451378809869376 -0.0009765625 -0.001451378809869376 -0.0009765625 -0.001451378809869376 -0.0009765625 -0.001451378809869376
0  0.17236328125 0.10740203193033382 0.0205078125 0.040638606676342524 0.16646875 0.10102612481857765 0.1764091796875 0.10128592162554427 0.1717001953125 0.11268940493468796 0.1683876953125 0.11813207547169811 0.175537109375 0.11839042089985485
0  0.13037109375 0.204644412191582 0.0224609375 0.04354136429608128 0.12980859375 0.20141074020319302 0.138619140625 0.2019680696661829 0.1348701171875 0.21060522496371553 0.12999609375 0.21896371552975327 0.1369326171875 0.21896371552975327
0  0.1123046875 0.125544267053701 0.017578125 0.033381712626995644 0.1077705078125 0.1204644412191582 0.1162802734375 0.1204644412191582 0.112513671875 0.12730624092888243 0.109166015625 0.13580696661828737 0.1148857421875 0.13580696661828737
0  0.072265625 0.1386066763425254 0.013671875 0.027576197387518143 -0.0009765625 -0.001451378809869376 -0.0009765625 -0.001451378809869376 -0.0009765625 -0.001451378809869376 -0.0009765625 -0.001451378809869376 -0.0009765625 -0.001451378809869376
0  0.333984375 0.10522496371552975 0.015625 0.036284470246734396 0.330078125 0.10159651669085631 0.3330078125 0.10304789550072568 0.3271484375 0.10885341074020319 0.3271484375 0.11465892597968069 0.330078125 0.11465892597968069
0  0.30712890625 0.22931785195936139 0.0224609375 0.04354136429608128 0.30078125 0.22786647314949202 0.3037109375 0.22786647314949202 0.2998046875 0.2365747460087083 0.3037109375 0.24528301886792453 0.306640625 0.24383164005805516
0  0.369140625 0.22496371552975328 0.02734375 0.05224963715529753 0.359314453125 0.21928156748911468 0.3708759765625 0.21895065312046444 0.3624267578125 0.22952539912917272 0.3610927734375 0.24076052249637153 0.369763671875 0.23943831640058058
0  0.40771484375 0.20246734397677793 0.0146484375 0.02467343976777939 0.4013671875 0.1988388969521045 0.4033203125 0.1988388969521045 0.4033203125 0.204644412191582 0.4052734375 0.20899854862119013 0.408203125 0.20754716981132076
0  0.43798828125 0.204644412191582 0.0107421875 0.026124818577648767 0.4345703125 0.20174165457184326 0.4365234375 0.20174165457184326 0.43359375 0.20754716981132076 0.4326171875 0.21335268505079827 0.4345703125 0.21335268505079827
0  0.45654296875 0.2111756168359942 0.0146484375 0.02467343976777939 0.4501953125 0.20899854862119013 0.453125 0.20754716981132076 0.453125 0.21480406386066764 0.453125 0.21915820029027577 0.455078125 0.21915820029027577
0  0.513671875 0.2111756168359942 0.017578125 0.030478955007256895 0.5078212890625 0.2079230769230769 0.5142294921875 0.2083120464441219 0.5099140625 0.2149201741654572 0.5084755859375 0.22075181422351237 0.5123984375 0.22075181422351237
0  0.42529296875 0.2648766328011611 0.0263671875 0.05370101596516691 0.4167177734375 0.26624963715529754 0.4220322265625 0.2672801161103048 0.4174111328125 0.2765529753265602 0.4227255859375 0.2827343976777939 0.426421875 0.28307692307692306
0  0.5029296875 0.29680696661828737 0.041015625 0.06821480406386067 0.4931640625 0.29898403483309144 0.5078125 0.29172714078374457 0.5009765625 0.31059506531204645 0.5009765625 0.32365747460087085 0.51171875 0.3178519593613933
0  0.63134765625 0.22060957910014514 0.0185546875 0.03773584905660377 0.6255322265625 0.21580841799709724 0.633435546875 0.21556894049346878 0.627951171875 0.22276052249637154 0.6247255859375 0.23043251088534109 0.632306640625 0.22947314949201741
0  0.66845703125 0.23947750362844702 0.0224609375 0.03773584905660377 0.66023046875 0.23443686502177066 0.662650390625 0.23371698113207548 0.6600693359375 0.24402612481857763 0.6644248046875 0.25049927431059504 0.6670048828125 0.24906095791001454
0  0.8203125 0.25834542815674894 0.025390625 0.04934687953555878 0.8121337890625 0.2550798258345428 0.8172607421875 0.25317561683599416 0.8121337890625 0.2652394775036285 0.8172607421875 0.27476342525399133 0.81982421875 0.27444702467343973
0  0.9033203125 0.26342525399129174 0.029296875 0.05079825834542816 0.8941123046875 0.2617271407837446 0.8997802734375 0.2620522496371553 0.8947666015625 0.2724179970972424 0.9004345703125 0.2808417997097242 0.901306640625 0.2801944847605225
0  0.9091796875 0.37010159651669083 0.048828125 0.09869375907111756 0.8865791015625 0.3613933236574746 0.899134765625 0.3669912917271408 0.8849052734375 0.38440783744557333 0.8924384765625 0.4005805515239477 0.9033203125 0.40306821480406385
0  0.5947265625 0.32365747460087085 0.044921875 0.07547169811320754 0.581333984375 0.32365747460087085 0.58875390625 0.3203018867924528 0.5839150390625 0.33708272859216254 0.592625 0.3481103047895501 0.598109375 0.3466719883889695
0  0.068359375 0.3969521044992743 0.0546875 0.1204644412191582 0.0857021484375 0.38103193033381716 0.087232421875 0.3817910014513788 0.093353515625 0.41135558780841797 0.0770302734375 0.42651814223512335 0.078560546875 0.42651814223512335
0  0.20068359375 0.4898403483309144 0.0517578125 0.12917271407837447 0.2197265625 0.4702467343976778 0.220703125 0.4716981132075472 0.2236328125 0.49782293178519593 0.2158203125 0.5283018867924528 0.2177734375 0.5283018867924528
