0  0.8525390625 0.4134114583333333 0.03125 0.048177083333333336 0.84766015625 0.4029361979166666 0.8601376953125 0.4041692708333333 0.8541298828125 0.4124869791666667 0.8465048828125 0.421421875 0.860599609375 0.42480989583333334
0  0.73095703125 0.376953125 0.0302734375 0.048177083333333336 0.72746484375 0.3694895833333333 0.737400390625 0.36918098958333334 0.7339345703125 0.37780729166666666 0.7279267578125 0.39043880208333337 0.73809375 0.3898229166666667
0  0.69775390625 0.3795572916666667 0.0244140625 0.048177083333333336 0.69264453125 0.37671484375000003 0.7032734375 0.37640625 0.696572265625 0.3850325520833333 0.69264453125 0.39427604166666663 0.700962890625 0.39396744791666666
0  0.59521484375 0.380859375 0.0205078125 0.029947916666666668 0.58984375 0.375 0.5986328125 0.37109375 0.5966796875 0.3815104166666667 0.5927734375 0.390625 0.6005859375 0.3880208333333333
0  0.529296875 0.3587239583333333 0.013671875 0.029947916666666668 -0.0009765625 -0.0013020833333333333 -0.0009765625 -0.0013020833333333333 -0.0009765625 -0.0013020833333333333 -0.0009765625 -0.0013020833333333333 -0.0009765625 -0.0013020833333333333
0  0.47705078125 0.349609375 0.0146484375 0.032552083333333336 0.4755859375 0.3463541666666667 0.482421875 0.3463541666666667 0.4794921875 0.3515625 0.4775390625 0.359375 0.4833984375 0.359375
0  0.408203125 0.3372395833333333 0.015625 0.026041666666666668 0.4052734375 0.3359375 0.4130859375 0.3346354166666667 0.4091796875 0.3411458333333333 0.40625 0.3463541666666667 0.412109375 0.3463541666666667
0  0.453125 0.41015625 0.025390625 0.052083333333333336 0.4541015625 0.40625 0.462890625 0.4049479166666667 0.462890625 0.4166666666666667 0.4580078125 0.4244791666666667 0.46484375 0.4231770833333333
0  0.37890625 0.373046875 0.01953125 0.04296875 0.3834404296875 0.3651419270833333 0.387416015625 0.3626302083333333 0.3880439453125 0.3723958333333333 0.38427734375 0.38132421875000005 0.387416015625 0.3782552083333333
0  0.341796875 0.3326822916666667 0.021484375 0.037760416666666664 0.34296484375 0.32685156249999997 0.3499365234375 0.3294739583333333 0.348328125 0.33495572916666666 0.344216796875 0.341390625 0.348328125 0.34305859375
0  0.291015625 0.357421875 0.021484375 0.037760416666666664 0.29173046875 0.35683463541666666 0.298880859375 0.3575494791666667 0.29762890625 0.36350781249999997 0.2929814453125 0.36970442708333334 0.298880859375 0.3701809895833333
0  0.1953125 0.3307291666666667 0.015625 0.028645833333333332 0.1957314453125 0.3279388020833333 0.201171875 0.32663671875 0.2006142578125 0.3337057291666667 0.1990791015625 0.3394713541666667 0.2025673828125 0.3381692708333333
0  0.0888671875 0.3841145833333333 0.037109375 0.0625 0.0947958984375 0.3772786458333333 0.10250390625 0.3760924479166667 0.1072470703125 0.38716015625 0.1004287109375 0.4029713541666667 0.1030966796875 0.4021809895833333
0  0.35302734375 0.328125 0.0146484375 0.03125 0.3447265625 0.328125 0.3515625 0.3294270833333333 0.3486328125 0.3359375 0.3427734375 0.3424479166666667 0.3486328125 0.3450520833333333
0  0.5224609375 0.4140625 0.021484375 0.049479166666666664 0.525390625 0.40625 0.5263671875 0.4036458333333333 0.533203125 0.4140625 0.5263671875 0.42578125 0.52734375 0.4244791666666667
0  0.45703125 0.390625 0.021484375 0.049479166666666664 -0.0009765625 -0.0013020833333333333 -0.0009765625 -0.0013020833333333333 -0.0009765625 -0.0013020833333333333 -0.0009765625 -0.0013020833333333333 -0.0009765625 -0.0013020833333333333
0  0.11572265625 0.3938802083333333 0.0224609375 0.024739583333333332 -0.0009765625 -0.0013020833333333333 -0.0009765625 -0.0013020833333333333 -0.0009765625 -0.0013020833333333333 -0.0009765625 -0.0013020833333333333 -0.0009765625 -0.0013020833333333333
0  0.12353515625 0.35546875 0.0224609375 0.0234375 -0.0009765625 -0.0013020833333333333 -0.0009765625 -0.0013020833333333333 -0.0009765625 -0.0013020833333333333 -0.0009765625 -0.0013020833333333333 -0.0009765625 -0.0013020833333333333
0  0.96728515625 0.4166666666666667 0.0283203125 0.0625 0.9565693359375 0.4087955729166666 0.9571708984375 0.40839453124999997 0.950853515625 0.41882291666666666 0.9550654296875 0.43005338541666666 0.9556669921875 0.43005338541666666
