0  0.86669921875 0.4750499001996008 0.0205078125 0.05189620758483034 0.857984375 0.46811776447105785 0.8647587890625 0.46811776447105785 0.857984375 0.47668862275449103 0.858791015625 0.49053692614770456 0.8647587890625 0.4892175648702595
0  0.7333984375 0.5269461077844312 0.01953125 0.05588822355289421 0.728724609375 0.5185349301397205 0.7294228515625 0.5185349301397205 0.7240166015625 0.5288702594810379 0.7294228515625 0.5399201596806387 0.7294228515625 0.5402774451097804
0  0.42041015625 0.3313373253493014 0.0126953125 0.027944111776447105 0.4167177734375 0.32884231536926145 0.4216611328125 0.3279061876247505 0.419373046875 0.3335209580838323 0.4182734375 0.3395089820359281 0.4209287109375 0.3393213572854291
0  0.28076171875 0.46506986027944114 0.0146484375 0.03592814371257485 0.28061328125 0.4602934131736527 0.28616796875 0.462379241516966 0.283220703125 0.4700239520958084 0.2798203125 0.4772055888223553 0.282880859375 0.4783652694610778
0  0.24462890625 0.49001996007984033 0.0146484375 0.03792415169660679 0.2422568359375 0.4859301397205589 0.2483779296875 0.48568862275449104 0.2461416015625 0.4933892215568862 0.242728515625 0.5025309381237525 0.247201171875 0.5027704590818364
0  0.201171875 0.4660678642714571 0.01171875 0.03792415169660679 0.198076171875 0.4609441117764471 0.203609375 0.4607025948103793 0.201490234375 0.46744111776447106 0.1991357421875 0.4768223552894212 0.203609375 0.4761017964071856
0  0.18701171875 0.5508982035928144 0.0205078125 0.05588822355289421 0.1915810546875 0.5428423153692614 0.19332421875 0.5421297405189621 0.198033203125 0.5546047904191618 0.1928017578125 0.567437125748503 0.1940224609375 0.567437125748503
0  0.14306640625 0.47604790419161674 0.0126953125 0.033932135728542916 0.1411611328125 0.4718243512974052 0.1483544921875 0.4718243512974052 0.1456298828125 0.47716966067864275 0.142578125 0.4858582834331337 0.1461748046875 0.4860818363273453
0  0.142578125 0.5409181636726547 0.01953125 0.04790419161676647 0.1456474609375 0.530439121756487 0.1508349609375 0.5331656686626747 0.1505390625 0.5422554890219561 0.1444619140625 0.5510399201596807 0.1480185546875 0.5525548902195608
0  0.25634765625 0.5888223552894212 0.0185546875 0.059880239520958084 -0.0009765625 -0.001996007984031936 -0.0009765625 -0.001996007984031936 -0.0009765625 -0.001996007984031936 -0.0009765625 -0.001996007984031936 -0.0009765625 -0.001996007984031936
0  0.15283203125 0.7544910179640718 0.0263671875 0.10778443113772455 -0.0009765625 -0.001996007984031936 -0.0009765625 -0.001996007984031936 -0.0009765625 -0.001996007984031936 -0.0009765625 -0.001996007984031936 -0.0009765625 -0.001996007984031936
0  0.02783203125 0.5988023952095808 0.0322265625 0.08782435129740519 0.036072265625 0.5877005988023952 0.0393671875 0.5877005988023952 0.044037109375 0.6051017964071856 0.033875 0.62362874251497 0.0363466796875 0.6225049900199601
0  0.021484375 0.7145708582834331 0.02734375 0.08782435129740519 0.0317080078125 0.6916786427145709 0.029236328125 0.6905568862275449 0.0341796875 0.7102035928143713 0.030609375 0.7225548902195609 0.0289609375 0.7219940119760478
