0  0.244140625 0.30174927113702626 0.02734375 0.04664723032069971 0.2490673828125 0.2990553935860058 0.252275390625 0.2954635568513119 0.256888671875 0.3020481049562682 0.2488662109375 0.3137230320699708 0.251673828125 0.3128250728862974
0  0.0869140625 0.3112244897959184 0.037109375 0.06559766763848396 0.088587890625 0.3071632653061224 0.1019814453125 0.3042478134110787 0.100306640625 0.31924198250728864 0.0899833984375 0.32923760932944607 0.102818359375 0.3267390670553936
0  0.38671875 0.29737609329446063 0.021484375 0.043731778425655975 0.3828564453125 0.2941282798833819 0.3935419921875 0.2938483965014577 0.3890419921875 0.3016836734693878 0.38548046875 0.30979883381924195 0.3911044921875 0.30979883381924195
0  0.50146484375 0.2747813411078717 0.0263671875 0.04518950437317784 0.4964033203125 0.2713644314868805 0.5070888671875 0.26912682215743444 0.50240234375 0.2789198250728863 0.50015234375 0.28703498542274053 0.5072763671875 0.28591545189504375
0  0.78955078125 0.28061224489795916 0.0146484375 0.027696793002915453 0.787353515625 0.2755102040816326 0.79296875 0.27733236151603496 0.7882080078125 0.28316326530612246 0.7847900390625 0.2889941690962099 0.7913818359375 0.29045189504373176
0  0.73583984375 0.2857142857142857 0.0185546875 0.03206997084548105 0.7320556640625 0.28256413994169094 0.7397587890625 0.28155539358600584 0.736380859375 0.28801166180758014 0.7335419921875 0.294466472303207 0.7390830078125 0.29406413994169095
0  0.6552734375 0.27769679300291544 0.017578125 0.030612244897959183 0.6564853515625 0.27560058309037905 0.66289453125 0.27677259475218663 0.6602783203125 0.2822390670553936 0.6562236328125 0.28672886297376093 0.6604091796875 0.2880962099125364
0  0.599609375 0.2696793002915452 0.0234375 0.043731778425655975 0.593505859375 0.2627551020408163 0.602111328125 0.2676749271137026 0.595703125 0.2715014577259475 0.591125 0.27833527696793003 0.5982666015625 0.2829810495626822
0  0.76708984375 0.47011661807580174 0.0673828125 0.15306122448979592 0.7599443359375 0.4332696793002916 0.7456533203125 0.43423906705539356 0.7359091796875 0.4720553935860058 0.75409765625 0.5011457725947522 0.7469521484375 0.5021151603498543
0  0.935546875 0.38338192419825073 0.03515625 0.10495626822157435 0.9248310546875 0.3746224489795918 0.926609375 0.3746224489795918 0.91816015625 0.3832521865889213 0.9230517578125 0.4131224489795918 0.9243857421875 0.4131224489795918
