0  0.97998046875 0.3469656992084433 0.0322265625 0.12928759894459102 0.96630859375 0.3275065963060686 0.973328125 0.3258575197889182 0.965392578125 0.3571899736147757 0.9693603515625 0.38110290237467015 0.976990234375 0.37945118733509237
0  0.88037109375 0.29815303430079154 0.0322265625 0.08970976253298153 -0.0009765625 -0.002638522427440633 -0.0009765625 -0.002638522427440633 -0.0009765625 -0.002638522427440633 -0.0009765625 -0.002638522427440633 -0.0009765625 -0.002638522427440633
0  0.873046875 0.41160949868073876 0.029296875 0.1266490765171504 -0.0009765625 -0.002638522427440633 -0.0009765625 -0.002638522427440633 -0.0009765625 -0.002638522427440633 -0.0009765625 -0.002638522427440633 -0.0009765625 -0.002638522427440633
0  0.75537109375 0.2519788918205805 0.0302734375 0.08179419525065963 0.7483603515625 0.24236675461741425 0.7625556640625 0.2444406332453826 0.7543076171875 0.2610263852242744 0.750279296875 0.27553825857519787 0.759486328125 0.2776094986807388
0  0.65478515625 0.23087071240105542 0.0302734375 0.08179419525065963 0.6479228515625 0.22610026385224272 0.6614599609375 0.22026912928759895 0.6557705078125 0.24306332453825857 0.6510625 0.2589630606860158 0.6602822265625 0.25737467018469656
0  0.5791015625 0.21635883905013192 0.0234375 0.0633245382585752 0.5749814453125 0.2039076517150396 0.5844423828125 0.19937203166226913 0.580474609375 0.21792612137203166 0.578033203125 0.2385382585751979 0.585052734375 0.2344168865435356
0  0.56982421875 0.13720316622691292 0.0146484375 0.04221635883905013 0.564453125 0.1345646437994723 0.568359375 0.1345646437994723 0.5673828125 0.14775725593667546 0.5712890625 0.15303430079155672 0.572265625 0.1503957783641161
0  0.51318359375 0.16226912928759896 0.0205078125 0.0712401055408971 0.5092421875 0.15152770448548813 0.51953125 0.15105540897097625 0.5146484375 0.1647203166226913 0.511509765625 0.17979683377308708 0.5172646484375 0.1793245382585752
0  0.51953125 0.41952506596306066 0.025390625 0.15303430079155672 -0.0009765625 -0.002638522427440633 -0.0009765625 -0.002638522427440633 -0.0009765625 -0.002638522427440633 -0.0009765625 -0.002638522427440633 -0.0009765625 -0.002638522427440633
0  0.34423828125 0.3482849604221636 0.0341796875 0.14775725593667546 0.3558046875 0.32835356200527704 0.3544267578125 0.3274248021108179 0.3602822265625 0.36371503957783646 0.351671875 0.3907018469656992 0.352705078125 0.3897704485488127
0  0.4462890625 0.17150395778364116 0.017578125 0.052770448548812667 0.442626953125 0.1693825857519789 0.449427734375 0.1651424802110818 0.44655078125 0.1782189973614776 0.4439345703125 0.19093931398416886 0.4511279296875 0.18811345646437996
0  0.39794921875 0.1358839050131926 0.0166015625 0.06068601583113457 0.39453125 0.1345646437994723 0.40234375 0.1345646437994723 0.3984375 0.1424802110817942 0.3955078125 0.158311345646438 0.4033203125 0.158311345646438
0  0.353515625 0.11477572559366754 0.017578125 0.055408970976253295 0.349234375 0.10992348284960422 0.35734375 0.10886279683377309 0.353419921875 0.12017150395778364 0.3522421875 0.13077044854881265 0.356689453125 0.13041952506596308
0  0.31298828125 0.11741424802110818 0.0166015625 0.05013192612137203 0.3095703125 0.11345646437994723 0.3173828125 0.11081794195250659 0.3134765625 0.12401055408970976 0.310546875 0.1345646437994723 0.3173828125 0.13192612137203166
0  0.27490234375 0.12005277044854881 0.0185546875 0.05013192612137203 0.2698974609375 0.11939313984168866 0.2767333984375 0.11180738786279683 0.2742919921875 0.12895778364116095 0.2738037109375 0.1408311345646438 0.27880859375 0.13621372031662268
0  0.24560546875 0.12005277044854881 0.0146484375 0.044854881266490766 0.2407578125 0.12269129287598944 0.2456748046875 0.11251451187335093 0.2447333984375 0.1260844327176781 0.2447333984375 0.134 0.2493369140625 0.12551715039577835
0  0.21484375 0.08970976253298153 0.013671875 0.04221635883905013 0.2107978515625 0.08631662269129287 0.215296875 0.08518733509234828 0.2120537109375 0.09677836411609499 0.2133095703125 0.10440897097625329 0.21634375 0.10356200527704486
0  0.23388671875 0.3113456464379947 0.0322265625 0.13192612137203166 0.239048828125 0.30201583113456465 0.2406181640625 0.3003192612137203 0.2490927734375 0.3181292875989446 0.2421875 0.3512058047493404 0.2450126953125 0.34611873350923483
0  0.24609375 0.2955145118733509 0.025390625 0.10554089709762533 0.2374052734375 0.3035936675461741 0.2513212890625 0.28949604221635883 0.249830078125 0.31836675461741426 0.24436328125 0.34858047493403693 0.2495810546875 0.34253562005277044
0  0.16943359375 0.22823218997361477 0.0283203125 0.10290237467018469 0.174451171875 0.21393139841688655 0.1823642578125 0.21717150395778365 0.180685546875 0.23660686015831137 0.172533203125 0.25410026385224277 0.1790078125 0.25604221635883906
0  0.14697265625 0.07255936675461741 0.0146484375 0.05013192612137203 0.1441298828125 0.0686490765171504 0.1501337890625 0.06197097625329815 0.148603515625 0.07628232189973615 0.1471904296875 0.08486807387862796 0.1520166015625 0.07914511873350923
0  0.0966796875 0.09234828496042216 0.015625 0.04221635883905013 0.0947265625 0.08443271767810026 0.1015625 0.08970976253298153 0.0986328125 0.09498680738786279 0.0966796875 0.10554089709762533 0.099609375 0.10554089709762533
0  0.05712890625 0.16754617414248021 0.0224609375 0.08179419525065963 0.0614453125 0.1664986807387863 0.065564453125 0.16967810026385227 0.064583984375 0.1861108179419525 0.0579140625 0.19565171503957784 0.0622294921875 0.1961820580474934
0  0.13134765625 0.22559366754617413 0.0244140625 0.08179419525065963 0.1354716796875 0.21235356200527705 0.14269140625 0.21885488126649075 0.1416884765625 0.23240105540897096 0.136474609375 0.24649076517150395 0.14148828125 0.25028232189973615
0  0.10546875 0.19788918205804748 0.01953125 0.07387862796833773 -0.0009765625 -0.002638522427440633 -0.0009765625 -0.002638522427440633 -0.0009765625 -0.002638522427440633 -0.0009765625 -0.002638522427440633 -0.0009765625 -0.002638522427440633
0  0.0302734375 0.0870712401055409 0.015625 0.047493403693931395 0.0285732421875 0.08278364116094987 0.0352607421875 0.08033245382585752 0.033220703125 0.09135883905013192 0.0315205078125 0.10360949868073879 0.0353740234375 0.10146437994722955
