0  0.0751953125 0.4147135416666667 0.07421875 0.11848958333333333 0.0465869140625 0.38771874999999995 0.0780810546875 0.38846875 0.0522109375 0.41696354166666666 0.0510859375 0.4364596354166667 0.0673955078125 0.43720963541666663
0  0.2109375 0.3541666666666667 0.044921875 0.08333333333333333 0.1974052734375 0.34344791666666663 0.2162392578125 0.34292447916666663 0.202505859375 0.35914192708333337 0.198189453125 0.3753606770833333 0.2162392578125 0.37431380208333337
0  0.3720703125 0.369140625 0.0625 0.09765625 0.3480400390625 0.35062109375 0.3688359375 0.35493359375 0.3466533203125 0.3684895833333333 0.3448046875 0.39190364583333337 0.3656005859375 0.3956002604166667
0  0.4921875 0.4505208333333333 0.044921875 0.057291666666666664 0.484615234375 0.4446848958333333 0.488015625 0.44241796875 0.4831982421875 0.46168750000000003 0.4959501953125 0.46773307291666666 0.497650390625 0.46622135416666666
0  0.3232421875 0.5592447916666666 0.064453125 0.12890625 0.306396484375 0.5358072916666666 0.3204345703125 0.5439453125 0.2923583984375 0.5569661458333334 0.3021240234375 0.5862630208333334 0.306396484375 0.5911458333333334
0  0.49755859375 0.9225260416666666 0.0830078125 0.15234375 -0.0009765625 -0.0013020833333333333 -0.0009765625 -0.0013020833333333333 -0.0009765625 -0.0013020833333333333 -0.0009765625 -0.0013020833333333333 -0.0009765625 -0.0013020833333333333
0  0.61865234375 0.5735677083333334 0.0810546875 0.14453125 0.5896123046875 0.5576640625 0.6231513671875 0.5576640625 0.5985107421875 0.5777408854166667 0.5909814453125 0.6105963541666667 0.6183603515625 0.6087708333333334
0  0.60009765625 0.453125 0.0615234375 0.10416666666666667 0.5838447265625 0.44130729166666666 0.6168515625 0.4380234375 0.6025654296875 0.4669244791666667 0.588771484375 0.48597395833333334 0.61241796875 0.48466015625
0  0.75 0.4231770833333333 0.037109375 0.08072916666666667 0.74019921875 0.4142018229166667 0.7601494140625 0.4136901041666667 0.7448037109375 0.42033984375000005 0.739048828125 0.44182421875000005 0.7555458984375 0.44182421875000005
0  0.7890625 0.3424479166666667 0.0703125 0.12760416666666666 0.774134765625 0.32881119791666663 0.805419921875 0.3256015625 0.79037890625 0.3480625 0.7807529296875 0.37373307291666663 0.805419921875 0.37212890625
0  0.97265625 0.23502604166666666 0.0546875 0.15494791666666666 0.95369140625 0.22337760416666666 0.9704375 0.2185234375 0.9478671875 0.24861718749999998 0.9617001953125 0.27385546875 0.975533203125 0.26706119791666666
0  0.97021484375 0.5696614583333334 0.0576171875 0.14973958333333334 0.9664609375 0.56180859375 0.996642578125 0.5608723958333334 0.9952392578125 0.59737109375 0.9861142578125 0.6160885416666667 0.998046875 0.6160885416666667
