0  0.896484375 0.27986577181208055 0.03125 0.07114093959731543 -0.0009765625 -0.0013422818791946308 -0.0009765625 -0.0013422818791946308 -0.0009765625 -0.0013422818791946308 -0.0009765625 -0.0013422818791946308 -0.0009765625 -0.0013422818791946308
0  0.88134765625 0.23087248322147652 0.0380859375 0.06442953020134229 -0.0009765625 -0.0013422818791946308 -0.0009765625 -0.0013422818791946308 -0.0009765625 -0.0013422818791946308 -0.0009765625 -0.0013422818791946308 -0.0009765625 -0.0013422818791946308
0  0.75634765625 0.2342281879194631 0.0400390625 0.06040268456375839 0.751744140625 0.22320268456375839 0.7679267578125 0.22320268456375839 0.76123046875 0.2396926174496644 0.7503486328125 0.24697986577181208 0.7659736328125 0.24736375838926175
0  0.72216796875 0.15570469798657718 0.0400390625 0.06442953020134229 0.7129775390625 0.14551812080536913 0.7322470703125 0.14551812080536913 0.72216796875 0.15977986577181208 0.7144599609375 0.1720040268456376 0.730765625 0.1720040268456376
0  0.6513671875 0.21208053691275167 0.037109375 0.05906040268456376 0.6413271484375 0.2019718120805369 0.6589052734375 0.2023489932885906 0.65121484375 0.21631677852348993 0.6418759765625 0.22613288590604025 0.65835546875 0.22575570469798656
0  0.59619140625 0.11409395973154363 0.0400390625 0.06711409395973154 0.584119140625 0.11001879194630872 0.604548828125 0.10959328859060403 0.5921669921875 0.12533557046979865 0.58721484375 0.13554630872483223 0.599287109375 0.13384429530201342
0  0.5263671875 0.21006711409395973 0.03515625 0.06577181208053691 0.5174560546875 0.19425369127516778 0.52407421875 0.19508053691275168 0.509935546875 0.20417718120805367 0.5201630859375 0.21988859060402685 0.52226953125 0.21988859060402685
0  0.4638671875 0.10738255033557047 0.0390625 0.06442953020134229 0.4624765625 0.09885503355704699 0.477216796875 0.10547114093959731 0.4696962890625 0.1195288590604027 0.4576630859375 0.12076912751677853 0.4705986328125 0.12655838926174498
0  0.294921875 0.12348993288590604 0.044921875 0.0697986577181208 0.283931640625 0.11144563758389261 0.3020712890625 0.11100805369127516 0.2918876953125 0.12238120805369128 0.2861591796875 0.14075436241610736 0.30048046875 0.14031677852348992
0  0.3017578125 0.23154362416107382 0.0390625 0.0738255033557047 0.28819921875 0.21591543624161075 0.290580078125 0.2168510067114094 0.2827587890625 0.23601342281879195 0.29398046875 0.2434926174496644 0.298060546875 0.2425570469798658
0  0.4267578125 0.21409395973154363 0.029296875 0.06577181208053691 0.4365234375 0.1959731543624161 0.439453125 0.19463087248322147 0.44140625 0.21073825503355706 0.4365234375 0.22550335570469798 0.4384765625 0.22550335570469798
0  0.22607421875 0.24630872483221478 0.0458984375 0.08187919463087248 0.22719921875 0.24151543624161073 0.2448203125 0.23636107382550336 0.2410712890625 0.26058255033557043 0.22457421875 0.2657355704697987 0.2418212890625 0.2647046979865772
0  0.59033203125 0.41006711409395974 0.0498046875 0.08187919463087248 0.578107421875 0.40115033557046986 0.599853515625 0.3954818791946309 0.58898046875 0.41918791946308726 0.5829814453125 0.42949395973154364 0.602478515625 0.4238255033557047
0  0.79345703125 0.5201342281879194 0.0478515625 0.07919463087248323 0.77862109375 0.5048657718120806 0.7996083984375 0.5053637583892617 0.785134765625 0.519786577181208 0.780068359375 0.5337127516778524 0.79345703125 0.5352053691275168
0  0.443359375 0.4899328859060403 0.046875 0.06711409395973154 0.425048828125 0.4807530201342282 0.4395966796875 0.4862832214765101 0.4265966796875 0.4986214765100671 0.431548828125 0.505855033557047 0.4433115234375 0.5071302013422819
0  0.27587890625 0.5758389261744966 0.0498046875 0.07516778523489932 0.2672294921875 0.5633744966442953 0.2933876953125 0.5633744966442953 0.279087890625 0.5859060402684564 0.2686240234375 0.5964523489932886 0.285365234375 0.5964523489932886
0  0.15673828125 0.17315436241610738 0.0400390625 0.06711409395973154 0.1641669921875 0.15716644295302012 0.1731435546875 0.15631543624161073 0.17716796875 0.16907919463087248 0.166333984375 0.1852469798657718 0.167572265625 0.1860979865771812
0  0.08642578125 0.22751677852348992 0.0458984375 0.0738255033557047 0.0919365234375 0.22751677852348992 0.1081240234375 0.2189959731543624 0.10674609375 0.24171812080536914 0.0919365234375 0.25071275167785234 0.1050244140625 0.24739865771812083
