0  0.03076171875 0.9287109375 0.0126953125 0.037109375 0.0341796875 0.921875 0.03515625 0.919921875 0.0379638671875 0.92919921875 0.034912109375 0.9384765625 0.03564453125 0.93701171875
0  0.04296875 0.802734375 0.013671875 0.03515625 0.0442587890625 0.797833984375 0.045166015625 0.797607421875 0.0492470703125 0.804181640625 0.0461865234375 0.8130234375 0.0465263671875 0.8130234375
0  0.07861328125 0.859375 0.0107421875 0.03515625 -0.0009765625 -0.001953125 -0.0009765625 -0.001953125 -0.0009765625 -0.001953125 -0.0009765625 -0.001953125 -0.0009765625 -0.001953125
0  0.09716796875 0.7890625 0.0146484375 0.03515625 0.094787109375 0.78430078125 0.1017021484375 0.787248046875 0.09784765625 0.791103515625 0.093201171875 0.799490234375 0.0975078125 0.799716796875
0  0.11669921875 0.837890625 0.0146484375 0.0390625 0.1187568359375 0.830845703125 0.1215380859375 0.829328125 0.1235615234375 0.837671875 0.12128515625 0.84905078125 0.123814453125 0.8480390625
0  0.04443359375 0.3720703125 0.0107421875 0.029296875 -0.0009765625 -0.001953125 -0.0009765625 -0.001953125 -0.0009765625 -0.001953125 -0.0009765625 -0.001953125 -0.0009765625 -0.001953125
0  0.08154296875 0.3818359375 0.0107421875 0.025390625 -0.0009765625 -0.001953125 -0.0009765625 -0.001953125 -0.0009765625 -0.001953125 -0.0009765625 -0.001953125 -0.0009765625 -0.001953125
0  0.06982421875 0.4404296875 0.0107421875 0.025390625 -0.0009765625 -0.001953125 -0.0009765625 -0.001953125 -0.0009765625 -0.001953125 -0.0009765625 -0.001953125 -0.0009765625 -0.001953125
0  0.083984375 0.4560546875 0.009765625 0.025390625 -0.0009765625 -0.001953125 -0.0009765625 -0.001953125 -0.0009765625 -0.001953125 -0.0009765625 -0.001953125 -0.0009765625 -0.001953125
0  0.0107421875 0.5859375 0.013671875 0.03515625 -0.0009765625 -0.001953125 -0.0009765625 -0.001953125 -0.0009765625 -0.001953125 -0.0009765625 -0.001953125 -0.0009765625 -0.001953125
0  0.03515625 0.4814453125 0.0078125 0.021484375 -0.0009765625 -0.001953125 -0.0009765625 -0.001953125 -0.0009765625 -0.001953125 -0.0009765625 -0.001953125 -0.0009765625 -0.001953125
0  0.3564453125 0.9794921875 0.017578125 0.041015625 -0.0009765625 -0.001953125 -0.0009765625 -0.001953125 -0.0009765625 -0.001953125 -0.0009765625 -0.001953125 -0.0009765625 -0.001953125
0  0.05712890625 0.9287109375 0.0166015625 0.037109375 -0.0009765625 -0.001953125 -0.0009765625 -0.001953125 -0.0009765625 -0.001953125 -0.0009765625 -0.001953125 -0.0009765625 -0.001953125
0  0.0244140625 0.513671875 0.01171875 0.03515625 -0.0009765625 -0.001953125 -0.0009765625 -0.001953125 -0.0009765625 -0.001953125 -0.0009765625 -0.001953125 -0.0009765625 -0.001953125
0  0.10693359375 0.3447265625 0.0146484375 0.044921875 -0.0009765625 -0.001953125 -0.0009765625 -0.001953125 -0.0009765625 -0.001953125 -0.0009765625 -0.001953125 -0.0009765625 -0.001953125
0  0.18017578125 0.2919921875 0.0107421875 0.025390625 -0.0009765625 -0.001953125 -0.0009765625 -0.001953125 -0.0009765625 -0.001953125 -0.0009765625 -0.001953125 -0.0009765625 -0.001953125
0  0.19580078125 0.3134765625 0.0107421875 0.029296875 -0.0009765625 -0.001953125 -0.0009765625 -0.001953125 -0.0009765625 -0.001953125 -0.0009765625 -0.001953125 -0.0009765625 -0.001953125
0  0.2880859375 0.5380859375 0.009765625 0.021484375 -0.0009765625 -0.001953125 -0.0009765625 -0.001953125 -0.0009765625 -0.001953125 -0.0009765625 -0.001953125 -0.0009765625 -0.001953125
0  0.2978515625 0.5302734375 0.005859375 0.017578125 -0.0009765625 -0.001953125 -0.0009765625 -0.001953125 -0.0009765625 -0.001953125 -0.0009765625 -0.001953125 -0.0009765625 -0.001953125
0  0.30078125 0.5546875 0.0078125 0.0234375 -0.0009765625 -0.001953125 -0.0009765625 -0.001953125 -0.0009765625 -0.001953125 -0.0009765625 -0.001953125 -0.0009765625 -0.001953125
0  0.1953125 0.154296875 0.005859375 0.0234375 -0.0009765625 -0.001953125 -0.0009765625 -0.001953125 -0.0009765625 -0.001953125 -0.0009765625 -0.001953125 -0.0009765625 -0.001953125
0  0.1884765625 0.17578125 0.005859375 0.0234375 -0.0009765625 -0.001953125 -0.0009765625 -0.001953125 -0.0009765625 -0.001953125 -0.0009765625 -0.001953125 -0.0009765625 -0.001953125
0  0.205078125 0.16015625 0.0078125 0.02734375 -0.0009765625 -0.001953125 -0.0009765625 -0.001953125 -0.0009765625 -0.001953125 -0.0009765625 -0.001953125 -0.0009765625 -0.001953125
0  0.22314453125 0.1416015625 0.0087890625 0.029296875 -0.0009765625 -0.001953125 -0.0009765625 -0.001953125 -0.0009765625 -0.001953125 -0.0009765625 -0.001953125 -0.0009765625 -0.001953125
0  0.17724609375 0.05859375 0.0126953125 0.03125 -0.0009765625 -0.001953125 -0.0009765625 -0.001953125 -0.0009765625 -0.001953125 -0.0009765625 -0.001953125 -0.0009765625 -0.001953125
0  0.1279296875 0.1337890625 0.005859375 0.017578125 -0.0009765625 -0.001953125 -0.0009765625 -0.001953125 -0.0009765625 -0.001953125 -0.0009765625 -0.001953125 -0.0009765625 -0.001953125
0  0.1416015625 0.1328125 0.005859375 0.01953125 -0.0009765625 -0.001953125 -0.0009765625 -0.001953125 -0.0009765625 -0.001953125 -0.0009765625 -0.001953125 -0.0009765625 -0.001953125
0  0.68701171875 0.578125 0.0107421875 0.03125 -0.0009765625 -0.001953125 -0.0009765625 -0.001953125 -0.0009765625 -0.001953125 -0.0009765625 -0.001953125 -0.0009765625 -0.001953125
0  0.697265625 0.591796875 0.009765625 0.02734375 -0.0009765625 -0.001953125 -0.0009765625 -0.001953125 -0.0009765625 -0.001953125 -0.0009765625 -0.001953125 -0.0009765625 -0.001953125
0  0.599609375 0.5283203125 0.0078125 0.033203125 -0.0009765625 -0.001953125 -0.0009765625 -0.001953125 -0.0009765625 -0.001953125 -0.0009765625 -0.001953125 -0.0009765625 -0.001953125
0  0.640625 0.4716796875 0.009765625 0.021484375 -0.0009765625 -0.001953125 -0.0009765625 -0.001953125 -0.0009765625 -0.001953125 -0.0009765625 -0.001953125 -0.0009765625 -0.001953125
0  0.68359375 0.87109375 0.0078125 0.02734375 -0.0009765625 -0.001953125 -0.0009765625 -0.001953125 -0.0009765625 -0.001953125 -0.0009765625 -0.001953125 -0.0009765625 -0.001953125
0  0.67724609375 0.822265625 0.0068359375 0.01953125 -0.0009765625 -0.001953125 -0.0009765625 -0.001953125 -0.0009765625 -0.001953125 -0.0009765625 -0.001953125 -0.0009765625 -0.001953125
0  0.69580078125 0.853515625 0.0107421875 0.0234375 -0.0009765625 -0.001953125 -0.0009765625 -0.001953125 -0.0009765625 -0.001953125 -0.0009765625 -0.001953125 -0.0009765625 -0.001953125
0  0.7021484375 0.7666015625 0.009765625 0.025390625 -0.0009765625 -0.001953125 -0.0009765625 -0.001953125 -0.0009765625 -0.001953125 -0.0009765625 -0.001953125 -0.0009765625 -0.001953125
0  0.6728515625 0.705078125 0.009765625 0.0390625 -0.0009765625 -0.001953125 -0.0009765625 -0.001953125 -0.0009765625 -0.001953125 -0.0009765625 -0.001953125 -0.0009765625 -0.001953125
0  0.61669921875 0.6875 0.0087890625 0.02734375 -0.0009765625 -0.001953125 -0.0009765625 -0.001953125 -0.0009765625 -0.001953125 -0.0009765625 -0.001953125 -0.0009765625 -0.001953125
0  0.76806640625 0.92578125 0.0126953125 0.03125 -0.0009765625 -0.001953125 -0.0009765625 -0.001953125 -0.0009765625 -0.001953125 -0.0009765625 -0.001953125 -0.0009765625 -0.001953125
0  0.80615234375 0.80859375 0.0126953125 0.03515625 -0.0009765625 -0.001953125 -0.0009765625 -0.001953125 -0.0009765625 -0.001953125 -0.0009765625 -0.001953125 -0.0009765625 -0.001953125
0  0.6552734375 0.9345703125 0.017578125 0.037109375 -0.0009765625 -0.001953125 -0.0009765625 -0.001953125 -0.0009765625 -0.001953125 -0.0009765625 -0.001953125 -0.0009765625 -0.001953125
0  0.68017578125 0.9306640625 0.0126953125 0.033203125 -0.0009765625 -0.001953125 -0.0009765625 -0.001953125 -0.0009765625 -0.001953125 -0.0009765625 -0.001953125 -0.0009765625 -0.001953125
0  0.83203125 0.7587890625 0.01171875 0.025390625 -0.0009765625 -0.001953125 -0.0009765625 -0.001953125 -0.0009765625 -0.001953125 -0.0009765625 -0.001953125 -0.0009765625 -0.001953125
0  0.83837890625 0.416015625 0.0107421875 0.03125 -0.0009765625 -0.001953125 -0.0009765625 -0.001953125 -0.0009765625 -0.001953125 -0.0009765625 -0.001953125 -0.0009765625 -0.001953125
0  0.88232421875 0.353515625 0.0126953125 0.03125 -0.0009765625 -0.001953125 -0.0009765625 -0.001953125 -0.0009765625 -0.001953125 -0.0009765625 -0.001953125 -0.0009765625 -0.001953125
0  0.83056640625 0.4033203125 0.0107421875 0.025390625 -0.0009765625 -0.001953125 -0.0009765625 -0.001953125 -0.0009765625 -0.001953125 -0.0009765625 -0.001953125 -0.0009765625 -0.001953125
0  0.82421875 0.392578125 0.01171875 0.0234375 -0.0009765625 -0.001953125 -0.0009765625 -0.001953125 -0.0009765625 -0.001953125 -0.0009765625 -0.001953125 -0.0009765625 -0.001953125
0  0.82568359375 0.3681640625 0.0146484375 0.033203125 -0.0009765625 -0.001953125 -0.0009765625 -0.001953125 -0.0009765625 -0.001953125 -0.0009765625 -0.001953125 -0.0009765625 -0.001953125
0  0.92138671875 0.8798828125 0.0087890625 0.029296875 -0.0009765625 -0.001953125 -0.0009765625 -0.001953125 -0.0009765625 -0.001953125 -0.0009765625 -0.001953125 -0.0009765625 -0.001953125
0  0.81103515625 0.9560546875 0.0068359375 0.017578125 -0.0009765625 -0.001953125 -0.0009765625 -0.001953125 -0.0009765625 -0.001953125 -0.0009765625 -0.001953125 -0.0009765625 -0.001953125
0  0.80224609375 0.9248046875 0.0068359375 0.025390625 -0.0009765625 -0.001953125 -0.0009765625 -0.001953125 -0.0009765625 -0.001953125 -0.0009765625 -0.001953125 -0.0009765625 -0.001953125
0  0.9638671875 0.2177734375 0.009765625 0.021484375 -0.0009765625 -0.001953125 -0.0009765625 -0.001953125 -0.0009765625 -0.001953125 -0.0009765625 -0.001953125 -0.0009765625 -0.001953125
0  0.99072265625 0.2548828125 0.0107421875 0.025390625 -0.0009765625 -0.001953125 -0.0009765625 -0.001953125 -0.0009765625 -0.001953125 -0.0009765625 -0.001953125 -0.0009765625 -0.001953125
0  0.40283203125 0.28515625 0.0126953125 0.03125 -0.0009765625 -0.001953125 -0.0009765625 -0.001953125 -0.0009765625 -0.001953125 -0.0009765625 -0.001953125 -0.0009765625 -0.001953125
0  0.38134765625 0.1298828125 0.0107421875 0.025390625 -0.0009765625 -0.001953125 -0.0009765625 -0.001953125 -0.0009765625 -0.001953125 -0.0009765625 -0.001953125 -0.0009765625 -0.001953125
0  0.57958984375 0.2919921875 0.0107421875 0.025390625 -0.0009765625 -0.001953125 -0.0009765625 -0.001953125 -0.0009765625 -0.001953125 -0.0009765625 -0.001953125 -0.0009765625 -0.001953125
0  0.5546875 0.763671875 0.009765625 0.02734375 -0.0009765625 -0.001953125 -0.0009765625 -0.001953125 -0.0009765625 -0.001953125 -0.0009765625 -0.001953125 -0.0009765625 -0.001953125
0  0.58837890625 0.763671875 0.0068359375 0.0234375 -0.0009765625 -0.001953125 -0.0009765625 -0.001953125 -0.0009765625 -0.001953125 -0.0009765625 -0.001953125 -0.0009765625 -0.001953125
0  0.6015625 0.7685546875 0.005859375 0.017578125 -0.0009765625 -0.001953125 -0.0009765625 -0.001953125 -0.0009765625 -0.001953125 -0.0009765625 -0.001953125 -0.0009765625 -0.001953125
0  0.611328125 0.73828125 0.009765625 0.02734375 -0.0009765625 -0.001953125 -0.0009765625 -0.001953125 -0.0009765625 -0.001953125 -0.0009765625 -0.001953125 -0.0009765625 -0.001953125
0  0.3193359375 0.150390625 0.009765625 0.02734375 -0.0009765625 -0.001953125 -0.0009765625 -0.001953125 -0.0009765625 -0.001953125 -0.0009765625 -0.001953125 -0.0009765625 -0.001953125
0  0.33740234375 0.216796875 0.0087890625 0.0234375 -0.0009765625 -0.001953125 -0.0009765625 -0.001953125 -0.0009765625 -0.001953125 -0.0009765625 -0.001953125 -0.0009765625 -0.001953125
0  0.31787109375 0.4560546875 0.0087890625 0.021484375 -0.0009765625 -0.001953125 -0.0009765625 -0.001953125 -0.0009765625 -0.001953125 -0.0009765625 -0.001953125 -0.0009765625 -0.001953125
0  0.34375 0.4345703125 0.009765625 0.029296875 -0.0009765625 -0.001953125 -0.0009765625 -0.001953125 -0.0009765625 -0.001953125 -0.0009765625 -0.001953125 -0.0009765625 -0.001953125
0  0.36083984375 0.470703125 0.0068359375 0.0234375 -0.0009765625 -0.001953125 -0.0009765625 -0.001953125 -0.0009765625 -0.001953125 -0.0009765625 -0.001953125 -0.0009765625 -0.001953125
0  0.361328125 0.427734375 0.009765625 0.02734375 -0.0009765625 -0.001953125 -0.0009765625 -0.001953125 -0.0009765625 -0.001953125 -0.0009765625 -0.001953125 -0.0009765625 -0.001953125
0  0.4189453125 0.4111328125 0.01171875 0.025390625 -0.0009765625 -0.001953125 -0.0009765625 -0.001953125 -0.0009765625 -0.001953125 -0.0009765625 -0.001953125 -0.0009765625 -0.001953125
0  0.4609375 0.5263671875 0.013671875 0.033203125 -0.0009765625 -0.001953125 -0.0009765625 -0.001953125 -0.0009765625 -0.001953125 -0.0009765625 -0.001953125 -0.0009765625 -0.001953125
0  0.51318359375 0.544921875 0.0126953125 0.03125 -0.0009765625 -0.001953125 -0.0009765625 -0.001953125 -0.0009765625 -0.001953125 -0.0009765625 -0.001953125 -0.0009765625 -0.001953125
0  0.57275390625 0.3662109375 0.0068359375 0.021484375 -0.0009765625 -0.001953125 -0.0009765625 -0.001953125 -0.0009765625 -0.001953125 -0.0009765625 -0.001953125 -0.0009765625 -0.001953125
0  0.40185546875 0.4970703125 0.0107421875 0.025390625 -0.0009765625 -0.001953125 -0.0009765625 -0.001953125 -0.0009765625 -0.001953125 -0.0009765625 -0.001953125 -0.0009765625 -0.001953125
0  0.39892578125 0.734375 0.0087890625 0.03515625 -0.0009765625 -0.001953125 -0.0009765625 -0.001953125 -0.0009765625 -0.001953125 -0.0009765625 -0.001953125 -0.0009765625 -0.001953125
0  0.40625 0.7158203125 0.009765625 0.021484375 -0.0009765625 -0.001953125 -0.0009765625 -0.001953125 -0.0009765625 -0.001953125 -0.0009765625 -0.001953125 -0.0009765625 -0.001953125
0  0.4169921875 0.6884765625 0.0078125 0.025390625 -0.0009765625 -0.001953125 -0.0009765625 -0.001953125 -0.0009765625 -0.001953125 -0.0009765625 -0.001953125 -0.0009765625 -0.001953125
0  0.337890625 0.5419921875 0.0078125 0.025390625 -0.0009765625 -0.001953125 -0.0009765625 -0.001953125 -0.0009765625 -0.001953125 -0.0009765625 -0.001953125 -0.0009765625 -0.001953125
0  0.3251953125 0.5654296875 0.0078125 0.013671875 -0.0009765625 -0.001953125 -0.0009765625 -0.001953125 -0.0009765625 -0.001953125 -0.0009765625 -0.001953125 -0.0009765625 -0.001953125
0  0.3623046875 0.5751953125 0.0078125 0.025390625 -0.0009765625 -0.001953125 -0.0009765625 -0.001953125 -0.0009765625 -0.001953125 -0.0009765625 -0.001953125 -0.0009765625 -0.001953125
0  0.6884765625 0.0498046875 0.0078125 0.025390625 -0.0009765625 -0.001953125 -0.0009765625 -0.001953125 -0.0009765625 -0.001953125 -0.0009765625 -0.001953125 -0.0009765625 -0.001953125
0  0.6943359375 0.0224609375 0.005859375 0.021484375 -0.0009765625 -0.001953125 -0.0009765625 -0.001953125 -0.0009765625 -0.001953125 -0.0009765625 -0.001953125 -0.0009765625 -0.001953125
0  0.71044921875 0.0380859375 0.0087890625 0.021484375 0.7073798828125 0.028181640625 0.710728515625 0.026646484375 0.7080771484375 0.036830078125 0.7093330078125 0.04045703125 0.7113564453125 0.03962109375
0  0.93896484375 0.8271484375 0.0087890625 0.021484375 -0.0009765625 -0.001953125 -0.0009765625 -0.001953125 -0.0009765625 -0.001953125 -0.0009765625 -0.001953125 -0.0009765625 -0.001953125
0  0.96728515625 0.806640625 0.0068359375 0.0234375 -0.0009765625 -0.001953125 -0.0009765625 -0.001953125 -0.0009765625 -0.001953125 -0.0009765625 -0.001953125 -0.0009765625 -0.001953125
0  0.89892578125 0.71484375 0.0107421875 0.0234375 -0.0009765625 -0.001953125 -0.0009765625 -0.001953125 -0.0009765625 -0.001953125 -0.0009765625 -0.001953125 -0.0009765625 -0.001953125
0  0.8740234375 0.482421875 0.013671875 0.0234375 -0.0009765625 -0.001953125 -0.0009765625 -0.001953125 -0.0009765625 -0.001953125 -0.0009765625 -0.001953125 -0.0009765625 -0.001953125
0  0.8515625 0.22265625 0.0078125 0.01953125 -0.0009765625 -0.001953125 -0.0009765625 -0.001953125 -0.0009765625 -0.001953125 -0.0009765625 -0.001953125 -0.0009765625 -0.001953125
0  0.8603515625 0.2236328125 0.0078125 0.017578125 -0.0009765625 -0.001953125 -0.0009765625 -0.001953125 -0.0009765625 -0.001953125 -0.0009765625 -0.001953125 -0.0009765625 -0.001953125
0  0.1142578125 0.4169921875 0.009765625 0.029296875 0.112853515625 0.414638671875 0.11335546875 0.414638671875 0.1137568359375 0.41784765625 0.1141572265625 0.4210546875 0.1144580078125 0.420453125
0  0.07373046875 0.2158203125 0.0068359375 0.017578125 -0.0009765625 -0.001953125 -0.0009765625 -0.001953125 -0.0009765625 -0.001953125 -0.0009765625 -0.001953125 -0.0009765625 -0.001953125
0  0.08935546875 0.177734375 0.0068359375 0.0234375 -0.0009765625 -0.001953125 -0.0009765625 -0.001953125 -0.0009765625 -0.001953125 -0.0009765625 -0.001953125 -0.0009765625 -0.001953125
0  0.11767578125 0.1474609375 0.0068359375 0.021484375 -0.0009765625 -0.001953125 -0.0009765625 -0.001953125 -0.0009765625 -0.001953125 -0.0009765625 -0.001953125 -0.0009765625 -0.001953125
0  0.021484375 0.1484375 0.0078125 0.02734375 -0.0009765625 -0.001953125 -0.0009765625 -0.001953125 -0.0009765625 -0.001953125 -0.0009765625 -0.001953125 -0.0009765625 -0.001953125
0  0.40478515625 0.900390625 0.0107421875 0.02734375 -0.0009765625 -0.001953125 -0.0009765625 -0.001953125 -0.0009765625 -0.001953125 -0.0009765625 -0.001953125 -0.0009765625 -0.001953125
0  0.4619140625 0.5615234375 0.0078125 0.033203125 -0.0009765625 -0.001953125 -0.0009765625 -0.001953125 -0.0009765625 -0.001953125 -0.0009765625 -0.001953125 -0.0009765625 -0.001953125
0  0.48779296875 0.583984375 0.0087890625 0.0234375 -0.0009765625 -0.001953125 -0.0009765625 -0.001953125 -0.0009765625 -0.001953125 -0.0009765625 -0.001953125 -0.0009765625 -0.001953125
0  0.49609375 0.5986328125 0.005859375 0.025390625 -0.0009765625 -0.001953125 -0.0009765625 -0.001953125 -0.0009765625 -0.001953125 -0.0009765625 -0.001953125 -0.0009765625 -0.001953125
0  0.3759765625 0.5908203125 0.009765625 0.021484375 -0.0009765625 -0.001953125 -0.0009765625 -0.001953125 -0.0009765625 -0.001953125 -0.0009765625 -0.001953125 -0.0009765625 -0.001953125
0  0.310546875 0.1513671875 0.005859375 0.021484375 -0.0009765625 -0.001953125 -0.0009765625 -0.001953125 -0.0009765625 -0.001953125 -0.0009765625 -0.001953125 -0.0009765625 -0.001953125
0  0.48486328125 0.35546875 0.0126953125 0.02734375 -0.0009765625 -0.001953125 -0.0009765625 -0.001953125 -0.0009765625 -0.001953125 -0.0009765625 -0.001953125 -0.0009765625 -0.001953125
0  0.541015625 0.2548828125 0.0078125 0.025390625 -0.0009765625 -0.001953125 -0.0009765625 -0.001953125 -0.0009765625 -0.001953125 -0.0009765625 -0.001953125 -0.0009765625 -0.001953125
0  0.638671875 0.4345703125 0.0078125 0.025390625 -0.0009765625 -0.001953125 -0.0009765625 -0.001953125 -0.0009765625 -0.001953125 -0.0009765625 -0.001953125 -0.0009765625 -0.001953125
0  0.6396484375 0.59765625 0.013671875 0.03515625 -0.0009765625 -0.001953125 -0.0009765625 -0.001953125 -0.0009765625 -0.001953125 -0.0009765625 -0.001953125 -0.0009765625 -0.001953125
0  0.494140625 0.5478515625 0.009765625 0.029296875 -0.0009765625 -0.001953125 -0.0009765625 -0.001953125 -0.0009765625 -0.001953125 -0.0009765625 -0.001953125 -0.0009765625 -0.001953125
0  0.5830078125 0.484375 0.005859375 0.01171875 -0.0009765625 -0.001953125 -0.0009765625 -0.001953125 -0.0009765625 -0.001953125 -0.0009765625 -0.001953125 -0.0009765625 -0.001953125
0  0.53564453125 0.734375 0.0087890625 0.0234375 -0.0009765625 -0.001953125 -0.0009765625 -0.001953125 -0.0009765625 -0.001953125 -0.0009765625 -0.001953125 -0.0009765625 -0.001953125
0  0.54931640625 0.693359375 0.0068359375 0.0234375 -0.0009765625 -0.001953125 -0.0009765625 -0.001953125 -0.0009765625 -0.001953125 -0.0009765625 -0.001953125 -0.0009765625 -0.001953125
0  0.6328125 0.6904296875 0.009765625 0.021484375 -0.0009765625 -0.001953125 -0.0009765625 -0.001953125 -0.0009765625 -0.001953125 -0.0009765625 -0.001953125 -0.0009765625 -0.001953125
0  0.63916015625 0.7783203125 0.0107421875 0.033203125 -0.0009765625 -0.001953125 -0.0009765625 -0.001953125 -0.0009765625 -0.001953125 -0.0009765625 -0.001953125 -0.0009765625 -0.001953125
0  0.65576171875 0.7822265625 0.0107421875 0.029296875 -0.0009765625 -0.001953125 -0.0009765625 -0.001953125 -0.0009765625 -0.001953125 -0.0009765625 -0.001953125 -0.0009765625 -0.001953125
0  0.6650390625 0.775390625 0.009765625 0.02734375 -0.0009765625 -0.001953125 -0.0009765625 -0.001953125 -0.0009765625 -0.001953125 -0.0009765625 -0.001953125 -0.0009765625 -0.001953125
0  0.41845703125 0.3681640625 0.0107421875 0.025390625 -0.0009765625 -0.001953125 -0.0009765625 -0.001953125 -0.0009765625 -0.001953125 -0.0009765625 -0.001953125 -0.0009765625 -0.001953125
0  0.41796875 0.3681640625 0.009765625 0.025390625 -0.0009765625 -0.001953125 -0.0009765625 -0.001953125 -0.0009765625 -0.001953125 -0.0009765625 -0.001953125 -0.0009765625 -0.001953125
0  0.43359375 0.3671875 0.01171875 0.0234375 -0.0009765625 -0.001953125 -0.0009765625 -0.001953125 -0.0009765625 -0.001953125 -0.0009765625 -0.001953125 -0.0009765625 -0.001953125
0  0.5751953125 0.4931640625 0.009765625 0.021484375 -0.0009765625 -0.001953125 -0.0009765625 -0.001953125 -0.0009765625 -0.001953125 -0.0009765625 -0.001953125 -0.0009765625 -0.001953125
0  0.2783203125 0.6875 0.009765625 0.02734375 -0.0009765625 -0.001953125 -0.0009765625 -0.001953125 -0.0009765625 -0.001953125 -0.0009765625 -0.001953125 -0.0009765625 -0.001953125
0  0.98193359375 0.6396484375 0.0107421875 0.025390625 -0.0009765625 -0.001953125 -0.0009765625 -0.001953125 -0.0009765625 -0.001953125 -0.0009765625 -0.001953125 -0.0009765625 -0.001953125
0  0.822265625 0.9765625 0.01171875 0.02734375 -0.0009765625 -0.001953125 -0.0009765625 -0.001953125 -0.0009765625 -0.001953125 -0.0009765625 -0.001953125 -0.0009765625 -0.001953125
0  0.81005859375 0.4052734375 0.0107421875 0.021484375 -0.0009765625 -0.001953125 -0.0009765625 -0.001953125 -0.0009765625 -0.001953125 -0.0009765625 -0.001953125 -0.0009765625 -0.001953125
0  0.68505859375 0.6220703125 0.0107421875 0.029296875 -0.0009765625 -0.001953125 -0.0009765625 -0.001953125 -0.0009765625 -0.001953125 -0.0009765625 -0.001953125 -0.0009765625 -0.001953125
0  0.77783203125 0.830078125 0.0068359375 0.01953125 -0.0009765625 -0.001953125 -0.0009765625 -0.001953125 -0.0009765625 -0.001953125 -0.0009765625 -0.001953125 -0.0009765625 -0.001953125
0  0.99365234375 0.6103515625 0.0068359375 0.017578125 -0.0009765625 -0.001953125 -0.0009765625 -0.001953125 -0.0009765625 -0.001953125 -0.0009765625 -0.001953125 -0.0009765625 -0.001953125
0  0.6220703125 0.55859375 0.0078125 0.02734375 -0.0009765625 -0.001953125 -0.0009765625 -0.001953125 -0.0009765625 -0.001953125 -0.0009765625 -0.001953125 -0.0009765625 -0.001953125
0  0.6494140625 0.5537109375 0.0078125 0.025390625 -0.0009765625 -0.001953125 -0.0009765625 -0.001953125 -0.0009765625 -0.001953125 -0.0009765625 -0.001953125 -0.0009765625 -0.001953125
0  0.65869140625 0.6064453125 0.0126953125 0.033203125 0.6606005859375 0.6023125 0.66387109375 0.60253125 0.6645244140625 0.610376953125 0.6612548828125 0.616044921875 0.663107421875 0.616044921875
0  0.662109375 0.546875 0.009765625 0.03125 -0.0009765625 -0.001953125 -0.0009765625 -0.001953125 -0.0009765625 -0.001953125 -0.0009765625 -0.001953125 -0.0009765625 -0.001953125
0  0.68408203125 0.6689453125 0.0126953125 0.029296875 -0.0009765625 -0.001953125 -0.0009765625 -0.001953125 -0.0009765625 -0.001953125 -0.0009765625 -0.001953125 -0.0009765625 -0.001953125
0  0.65576171875 0.494140625 0.0126953125 0.03125 -0.0009765625 -0.001953125 -0.0009765625 -0.001953125 -0.0009765625 -0.001953125 -0.0009765625 -0.001953125 -0.0009765625 -0.001953125
0  0.66845703125 0.501953125 0.0087890625 0.0234375 -0.0009765625 -0.001953125 -0.0009765625 -0.001953125 -0.0009765625 -0.001953125 -0.0009765625 -0.001953125 -0.0009765625 -0.001953125
0  0.6962890625 0.521484375 0.013671875 0.03125 -0.0009765625 -0.001953125 -0.0009765625 -0.001953125 -0.0009765625 -0.001953125 -0.0009765625 -0.001953125 -0.0009765625 -0.001953125
0  0.51123046875 0.65625 0.0068359375 0.0234375 -0.0009765625 -0.001953125 -0.0009765625 -0.001953125 -0.0009765625 -0.001953125 -0.0009765625 -0.001953125 -0.0009765625 -0.001953125
0  0.45703125 0.4794921875 0.009765625 0.029296875 -0.0009765625 -0.001953125 -0.0009765625 -0.001953125 -0.0009765625 -0.001953125 -0.0009765625 -0.001953125 -0.0009765625 -0.001953125
0  0.4736328125 0.462890625 0.009765625 0.02734375 -0.0009765625 -0.001953125 -0.0009765625 -0.001953125 -0.0009765625 -0.001953125 -0.0009765625 -0.001953125 -0.0009765625 -0.001953125
0  0.4970703125 0.46484375 0.013671875 0.03515625 -0.0009765625 -0.001953125 -0.0009765625 -0.001953125 -0.0009765625 -0.001953125 -0.0009765625 -0.001953125 -0.0009765625 -0.001953125
0  0.51025390625 0.4638671875 0.0087890625 0.029296875 -0.0009765625 -0.001953125 -0.0009765625 -0.001953125 -0.0009765625 -0.001953125 -0.0009765625 -0.001953125 -0.0009765625 -0.001953125
0  0.52197265625 0.474609375 0.0068359375 0.01953125 -0.0009765625 -0.001953125 -0.0009765625 -0.001953125 -0.0009765625 -0.001953125 -0.0009765625 -0.001953125 -0.0009765625 -0.001953125
0  0.52880859375 0.5341796875 0.0107421875 0.017578125 -0.0009765625 -0.001953125 -0.0009765625 -0.001953125 -0.0009765625 -0.001953125 -0.0009765625 -0.001953125 -0.0009765625 -0.001953125
0  0.59033203125 0.48046875 0.0068359375 0.01953125 -0.0009765625 -0.001953125 -0.0009765625 -0.001953125 -0.0009765625 -0.001953125 -0.0009765625 -0.001953125 -0.0009765625 -0.001953125
0  0.00439453125 0.7880859375 0.0087890625 0.029296875 -0.0009765625 -0.001953125 -0.0009765625 -0.001953125 -0.0009765625 -0.001953125 -0.0009765625 -0.001953125 -0.0009765625 -0.001953125
0  0.001953125 0.82421875 0.00390625 0.01953125 -0.0009765625 -0.001953125 -0.0009765625 -0.001953125 -0.0009765625 -0.001953125 -0.0009765625 -0.001953125 -0.0009765625 -0.001953125
0  0.248046875 0.7724609375 0.015625 0.029296875 -0.0009765625 -0.001953125 -0.0009765625 -0.001953125 -0.0009765625 -0.001953125 -0.0009765625 -0.001953125 -0.0009765625 -0.001953125
0  0.00244140625 0.7353515625 0.0048828125 0.025390625 -0.0009765625 -0.001953125 -0.0009765625 -0.001953125 -0.0009765625 -0.001953125 -0.0009765625 -0.001953125 -0.0009765625 -0.001953125
0  0.00732421875 0.525390625 0.0126953125 0.03125 0.0086015625 0.51739453125 0.0108076171875 0.51679296875 0.014517578125 0.523611328125 0.0099052734375 0.53203515625 0.0105068359375 0.53203515625
0  0.056640625 0.564453125 0.01171875 0.03515625 -0.0009765625 -0.001953125 -0.0009765625 -0.001953125 -0.0009765625 -0.001953125 -0.0009765625 -0.001953125 -0.0009765625 -0.001953125
0  0.00390625 0.4404296875 0.0078125 0.033203125 -0.0009765625 -0.001953125 -0.0009765625 -0.001953125 -0.0009765625 -0.001953125 -0.0009765625 -0.001953125 -0.0009765625 -0.001953125
0  0.005859375 0.3173828125 0.01171875 0.033203125 0.0048173828125 0.309326171875 0.010048828125 0.309326171875 0.0075419921875 0.3156484375 0.0052529296875 0.32327734375 0.0086318359375 0.322623046875
0  0.22216796875 0.3779296875 0.0107421875 0.021484375 -0.0009765625 -0.001953125 -0.0009765625 -0.001953125 -0.0009765625 -0.001953125 -0.0009765625 -0.001953125 -0.0009765625 -0.001953125
0  0.3740234375 0.720703125 0.013671875 0.02734375 -0.0009765625 -0.001953125 -0.0009765625 -0.001953125 -0.0009765625 -0.001953125 -0.0009765625 -0.001953125 -0.0009765625 -0.001953125
0  0.310546875 0.671875 0.01171875 0.03125 -0.0009765625 -0.001953125 -0.0009765625 -0.001953125 -0.0009765625 -0.001953125 -0.0009765625 -0.001953125 -0.0009765625 -0.001953125
0  0.00244140625 0.1396484375 0.0048828125 0.037109375 -0.0009765625 -0.001953125 -0.0009765625 -0.001953125 -0.0009765625 -0.001953125 -0.0009765625 -0.001953125 -0.0009765625 -0.001953125
0  0.11474609375 0.2138671875 0.0048828125 0.021484375 -0.0009765625 -0.001953125 -0.0009765625 -0.001953125 -0.0009765625 -0.001953125 -0.0009765625 -0.001953125 -0.0009765625 -0.001953125
0  0.10302734375 0.134765625 0.0068359375 0.01953125 -0.0009765625 -0.001953125 -0.0009765625 -0.001953125 -0.0009765625 -0.001953125 -0.0009765625 -0.001953125 -0.0009765625 -0.001953125
0  0.353515625 0.4208984375 0.0078125 0.025390625 -0.0009765625 -0.001953125 -0.0009765625 -0.001953125 -0.0009765625 -0.001953125 -0.0009765625 -0.001953125 -0.0009765625 -0.001953125
0  0.32470703125 0.5400390625 0.0126953125 0.025390625 -0.0009765625 -0.001953125 -0.0009765625 -0.001953125 -0.0009765625 -0.001953125 -0.0009765625 -0.001953125 -0.0009765625 -0.001953125
0  0.6767578125 0.447265625 0.01171875 0.02734375 -0.0009765625 -0.001953125 -0.0009765625 -0.001953125 -0.0009765625 -0.001953125 -0.0009765625 -0.001953125 -0.0009765625 -0.001953125
0  0.71533203125 0.4580078125 0.0068359375 0.021484375 -0.0009765625 -0.001953125 -0.0009765625 -0.001953125 -0.0009765625 -0.001953125 -0.0009765625 -0.001953125 -0.0009765625 -0.001953125
0  0.81787109375 0.8720703125 0.0068359375 0.021484375 -0.0009765625 -0.001953125 -0.0009765625 -0.001953125 -0.0009765625 -0.001953125 -0.0009765625 -0.001953125 -0.0009765625 -0.001953125
0  0.8125 0.8125 0.005859375 0.02734375 -0.0009765625 -0.001953125 -0.0009765625 -0.001953125 -0.0009765625 -0.001953125 -0.0009765625 -0.001953125 -0.0009765625 -0.001953125
0  0.943359375 0.8583984375 0.015625 0.029296875 0.9414755859375 0.852888671875 0.947544921875 0.849958984375 0.9459755859375 0.858748046875 0.9432548828125 0.867537109375 0.947962890625 0.8671171875
0  0.96875 0.8876953125 0.015625 0.037109375 -0.0009765625 -0.001953125 -0.0009765625 -0.001953125 -0.0009765625 -0.001953125 -0.0009765625 -0.001953125 -0.0009765625 -0.001953125
0  0.98291015625 0.84375 0.0166015625 0.03515625 0.9804951171875 0.838623046875 0.9877490234375 0.838623046875 0.9844619140625 0.84746484375 0.9814013671875 0.8544921875 0.9871826171875 0.854265625
0  0.98388671875 0.7705078125 0.0146484375 0.029296875 0.98159375 0.766095703125 0.988712890625 0.7644921875 0.98640625 0.7741171875 0.9853037109375 0.7789296875 0.9882119140625 0.779732421875
0  0.9677734375 0.7724609375 0.0078125 0.025390625 -0.0009765625 -0.001953125 -0.0009765625 -0.001953125 -0.0009765625 -0.001953125 -0.0009765625 -0.001953125 -0.0009765625 -0.001953125
0  0.955078125 0.7724609375 0.015625 0.029296875 0.9523837890625 0.767072265625 0.9591025390625 0.76546875 0.9570966796875 0.773890625 0.9550908203125 0.782314453125 0.9600048828125 0.781111328125
0  0.93798828125 0.787109375 0.0107421875 0.0234375 -0.0009765625 -0.001953125 -0.0009765625 -0.001953125 -0.0009765625 -0.001953125 -0.0009765625 -0.001953125 -0.0009765625 -0.001953125
0  0.92822265625 0.810546875 0.0126953125 0.03515625 0.9296611328125 0.807146484375 0.9320419921875 0.80578515625 0.9356689453125 0.814400390625 0.9319287109375 0.821427734375 0.93362890625 0.820748046875
0  0.8984375 0.83203125 0.01171875 0.03515625 0.899841796875 0.82373046875 0.9015419921875 0.82327734375 0.9055087890625 0.8316640625 0.900974609375 0.842546875 0.9017685546875 0.8423203125
0  0.853515625 0.64453125 0.009765625 0.0234375 -0.0009765625 -0.001953125 -0.0009765625 -0.001953125 -0.0009765625 -0.001953125 -0.0009765625 -0.001953125 -0.0009765625 -0.001953125
0  0.77001953125 0.861328125 0.0068359375 0.02734375 -0.0009765625 -0.001953125 -0.0009765625 -0.001953125 -0.0009765625 -0.001953125 -0.0009765625 -0.001953125 -0.0009765625 -0.001953125
0  0.81005859375 0.71484375 0.0068359375 0.0234375 -0.0009765625 -0.001953125 -0.0009765625 -0.001953125 -0.0009765625 -0.001953125 -0.0009765625 -0.001953125 -0.0009765625 -0.001953125
0  0.83544921875 0.6337890625 0.0068359375 0.017578125 -0.0009765625 -0.001953125 -0.0009765625 -0.001953125 -0.0009765625 -0.001953125 -0.0009765625 -0.001953125 -0.0009765625 -0.001953125
0  0.83203125 0.7216796875 0.005859375 0.017578125 -0.0009765625 -0.001953125 -0.0009765625 -0.001953125 -0.0009765625 -0.001953125 -0.0009765625 -0.001953125 -0.0009765625 -0.001953125
0  0.88330078125 0.7119140625 0.0087890625 0.037109375 -0.0009765625 -0.001953125 -0.0009765625 -0.001953125 -0.0009765625 -0.001953125 -0.0009765625 -0.001953125 -0.0009765625 -0.001953125
0  0.84033203125 0.7333984375 0.0087890625 0.029296875 -0.0009765625 -0.001953125 -0.0009765625 -0.001953125 -0.0009765625 -0.001953125 -0.0009765625 -0.001953125 -0.0009765625 -0.001953125
0  0.84765625 0.724609375 0.009765625 0.02734375 -0.0009765625 -0.001953125 -0.0009765625 -0.001953125 -0.0009765625 -0.001953125 -0.0009765625 -0.001953125 -0.0009765625 -0.001953125
0  0.8564453125 0.75 0.013671875 0.03125 -0.0009765625 -0.001953125 -0.0009765625 -0.001953125 -0.0009765625 -0.001953125 -0.0009765625 -0.001953125 -0.0009765625 -0.001953125
0  0.818359375 0.75 0.0078125 0.0234375 -0.0009765625 -0.001953125 -0.0009765625 -0.001953125 -0.0009765625 -0.001953125 -0.0009765625 -0.001953125 -0.0009765625 -0.001953125
0  0.82470703125 0.5634765625 0.0126953125 0.029296875 0.825234375 0.557861328125 0.8300478515625 0.557259765625 0.829044921875 0.564078125 0.8265380859375 0.571498046875 0.8294462890625 0.571296875
0  0.83544921875 0.5634765625 0.0107421875 0.029296875 0.834490234375 0.555978515625 0.83995703125 0.555978515625 0.8375595703125 0.5642265625 0.83477734375 0.570939453125 0.8392861328125 0.570939453125
0  0.8466796875 0.560546875 0.009765625 0.0234375 -0.0009765625 -0.001953125 -0.0009765625 -0.001953125 -0.0009765625 -0.001953125 -0.0009765625 -0.001953125 -0.0009765625 -0.001953125
0  0.81689453125 0.517578125 0.0107421875 0.0234375 -0.0009765625 -0.001953125 -0.0009765625 -0.001953125 -0.0009765625 -0.001953125 -0.0009765625 -0.001953125 -0.0009765625 -0.001953125
0  0.83056640625 0.51171875 0.0126953125 0.03125 0.8291708984375 0.504185546875 0.8345078125 0.505859375 0.832728515625 0.51213671875 0.8287529296875 0.52008984375 0.83251953125 0.520716796875
0  0.84375 0.5 0.013671875 0.03515625 0.84198046875 0.49215234375 0.8477607421875 0.49215234375 0.845947265625 0.501673828125 0.84311328125 0.508927734375 0.8468544921875 0.508927734375
0  0.8671875 0.6064453125 0.01171875 0.025390625 -0.0009765625 -0.001953125 -0.0009765625 -0.001953125 -0.0009765625 -0.001953125 -0.0009765625 -0.001953125 -0.0009765625 -0.001953125
0  0.8876953125 0.5791015625 0.009765625 0.033203125 -0.0009765625 -0.001953125 -0.0009765625 -0.001953125 -0.0009765625 -0.001953125 -0.0009765625 -0.001953125 -0.0009765625 -0.001953125
0  0.88134765625 0.548828125 0.0146484375 0.03125 -0.0009765625 -0.001953125 -0.0009765625 -0.001953125 -0.0009765625 -0.001953125 -0.0009765625 -0.001953125 -0.0009765625 -0.001953125
0  0.87060546875 0.5537109375 0.0068359375 0.025390625 -0.0009765625 -0.001953125 -0.0009765625 -0.001953125 -0.0009765625 -0.001953125 -0.0009765625 -0.001953125 -0.0009765625 -0.001953125
0  0.87890625 0.5029296875 0.01171875 0.029296875 0.8790810546875 0.497158203125 0.8844521484375 0.497541015625 0.88224609375 0.50348828125 0.87984765625 0.5123125 0.88330078125 0.5123125
0  0.8046875 0.50390625 0.01171875 0.02734375 -0.0009765625 -0.001953125 -0.0009765625 -0.001953125 -0.0009765625 -0.001953125 -0.0009765625 -0.001953125 -0.0009765625 -0.001953125
0  0.92431640625 0.7158203125 0.0107421875 0.029296875 -0.0009765625 -0.001953125 -0.0009765625 -0.001953125 -0.0009765625 -0.001953125 -0.0009765625 -0.001953125 -0.0009765625 -0.001953125
0  0.92626953125 0.75390625 0.0126953125 0.02734375 -0.0009765625 -0.001953125 -0.0009765625 -0.001953125 -0.0009765625 -0.001953125 -0.0009765625 -0.001953125 -0.0009765625 -0.001953125
0  0.984375 0.7138671875 0.009765625 0.029296875 0.981296875 0.704451171875 0.98283203125 0.708669921875 0.978515625 0.714234375 0.9816806640625 0.720564453125 0.9836953125 0.72190625
0  0.958984375 0.63671875 0.01171875 0.03125 0.96030078125 0.63052734375 0.9652138671875 0.6273203125 0.965615234375 0.635541015625 0.962908203125 0.64336328125 0.9661171875 0.6417578125
0  0.9765625 0.6630859375 0.01171875 0.029296875 0.97540234375 0.657314453125 0.9811572265625 0.65673828125 0.97952734375 0.663068359375 0.978087890625 0.66958984375 0.9807734375 0.668439453125
0  0.98486328125 0.6591796875 0.0107421875 0.033203125 -0.0009765625 -0.001953125 -0.0009765625 -0.001953125 -0.0009765625 -0.001953125 -0.0009765625 -0.001953125 -0.0009765625 -0.001953125
0  0.99560546875 0.6611328125 0.0087890625 0.029296875 -0.0009765625 -0.001953125 -0.0009765625 -0.001953125 -0.0009765625 -0.001953125 -0.0009765625 -0.001953125 -0.0009765625 -0.001953125
0  0.98779296875 0.609375 0.0087890625 0.015625 -0.0009765625 -0.001953125 -0.0009765625 -0.001953125 -0.0009765625 -0.001953125 -0.0009765625 -0.001953125 -0.0009765625 -0.001953125
0  0.69091796875 0.3564453125 0.0126953125 0.029296875 -0.0009765625 -0.001953125 -0.0009765625 -0.001953125 -0.0009765625 -0.001953125 -0.0009765625 -0.001953125 -0.0009765625 -0.001953125
0  0.69384765625 0.3310546875 0.0107421875 0.021484375 -0.0009765625 -0.001953125 -0.0009765625 -0.001953125 -0.0009765625 -0.001953125 -0.0009765625 -0.001953125 -0.0009765625 -0.001953125
0  0.71923828125 0.3359375 0.0126953125 0.0234375 0.7198359375 0.33033984375 0.7253857421875 0.330671875 0.7228173828125 0.341439453125 0.7205810546875 0.345083984375 0.72389453125 0.345083984375
0  0.73583984375 0.314453125 0.0126953125 0.03515625 0.7355693359375 0.309771484375 0.74101953125 0.31042578125 0.7405830078125 0.3178359375 0.735896484375 0.3221953125 0.7390576171875 0.3224140625
0  0.70849609375 0.384765625 0.0146484375 0.03125 -0.0009765625 -0.001953125 -0.0009765625 -0.001953125 -0.0009765625 -0.001953125 -0.0009765625 -0.001953125 -0.0009765625 -0.001953125
0  0.68408203125 0.119140625 0.0107421875 0.02734375 0.6827744140625 0.116837890625 0.6876572265625 0.12015234375 0.6842568359375 0.124685546875 0.68137890625 0.127650390625 0.685041015625 0.129744140625
0  0.6767578125 0.0693359375 0.009765625 0.025390625 -0.0009765625 -0.001953125 -0.0009765625 -0.001953125 -0.0009765625 -0.001953125 -0.0009765625 -0.001953125 -0.0009765625 -0.001953125
0  0.6572265625 0.05078125 0.009765625 0.0234375 -0.0009765625 -0.001953125 -0.0009765625 -0.001953125 -0.0009765625 -0.001953125 -0.0009765625 -0.001953125 -0.0009765625 -0.001953125
0  0.712890625 0.083984375 0.0078125 0.0234375 -0.0009765625 -0.001953125 -0.0009765625 -0.001953125 -0.0009765625 -0.001953125 -0.0009765625 -0.001953125 -0.0009765625 -0.001953125
0  0.7216796875 0.0419921875 0.009765625 0.017578125 -0.0009765625 -0.001953125 -0.0009765625 -0.001953125 -0.0009765625 -0.001953125 -0.0009765625 -0.001953125 -0.0009765625 -0.001953125
0  0.73291015625 0.0439453125 0.0068359375 0.017578125 -0.0009765625 -0.001953125 -0.0009765625 -0.001953125 -0.0009765625 -0.001953125 -0.0009765625 -0.001953125 -0.0009765625 -0.001953125
0  0.5537109375 0.1904296875 0.0078125 0.025390625 -0.0009765625 -0.001953125 -0.0009765625 -0.001953125 -0.0009765625 -0.001953125 -0.0009765625 -0.001953125 -0.0009765625 -0.001953125
0  0.54296875 0.228515625 0.0078125 0.0234375 -0.0009765625 -0.001953125 -0.0009765625 -0.001953125 -0.0009765625 -0.001953125 -0.0009765625 -0.001953125 -0.0009765625 -0.001953125
0  0.5361328125 0.26953125 0.0078125 0.0234375 -0.0009765625 -0.001953125 -0.0009765625 -0.001953125 -0.0009765625 -0.001953125 -0.0009765625 -0.001953125 -0.0009765625 -0.001953125
0  0.54345703125 0.283203125 0.0107421875 0.0234375 -0.0009765625 -0.001953125 -0.0009765625 -0.001953125 -0.0009765625 -0.001953125 -0.0009765625 -0.001953125 -0.0009765625 -0.001953125
0  0.0361328125 0.029296875 0.0078125 0.0234375 -0.0009765625 -0.001953125 -0.0009765625 -0.001953125 -0.0009765625 -0.001953125 -0.0009765625 -0.001953125 -0.0009765625 -0.001953125
0  0.02392578125 0.01953125 0.0068359375 0.0234375 -0.0009765625 -0.001953125 -0.0009765625 -0.001953125 -0.0009765625 -0.001953125 -0.0009765625 -0.001953125 -0.0009765625 -0.001953125
0  0.28271484375 0.22265625 0.0087890625 0.0234375 -0.0009765625 -0.001953125 -0.0009765625 -0.001953125 -0.0009765625 -0.001953125 -0.0009765625 -0.001953125 -0.0009765625 -0.001953125
0  0.2822265625 0.26953125 0.009765625 0.03125 -0.0009765625 -0.001953125 -0.0009765625 -0.001953125 -0.0009765625 -0.001953125 -0.0009765625 -0.001953125 -0.0009765625 -0.001953125
0  0.767578125 0.0224609375 0.009765625 0.021484375 -0.0009765625 -0.001953125 -0.0009765625 -0.001953125 -0.0009765625 -0.001953125 -0.0009765625 -0.001953125 -0.0009765625 -0.001953125
0  0.99462890625 0.1494140625 0.0087890625 0.025390625 -0.0009765625 -0.001953125 -0.0009765625 -0.001953125 -0.0009765625 -0.001953125 -0.0009765625 -0.001953125 -0.0009765625 -0.001953125
0  0.9814453125 0.0791015625 0.009765625 0.025390625 -0.0009765625 -0.001953125 -0.0009765625 -0.001953125 -0.0009765625 -0.001953125 -0.0009765625 -0.001953125 -0.0009765625 -0.001953125
0  0.974609375 0.0654296875 0.005859375 0.025390625 -0.0009765625 -0.001953125 -0.0009765625 -0.001953125 -0.0009765625 -0.001953125 -0.0009765625 -0.001953125 -0.0009765625 -0.001953125
0  0.96630859375 0.09375 0.0107421875 0.02734375 0.9611513671875 0.0894765625 0.9654541015625 0.08874609375 0.962798828125 0.094787109375 0.96270703125 0.099548828125 0.9655458984375 0.09881640625
0  0.95556640625 0.1025390625 0.0107421875 0.025390625 -0.0009765625 -0.001953125 -0.0009765625 -0.001953125 -0.0009765625 -0.001953125 -0.0009765625 -0.001953125 -0.0009765625 -0.001953125
0  0.92236328125 0.01171875 0.0126953125 0.0234375 -0.0009765625 -0.001953125 -0.0009765625 -0.001953125 -0.0009765625 -0.001953125 -0.0009765625 -0.001953125 -0.0009765625 -0.001953125
0  0.9580078125 0.0107421875 0.009765625 0.021484375 -0.0009765625 -0.001953125 -0.0009765625 -0.001953125 -0.0009765625 -0.001953125 -0.0009765625 -0.001953125 -0.0009765625 -0.001953125
0  0.99072265625 0.0126953125 0.0107421875 0.025390625 -0.0009765625 -0.001953125 -0.0009765625 -0.001953125 -0.0009765625 -0.001953125 -0.0009765625 -0.001953125 -0.0009765625 -0.001953125
0  0.89990234375 0.0166015625 0.0107421875 0.025390625 -0.0009765625 -0.001953125 -0.0009765625 -0.001953125 -0.0009765625 -0.001953125 -0.0009765625 -0.001953125 -0.0009765625 -0.001953125
0  0.93310546875 0.05859375 0.0068359375 0.01953125 -0.0009765625 -0.001953125 -0.0009765625 -0.001953125 -0.0009765625 -0.001953125 -0.0009765625 -0.001953125 -0.0009765625 -0.001953125
0  0.94189453125 0.0595703125 0.0107421875 0.025390625 -0.0009765625 -0.001953125 -0.0009765625 -0.001953125 -0.0009765625 -0.001953125 -0.0009765625 -0.001953125 -0.0009765625 -0.001953125
0  0.87890625 0.1484375 0.009765625 0.0234375 -0.0009765625 -0.001953125 -0.0009765625 -0.001953125 -0.0009765625 -0.001953125 -0.0009765625 -0.001953125 -0.0009765625 -0.001953125
0  0.90185546875 0.189453125 0.0107421875 0.0234375 -0.0009765625 -0.001953125 -0.0009765625 -0.001953125 -0.0009765625 -0.001953125 -0.0009765625 -0.001953125 -0.0009765625 -0.001953125
0  0.9267578125 0.1875 0.009765625 0.02734375 0.9264833984375 0.18341015625 0.9330751953125 0.182677734375 0.9294130859375 0.18926953125 0.9273984375 0.193115234375 0.9315185546875 0.1936640625
0  0.87841796875 0.193359375 0.0068359375 0.0234375 -0.0009765625 -0.001953125 -0.0009765625 -0.001953125 -0.0009765625 -0.001953125 -0.0009765625 -0.001953125 -0.0009765625 -0.001953125
0  0.86181640625 0.1953125 0.0087890625 0.02734375 -0.0009765625 -0.001953125 -0.0009765625 -0.001953125 -0.0009765625 -0.001953125 -0.0009765625 -0.001953125 -0.0009765625 -0.001953125
0  0.873046875 0.2275390625 0.01171875 0.025390625 -0.0009765625 -0.001953125 -0.0009765625 -0.001953125 -0.0009765625 -0.001953125 -0.0009765625 -0.001953125 -0.0009765625 -0.001953125
0  0.880859375 0.2265625 0.0078125 0.02734375 -0.0009765625 -0.001953125 -0.0009765625 -0.001953125 -0.0009765625 -0.001953125 -0.0009765625 -0.001953125 -0.0009765625 -0.001953125
0  0.8896484375 0.244140625 0.009765625 0.0234375 0.88945703125 0.240373046875 0.894400390625 0.241943359375 0.8927529296875 0.24775 0.890083984375 0.25183203125 0.8924384765625 0.252458984375
0  0.91357421875 0.251953125 0.0087890625 0.0234375 0.9129462890625 0.24905859375 0.917576171875 0.24890234375 0.915771484375 0.255806640625 0.9129462890625 0.260201171875 0.917419921875 0.260515625
0  0.904296875 0.2734375 0.009765625 0.02734375 -0.0009765625 -0.001953125 -0.0009765625 -0.001953125 -0.0009765625 -0.001953125 -0.0009765625 -0.001953125 -0.0009765625 -0.001953125
0  0.89111328125 0.2744140625 0.0126953125 0.025390625 0.8876953125 0.269078125 0.893537109375 0.269078125 0.89066015625 0.276228515625 0.888916015625 0.28076171875 0.892578125 0.28076171875
0  0.849609375 0.24609375 0.005859375 0.01953125 -0.0009765625 -0.001953125 -0.0009765625 -0.001953125 -0.0009765625 -0.001953125 -0.0009765625 -0.001953125 -0.0009765625 -0.001953125
0  0.8583984375 0.259765625 0.009765625 0.0234375 -0.0009765625 -0.001953125 -0.0009765625 -0.001953125 -0.0009765625 -0.001953125 -0.0009765625 -0.001953125 -0.0009765625 -0.001953125
0  0.9365234375 0.2412109375 0.00390625 0.013671875 -0.0009765625 -0.001953125 -0.0009765625 -0.001953125 -0.0009765625 -0.001953125 -0.0009765625 -0.001953125 -0.0009765625 -0.001953125
0  0.9580078125 0.279296875 0.01171875 0.0234375 -0.0009765625 -0.001953125 -0.0009765625 -0.001953125 -0.0009765625 -0.001953125 -0.0009765625 -0.001953125 -0.0009765625 -0.001953125
0  0.9013671875 0.3173828125 0.01171875 0.025390625 -0.0009765625 -0.001953125 -0.0009765625 -0.001953125 -0.0009765625 -0.001953125 -0.0009765625 -0.001953125 -0.0009765625 -0.001953125
0  0.8583984375 0.283203125 0.0078125 0.0234375 -0.0009765625 -0.001953125 -0.0009765625 -0.001953125 -0.0009765625 -0.001953125 -0.0009765625 -0.001953125 -0.0009765625 -0.001953125
0  0.8876953125 0.1923828125 0.005859375 0.017578125 -0.0009765625 -0.001953125 -0.0009765625 -0.001953125 -0.0009765625 -0.001953125 -0.0009765625 -0.001953125 -0.0009765625 -0.001953125
0  0.89013671875 0.3623046875 0.0126953125 0.029296875 0.8879091796875 0.355041015625 0.893310546875 0.3557734375 0.8901064453125 0.36071875 0.887267578125 0.366759765625 0.8922119140625 0.36767578125
0  0.8916015625 0.51953125 0.009765625 0.0234375 -0.0009765625 -0.001953125 -0.0009765625 -0.001953125 -0.0009765625 -0.001953125 -0.0009765625 -0.001953125 -0.0009765625 -0.001953125
0  0.79248046875 0.4462890625 0.0087890625 0.025390625 -0.0009765625 -0.001953125 -0.0009765625 -0.001953125 -0.0009765625 -0.001953125 -0.0009765625 -0.001953125 -0.0009765625 -0.001953125
0  0.80029296875 0.4599609375 0.0107421875 0.025390625 0.800353515625 0.4534921875 0.8035712890625 0.4538046875 0.8044345703125 0.46228125 0.8018447265625 0.464634765625 0.802080078125 0.4644765625
0  0.84765625 0.37109375 0.009765625 0.02734375 0.846470703125 0.365861328125 0.851091796875 0.3662109375 0.8485634765625 0.37301171875 0.846732421875 0.37737109375 0.850306640625 0.37737109375
0  0.787109375 0.4111328125 0.0078125 0.017578125 0.786560546875 0.40905859375 0.790587890625 0.4088125 0.788330078125 0.41320703125 0.787109375 0.4169921875 0.7899169921875 0.41711328125
0  0.771484375 0.3505859375 0.005859375 0.017578125 -0.0009765625 -0.001953125 -0.0009765625 -0.001953125 -0.0009765625 -0.001953125 -0.0009765625 -0.001953125 -0.0009765625 -0.001953125
0  0.77734375 0.3740234375 0.005859375 0.021484375 -0.0009765625 -0.001953125 -0.0009765625 -0.001953125 -0.0009765625 -0.001953125 -0.0009765625 -0.001953125 -0.0009765625 -0.001953125
0  0.7958984375 0.396484375 0.005859375 0.01953125 -0.0009765625 -0.001953125 -0.0009765625 -0.001953125 -0.0009765625 -0.001953125 -0.0009765625 -0.001953125 -0.0009765625 -0.001953125
0  0.82177734375 0.4208984375 0.0087890625 0.021484375 -0.0009765625 -0.001953125 -0.0009765625 -0.001953125 -0.0009765625 -0.001953125 -0.0009765625 -0.001953125 -0.0009765625 -0.001953125
0  0.828125 0.4521484375 0.009765625 0.021484375 -0.0009765625 -0.001953125 -0.0009765625 -0.001953125 -0.0009765625 -0.001953125 -0.0009765625 -0.001953125 -0.0009765625 -0.001953125
0  0.18505859375 0.9775390625 0.0146484375 0.025390625 -0.0009765625 -0.001953125 -0.0009765625 -0.001953125 -0.0009765625 -0.001953125 -0.0009765625 -0.001953125 -0.0009765625 -0.001953125
0  0.17431640625 0.9423828125 0.0146484375 0.029296875 -0.0009765625 -0.001953125 -0.0009765625 -0.001953125 -0.0009765625 -0.001953125 -0.0009765625 -0.001953125 -0.0009765625 -0.001953125
0  0.228515625 0.9521484375 0.015625 0.029296875 0.2255205078125 0.94595703125 0.231236328125 0.94415234375 0.2281279296875 0.949568359375 0.2264228515625 0.95879296875 0.2313359375 0.958591796875
0  0.244140625 0.9443359375 0.009765625 0.021484375 -0.0009765625 -0.001953125 -0.0009765625 -0.001953125 -0.0009765625 -0.001953125 -0.0009765625 -0.001953125 -0.0009765625 -0.001953125
0  0.2568359375 0.953125 0.0078125 0.01953125 -0.0009765625 -0.001953125 -0.0009765625 -0.001953125 -0.0009765625 -0.001953125 -0.0009765625 -0.001953125 -0.0009765625 -0.001953125
0  0.3203125 0.958984375 0.013671875 0.02734375 -0.0009765625 -0.001953125 -0.0009765625 -0.001953125 -0.0009765625 -0.001953125 -0.0009765625 -0.001953125 -0.0009765625 -0.001953125
0  0.28955078125 0.890625 0.0166015625 0.03515625 0.2880419921875 0.88368359375 0.29495703125 0.88368359375 0.292236328125 0.891619140625 0.28962890625 0.89615234375 0.2939365234375 0.89615234375
0  0.23388671875 0.8466796875 0.0146484375 0.041015625 0.2361015625 0.844787109375 0.2393447265625 0.84370703125 0.24083203125 0.850734375 0.235291015625 0.85803125 0.237587890625 0.85776171875
0  0.267578125 0.8525390625 0.013671875 0.033203125 -0.0009765625 -0.001953125 -0.0009765625 -0.001953125 -0.0009765625 -0.001953125 -0.0009765625 -0.001953125 -0.0009765625 -0.001953125
0  0.3564453125 0.8837890625 0.009765625 0.033203125 -0.0009765625 -0.001953125 -0.0009765625 -0.001953125 -0.0009765625 -0.001953125 -0.0009765625 -0.001953125 -0.0009765625 -0.001953125
0  0.3818359375 0.90234375 0.015625 0.03125 -0.0009765625 -0.001953125 -0.0009765625 -0.001953125 -0.0009765625 -0.001953125 -0.0009765625 -0.001953125 -0.0009765625 -0.001953125
0  0.34033203125 0.783203125 0.0146484375 0.03515625 0.3414658203125 0.780029296875 0.34633984375 0.77821484375 0.3456591796875 0.78864453125 0.3414658203125 0.7954453125 0.3457724609375 0.794765625
0  0.15087890625 0.7587890625 0.0146484375 0.037109375 0.152962890625 0.75266796875 0.1549638671875 0.75266796875 0.1577890625 0.762556640625 0.1527275390625 0.77032421875 0.1544931640625 0.770794921875
0  0.19580078125 0.7470703125 0.0166015625 0.041015625 0.1931630859375 0.7382890625 0.2012548828125 0.738037109375 0.19708203125 0.74815234375 0.194427734375 0.755990234375 0.198978515625 0.7562421875
0  0.01904296875 0.6103515625 0.0107421875 0.033203125 0.0149580078125 0.604474609375 0.0225869140625 0.603384765625 0.019099609375 0.612103515625 0.0160478515625 0.619951171875 0.021388671875 0.618861328125
0  0.0400390625 0.63671875 0.01171875 0.03125 -0.0009765625 -0.001953125 -0.0009765625 -0.001953125 -0.0009765625 -0.001953125 -0.0009765625 -0.001953125 -0.0009765625 -0.001953125
0  0.05810546875 0.6337890625 0.0146484375 0.033203125 0.059251953125 0.627041015625 0.06535546875 0.626603515625 0.064265625 0.632490234375 0.0621953125 0.642517578125 0.0656826171875 0.64208203125
0  0.125 0.6025390625 0.013671875 0.033203125 -0.0009765625 -0.001953125 -0.0009765625 -0.001953125 -0.0009765625 -0.001953125 -0.0009765625 -0.001953125 -0.0009765625 -0.001953125
0  0.09619140625 0.544921875 0.0146484375 0.0390625 0.0934453125 0.5383828125 0.1006513671875 0.539140625 0.0968583984375 0.54571484375 0.0940771484375 0.55330078125 0.0987548828125 0.552794921875
0  0.38525390625 0.751953125 0.0146484375 0.0390625 0.3853232421875 0.74515234375 0.390947265625 0.74462890625 0.3897705078125 0.75169140625 0.3865009765625 0.762939453125 0.3904248046875 0.762939453125
0  0.32470703125 0.6953125 0.0146484375 0.0390625 0.3272529296875 0.68851953125 0.3273798828125 0.68851953125 0.331677734375 0.69812890625 0.3273798828125 0.70571484375 0.327505859375 0.70571484375
0  0.3408203125 0.6787109375 0.01171875 0.033203125 -0.0009765625 -0.001953125 -0.0009765625 -0.001953125 -0.0009765625 -0.001953125 -0.0009765625 -0.001953125 -0.0009765625 -0.001953125
0  0.28271484375 0.6064453125 0.0107421875 0.029296875 0.2828984375 0.5985625 0.285583984375 0.59971484375 0.2818427734375 0.607962890625 0.28241796875 0.613142578125 0.284912109375 0.613908203125
0  0.31787109375 0.6181640625 0.0126953125 0.029296875 0.320365234375 0.614693359375 0.3245849609375 0.61354296875 0.325255859375 0.6223671875 0.3204609375 0.62965625 0.3237216796875 0.629080078125
0  0.32763671875 0.599609375 0.0146484375 0.03515625 0.3285087890625 0.59439453125 0.3333828125 0.59394140625 0.3321357421875 0.602783203125 0.3289619140625 0.610263671875 0.33315625 0.609357421875
0  0.400390625 0.884765625 0.0078125 0.02734375 -0.0009765625 -0.001953125 -0.0009765625 -0.001953125 -0.0009765625 -0.001953125 -0.0009765625 -0.001953125 -0.0009765625 -0.001953125
0  0.4482421875 0.8818359375 0.015625 0.033203125 0.444919921875 0.874642578125 0.4517861328125 0.873333984375 0.448734375 0.879001953125 0.4466640625 0.888375 0.4517861328125 0.88750390625
0  0.4296875 0.830078125 0.013671875 0.03125 0.4327919921875 0.823171875 0.434046875 0.823171875 0.4349892578125 0.8340546875 0.43258203125 0.83844921875 0.4339423828125 0.83844921875
0  0.017578125 0.1064453125 0.005859375 0.021484375 -0.0009765625 -0.001953125 -0.0009765625 -0.001953125 -0.0009765625 -0.001953125 -0.0009765625 -0.001953125 -0.0009765625 -0.001953125
0  0.1103515625 0.11328125 0.01171875 0.02734375 0.1090263671875 0.107142578125 0.11478125 0.108015625 0.1124267578125 0.114119140625 0.1097236328125 0.1195234375 0.113560546875 0.119873046875
0  0.1513671875 0.1142578125 0.01171875 0.029296875 0.1527099609375 0.1081015625 0.1572177734375 0.11001953125 0.1562587890625 0.11654296875 0.15328515625 0.1226796875 0.156833984375 0.125173828125
0  0.1669921875 0.126953125 0.009765625 0.02734375 0.16455078125 0.1175546875 0.169677734375 0.119384765625 0.1702265625 0.126525390625 0.16583203125 0.13293359375 0.1692197265625 0.133849609375
0  0.19873046875 0.123046875 0.0126953125 0.03125 0.19884375 0.117658203125 0.2036572265625 0.117859375 0.202453125 0.125279296875 0.2001474609375 0.131095703125 0.202654296875 0.131095703125
0  0.18115234375 0.1650390625 0.0126953125 0.029296875 0.176251953125 0.157923828125 0.1819111328125 0.161953125 0.17701953125 0.1657890625 0.175484375 0.1692421875 0.1793212890625 0.173078125
0  0.18115234375 0.2158203125 0.0146484375 0.033203125 0.1795478515625 0.212123046875 0.1845703125 0.2119140625 0.1841513671875 0.220703125 0.1798623046875 0.225724609375 0.18362890625 0.225306640625
0  0.06689453125 0.2353515625 0.0107421875 0.033203125 0.0686953125 0.228166015625 0.0704384765625 0.227513671875 0.0722919921875 0.23666796875 0.068150390625 0.242990234375 0.0700029296875 0.2425546875
0  0.22900390625 0.2666015625 0.0107421875 0.033203125 -0.0009765625 -0.001953125 -0.0009765625 -0.001953125 -0.0009765625 -0.001953125 -0.0009765625 -0.001953125 -0.0009765625 -0.001953125
0  0.033203125 0.416015625 0.015625 0.03515625 0.0345283203125 0.41125390625 0.0348681640625 0.41125390625 0.0390625 0.418962890625 0.036001953125 0.4273515625 0.0378154296875 0.4273515625
0  0.04638671875 0.45703125 0.0146484375 0.03125 -0.0009765625 -0.001953125 -0.0009765625 -0.001953125 -0.0009765625 -0.001953125 -0.0009765625 -0.001953125 -0.0009765625 -0.001953125
0  0.23876953125 0.3798828125 0.0146484375 0.029296875 0.239240234375 0.374685546875 0.244419921875 0.375837890625 0.244611328125 0.38446875 0.2397197265625 0.388880859375 0.2434609375 0.3896484375
0  0.24072265625 0.31640625 0.0107421875 0.0234375 -0.0009765625 -0.001953125 -0.0009765625 -0.001953125 -0.0009765625 -0.001953125 -0.0009765625 -0.001953125 -0.0009765625 -0.001953125
0  0.173828125 0.30859375 0.01171875 0.02734375 -0.0009765625 -0.001953125 -0.0009765625 -0.001953125 -0.0009765625 -0.001953125 -0.0009765625 -0.001953125 -0.0009765625 -0.001953125
0  0.14697265625 0.2119140625 0.0107421875 0.025390625 -0.0009765625 -0.001953125 -0.0009765625 -0.001953125 -0.0009765625 -0.001953125 -0.0009765625 -0.001953125 -0.0009765625 -0.001953125
0  0.12744140625 0.181640625 0.0146484375 0.01953125 -0.0009765625 -0.001953125 -0.0009765625 -0.001953125 -0.0009765625 -0.001953125 -0.0009765625 -0.001953125 -0.0009765625 -0.001953125
0  0.2216796875 0.173828125 0.01171875 0.0234375 -0.0009765625 -0.001953125 -0.0009765625 -0.001953125 -0.0009765625 -0.001953125 -0.0009765625 -0.001953125 -0.0009765625 -0.001953125
0  0.19580078125 0.2392578125 0.0107421875 0.025390625 -0.0009765625 -0.001953125 -0.0009765625 -0.001953125 -0.0009765625 -0.001953125 -0.0009765625 -0.001953125 -0.0009765625 -0.001953125
0  0.1826171875 0.1298828125 0.01171875 0.025390625 -0.0009765625 -0.001953125 -0.0009765625 -0.001953125 -0.0009765625 -0.001953125 -0.0009765625 -0.001953125 -0.0009765625 -0.001953125
0  0.3828125 0.6669921875 0.0078125 0.025390625 -0.0009765625 -0.001953125 -0.0009765625 -0.001953125 -0.0009765625 -0.001953125 -0.0009765625 -0.001953125 -0.0009765625 -0.001953125
0  0.4345703125 0.68359375 0.013671875 0.03125 -0.0009765625 -0.001953125 -0.0009765625 -0.001953125 -0.0009765625 -0.001953125 -0.0009765625 -0.001953125 -0.0009765625 -0.001953125
0  0.43701171875 0.7421875 0.0146484375 0.02734375 -0.0009765625 -0.001953125 -0.0009765625 -0.001953125 -0.0009765625 -0.001953125 -0.0009765625 -0.001953125 -0.0009765625 -0.001953125
0  0.48681640625 0.89453125 0.0146484375 0.0390625 -0.0009765625 -0.001953125 -0.0009765625 -0.001953125 -0.0009765625 -0.001953125 -0.0009765625 -0.001953125 -0.0009765625 -0.001953125
0  0.52783203125 0.8896484375 0.0146484375 0.037109375 -0.0009765625 -0.001953125 -0.0009765625 -0.001953125 -0.0009765625 -0.001953125 -0.0009765625 -0.001953125 -0.0009765625 -0.001953125
0  0.5537109375 0.970703125 0.015625 0.03125 0.5533271484375 0.967564453125 0.5597099609375 0.966935546875 0.558873046875 0.974888671875 0.5541640625 0.98493359375 0.557826171875 0.984095703125
0  0.57177734375 0.876953125 0.0146484375 0.0390625 0.57305859375 0.87016015625 0.5786220703125 0.870666015625 0.57786328125 0.879515625 0.574197265625 0.887861328125 0.5767255859375 0.887861328125
0  0.57421875 0.8212890625 0.013671875 0.041015625 0.57508203125 0.814740234375 0.5781904296875 0.81230859375 0.5817041015625 0.819876953125 0.5773798828125 0.829876953125 0.5781904296875 0.829876953125
0  0.5419921875 0.81640625 0.015625 0.03515625 0.5416220703125 0.810015625 0.5475068359375 0.810015625 0.5447998046875 0.8187265625 0.5424453125 0.82508203125 0.5459765625 0.824611328125
0  0.52392578125 0.7763671875 0.0107421875 0.033203125 0.52305859375 0.770263671875 0.5293798828125 0.769392578125 0.5272001953125 0.77963671875 0.5240390625 0.7855234375 0.530251953125 0.785958984375
0  0.51123046875 0.765625 0.0146484375 0.03515625 0.5098701171875 0.758326171875 0.5154287109375 0.758544921875 0.51401171875 0.765302734375 0.5120498046875 0.774240234375 0.5151015625 0.7738046875
0  0.4638671875 0.7900390625 0.015625 0.029296875 -0.0009765625 -0.001953125 -0.0009765625 -0.001953125 -0.0009765625 -0.001953125 -0.0009765625 -0.001953125 -0.0009765625 -0.001953125
0  0.470703125 0.833984375 0.013671875 0.0390625 0.4733759765625 0.828708984375 0.4751455078125 0.827951171875 0.4781796875 0.834525390625 0.47438671875 0.844892578125 0.475904296875 0.843880859375
0  0.58251953125 0.76953125 0.0107421875 0.03515625 -0.0009765625 -0.001953125 -0.0009765625 -0.001953125 -0.0009765625 -0.001953125 -0.0009765625 -0.001953125 -0.0009765625 -0.001953125
0  0.568359375 0.732421875 0.01171875 0.02734375 -0.0009765625 -0.001953125 -0.0009765625 -0.001953125 -0.0009765625 -0.001953125 -0.0009765625 -0.001953125 -0.0009765625 -0.001953125
0  0.53857421875 0.6953125 0.0107421875 0.02734375 -0.0009765625 -0.001953125 -0.0009765625 -0.001953125 -0.0009765625 -0.001953125 -0.0009765625 -0.001953125 -0.0009765625 -0.001953125
0  0.50146484375 0.6513671875 0.0146484375 0.037109375 0.4968388671875 0.64305859375 0.5033134765625 0.64305859375 0.499193359375 0.653416015625 0.49778125 0.65930078125 0.5028427734375 0.65906640625
0  0.4833984375 0.708984375 0.0078125 0.03515625 -0.0009765625 -0.001953125 -0.0009765625 -0.001953125 -0.0009765625 -0.001953125 -0.0009765625 -0.001953125 -0.0009765625 -0.001953125
0  0.4697265625 0.6357421875 0.013671875 0.029296875 -0.0009765625 -0.001953125 -0.0009765625 -0.001953125 -0.0009765625 -0.001953125 -0.0009765625 -0.001953125 -0.0009765625 -0.001953125
0  0.48486328125 0.615234375 0.0126953125 0.03125 0.4833720703125 0.606890625 0.489087890625 0.6074921875 0.486380859375 0.616115234375 0.48407421875 0.622732421875 0.487583984375 0.62293359375
0  0.44970703125 0.6201171875 0.0146484375 0.033203125 0.4512900390625 0.61271484375 0.4559765625 0.61511328125 0.4533603515625 0.623396484375 0.449873046875 0.6290625 0.4539052734375 0.629935546875
0  0.41455078125 0.599609375 0.0146484375 0.0390625 -0.0009765625 -0.001953125 -0.0009765625 -0.001953125 -0.0009765625 -0.001953125 -0.0009765625 -0.001953125 -0.0009765625 -0.001953125
0  0.359375 0.5439453125 0.009765625 0.029296875 -0.0009765625 -0.001953125 -0.0009765625 -0.001953125 -0.0009765625 -0.001953125 -0.0009765625 -0.001953125 -0.0009765625 -0.001953125
0  0.375 0.494140625 0.01171875 0.02734375 0.3766484375 0.490234375 0.380951171875 0.490234375 0.379943359375 0.49755859375 0.3760068359375 0.502869140625 0.38021875 0.502685546875
0  0.31787109375 0.3837890625 0.0107421875 0.029296875 -0.0009765625 -0.001953125 -0.0009765625 -0.001953125 -0.0009765625 -0.001953125 -0.0009765625 -0.001953125 -0.0009765625 -0.001953125
0  0.35595703125 0.37890625 0.0126953125 0.03125 0.35738671875 0.37030859375 0.3609970703125 0.370109375 0.360595703125 0.377529296875 0.3583896484375 0.38675390625 0.3606962890625 0.386552734375
0  0.400390625 0.38671875 0.013671875 0.03125 0.4014365234375 0.380998046875 0.405517578125 0.379744140625 0.4057265625 0.388322265625 0.4019599609375 0.39313671875 0.4046806640625 0.392927734375
0  0.37158203125 0.41796875 0.0126953125 0.02734375 -0.0009765625 -0.001953125 -0.0009765625 -0.001953125 -0.0009765625 -0.001953125 -0.0009765625 -0.001953125 -0.0009765625 -0.001953125
0  0.39453125 0.48046875 0.01171875 0.02734375 -0.0009765625 -0.001953125 -0.0009765625 -0.001953125 -0.0009765625 -0.001953125 -0.0009765625 -0.001953125 -0.0009765625 -0.001953125
0  0.44091796875 0.54296875 0.0146484375 0.03125 0.4385244140625 0.534572265625 0.443939453125 0.535173828125 0.4405302734375 0.5407890625 0.438625 0.548810546875 0.442435546875 0.549412109375
0  0.42333984375 0.544921875 0.0107421875 0.0234375 -0.0009765625 -0.001953125 -0.0009765625 -0.001953125 -0.0009765625 -0.001953125 -0.0009765625 -0.001953125 -0.0009765625 -0.001953125
0  0.50830078125 0.59375 0.0146484375 0.03515625 0.50800390625 0.58476953125 0.51355859375 0.58499609375 0.5117451171875 0.594517578125 0.5085712890625 0.601771484375 0.5092509765625 0.601544921875
0  0.54541015625 0.580078125 0.0087890625 0.03515625 -0.0009765625 -0.001953125 -0.0009765625 -0.001953125 -0.0009765625 -0.001953125 -0.0009765625 -0.001953125 -0.0009765625 -0.001953125
0  0.46826171875 0.482421875 0.0107421875 0.03125 -0.0009765625 -0.001953125 -0.0009765625 -0.001953125 -0.0009765625 -0.001953125 -0.0009765625 -0.001953125 -0.0009765625 -0.001953125
0  0.4970703125 0.4267578125 0.013671875 0.033203125 -0.0009765625 -0.001953125 -0.0009765625 -0.001953125 -0.0009765625 -0.001953125 -0.0009765625 -0.001953125 -0.0009765625 -0.001953125
0  0.43896484375 0.388671875 0.0166015625 0.0390625 -0.0009765625 -0.001953125 -0.0009765625 -0.001953125 -0.0009765625 -0.001953125 -0.0009765625 -0.001953125 -0.0009765625 -0.001953125
0  0.42626953125 0.462890625 0.0087890625 0.0234375 -0.0009765625 -0.001953125 -0.0009765625 -0.001953125 -0.0009765625 -0.001953125 -0.0009765625 -0.001953125 -0.0009765625 -0.001953125
0  0.47216796875 0.5673828125 0.0068359375 0.021484375 -0.0009765625 -0.001953125 -0.0009765625 -0.001953125 -0.0009765625 -0.001953125 -0.0009765625 -0.001953125 -0.0009765625 -0.001953125
0  0.56689453125 0.5654296875 0.0126953125 0.029296875 -0.0009765625 -0.001953125 -0.0009765625 -0.001953125 -0.0009765625 -0.001953125 -0.0009765625 -0.001953125 -0.0009765625 -0.001953125
0  0.55908203125 0.505859375 0.0107421875 0.03515625 0.5563271484375 0.49883203125 0.55780078125 0.49792578125 0.5545126953125 0.505859375 0.555306640625 0.51356640625 0.5564404296875 0.51266015625
0  0.5654296875 0.4765625 0.01171875 0.02734375 0.56771875 0.471375 0.570373046875 0.47082421875 0.572205078125 0.47741796875 0.569916015625 0.48309375 0.57147265625 0.48291015625
0  0.55224609375 0.43359375 0.0087890625 0.03125 -0.0009765625 -0.001953125 -0.0009765625 -0.001953125 -0.0009765625 -0.001953125 -0.0009765625 -0.001953125 -0.0009765625 -0.001953125
0  0.5322265625 0.3896484375 0.009765625 0.033203125 -0.0009765625 -0.001953125 -0.0009765625 -0.001953125 -0.0009765625 -0.001953125 -0.0009765625 -0.001953125 -0.0009765625 -0.001953125
0  0.48046875 0.3876953125 0.01171875 0.029296875 -0.0009765625 -0.001953125 -0.0009765625 -0.001953125 -0.0009765625 -0.001953125 -0.0009765625 -0.001953125 -0.0009765625 -0.001953125
0  0.52783203125 0.560546875 0.0107421875 0.02734375 -0.0009765625 -0.001953125 -0.0009765625 -0.001953125 -0.0009765625 -0.001953125 -0.0009765625 -0.001953125 -0.0009765625 -0.001953125
0  0.25244140625 0.0146484375 0.0107421875 0.021484375 -0.0009765625 -0.001953125 -0.0009765625 -0.001953125 -0.0009765625 -0.001953125 -0.0009765625 -0.001953125 -0.0009765625 -0.001953125
0  0.29296875 0.0419921875 0.01171875 0.025390625 -0.0009765625 -0.001953125 -0.0009765625 -0.001953125 -0.0009765625 -0.001953125 -0.0009765625 -0.001953125 -0.0009765625 -0.001953125
0  0.32861328125 0.03125 0.0126953125 0.02734375 0.322814453125 0.0256953125 0.327208984375 0.02459765625 0.324462890625 0.03045703125 0.3239140625 0.03723046875 0.3256533203125 0.0374140625
0  0.37646484375 0.0302734375 0.0068359375 0.021484375 -0.0009765625 -0.001953125 -0.0009765625 -0.001953125 -0.0009765625 -0.001953125 -0.0009765625 -0.001953125 -0.0009765625 -0.001953125
0  0.271484375 0.0859375 0.009765625 0.02734375 0.27227734375 0.081482421875 0.27557421875 0.0816640625 0.2749326171875 0.086974609375 0.2729189453125 0.091552734375 0.275298828125 0.091552734375
0  0.287109375 0.140625 0.009765625 0.0234375 -0.0009765625 -0.001953125 -0.0009765625 -0.001953125 -0.0009765625 -0.001953125 -0.0009765625 -0.001953125 -0.0009765625 -0.001953125
0  0.32861328125 0.09765625 0.0068359375 0.0234375 -0.0009765625 -0.001953125 -0.0009765625 -0.001953125 -0.0009765625 -0.001953125 -0.0009765625 -0.001953125 -0.0009765625 -0.001953125
0  0.36572265625 0.0947265625 0.0126953125 0.029296875 -0.0009765625 -0.001953125 -0.0009765625 -0.001953125 -0.0009765625 -0.001953125 -0.0009765625 -0.001953125 -0.0009765625 -0.001953125
0  0.26220703125 0.1904296875 0.0126953125 0.029296875 -0.0009765625 -0.001953125 -0.0009765625 -0.001953125 -0.0009765625 -0.001953125 -0.0009765625 -0.001953125 -0.0009765625 -0.001953125
0  0.26513671875 0.150390625 0.0068359375 0.01953125 -0.0009765625 -0.001953125 -0.0009765625 -0.001953125 -0.0009765625 -0.001953125 -0.0009765625 -0.001953125 -0.0009765625 -0.001953125
0  0.271484375 0.1572265625 0.0078125 0.021484375 -0.0009765625 -0.001953125 -0.0009765625 -0.001953125 -0.0009765625 -0.001953125 -0.0009765625 -0.001953125 -0.0009765625 -0.001953125
0  0.255859375 0.138671875 0.0078125 0.0234375 -0.0009765625 -0.001953125 -0.0009765625 -0.001953125 -0.0009765625 -0.001953125 -0.0009765625 -0.001953125 -0.0009765625 -0.001953125
0  0.296875 0.2216796875 0.009765625 0.029296875 -0.0009765625 -0.001953125 -0.0009765625 -0.001953125 -0.0009765625 -0.001953125 -0.0009765625 -0.001953125 -0.0009765625 -0.001953125
0  0.3154296875 0.228515625 0.009765625 0.02734375 -0.0009765625 -0.001953125 -0.0009765625 -0.001953125 -0.0009765625 -0.001953125 -0.0009765625 -0.001953125 -0.0009765625 -0.001953125
0  0.318359375 0.1875 0.01171875 0.0234375 -0.0009765625 -0.001953125 -0.0009765625 -0.001953125 -0.0009765625 -0.001953125 -0.0009765625 -0.001953125 -0.0009765625 -0.001953125
0  0.30517578125 0.1953125 0.0087890625 0.0234375 -0.0009765625 -0.001953125 -0.0009765625 -0.001953125 -0.0009765625 -0.001953125 -0.0009765625 -0.001953125 -0.0009765625 -0.001953125
0  0.30322265625 0.3056640625 0.0126953125 0.033203125 0.3041298828125 0.300083984375 0.30758203125 0.29841015625 0.30810546875 0.3065703125 0.3054892578125 0.3134765625 0.307896484375 0.31305859375
0  0.33056640625 0.330078125 0.0126953125 0.03515625 -0.0009765625 -0.001953125 -0.0009765625 -0.001953125 -0.0009765625 -0.001953125 -0.0009765625 -0.001953125 -0.0009765625 -0.001953125
0  0.3291015625 0.2998046875 0.009765625 0.021484375 -0.0009765625 -0.001953125 -0.0009765625 -0.001953125 -0.0009765625 -0.001953125 -0.0009765625 -0.001953125 -0.0009765625 -0.001953125
0  0.349609375 0.216796875 0.01171875 0.02734375 -0.0009765625 -0.001953125 -0.0009765625 -0.001953125 -0.0009765625 -0.001953125 -0.0009765625 -0.001953125 -0.0009765625 -0.001953125
0  0.365234375 0.17578125 0.01171875 0.03125 0.3651650390625 0.170271484375 0.3688271484375 0.169642578125 0.3679892578125 0.1767578125 0.3665244140625 0.1826171875 0.3692451171875 0.181361328125
0  0.38818359375 0.15625 0.0087890625 0.0234375 -0.0009765625 -0.001953125 -0.0009765625 -0.001953125 -0.0009765625 -0.001953125 -0.0009765625 -0.001953125 -0.0009765625 -0.001953125
0  0.3974609375 0.21484375 0.0078125 0.0234375 0.395341796875 0.210162109375 0.398603515625 0.21119921875 0.3946748046875 0.21712890625 0.3951201171875 0.2246875 0.397046875 0.2251328125
0  0.38623046875 0.189453125 0.0087890625 0.0234375 -0.0009765625 -0.001953125 -0.0009765625 -0.001953125 -0.0009765625 -0.001953125 -0.0009765625 -0.001953125 -0.0009765625 -0.001953125
0  0.38916015625 0.20703125 0.0068359375 0.0234375 -0.0009765625 -0.001953125 -0.0009765625 -0.001953125 -0.0009765625 -0.001953125 -0.0009765625 -0.001953125 -0.0009765625 -0.001953125
0  0.39208984375 0.291015625 0.0126953125 0.02734375 -0.0009765625 -0.001953125 -0.0009765625 -0.001953125 -0.0009765625 -0.001953125 -0.0009765625 -0.001953125 -0.0009765625 -0.001953125
0  0.39404296875 0.322265625 0.0126953125 0.03515625 -0.0009765625 -0.001953125 -0.0009765625 -0.001953125 -0.0009765625 -0.001953125 -0.0009765625 -0.001953125 -0.0009765625 -0.001953125
0  0.4228515625 0.2861328125 0.01171875 0.033203125 -0.0009765625 -0.001953125 -0.0009765625 -0.001953125 -0.0009765625 -0.001953125 -0.0009765625 -0.001953125 -0.0009765625 -0.001953125
0  0.4306640625 0.3232421875 0.01171875 0.033203125 -0.0009765625 -0.001953125 -0.0009765625 -0.001953125 -0.0009765625 -0.001953125 -0.0009765625 -0.001953125 -0.0009765625 -0.001953125
0  0.4365234375 0.30078125 0.009765625 0.03125 -0.0009765625 -0.001953125 -0.0009765625 -0.001953125 -0.0009765625 -0.001953125 -0.0009765625 -0.001953125 -0.0009765625 -0.001953125
0  0.4609375 0.3271484375 0.013671875 0.033203125 -0.0009765625 -0.001953125 -0.0009765625 -0.001953125 -0.0009765625 -0.001953125 -0.0009765625 -0.001953125 -0.0009765625 -0.001953125
0  0.46044921875 0.2919921875 0.0126953125 0.029296875 -0.0009765625 -0.001953125 -0.0009765625 -0.001953125 -0.0009765625 -0.001953125 -0.0009765625 -0.001953125 -0.0009765625 -0.001953125
0  0.50244140625 0.3388671875 0.0126953125 0.029296875 -0.0009765625 -0.001953125 -0.0009765625 -0.001953125 -0.0009765625 -0.001953125 -0.0009765625 -0.001953125 -0.0009765625 -0.001953125
0  0.53955078125 0.3251953125 0.0126953125 0.033203125 0.542275390625 0.320181640625 0.545544921875 0.320181640625 0.545109375 0.328900390625 0.541185546875 0.33304296875 0.54391015625 0.33282421875
0  0.5283203125 0.279296875 0.01171875 0.03125 0.5280458984375 0.27290625 0.5327587890625 0.273306640625 0.531455078125 0.278921875 0.5289482421875 0.28774609375 0.5325576171875 0.288146484375
0  0.666015625 0.302734375 0.01171875 0.0234375 -0.0009765625 -0.001953125 -0.0009765625 -0.001953125 -0.0009765625 -0.001953125 -0.0009765625 -0.001953125 -0.0009765625 -0.001953125
0  0.67919921875 0.3916015625 0.0126953125 0.033203125 -0.0009765625 -0.001953125 -0.0009765625 -0.001953125 -0.0009765625 -0.001953125 -0.0009765625 -0.001953125 -0.0009765625 -0.001953125
0  0.59130859375 0.962890625 0.0146484375 0.0390625 -0.0009765625 -0.001953125 -0.0009765625 -0.001953125 -0.0009765625 -0.001953125 -0.0009765625 -0.001953125 -0.0009765625 -0.001953125
0  0.61083984375 0.9638671875 0.0107421875 0.033203125 -0.0009765625 -0.001953125 -0.0009765625 -0.001953125 -0.0009765625 -0.001953125 -0.0009765625 -0.001953125 -0.0009765625 -0.001953125
0  0.61083984375 0.7744140625 0.0126953125 0.033203125 -0.0009765625 -0.001953125 -0.0009765625 -0.001953125 -0.0009765625 -0.001953125 -0.0009765625 -0.001953125 -0.0009765625 -0.001953125
0  0.5966796875 0.7470703125 0.009765625 0.025390625 -0.0009765625 -0.001953125 -0.0009765625 -0.001953125 -0.0009765625 -0.001953125 -0.0009765625 -0.001953125 -0.0009765625 -0.001953125
0  0.6298828125 0.7509765625 0.01171875 0.033203125 -0.0009765625 -0.001953125 -0.0009765625 -0.001953125 -0.0009765625 -0.001953125 -0.0009765625 -0.001953125 -0.0009765625 -0.001953125
0  0.63427734375 0.71875 0.0107421875 0.02734375 -0.0009765625 -0.001953125 -0.0009765625 -0.001953125 -0.0009765625 -0.001953125 -0.0009765625 -0.001953125 -0.0009765625 -0.001953125
0  0.65625 0.72265625 0.01171875 0.03125 0.657923828125 0.716796875 0.6622138671875 0.7138671875 0.662109375 0.723283203125 0.6591796875 0.731654296875 0.6625283203125 0.72893359375
0  0.69873046875 0.880859375 0.0087890625 0.03515625 -0.0009765625 -0.001953125 -0.0009765625 -0.001953125 -0.0009765625 -0.001953125 -0.0009765625 -0.001953125 -0.0009765625 -0.001953125
0  0.75341796875 0.884765625 0.0087890625 0.03125 -0.0009765625 -0.001953125 -0.0009765625 -0.001953125 -0.0009765625 -0.001953125 -0.0009765625 -0.001953125 -0.0009765625 -0.001953125
0  0.712890625 0.818359375 0.013671875 0.03515625 -0.0009765625 -0.001953125 -0.0009765625 -0.001953125 -0.0009765625 -0.001953125 -0.0009765625 -0.001953125 -0.0009765625 -0.001953125
0  0.61376953125 0.71484375 0.0087890625 0.0234375 -0.0009765625 -0.001953125 -0.0009765625 -0.001953125 -0.0009765625 -0.001953125 -0.0009765625 -0.001953125 -0.0009765625 -0.001953125
0  0.505859375 0.837890625 0.015625 0.03125 -0.0009765625 -0.001953125 -0.0009765625 -0.001953125 -0.0009765625 -0.001953125 -0.0009765625 -0.001953125 -0.0009765625 -0.001953125
0  0.6513671875 0.6494140625 0.0078125 0.025390625 -0.0009765625 -0.001953125 -0.0009765625 -0.001953125 -0.0009765625 -0.001953125 -0.0009765625 -0.001953125 -0.0009765625 -0.001953125
0  0.658203125 0.65234375 0.013671875 0.03125 -0.0009765625 -0.001953125 -0.0009765625 -0.001953125 -0.0009765625 -0.001953125 -0.0009765625 -0.001953125 -0.0009765625 -0.001953125
0  0.603515625 0.63671875 0.0078125 0.03125 -0.0009765625 -0.001953125 -0.0009765625 -0.001953125 -0.0009765625 -0.001953125 -0.0009765625 -0.001953125 -0.0009765625 -0.001953125
0  0.58984375 0.5869140625 0.01171875 0.033203125 -0.0009765625 -0.001953125 -0.0009765625 -0.001953125 -0.0009765625 -0.001953125 -0.0009765625 -0.001953125 -0.0009765625 -0.001953125
0  0.6044921875 0.5908203125 0.009765625 0.029296875 -0.0009765625 -0.001953125 -0.0009765625 -0.001953125 -0.0009765625 -0.001953125 -0.0009765625 -0.001953125 -0.0009765625 -0.001953125
0  0.92529296875 0.3486328125 0.0263671875 0.052734375 -0.0009765625 -0.001953125 -0.0009765625 -0.001953125 -0.0009765625 -0.001953125 -0.0009765625 -0.001953125 -0.0009765625 -0.001953125
0  0.728515625 0.0751953125 0.013671875 0.033203125 -0.0009765625 -0.001953125 -0.0009765625 -0.001953125 -0.0009765625 -0.001953125 -0.0009765625 -0.001953125 -0.0009765625 -0.001953125
