0  0.0576171875 0.578688524590164 0.0234375 0.04918032786885246 0.0518056640625 0.5775540983606557 0.0606162109375 0.5731491803278688 0.0578046875 0.5854213114754099 0.0553671875 0.5920295081967213 0.0628662109375 0.588883606557377
0  0.15380859375 0.5655737704918032 0.0224609375 0.04918032786885246 0.1500859375 0.5649590163934426 0.159607421875 0.5643442622950819 0.1546630859375 0.5735655737704918 0.150634765625 0.5794065573770492 0.158142578125 0.5790983606557377
0  0.09716796875 0.4959016393442623 0.0224609375 0.05081967213114754 0.0924599609375 0.4925065573770491 0.103009765625 0.4925065573770491 0.0989814453125 0.5053868852459017 0.0932265625 0.5089278688524591 0.1033935546875 0.5089278688524591
0  0.19384765625 0.49426229508196723 0.0224609375 0.040983606557377046 0.188005859375 0.4958131147540984 0.1974228515625 0.4913344262295082 0.1939697265625 0.5013459016393443 0.1917724609375 0.506616393442623 0.1989921875 0.5026639344262295
0  0.1357421875 0.460655737704918 0.01953125 0.03934426229508197 0.1314697265625 0.45727540983606557 0.14077734375 0.4562491803278689 0.1357421875 0.4698262295081967 0.1325380859375 0.4734114754098361 0.14047265625 0.4716196721311475
0  0.109375 0.4237704918032787 0.017578125 0.03442622950819672 0.10535546875 0.4221901639344262 0.112548828125 0.4204327868852459 0.10888671875 0.4305327868852459 0.1056171875 0.43470491803278694 0.1115029296875 0.43470491803278694
0  0.2216796875 0.42295081967213116 0.01953125 0.04918032786885246 0.2175556640625 0.4230754098360656 0.2263662109375 0.42213114754098363 0.2218671875 0.43031311475409834 0.2194296875 0.4388098360655737 0.2259912109375 0.43849508196721315
0  0.2255859375 0.5221311475409836 0.01953125 0.054098360655737705 0.2197705078125 0.522555737704918 0.2285810546875 0.5194606557377048 0.2244833984375 0.5297786885245902 0.2218193359375 0.5376901639344263 0.2283759765625 0.5352819672131147
0  0.2607421875 0.5385245901639344 0.0234375 0.060655737704918035 0.25725 0.5412393442622951 0.2660302734375 0.5393 0.262564453125 0.5501606557377049 0.2590986328125 0.5633491803278688 0.2657998046875 0.5614098360655737
0  0.18017578125 0.3663934426229508 0.0185546875 0.04426229508196721 0.176705078125 0.36115409836065576 0.1853203125 0.36143114754098365 0.18084765625 0.3711655737704918 0.17604296875 0.3775606557377049 0.1848232421875 0.3778393442622951
0  0.12548828125 0.3590163934426229 0.0166015625 0.036065573770491806 0.123046875 0.35737704918032787 0.130859375 0.3590163934426229 0.126953125 0.3655737704918033 0.1240234375 0.3704918032786885 0.1298828125 0.3704918032786885
0  0.25390625 0.4016393442622951 0.01953125 0.04262295081967213 0.250923828125 0.4008049180327869 0.2582138671875 0.3991360655737705 0.255728515625 0.40887049180327867 0.252912109375 0.41498852459016394 0.2598701171875 0.4124852459016394
0  0.2978515625 0.4204918032786885 0.021484375 0.047540983606557376 0.294193359375 0.4197524590163934 0.3025947265625 0.42155245901639343 0.298662109375 0.4308540983606558 0.2940146484375 0.43565573770491806 0.30062890625 0.43535573770491803
0  0.3154296875 0.3614754098360656 0.017578125 0.040983606557377046 0.3121337890625 0.3593377049180328 0.321236328125 0.35986557377049183 0.316841796875 0.3675065573770492 0.3135458984375 0.37435573770491803 0.319353515625 0.37488360655737707
0  0.24072265625 0.33934426229508197 0.0166015625 0.03934426229508197 0.2360146484375 0.33855409836065575 0.2444892578125 0.33855409836065575 0.2404091796875 0.34724754098360655 0.2378974609375 0.35172786885245905 0.242134765625 0.35146393442622953
0  0.20458984375 0.33278688524590166 0.0185546875 0.029508196721311476 0.20019921875 0.3306131147540984 0.2082041015625 0.3276491803278689 0.2044375 0.33594918032786886 0.2027890625 0.3424688524590164 0.2094990234375 0.34108524590163936
0  0.17431640625 0.22704918032786886 0.0146484375 0.027868852459016394 0.17202734375 0.22412131147540984 0.1785673828125 0.22339016393442623 0.17540625 0.23089180327868852 0.1733359375 0.23601475409836065 0.17867578125 0.2351
0  0.2333984375 0.25901639344262295 0.015625 0.03278688524590164 0.2311748046875 0.2581377049180328 0.23771484375 0.25747868852459016 0.2344443359375 0.26362622950819675 0.2319599609375 0.26999344262295083 0.23771484375 0.2693360655737705
0  0.28369140625 0.2786885245901639 0.0185546875 0.036065573770491806 0.2793662109375 0.2784540983606557 0.2857841796875 0.2761131147540984 0.2832724609375 0.28688524590163933 0.2811806640625 0.29180327868852457 0.2867607421875 0.28922786885245905
0  0.31494140625 0.2983606557377049 0.0205078125 0.04590163934426229 0.3111396484375 0.30158032786885247 0.318638671875 0.2992393442622951 0.316197265625 0.3091918032786885 0.3139296875 0.31446065573770493 0.3195107421875 0.31241147540983605
0  0.21826171875 0.17295081967213113 0.0166015625 0.03442622950819672 0.214896484375 0.1705934426229508 0.221435546875 0.1699360655737705 0.218166015625 0.17652295081967215 0.2156806640625 0.18267049180327868 0.221435546875 0.18179180327868852
0  0.251953125 0.2098360655737705 0.015625 0.03278688524590164 0.25007421875 0.20731803278688524 0.25626953125 0.20731803278688524 0.2536142578125 0.21283606557377052 0.2510859375 0.21856721311475408 0.25626953125 0.21856721311475408
0  0.31396484375 0.21721311475409835 0.0166015625 0.03770491803278689 0.3107998046875 0.2170229508196721 0.3179931640625 0.2155737704918033 0.3151162109375 0.22257704918032786 0.3128134765625 0.22837377049180327 0.3210146484375 0.2271655737704918
0  0.34375 0.25491803278688524 0.015625 0.027868852459016394 0.341369140625 0.2508639344262295 0.3480576171875 0.24991147540983608 0.3448837890625 0.25828524590163937 0.34295703125 0.2613295081967213 0.347037109375 0.26075737704918034
0  0.29638671875 0.1860655737704918 0.0146484375 0.03114754098360656 0.29345703125 0.18237704918032788 0.2996826171875 0.1819672131147541 0.296875 0.1891393442622951 0.2939453125 0.19569672131147542 0.300048828125 0.19569672131147542
0  0.3671875 0.19098360655737706 0.015625 0.03114754098360656 0.3642275390625 0.18598524590163934 0.37023046875 0.18578688524590165 0.367052734375 0.19388852459016395 0.3648154296875 0.19882950819672132 0.370701171875 0.19882950819672132
0  0.333984375 0.14426229508196722 0.013671875 0.029508196721311476 0.3316123046875 0.1408737704918033 0.337498046875 0.14008360655737703 0.334908203125 0.1468016393442623 0.3325546875 0.1499639344262295 0.3380869140625 0.14956885245901638
0  0.275390625 0.14508196721311475 0.013671875 0.03442622950819672 0.27215625 0.1451409836065574 0.278041015625 0.14448196721311476 0.2751640625 0.15282459016393443 0.272025390625 0.1574360655737705 0.279349609375 0.15655737704918032
0  0.24609375 0.11885245901639344 0.013671875 0.027868852459016394 0.2464423828125 0.11820819672131147 0.2488486328125 0.1161 0.252197265625 0.12172131147540984 0.2473837890625 0.12681475409836065 0.2486396484375 0.1264639344262295
0  0.26513671875 0.09344262295081968 0.0107421875 0.02622950819672131 0.262228515625 0.09262295081967213 0.267142578125 0.09245409836065574 0.2643349609375 0.09767213114754097 0.2620283203125 0.10087049180327869 0.26814453125 0.09935573770491803
0  0.29443359375 0.11721311475409836 0.0146484375 0.027868852459016394 0.2886435546875 0.11428524590163934 0.2920966796875 0.1151639344262295 0.2885390625 0.12183770491803278 0.289271484375 0.12605409836065573 0.2918876953125 0.12728360655737705
0  0.3603515625 0.12131147540983607 0.01171875 0.02622950819672131 0.3571689453125 0.11965081967213113 0.3621826171875 0.11981803278688524 0.3587734375 0.12671967213114754 0.3575703125 0.13042295081967215 0.361080078125 0.13008688524590162
0  0.3935546875 0.14098360655737704 0.013671875 0.03278688524590164 0.390625 0.13934426229508196 0.396484375 0.13934426229508196 0.3935546875 0.14590163934426228 0.3916015625 0.15081967213114755 0.3955078125 0.14918032786885246
0  0.3486328125 0.09262295081967213 0.013671875 0.027868852459016394 0.3455029296875 0.09180327868852459 0.351509765625 0.09104262295081968 0.34844921875 0.09675081967213114 0.3465224609375 0.10150819672131148 0.351396484375 0.10074590163934426
0  0.29833984375 0.051639344262295085 0.0126953125 0.02459016393442623 0.295462890625 0.05194754098360656 0.30179296875 0.05081967213114754 0.299298828125 0.0570983606557377 0.2969970703125 0.06144590163934426 0.3013134765625 0.06144590163934426
0  0.37841796875 0.05245901639344262 0.0107421875 0.022950819672131147 0.37713671875 0.05117868852459016 0.381439453125 0.04994918032786885 0.37905859375 0.05609672131147541 0.37905859375 0.05993770491803278 0.38198828125 0.05978524590163935
0  0.412109375 0.08278688524590164 0.01171875 0.021311475409836064 0.4101298828125 0.07892295081967213 0.4155966796875 0.07864426229508197 0.4131953125 0.0832327868852459 0.4109580078125 0.08657049180327869 0.415099609375 0.0864311475409836
0  0.439453125 0.13934426229508196 0.013671875 0.03278688524590164 0.4371337890625 0.13401639344262295 0.4432373046875 0.13442622950819672 0.4405517578125 0.14057377049180328 0.437255859375 0.14508196721311475 0.4432373046875 0.14549180327868852
0  0.453125 0.08852459016393442 0.01171875 0.029508196721311476 0.4511064453125 0.08730983606557377 0.4559326171875 0.08770491803278689 0.4533427734375 0.09501639344262296 0.451341796875 0.09877049180327868 0.4554619140625 0.09857213114754099
0  0.48486328125 0.038524590163934426 0.0107421875 0.027868852459016394 0.4832939453125 0.037001639344262295 0.4884208984375 0.03823114754098361 0.4852822265625 0.04437868852459017 0.482666015625 0.04683770491803279 0.4869560546875 0.0473655737704918
0  0.427734375 0.1918032786885246 0.013671875 0.03278688524590164 0.4246298828125 0.19224262295081967 0.430123046875 0.19224262295081967 0.4275078125 0.1981704918032787 0.4250224609375 0.20343934426229507 0.4294697265625 0.20343934426229507
0  0.408203125 0.2262295081967213 0.017578125 0.036065573770491806 0.4050380859375 0.22444426229508196 0.412375 0.22371967213114752 0.4092099609375 0.23144754098360654 0.405326171875 0.23627704918032785 0.4126630859375 0.23676065573770494
0  0.44677734375 0.22950819672131148 0.0146484375 0.03278688524590164 0.4421171875 0.22868852459016392 0.4493232421875 0.22571803278688524 0.4462890625 0.2335704918032787 0.44451953125 0.23866393442622952 0.4503349609375 0.23611639344262297
0  0.47119140625 0.25163934426229506 0.0166015625 0.03770491803278689 0.4688896484375 0.2487409836065574 0.475794921875 0.24994918032786884 0.472486328125 0.2584016393442623 0.469177734375 0.26347377049180326 0.4747880859375 0.2632311475409836
0  0.484375 0.1959016393442623 0.015625 0.03114754098360656 0.48046875 0.1918032786885246 0.48828125 0.1918032786885246 0.484375 0.19672131147540983 0.482421875 0.20491803278688525 0.4892578125 0.20327868852459016
0  0.41748046875 0.29918032786885246 0.0185546875 0.040983606557377046 0.4132255859375 0.2978344262295082 0.420916015625 0.2951983606557377 0.41777734375 0.3036295081967213 0.4151083984375 0.310216393442623 0.422171875 0.308372131147541
0  0.498046875 0.2860655737704918 0.017578125 0.03442622950819672 0.49530078125 0.2815131147540984 0.502232421875 0.2815131147540984 0.49883203125 0.28831967213114756 0.494908203125 0.294027868852459 0.5031474609375 0.2938081967213115
0  0.54541015625 0.24672131147540985 0.0166015625 0.03770491803278689 0.5433173828125 0.2454327868852459 0.5498740234375 0.2451983606557377 0.5468056640625 0.2538639344262295 0.543177734375 0.2580803278688525 0.5491767578125 0.2578459016393443
0  0.4560546875 0.3483606557377049 0.01953125 0.040983606557377046 0.4494326171875 0.34595245901639343 0.456603515625 0.34467213114754097 0.45294140625 0.3546622950819672 0.448669921875 0.3579918032786885 0.457671875 0.3569672131147541
0  0.51513671875 0.3557377049180328 0.0185546875 0.04590163934426229 0.5094169921875 0.3546836065573771 0.51708984375 0.35351311475409836 0.51168359375 0.36288032786885244 0.5101142578125 0.36814918032786886 0.517787109375 0.36697868852459015
0  0.537109375 0.38688524590163936 0.01953125 0.04590163934426229 0.532923828125 0.38378196721311475 0.5409462890625 0.3840754098360656 0.535888671875 0.39314918032786883 0.5324013671875 0.3981262295081967 0.5393759765625 0.39871147540983604
0  0.5107421875 0.4204918032786885 0.021484375 0.04426229508196721 0.5078515625 0.41485573770491807 0.5165234375 0.4191377049180328 0.5115927734375 0.42598852459016395 0.5064912109375 0.4299836065573771 0.5127822265625 0.43369508196721307
0  0.47265625 0.4122950819672131 0.021484375 0.03442622950819672 0.466326171875 0.4044426229508197 0.475380859375 0.4001311475409836 0.4709208984375 0.4128360655737705 0.468353515625 0.42145737704918035 0.4763271484375 0.4200967213114754
0  0.40966796875 0.40327868852459015 0.0205078125 0.04262295081967213 0.403380859375 0.4021655737704918 0.412658203125 0.3988295081967213 0.4078544921875 0.40800655737704916 0.40636328125 0.4177393442622951 0.41282421875 0.41523770491803275
0  0.3818359375 0.3729508196721312 0.01953125 0.04426229508196721 0.37777734375 0.3729508196721312 0.3862783203125 0.3712377049180328 0.3825380859375 0.3817983606557377 0.3793076171875 0.38750655737704914 0.387978515625 0.3857950819672131
0  0.357421875 0.3483606557377049 0.017578125 0.03770491803278689 0.3529052734375 0.3479295081967213 0.359810546875 0.345755737704918 0.3559267578125 0.3546918032786885 0.3550634765625 0.3600049180327869 0.3592353515625 0.358555737704918
0  0.36376953125 0.4377049180327869 0.0185546875 0.03934426229508197 0.359771484375 0.43381147540983606 0.36831640625 0.43637377049180326 0.36312890625 0.44328852459016393 0.35855078125 0.4491803278688525 0.364654296875 0.4502049180327869
0  0.38916015625 0.4704918032786885 0.0224609375 0.05573770491803279 0.3839287109375 0.46779836065573777 0.3943916015625 0.46604262295081966 0.389369140625 0.4779852459016394 0.3870673828125 0.4874704918032787 0.395228515625 0.4857147540983607
0  0.423828125 0.44426229508196724 0.021484375 0.04590163934426229 0.418248046875 0.4405737704918033 0.4253974609375 0.43764590163934425 0.4210380859375 0.4481852459016393 0.41946875 0.45521147540983603 0.4264443359375 0.45286885245901637
0  0.45263671875 0.4721311475409836 0.0224609375 0.04918032786885246 0.4483115234375 0.4724524590163935 0.4594375 0.4714868852459017 0.45406640625 0.48146885245901644 0.45023046875 0.4888754098360656 0.458287109375 0.4895196721311476
0  0.43798828125 0.4426229508196721 0.0087890625 0.02622950819672131 -0.0009765625 -0.001639344262295082 -0.0009765625 -0.001639344262295082 -0.0009765625 -0.001639344262295082 -0.0009765625 -0.001639344262295082 -0.0009765625 -0.001639344262295082
0  0.28857421875 0.4786885245901639 0.0205078125 0.04262295081967213 0.28774609375 0.4762147540983606 0.2955322265625 0.47287704918032786 0.294869140625 0.48233278688524595 0.288740234375 0.49039836065573766 0.29669140625 0.4890081967213115
0  0.32861328125 0.5 0.0205078125 0.04262295081967213 0.32421875 0.5 0.333984375 0.49836065573770494 0.330078125 0.5081967213114754 0.32421875 0.5131147540983606 0.3349609375 0.5147540983606558
0  0.3505859375 0.5639344262295082 0.021484375 0.04918032786885246 0.346732421875 0.5607147540983607 0.355748046875 0.5597475409836066 0.3513359375 0.5713409836065574 0.347115234375 0.5793918032786884 0.35498046875 0.5790688524590164
0  0.42919921875 0.5418032786885246 0.0244140625 0.054098360655737705 0.423998046875 0.5429163934426229 0.433833984375 0.5401639344262295 0.428916015625 0.5522032786885246 0.425841796875 0.5597704918032786 0.4348583984375 0.5580508196721311
0  0.51171875 0.5377049180327869 0.021484375 0.04918032786885246 0.5054931640625 0.5318508196721311 0.5152412109375 0.5343672131147541 0.5083046875 0.5438081967213115 0.5043681640625 0.5494737704918032 0.5137412109375 0.5510459016393442
0  0.525390625 0.4721311475409836 0.01953125 0.03278688524590164 0.521109375 0.46749180327868856 0.52970703125 0.46749180327868856 0.5256611328125 0.47322131147540986 0.5222470703125 0.47895245901639344 0.5286953125 0.47980163934426223
0  0.587890625 0.5368852459016393 0.021484375 0.040983606557377046 0.5851875 0.5307967213114754 0.595232421875 0.5318508196721311 0.589896484375 0.5434426229508197 0.58612890625 0.5497655737704918 0.592564453125 0.5497655737704918
0  0.57861328125 0.48032786885245904 0.0185546875 0.03934426229508197 0.57530859375 0.47644918032786887 0.5840537109375 0.47694754098360653 0.5790146484375 0.4878950819672131 0.57530859375 0.49162786885245896 0.5827197265625 0.49162786885245896
0  0.6298828125 0.510655737704918 0.021484375 0.04426229508196721 0.6240234375 0.5098360655737705 0.6318359375 0.5049180327868853 0.6279296875 0.5147540983606558 0.625 0.5245901639344263 0.634765625 0.521311475409836
0  0.64404296875 0.44508196721311477 0.0205078125 0.04426229508196721 0.638671875 0.44098360655737706 0.6474609375 0.43934426229508194 0.6435546875 0.45081967213114754 0.638671875 0.4557377049180328 0.6484375 0.4557377049180328
0  0.69384765625 0.4163934426229508 0.0244140625 0.03934426229508197 0.6886513671875 0.4108311475409836 0.6996376953125 0.4103049180327869 0.6930458984375 0.4174180327868853 0.68990625 0.4261131147540983 0.6979111328125 0.4261131147540983
0  0.740234375 0.4680327868852459 0.01953125 0.04426229508196721 0.7356435546875 0.4666049180327869 0.7453349609375 0.4674622950819672 0.73989453125 0.4751688524590164 0.7359833984375 0.4808770491803278 0.7455048828125 0.48116229508196723
0  0.73193359375 0.569672131147541 0.0224609375 0.04426229508196721 0.7280234375 0.5648196721311476 0.737544921875 0.5671032786885246 0.7310830078125 0.5765229508196721 0.725642578125 0.5802327868852459 0.734654296875 0.5839426229508197
0  0.66650390625 0.5622950819672131 0.0205078125 0.04590163934426229 0.6611064453125 0.5580508196721311 0.6706279296875 0.5583360655737705 0.6663779296875 0.5677540983606557 0.66195703125 0.5731770491803279 0.671138671875 0.5737491803278689
0  0.796875 0.610655737704918 0.021484375 0.040983606557377046 0.7908935546875 0.6032491803278689 0.8006240234375 0.6027229508196721 0.795916015625 0.6140508196721312 0.7916787109375 0.6190573770491803 0.8010947265625 0.6185311475409836
0  0.81103515625 0.49426229508196723 0.0205078125 0.04426229508196721 0.8032578125 0.49069016393442627 0.811541015625 0.489855737704918 0.8064052734375 0.5001459016393442 0.8045830078125 0.5054295081967213 0.81253515625 0.5054295081967213
0  0.7255859375 0.3778688524590164 0.01953125 0.040983606557377046 0.7208251953125 0.37812459016393446 0.728912109375 0.3778688524590164 0.724181640625 0.38760327868852457 0.72280859375 0.3950311475409836 0.728912109375 0.3950311475409836
0  0.78662109375 0.44016393442622953 0.0205078125 0.047540983606557376 0.7812587890625 0.43822459016393445 0.7898388671875 0.4370245901639344 0.78590625 0.4448262295081967 0.783224609375 0.45262786885245904 0.7912685546875 0.451427868852459
0  0.67529296875 0.3622950819672131 0.0166015625 0.036065573770491806 0.6715263671875 0.3618262295081967 0.6787802734375 0.3625295081967213 0.67529296875 0.3697885245901639 0.671666015625 0.37587868852459017 0.6787802734375 0.37564426229508197
0  0.64697265625 0.37540983606557377 0.0185546875 0.04262295081967213 0.6411572265625 0.3735065573770492 0.6505126953125 0.3724245901639344 0.6453505859375 0.38108852459016396 0.641318359375 0.38921311475409837 0.6500283203125 0.3886704918032787
0  0.58642578125 0.38934426229508196 0.0224609375 0.04426229508196721 0.58270703125 0.388488524590164 0.5923984375 0.3902 0.5876376953125 0.39762131147540986 0.5813466796875 0.40304426229508195 0.591548828125 0.40504262295081966
0  0.6142578125 0.3524590163934426 0.021484375 0.04590163934426229 0.6109443359375 0.34748196721311475 0.6201865234375 0.34748196721311475 0.6153037109375 0.35655737704918034 0.61181640625 0.36241147540983604 0.6193154296875 0.36241147540983604
0  0.76171875 0.3442622950819672 0.01953125 0.04262295081967213 0.757419921875 0.3420672131147541 0.7655380859375 0.3434573770491803 0.761396484375 0.35040983606557374 0.7579169921875 0.356527868852459 0.7645439453125 0.3576409836065574
0  0.814453125 0.3877049180327869 0.01953125 0.040983606557377046 0.810546875 0.38524590163934425 0.818359375 0.38688524590163936 0.814453125 0.3918032786885246 0.8115234375 0.4 0.818359375 0.4
0  0.57373046875 0.3114754098360656 0.0185546875 0.036065573770491806 0.5689169921875 0.30726065573770495 0.5786826171875 0.3074934426229508 0.573939453125 0.31428524590163937 0.5694755859375 0.3189688524590164 0.577427734375 0.3194377049180328
0  0.6396484375 0.3073770491803279 0.017578125 0.03442622950819672 0.63487890625 0.30611803278688526 0.642203125 0.3041426229508197 0.63788671875 0.3127049180327869 0.6364482421875 0.31753442622950817 0.642072265625 0.3157786885245902
0  0.7001953125 0.3221311475409836 0.01953125 0.040983606557377046 0.69625390625 0.32183770491803276 0.7042587890625 0.32368196721311476 0.6993935546875 0.33185081967213115 0.6951552734375 0.3360655737704918 0.702845703125 0.3379098360655738
0  0.67529296875 0.26721311475409837 0.0166015625 0.036065573770491806 0.672154296875 0.26580819672131145 0.6778740234375 0.26557377049180325 0.6742470703125 0.2721311475409836 0.6722939453125 0.2793918032786885 0.677455078125 0.2793918032786885
0  0.63232421875 0.24754098360655738 0.0166015625 0.03278688524590164 0.6298828125 0.24754098360655738 0.6357421875 0.2459016393442623 0.6328125 0.25245901639344265 0.6298828125 0.2573770491803279 0.63671875 0.2573770491803279
0  0.5966796875 0.2598360655737705 0.017578125 0.03770491803278689 0.5912998046875 0.2570262295081967 0.5984150390625 0.25578196721311475 0.5942646484375 0.2632459016393443 0.5924853515625 0.2699655737704918 0.5996005859375 0.2694672131147541
0  0.587890625 0.20491803278688525 0.015625 0.03278688524590164 0.58462109375 0.20261311475409835 0.5900576171875 0.20303770491803277 0.5875283203125 0.20961639344262295 0.5866435546875 0.21598360655737706 0.5904365234375 0.21534754098360656
0  0.64306640625 0.19754098360655736 0.0166015625 0.03770491803278689 0.6389248046875 0.1961426229508197 0.6465498046875 0.19372786885245902 0.6430966796875 0.20314754098360657 0.640794921875 0.20725245901639344 0.6456865234375 0.20652786885245902
0  0.70751953125 0.2139344262295082 0.0166015625 0.03770491803278689 0.7035439453125 0.21334918032786884 0.7110771484375 0.21311475409836064 0.7075888671875 0.22084262295081966 0.7036826171875 0.2252934426229508 0.7117744140625 0.22459016393442624
0  0.68701171875 0.17950819672131146 0.0146484375 0.03442622950819672 0.6845703125 0.17868852459016393 0.69140625 0.18032786885245902 0.6875 0.18524590163934426 0.6826171875 0.1885245901639344 0.689453125 0.1901639344262295
0  0.6552734375 0.1557377049180328 0.013671875 0.02622950819672131 0.6514765625 0.1500360655737705 0.6581943359375 0.15155081967213113 0.6534814453125 0.15912622950819671 0.6516767578125 0.16350327868852457 0.657091796875 0.16468032786885245
0  0.61865234375 0.17295081967213113 0.0166015625 0.03114754098360656 0.61474609375 0.17131147540983607 0.62060546875 0.17274590163934425 0.6173095703125 0.18032786885245902 0.6146240234375 0.18278688524590164 0.6185302734375 0.18381147540983606
0  0.57275390625 0.13524590163934427 0.0166015625 0.03442622950819672 0.5693359375 0.13442622950819672 0.576171875 0.13278688524590163 0.572265625 0.1377049180327869 0.5693359375 0.14262295081967213 0.5751953125 0.14426229508196722
0  0.5400390625 0.16147540983606556 0.015625 0.03770491803278689 0.536904296875 0.1600770491803279 0.543810546875 0.15935245901639344 0.5406455078125 0.1658737704918033 0.537767578125 0.17070327868852458 0.543234375 0.17022131147540984
0  0.51513671875 0.19672131147540983 0.0166015625 0.03278688524590164 0.5107294921875 0.19377868852459015 0.5185673828125 0.19335409836065573 0.5143955078125 0.20141967213114753 0.511740234375 0.20587704918032787 0.517935546875 0.20566393442622952
0  0.51708984375 0.13688524590163934 0.0126953125 0.03114754098360656 0.514892578125 0.1334016393442623 0.519775390625 0.1346311475409836 0.5172119140625 0.1413934426229508 0.5140380859375 0.14651639344262296 0.5194091796875 0.1473360655737705
0  0.50390625 0.18278688524590164 0.005859375 0.018032786885245903 -0.0009765625 -0.001639344262295082 -0.0009765625 -0.001639344262295082 -0.0009765625 -0.001639344262295082 -0.0009765625 -0.001639344262295082 -0.0009765625 -0.001639344262295082
0  0.64990234375 0.12377049180327869 0.0107421875 0.014754098360655738 0.6474609375 0.12459016393442623 0.6533203125 0.12131147540983607 0.6533203125 0.12786885245901639 0.650390625 0.13278688524590163 0.654296875 0.13278688524590163
0  0.6845703125 0.1319672131147541 0.01171875 0.018032786885245903 0.6806640625 0.13278688524590163 0.6826171875 0.13278688524590163 0.6806640625 0.1377049180327869 0.6826171875 0.14098360655737704 0.6826171875 0.14098360655737704
0  0.521484375 0.051639344262295085 0.01171875 0.027868852459016394 0.5185458984375 0.05 0.5223603515625 0.049085245901639346 0.520072265625 0.05512295081967213 0.5190908203125 0.05878196721311475 0.522251953125 0.05805081967213115
0  0.5263671875 0.08852459016393442 0.013671875 0.029508196721311476 0.5244140625 0.08852459016393442 0.529296875 0.08852459016393442 0.52734375 0.09344262295081968 0.5234375 0.1 0.5302734375 0.09836065573770492
0  0.55859375 0.051639344262295085 0.01171875 0.027868852459016394 0.5556640625 0.054098360655737705 0.5625 0.054098360655737705 0.5595703125 0.05737704918032787 0.556640625 0.060655737704918035 0.560546875 0.06229508196721312
0  0.5751953125 0.09672131147540984 0.013671875 0.029508196721311476 0.5728935546875 0.09565245901639344 0.5792412109375 0.09546229508196721 0.5764072265625 0.09964918032786886 0.57402734375 0.10573770491803279 0.578673828125 0.10554754098360655
0  0.58837890625 0.031967213114754096 0.0107421875 0.018032786885245903 0.5860068359375 0.028804918032786887 0.59033203125 0.02810327868852459 0.5884482421875 0.031967213114754096 0.5872626953125 0.0363 0.58935546875 0.03571475409836066
0  0.61962890625 0.09016393442622951 0.0126953125 0.02622950819672131 0.6173359375 0.08968032786885245 0.622048828125 0.08934426229508197 0.6199423828125 0.09557213114754098 0.617736328125 0.09877049180327868 0.6222490234375 0.0982655737704918
0  0.62744140625 0.04180327868852459 0.0126953125 0.027868852459016394 0.6249345703125 0.04015737704918033 0.6300576171875 0.03887540983606557 0.6272236328125 0.04637704918032787 0.6255888671875 0.04985409836065574 0.630275390625 0.04930491803278689
0  0.6611328125 0.08032786885245902 0.013671875 0.02622950819672131 0.66034375 0.08051803278688524 0.6661591796875 0.08001311475409836 0.6637529296875 0.0854 0.6625498046875 0.08826065573770492 0.6658583984375 0.08758852459016393
0  0.6962890625 0.07540983606557378 0.013671875 0.02622950819672131 0.69260546875 0.07088688524590164 0.6981201171875 0.07038196721311475 0.6953125 0.07543114754098361 0.692705078125 0.07846229508196721 0.69862109375 0.07795737704918033
0  0.73779296875 0.07540983606557378 0.0126953125 0.029508196721311476 0.734697265625 0.07426885245901639 0.740705078125 0.07445901639344263 0.7373046875 0.07997704918032787 0.734923828125 0.08435245901639343 0.740705078125 0.08435245901639343
0  0.7724609375 0.11885245901639344 0.01171875 0.027868852459016394 0.7695224609375 0.11592459016393443 0.7746455078125 0.11665737704918033 0.7718115234375 0.12251147540983606 0.7695224609375 0.12690327868852458 0.7741005859375 0.12708524590163936
0  0.806640625 0.15163934426229508 0.015625 0.03770491803278689 0.8014091796875 0.14957540983606557 0.807634765625 0.14982459016393443 0.8033359375 0.15704098360655738 0.801705078125 0.1617688524590164 0.8079306640625 0.16251475409836066
0  0.74951171875 0.13852459016393442 0.0166015625 0.03442622950819672 0.7457890625 0.13792459016393444 0.752197265625 0.13792459016393444 0.748796875 0.1431934426229508 0.7460498046875 0.14934098360655737 0.7507587890625 0.1495606557377049
0  0.76318359375 0.20245901639344263 0.0166015625 0.03770491803278689 0.7592421875 0.20033606557377048 0.76600390625 0.20033606557377048 0.7621201171875 0.20758196721311475 0.758810546875 0.21241147540983607 0.76600390625 0.2119295081967213
0  0.8388671875 0.13114754098360656 0.01171875 0.03278688524590164 0.8356328125 0.13158688524590165 0.841125 0.13158688524590165 0.837724609375 0.13751475409836067 0.8361552734375 0.1425639344262295 0.8403408203125 0.14234426229508196
0  0.84912109375 0.19098360655737706 0.0166015625 0.03770491803278689 0.84653125 0.18668688524590166 0.852861328125 0.18765409836065572 0.8492646484375 0.19465737704918032 0.8458125 0.1987639344262295 0.8531494140625 0.19948852459016395
0  0.8974609375 0.2614754098360656 0.017578125 0.03770491803278689 0.893013671875 0.2596606557377049 0.90012890625 0.26090491803278687 0.896126953125 0.2693639344262295 0.892125 0.2735950819672131 0.8995361328125 0.2735950819672131
0  0.8134765625 0.25245901639344265 0.017578125 0.036065573770491806 0.8106865234375 0.24754098360655738 0.818080078125 0.24824426229508198 0.813755859375 0.25644098360655737 0.80859375 0.25901639344262295 0.8182197265625 0.2608901639344262
0  0.7705078125 0.2713114754098361 0.017578125 0.03770491803278689 0.765791015625 0.26986229508196724 0.7735595703125 0.2713114754098361 0.7678046875 0.2768655737704918 0.764927734375 0.2807311475409836 0.7706826171875 0.281455737704918
0  0.74560546875 0.2860655737704918 0.0166015625 0.040983606557377046 0.7424013671875 0.2850409836065574 0.7503359375 0.28478524590163934 0.746521484375 0.2932377049180328 0.74331640625 0.2981049180327869 0.7498779296875 0.29759180327868856
0  0.8212890625 0.31065573770491806 0.017578125 0.03442622950819672 0.81558203125 0.3056639344262295 0.8216640625 0.3056639344262295 0.8185556640625 0.31768852459016395 0.8178798828125 0.32154590163934427 0.822474609375 0.32154590163934427
0  0.8779296875 0.3614754098360656 0.01953125 0.03770491803278689 0.873291015625 0.3615491803278688 0.880109375 0.3615491803278688 0.876255859375 0.36851639344262294 0.874328125 0.3747360655737705 0.881591796875 0.3744885245901639
0  0.88818359375 0.41065573770491803 0.0205078125 0.03770491803278689 0.883322265625 0.4082918032786885 0.8908037109375 0.40756721311475413 0.8866318359375 0.4165032786885246 0.8849052734375 0.42181639344262295 0.8916669921875 0.42181639344262295
0  0.884765625 0.4860655737704918 0.021484375 0.03770491803278689 0.879185546875 0.48171803278688524 0.8878173828125 0.47954426229508196 0.8835009765625 0.48920491803278693 0.88292578125 0.4976573770491804 0.8899755859375 0.4942770491803279
0  0.890625 0.6270491803278688 0.02734375 0.054098360655737705 0.882271484375 0.6284245901639344 0.8910830078125 0.6236098360655737 0.887189453125 0.638744262295082 0.887189453125 0.647 0.8953857421875 0.642183606557377
0  0.84130859375 0.5868852459016394 0.0224609375 0.04262295081967213 0.8340498046875 0.5828163934426229 0.842115234375 0.5803786885245902 0.8364697265625 0.5922934426229508 0.8379208984375 0.6033950819672131 0.8446962890625 0.6001459016393442
