0  0.97265625 0.06349206349206349 0.009765625 0.015873015873015872 0.97081640625 0.061 0.975525390625 0.061 0.973013671875 0.06429497354497354 0.9717578125 0.06812169312169312 0.9741123046875 0.06812169312169312
0  0.92431640625 0.04497354497354497 0.0087890625 0.013227513227513227 -0.0009765625 -0.0013227513227513227 -0.0009765625 -0.0013227513227513227 -0.0009765625 -0.0013227513227513227 -0.0009765625 -0.0013227513227513227 -0.0009765625 -0.0013227513227513227
0  0.90625 0.06547619047619048 0.009765625 0.017195767195767195 -0.0009765625 -0.0013227513227513227 -0.0009765625 -0.0013227513227513227 -0.0009765625 -0.0013227513227513227 -0.0009765625 -0.0013227513227513227 -0.0009765625 -0.0013227513227513227
0  0.77490234375 0.06283068783068783 0.0087890625 0.01455026455026455 -0.0009765625 -0.0013227513227513227 -0.0009765625 -0.0013227513227513227 -0.0009765625 -0.0013227513227513227 -0.0009765625 -0.0013227513227513227 -0.0009765625 -0.0013227513227513227
0  0.73193359375 0.06415343915343916 0.0087890625 0.01455026455026455 -0.0009765625 -0.0013227513227513227 -0.0009765625 -0.0013227513227513227 -0.0009765625 -0.0013227513227513227 -0.0009765625 -0.0013227513227513227 -0.0009765625 -0.0013227513227513227
0  0.728515625 0.11243386243386243 0.017578125 0.026455026455026454 0.722861328125 0.10988888888888888 0.7305732421875 0.10988888888888888 0.7262744140625 0.11742328042328043 0.7247578125 0.12136243386243387 0.729435546875 0.12084920634920635
0  0.61572265625 0.04298941798941799 0.0068359375 0.009259259259259259 -0.0009765625 -0.0013227513227513227 -0.0009765625 -0.0013227513227513227 -0.0009765625 -0.0013227513227513227 -0.0009765625 -0.0013227513227513227 -0.0009765625 -0.0013227513227513227
0  0.6455078125 0.047619047619047616 0.005859375 0.007936507936507936 -0.0009765625 -0.0013227513227513227 -0.0009765625 -0.0013227513227513227 -0.0009765625 -0.0013227513227513227 -0.0009765625 -0.0013227513227513227 -0.0009765625 -0.0013227513227513227
0  0.65478515625 0.04497354497354497 0.0048828125 0.007936507936507936 -0.0009765625 -0.0013227513227513227 -0.0009765625 -0.0013227513227513227 -0.0009765625 -0.0013227513227513227 -0.0009765625 -0.0013227513227513227 -0.0009765625 -0.0013227513227513227
0  0.5966796875 0.09457671957671958 0.013671875 0.022486772486772486 0.5997880859375 0.08941534391534392 0.60175 0.08882539682539682 0.60283984375 0.09458201058201059 0.5996787109375 0.10019312169312168 0.6019677734375 0.09945502645502646
0  0.78466796875 0.23346560846560846 0.0302734375 0.046296296296296294 -0.0009765625 -0.0013227513227513227 -0.0009765625 -0.0013227513227513227 -0.0009765625 -0.0013227513227513227 -0.0009765625 -0.0013227513227513227 -0.0009765625 -0.0013227513227513227
0  0.72412109375 0.2810846560846561 0.0458984375 0.06481481481481481 0.7128037109375 0.2761957671957672 0.7347626953125 0.26397089947089947 0.7320556640625 0.28393650793650793 0.72303125 0.30023544973544974 0.741380859375 0.2896415343915344
0  0.6064453125 0.24338624338624337 0.056640625 0.08465608465608465 0.594185546875 0.23382010582010582 0.6208671875 0.229037037037037 0.6083115234375 0.24763756613756613 0.5996787109375 0.2646441798941799 0.6189052734375 0.2619867724867725
0  0.99365234375 0.2328042328042328 0.0126953125 0.05555555555555555 -0.0009765625 -0.0013227513227513227 -0.0009765625 -0.0013227513227513227 -0.0009765625 -0.0013227513227513227 -0.0009765625 -0.0013227513227513227 -0.0009765625 -0.0013227513227513227
0  0.935546875 0.4801587301587302 0.072265625 0.10052910052910052 0.9124580078125 0.45337301587301587 0.9449462890625 0.46421428571428575 0.92093359375 0.47059259259259256 0.910103515625 0.4878121693121693 0.9430625 0.49992857142857144
0  0.8896484375 0.4451058201058201 0.05859375 0.051587301587301584 0.8747080078125 0.44293915343915347 0.8747080078125 0.4414325396825397 0.8817490234375 0.45749470899470895 0.8899013671875 0.45699338624338626 0.892125 0.455989417989418
0  0.04638671875 0.533068783068783 0.0771484375 0.10582010582010581 0.047830078125 0.5117222222222223 0.0768955078125 0.5043809523809524 0.069505859375 0.5330740740740741 0.0463515625 0.5530925925925926 0.077880859375 0.5464206349206349
0  0.1611328125 0.03902116402116402 0.005859375 0.011904761904761904 -0.0009765625 -0.0013227513227513227 -0.0009765625 -0.0013227513227513227 -0.0009765625 -0.0013227513227513227 -0.0009765625 -0.0013227513227513227 -0.0009765625 -0.0013227513227513227
0  0.17431640625 0.046296296296296294 0.0087890625 0.013227513227513227 -0.0009765625 -0.0013227513227513227 -0.0009765625 -0.0013227513227513227 -0.0009765625 -0.0013227513227513227 -0.0009765625 -0.0013227513227513227 -0.0009765625 -0.0013227513227513227
