0  0.833984375 0.48717948717948717 0.03515625 0.05429864253393665 0.8260498046875 0.4808235294117647 0.8394248046875 0.4752202111613877 0.8328505859375 0.4902775263951734 0.830810546875 0.4997300150829563 0.843505859375 0.4944781297134238
0  0.76416015625 0.31598793363499245 0.0224609375 0.04072398190045249 0.7573935546875 0.31065460030165915 0.7676826171875 0.30742232277526393 0.762451171875 0.3198129713423831 0.7608818359375 0.3270844645550528 0.769775390625 0.32277526395173456
0  0.70703125 0.3076923076923077 0.021484375 0.03619909502262444 0.703033203125 0.3034027149321267 0.712341796875 0.30222473604826544 0.7059326171875 0.3071734539969834 0.70394921875 0.31542232277526394 0.7108154296875 0.3147149321266968
0  0.73193359375 0.5052790346907994 0.0322265625 0.05731523378582202 0.723205078125 0.4954072398190045 0.739685546875 0.4972262443438914 0.732857421875 0.5081342383107088 0.725794921875 0.5172247360482655 0.7382724609375 0.5194057315233785
0  0.6494140625 0.3257918552036199 0.021484375 0.0392156862745098 0.6437685546875 0.3230452488687783 0.6528017578125 0.321051282051282 0.6476396484375 0.3290241327300151 0.6445751953125 0.33525188536953243 0.6542529296875 0.33475414781297136
0  0.6044921875 0.3310708898944193 0.01953125 0.03469079939668175 0.60197265625 0.3264253393665158 0.6108662109375 0.3248220211161388 0.6077529296875 0.3342081447963801 0.6037509765625 0.34130618401206636 0.6107177734375 0.3399321266968326
0  0.54833984375 0.3152337858220211 0.0244140625 0.0392156862745098 0.543177734375 0.312236802413273 0.5528564453125 0.3077526395173454 0.548662109375 0.31647209653092007 0.54608203125 0.3249441930618401 0.554146484375 0.3219532428355958
0  0.486328125 0.3250377073906486 0.021484375 0.043740573152337855 0.4825439453125 0.3203242835595777 0.4920654296875 0.3214555052790347 0.4876708984375 0.3305052790346908 0.4827265625 0.33474811463046755 0.490966796875 0.33531221719457016
0  0.43994140625 0.3310708898944193 0.0205078125 0.04072398190045249 0.4345703125 0.3273001508295626 0.4453125 0.3257918552036199 0.44140625 0.334841628959276 0.4375 0.34238310708898945 0.4443359375 0.34238310708898945
0  0.380859375 0.32428355957767724 0.0234375 0.0392156862745098 0.376220703125 0.3173755656108597 0.3868232421875 0.31711915535444946 0.382681640625 0.3283770739064857 0.379865234375 0.3355414781297134 0.3868232421875 0.3355414781297134
0  0.44775390625 0.4924585218702866 0.0263671875 0.04072398190045249 0.4415068359375 0.48491101055806934 0.4549384765625 0.4867481146304676 0.4483076171875 0.49620211161387634 0.4428671875 0.5019788838612368 0.45255859375 0.5030301659125189
0  0.55419921875 0.49019607843137253 0.0244140625 0.04524886877828054 0.5462119140625 0.48423076923076924 0.5595224609375 0.4790180995475113 0.5540859375 0.4955218702865762 0.5495869140625 0.5001553544494721 0.561583984375 0.4966802413273001
0  0.36328125 0.48491704374057315 0.025390625 0.049773755656108594 0.3563759765625 0.47672850678733036 0.3712333984375 0.48060784313725485 0.36328125 0.489657616892911 0.3570029296875 0.4970904977375566 0.366419921875 0.49870739064856706
