0  0.11376953125 0.3951822916666667 0.0283203125 0.045572916666666664 0.106388671875 0.3897291666666667 0.1197294921875 0.3885442708333333 0.112169921875 0.39803125 0.1081669921875 0.4048489583333333 0.1190625 0.4048489583333333
0  0.166015625 0.4251302083333333 0.025390625 0.045572916666666664 0.1590400390625 0.41895703125 0.171029296875 0.4180846354166667 0.164271484375 0.42709505208333337 0.1594765625 0.43377994791666663 0.17059375 0.43290755208333337
0  0.24169921875 0.369140625 0.0283203125 0.045572916666666664 0.2325439453125 0.3661640625 0.2454052734375 0.3655833333333333 0.2386474609375 0.37372135416666663 0.2340703125 0.3809869791666667 0.2458408203125 0.38011588541666663
0  0.27880859375 0.4127604166666667 0.0263671875 0.044270833333333336 0.271423828125 0.40840625 0.2827451171875 0.40698177083333337 0.275482421875 0.418375 0.272705078125 0.4229322916666667 0.282958984375 0.4217942708333333
0  0.3779296875 0.3795572916666667 0.02734375 0.045572916666666664 0.36959375 0.37280208333333337 0.38180078125 0.37309375 0.3743896484375 0.38355598958333337 0.37068359375 0.38966015625 0.383544921875 0.39111328125
0  0.42138671875 0.4029947916666667 0.0224609375 0.045572916666666664 0.41484765625 0.39769401041666663 0.426400390625 0.3982747395833333 0.420732421875 0.4055403645833333 0.41484765625 0.4119348958333333 0.4277080078125 0.4122252604166667
0  0.49560546875 0.380859375 0.0244140625 0.045572916666666664 0.4892841796875 0.3743958333333333 0.5014912109375 0.3741041666666667 0.494951171875 0.38427734375 0.4899375 0.39038020833333337 0.5004013671875 0.39038020833333337
0  0.5458984375 0.4049479166666667 0.025390625 0.046875 0.53955078125 0.3994140625 0.5499794921875 0.4012278645833333 0.5436318359375 0.40969140624999995 0.5381904296875 0.4148294270833333 0.5499794921875 0.4169453125
0  0.626953125 0.3619791666666667 0.0234375 0.036458333333333336 0.62056640625 0.35322526041666663 0.6311123046875 0.35370182291666663 0.6243203125 0.3637109375 0.62128125 0.3703841145833333 0.6293251953125 0.3703841145833333
0  0.66259765625 0.3873697916666667 0.0244140625 0.045572916666666664 0.6571484375 0.3829401041666667 0.66913671875 0.38323046875000005 0.66259765625 0.39166015625 0.6567119140625 0.39921614583333337 0.668265625 0.3997981770833334
0  0.75390625 0.38671875 0.025390625 0.046875 0.74680859375 0.38299869791666663 0.7583701171875 0.38299869791666663 0.7524765625 0.39116015625 0.7477158203125 0.3966002604166667 0.7583701171875 0.3966002604166667
0  0.7978515625 0.404296875 0.025390625 0.037760416666666664 0.78985546875 0.39803125 0.8013916015625 0.3977864583333333 0.7947998046875 0.4070638020833333 0.790771484375 0.4134114583333333 0.8017578125 0.4131666666666667
0  0.861328125 0.3912760416666667 0.025390625 0.04296875 0.8536201171875 0.38607942708333337 0.867658203125 0.38581249999999995 0.859435546875 0.39597265625000005 0.8542216796875 0.4007864583333333 0.865251953125 0.399984375
0  0.89990234375 0.375 0.0263671875 0.046875 0.8956337890625 0.3724544270833334 0.90741796875 0.3715651041666667 0.9016376953125 0.3819401041666666 0.8956337890625 0.38727734374999995 0.906529296875 0.38549739583333337
