0  0.1767578125 0.5669117647058823 0.017578125 0.027941176470588237 -0.0009765625 -0.0014705882352941176 -0.0009765625 -0.0014705882352941176 -0.0009765625 -0.0014705882352941176 -0.0009765625 -0.0014705882352941176 -0.0009765625 -0.0014705882352941176
0  0.158203125 0.600735294117647 0.01953125 0.030882352941176472 0.1558359375 0.5950764705882353 0.163294921875 0.5946955882352941 0.159501953125 0.6026911764705882 0.1564677734375 0.6076411764705882 0.1611455078125 0.6068808823529411
0  0.14208984375 0.6183823529411765 0.0185546875 0.033823529411764704 -0.0009765625 -0.0014705882352941176 -0.0009765625 -0.0014705882352941176 -0.0009765625 -0.0014705882352941176 -0.0009765625 -0.0014705882352941176 -0.0009765625 -0.0014705882352941176
0  0.1171875 0.663235294117647 0.01953125 0.029411764705882353 0.1158798828125 0.6591 0.123857421875 0.6585088235294118 0.120849609375 0.6654014705882353 0.11692578125 0.6707191176470588 0.1230732421875 0.6701294117647059
0  0.05517578125 0.6522058823529412 0.0166015625 0.030882352941176472 0.051361328125 0.6440191176470588 0.0585244140625 0.6452397058823529 0.0539287109375 0.653585294117647 0.0524423828125 0.6586720588235294 0.0564970703125 0.6594867647058824
0  0.08447265625 0.6154411764705883 0.0185546875 0.030882352941176472 0.0801171875 0.6105573529411764 0.0879560546875 0.6109632352941177 0.0839013671875 0.6199191176470589 0.0817392578125 0.6246 0.0860634765625 0.6246
0  0.02978515625 0.5661764705882353 0.0166015625 0.03235294117647059 0.0258095703125 0.5615544117647059 0.0333427734375 0.5615544117647059 0.029296875 0.5705882352941176 0.0279013671875 0.57605 0.031529296875 0.57605
0  0.06103515625 0.5948529411764706 0.0205078125 0.030882352941176472 -0.0009765625 -0.0014705882352941176 -0.0009765625 -0.0014705882352941176 -0.0009765625 -0.0014705882352941176 -0.0009765625 -0.0014705882352941176 -0.0009765625 -0.0014705882352941176
0  0.0908203125 0.5676470588235294 0.021484375 0.03529411764705882 0.086478515625 0.5612661764705882 0.0952236328125 0.5605955882352941 0.0912216796875 0.569525 0.0884052734375 0.5742117647058823 0.0938896484375 0.5739882352941177
0  0.19287109375 0.49779411764705883 0.0146484375 0.027941176470588237 0.18994140625 0.49172794117647056 0.1971435546875 0.4920955882352941 0.1937255859375 0.4970588235294118 0.1904296875 0.5007352941176471 0.1959228515625 0.5007352941176471
0  0.1279296875 0.5926470588235294 0.017578125 0.029411764705882353 -0.0009765625 -0.0014705882352941176 -0.0009765625 -0.0014705882352941176 -0.0009765625 -0.0014705882352941176 -0.0009765625 -0.0014705882352941176 -0.0009765625 -0.0014705882352941176
0  0.06201171875 0.5161764705882353 0.0146484375 0.023529411764705882 -0.0009765625 -0.0014705882352941176 -0.0009765625 -0.0014705882352941176 -0.0009765625 -0.0014705882352941176 -0.0009765625 -0.0014705882352941176 -0.0009765625 -0.0014705882352941176
0  0.0908203125 0.5051470588235294 0.015625 0.025 -0.0009765625 -0.0014705882352941176 -0.0009765625 -0.0014705882352941176 -0.0009765625 -0.0014705882352941176 -0.0009765625 -0.0014705882352941176 -0.0009765625 -0.0014705882352941176
0  0.1474609375 0.55 0.015625 0.029411764705882353 -0.0009765625 -0.0014705882352941176 -0.0009765625 -0.0014705882352941176 -0.0009765625 -0.0014705882352941176 -0.0009765625 -0.0014705882352941176 -0.0009765625 -0.0014705882352941176
0  0.02587890625 0.6397058823529411 0.0185546875 0.029411764705882353 -0.0009765625 -0.0014705882352941176 -0.0009765625 -0.0014705882352941176 -0.0009765625 -0.0014705882352941176 -0.0009765625 -0.0014705882352941176 -0.0009765625 -0.0014705882352941176
0  0.03173828125 0.5279411764705882 0.0185546875 0.029411764705882353 -0.0009765625 -0.0014705882352941176 -0.0009765625 -0.0014705882352941176 -0.0009765625 -0.0014705882352941176 -0.0009765625 -0.0014705882352941176 -0.0009765625 -0.0014705882352941176
0  0.005859375 0.4889705882352941 0.01171875 0.025 -0.0009765625 -0.0014705882352941176 -0.0009765625 -0.0014705882352941176 -0.0009765625 -0.0014705882352941176 -0.0009765625 -0.0014705882352941176 -0.0009765625 -0.0014705882352941176
0  0.29443359375 0.6227941176470588 0.0205078125 0.033823529411764704 0.2899169921875 0.6169911764705882 0.2979736328125 0.6165573529411765 0.2940888671875 0.6243558823529411 0.29135546875 0.6315058823529411 0.296822265625 0.6317220588235295
0  0.34814453125 0.6301470588235294 0.0185546875 0.027941176470588237 -0.0009765625 -0.0014705882352941176 -0.0009765625 -0.0014705882352941176 -0.0009765625 -0.0014705882352941176 -0.0009765625 -0.0014705882352941176 -0.0009765625 -0.0014705882352941176
0  0.21240234375 0.586764705882353 0.0205078125 0.029411764705882353 0.207859375 0.5844014705882352 0.2180615234375 0.5826294117647058 0.2138759765625 0.5932647058823529 0.2096904296875 0.598779411764706 0.2171455078125 0.5989764705882352
0  0.27294921875 0.5911764705882353 0.0185546875 0.029411764705882353 0.268763671875 0.5888132352941176 0.27752734375 0.5884191176470588 0.27294921875 0.597085294117647 0.2705947265625 0.6053573529411764 0.2754345703125 0.6053573529411764
0  0.3525390625 0.5522058823529412 0.015625 0.027941176470588237 0.350720703125 0.5484838235294117 0.3574306640625 0.5472426470588235 0.3548408203125 0.5543323529411766 0.3509560546875 0.5600058823529411 0.356841796875 0.5592955882352941
0  0.2900390625 0.49117647058823527 0.013671875 0.026470588235294117 0.2879990234375 0.4844147058823529 0.2946865234375 0.4842441176470588 0.2912861328125 0.4903882352941176 0.2889052734375 0.496875 0.2946865234375 0.4967044117647059
0  0.34228515625 0.48676470588235293 0.0126953125 0.026470588235294117 -0.0009765625 -0.0014705882352941176 -0.0009765625 -0.0014705882352941176 -0.0009765625 -0.0014705882352941176 -0.0009765625 -0.0014705882352941176 -0.0009765625 -0.0014705882352941176
0  0.36474609375 0.5095588235294117 0.0146484375 0.027941176470588237 0.362962890625 0.5044176470588235 0.3693193359375 0.5031779411764706 0.3675537109375 0.5113308823529411 0.3643759765625 0.5166485294117648 0.3693193359375 0.5154088235294118
0  0.22998046875 0.5683823529411764 0.0166015625 0.030882352941176472 -0.0009765625 -0.0014705882352941176 -0.0009765625 -0.0014705882352941176 -0.0009765625 -0.0014705882352941176 -0.0009765625 -0.0014705882352941176 -0.0009765625 -0.0014705882352941176
0  0.2626953125 0.5514705882352942 0.015625 0.026470588235294117 -0.0009765625 -0.0014705882352941176 -0.0009765625 -0.0014705882352941176 -0.0009765625 -0.0014705882352941176 -0.0009765625 -0.0014705882352941176 -0.0009765625 -0.0014705882352941176
0  0.2158203125 0.4904411764705882 0.013671875 0.025 0.2133134765625 0.4851897058823529 0.2203984375 0.4851897058823529 0.2160380859375 0.49191764705882357 0.21483984375 0.49602205882352945 0.2184365234375 0.49602205882352945
0  0.228515625 0.49264705882352944 0.013671875 0.023529411764705882 -0.0009765625 -0.0014705882352941176 -0.0009765625 -0.0014705882352941176 -0.0009765625 -0.0014705882352941176 -0.0009765625 -0.0014705882352941176 -0.0009765625 -0.0014705882352941176
0  0.27001953125 0.513235294117647 0.0146484375 0.026470588235294117 -0.0009765625 -0.0014705882352941176 -0.0009765625 -0.0014705882352941176 -0.0009765625 -0.0014705882352941176 -0.0009765625 -0.0014705882352941176 -0.0009765625 -0.0014705882352941176
0  0.251953125 0.5044117647058823 0.017578125 0.029411764705882353 -0.0009765625 -0.0014705882352941176 -0.0009765625 -0.0014705882352941176 -0.0009765625 -0.0014705882352941176 -0.0009765625 -0.0014705882352941176 -0.0009765625 -0.0014705882352941176
0  0.31494140625 0.5191176470588236 0.0146484375 0.026470588235294117 -0.0009765625 -0.0014705882352941176 -0.0009765625 -0.0014705882352941176 -0.0009765625 -0.0014705882352941176 -0.0009765625 -0.0014705882352941176 -0.0009765625 -0.0014705882352941176
0  0.30810546875 0.5014705882352941 0.0146484375 0.026470588235294117 -0.0009765625 -0.0014705882352941176 -0.0009765625 -0.0014705882352941176 -0.0009765625 -0.0014705882352941176 -0.0009765625 -0.0014705882352941176 -0.0009765625 -0.0014705882352941176
0  0.2109375 0.5235294117647059 0.017578125 0.026470588235294117 -0.0009765625 -0.0014705882352941176 -0.0009765625 -0.0014705882352941176 -0.0009765625 -0.0014705882352941176 -0.0009765625 -0.0014705882352941176 -0.0009765625 -0.0014705882352941176
0  0.384765625 0.5507352941176471 0.013671875 0.027941176470588237 -0.0009765625 -0.0014705882352941176 -0.0009765625 -0.0014705882352941176 -0.0009765625 -0.0014705882352941176 -0.0009765625 -0.0014705882352941176 -0.0009765625 -0.0014705882352941176
0  0.32373046875 0.5426470588235294 0.0146484375 0.029411764705882353 -0.0009765625 -0.0014705882352941176 -0.0009765625 -0.0014705882352941176 -0.0009765625 -0.0014705882352941176 -0.0009765625 -0.0014705882352941176 -0.0009765625 -0.0014705882352941176
0  0.45556640625 0.6323529411764706 0.0166015625 0.029411764705882353 0.45098828125 0.6266411764705883 0.459228515625 0.6262470588235294 0.4545205078125 0.6347161764705883 0.451904296875 0.6408220588235294 0.4572666015625 0.6410191176470588
0  0.53955078125 0.6198529411764706 0.0185546875 0.030882352941176472 0.5372314453125 0.6161632352941177 0.545470703125 0.6167544117647058 0.5411552734375 0.6250264705882352 0.5372314453125 0.6297529411764706 0.543640625 0.6297529411764706
0  0.41650390625 0.625 0.0205078125 0.03235294117647059 0.4115517578125 0.6214279411764706 0.4207587890625 0.6203779411764706 0.415736328125 0.6285720588235294 0.4130859375 0.6348735294117647 0.418666015625 0.6344544117647059
0  0.47509765625 0.5911764705882353 0.0185546875 0.03529411764705882 -0.0009765625 -0.0014705882352941176 -0.0009765625 -0.0014705882352941176 -0.0009765625 -0.0014705882352941176 -0.0009765625 -0.0014705882352941176 -0.0009765625 -0.0014705882352941176
0  0.5166015625 0.6183823529411765 0.01953125 0.030882352941176472 0.5141513671875 0.6146926470588235 0.520560546875 0.6133147058823529 0.5182060546875 0.6200102941176471 0.51558984375 0.6251308823529411 0.5209521484375 0.62395
0  0.57373046875 0.611764705882353 0.0185546875 0.03235294117647059 0.5726494140625 0.6059411764705883 0.5822451171875 0.6055338235294118 0.5776494140625 0.6169308823529411 0.574947265625 0.6203911764705882 0.57940625 0.6205941176470589
0  0.5634765625 0.49926470588235294 0.017578125 0.027941176470588237 0.561240234375 0.49323823529411764 0.566537109375 0.49323823529411764 0.56441796875 0.5005058823529411 0.561828125 0.5075955882352942 0.5667724609375 0.5075955882352942
0  0.4873046875 0.5102941176470588 0.013671875 0.026470588235294117 -0.0009765625 -0.0014705882352941176 -0.0009765625 -0.0014705882352941176 -0.0009765625 -0.0014705882352941176 -0.0009765625 -0.0014705882352941176 -0.0009765625 -0.0014705882352941176
0  0.42236328125 0.5904411764705882 0.0166015625 0.030882352941176472 -0.0009765625 -0.0014705882352941176 -0.0009765625 -0.0014705882352941176 -0.0009765625 -0.0014705882352941176 -0.0009765625 -0.0014705882352941176 -0.0009765625 -0.0014705882352941176
0  0.45556640625 0.5345588235294118 0.0166015625 0.027941176470588237 0.453560546875 0.5297985294117646 0.4601357421875 0.5297985294117646 0.45646875 0.5364632352941177 0.4538134765625 0.5419838235294118 0.4589970703125 0.5419838235294118
0  0.423828125 0.4919117647058823 0.013671875 0.025 0.42105078125 0.4868235294117647 0.4258466796875 0.4853470588235294 0.4241025390625 0.49125588235294115 0.4230126953125 0.49601470588235297 0.426173828125 0.4950308823529411
0  0.4296875 0.524264705882353 0.013671875 0.027941176470588237 -0.0009765625 -0.0014705882352941176 -0.0009765625 -0.0014705882352941176 -0.0009765625 -0.0014705882352941176 -0.0009765625 -0.0014705882352941176 -0.0009765625 -0.0014705882352941176
0  0.4033203125 0.6161764705882353 0.017578125 0.026470588235294117 -0.0009765625 -0.0014705882352941176 -0.0009765625 -0.0014705882352941176 -0.0009765625 -0.0014705882352941176 -0.0009765625 -0.0014705882352941176 -0.0009765625 -0.0014705882352941176
0  0.4716796875 0.5029411764705882 0.013671875 0.023529411764705882 -0.0009765625 -0.0014705882352941176 -0.0009765625 -0.0014705882352941176 -0.0009765625 -0.0014705882352941176 -0.0009765625 -0.0014705882352941176 -0.0009765625 -0.0014705882352941176
0  0.52978515625 0.4919117647058823 0.0126953125 0.025 -0.0009765625 -0.0014705882352941176 -0.0009765625 -0.0014705882352941176 -0.0009765625 -0.0014705882352941176 -0.0009765625 -0.0014705882352941176 -0.0009765625 -0.0014705882352941176
0  0.40234375 0.4676470588235294 0.01171875 0.020588235294117647 -0.0009765625 -0.0014705882352941176 -0.0009765625 -0.0014705882352941176 -0.0009765625 -0.0014705882352941176 -0.0009765625 -0.0014705882352941176 -0.0009765625 -0.0014705882352941176
0  0.44091796875 0.48823529411764705 0.0146484375 0.023529411764705882 -0.0009765625 -0.0014705882352941176 -0.0009765625 -0.0014705882352941176 -0.0009765625 -0.0014705882352941176 -0.0009765625 -0.0014705882352941176 -0.0009765625 -0.0014705882352941176
0  0.5419921875 0.5301470588235294 0.013671875 0.022058823529411766 -0.0009765625 -0.0014705882352941176 -0.0009765625 -0.0014705882352941176 -0.0009765625 -0.0014705882352941176 -0.0009765625 -0.0014705882352941176 -0.0009765625 -0.0014705882352941176
0  0.54736328125 0.47058823529411764 0.0126953125 0.023529411764705882 -0.0009765625 -0.0014705882352941176 -0.0009765625 -0.0014705882352941176 -0.0009765625 -0.0014705882352941176 -0.0009765625 -0.0014705882352941176 -0.0009765625 -0.0014705882352941176
0  0.68505859375 0.4985294117647059 0.0166015625 0.026470588235294117 0.681998046875 0.49125588235294115 0.689025390625 0.4915970588235294 0.685171875 0.49722941176470586 0.6829052734375 0.500985294117647 0.687439453125 0.5013264705882353
0  0.6552734375 0.48161764705882354 0.015625 0.025 -0.0009765625 -0.0014705882352941176 -0.0009765625 -0.0014705882352941176 -0.0009765625 -0.0014705882352941176 -0.0009765625 -0.0014705882352941176 -0.0009765625 -0.0014705882352941176
0  0.64892578125 0.5926470588235294 0.0166015625 0.03235294117647059 0.6446533203125 0.5874338235294118 0.6535732421875 0.5884514705882353 0.6480322265625 0.5959823529411764 0.64505859375 0.6026985294117647 0.6514111328125 0.6033088235294117
0  0.62060546875 0.5411764705882353 0.0166015625 0.029411764705882353 0.6184736328125 0.5364426470588235 0.6256796875 0.5366338235294118 0.6222666015625 0.5457720588235294 0.6161982421875 0.5474852941176471 0.616830078125 0.5478661764705882
0  0.64599609375 0.5345588235294118 0.0166015625 0.027941176470588237 -0.0009765625 -0.0014705882352941176 -0.0009765625 -0.0014705882352941176 -0.0009765625 -0.0014705882352941176 -0.0009765625 -0.0014705882352941176 -0.0009765625 -0.0014705882352941176
0  0.505859375 0.5522058823529412 0.013671875 0.022058823529411766 0.5049873046875 0.5477147058823529 0.5085361328125 0.5488705882352941 0.5045078125 0.5540705882352941 0.5065224609375 0.5582588235294117 0.507865234375 0.5589808823529412
0  0.5810546875 0.5742647058823529 0.015625 0.030882352941176472 -0.0009765625 -0.0014705882352941176 -0.0009765625 -0.0014705882352941176 -0.0009765625 -0.0014705882352941176 -0.0009765625 -0.0014705882352941176 -0.0009765625 -0.0014705882352941176
0  0.60791015625 0.6022058823529411 0.0166015625 0.033823529411764704 0.6056953125 0.5953191176470588 0.613033203125 0.594885294117647 0.609435546875 0.600735294117647 0.6067021484375 0.6109176470588235 0.61245703125 0.6100514705882353
0  0.625 0.6176470588235294 0.017578125 0.03529411764705882 0.621185546875 0.6065720588235294 0.629578125 0.6065720588235294 0.6253046875 0.6150735294117647 0.6201171875 0.6212779411764706 0.6278994140625 0.6212779411764706
0  0.54833984375 0.5941176470588235 0.0185546875 0.03529411764705882 -0.0009765625 -0.0014705882352941176 -0.0009765625 -0.0014705882352941176 -0.0009765625 -0.0014705882352941176 -0.0009765625 -0.0014705882352941176 -0.0009765625 -0.0014705882352941176
0  0.75537109375 0.6448529411764706 0.0185546875 0.03676470588235294 0.75221484375 0.6384455882352941 0.76021875 0.6382088235294118 0.75582421875 0.6490808823529411 0.7529990234375 0.6561705882352942 0.7591201171875 0.6564073529411765
0  0.76806640625 0.6095588235294118 0.0185546875 0.033823529411764704 0.76426953125 0.6028882352941176 0.773044921875 0.6024558823529412 0.76844140625 0.6106882352941176 0.7652763671875 0.6174044117647058 0.770599609375 0.6171882352941176
0  0.6845703125 0.6389705882352941 0.017578125 0.025 -0.0009765625 -0.0014705882352941176 -0.0009765625 -0.0014705882352941176 -0.0009765625 -0.0014705882352941176 -0.0009765625 -0.0014705882352941176 -0.0009765625 -0.0014705882352941176
0  0.71142578125 0.6191176470588236 0.0205078125 0.03529411764705882 0.707197265625 0.6168661764705883 0.7166923828125 0.6159985294117647 0.71180078125 0.6235823529411765 0.708923828125 0.6296485294117647 0.713814453125 0.6296485294117647
0  0.69482421875 0.5367647058823529 0.0166015625 0.029411764705882353 0.6900546875 0.5337441176470589 0.6973876953125 0.5337441176470589 0.6930888671875 0.5405985294117648 0.69043359375 0.5442161764705883 0.6970087890625 0.5445970588235295
0  0.751953125 0.5639705882352941 0.017578125 0.030882352941176472 -0.0009765625 -0.0014705882352941176 -0.0009765625 -0.0014705882352941176 -0.0009765625 -0.0014705882352941176 -0.0009765625 -0.0014705882352941176 -0.0009765625 -0.0014705882352941176
0  0.8056640625 0.5573529411764706 0.015625 0.029411764705882353 0.80228515625 0.5518573529411764 0.810376953125 0.5516676470588235 0.8058251953125 0.560425 0.80430859375 0.565375 0.808859375 0.5640426470588235
0  0.71875 0.5345588235294118 0.015625 0.025 0.7169541015625 0.5296352941176471 0.7239296875 0.5301279411764707 0.720986328125 0.5348867647058824 0.7184794921875 0.5417808823529412 0.72283984375 0.5421088235294118
0  0.75634765625 0.48161764705882354 0.0146484375 0.025 0.753134765625 0.4776779411764706 0.7600009765625 0.4771867647058824 0.75705859375 0.48211029411764705 0.755205078125 0.48801911764705885 0.758583984375 0.48801911764705885
0  0.78173828125 0.5911764705882353 0.0166015625 0.03235294117647059 -0.0009765625 -0.0014705882352941176 -0.0009765625 -0.0014705882352941176 -0.0009765625 -0.0014705882352941176 -0.0009765625 -0.0014705882352941176 -0.0009765625 -0.0014705882352941176
0  0.75146484375 0.5213235294117647 0.0146484375 0.030882352941176472 -0.0009765625 -0.0014705882352941176 -0.0009765625 -0.0014705882352941176 -0.0009765625 -0.0014705882352941176 -0.0009765625 -0.0014705882352941176 -0.0009765625 -0.0014705882352941176
0  0.7978515625 0.4919117647058823 0.017578125 0.030882352941176472 -0.0009765625 -0.0014705882352941176 -0.0009765625 -0.0014705882352941176 -0.0009765625 -0.0014705882352941176 -0.0009765625 -0.0014705882352941176 -0.0009765625 -0.0014705882352941176
0  0.6357421875 0.5058823529411764 0.015625 0.023529411764705882 -0.0009765625 -0.0014705882352941176 -0.0009765625 -0.0014705882352941176 -0.0009765625 -0.0014705882352941176 -0.0009765625 -0.0014705882352941176 -0.0009765625 -0.0014705882352941176
0  0.96337890625 0.6235294117647059 0.0205078125 0.041176470588235294 0.9588447265625 0.618539705882353 0.96878515625 0.618014705882353 0.96390234375 0.6251044117647059 0.960240234375 0.6308823529411764 0.9661689453125 0.6308823529411764
0  0.869140625 0.6227941176470588 0.021484375 0.03676470588235294 0.866001953125 0.6163867647058823 0.8738486328125 0.6156779411764706 0.86819921875 0.6244220588235294 0.8656875 0.6315132352941176 0.87259375 0.631039705882353
0  0.8994140625 0.5845588235294118 0.017578125 0.030882352941176472 0.898044921875 0.5775205882352941 0.90576171875 0.5781117647058823 0.901576171875 0.5846117647058824 0.89817578125 0.5905205882352941 0.903015625 0.5913073529411764
0  0.82421875 0.6352941176470588 0.017578125 0.03235294117647059 -0.0009765625 -0.0014705882352941176 -0.0009765625 -0.0014705882352941176 -0.0009765625 -0.0014705882352941176 -0.0009765625 -0.0014705882352941176 -0.0009765625 -0.0014705882352941176
0  0.82861328125 0.6066176470588235 0.0166015625 0.030882352941176472 -0.0009765625 -0.0014705882352941176 -0.0009765625 -0.0014705882352941176 -0.0009765625 -0.0014705882352941176 -0.0009765625 -0.0014705882352941176 -0.0009765625 -0.0014705882352941176
0  0.87841796875 0.55 0.0166015625 0.029411764705882353 -0.0009765625 -0.0014705882352941176 -0.0009765625 -0.0014705882352941176 -0.0009765625 -0.0014705882352941176 -0.0009765625 -0.0014705882352941176 -0.0009765625 -0.0014705882352941176
0  0.82763671875 0.5602941176470588 0.0166015625 0.03235294117647059 0.822474609375 0.5569323529411765 0.830845703125 0.5567220588235294 0.826939453125 0.5649161764705882 0.8226142578125 0.5724794117647058 0.8301474609375 0.5726897058823529
0  0.93896484375 0.5367647058823529 0.0146484375 0.023529411764705882 -0.0009765625 -0.0014705882352941176 -0.0009765625 -0.0014705882352941176 -0.0009765625 -0.0014705882352941176 -0.0009765625 -0.0014705882352941176 -0.0009765625 -0.0014705882352941176
0  0.83837890625 0.5161764705882353 0.0146484375 0.026470588235294117 -0.0009765625 -0.0014705882352941176 -0.0009765625 -0.0014705882352941176 -0.0009765625 -0.0014705882352941176 -0.0009765625 -0.0014705882352941176 -0.0009765625 -0.0014705882352941176
0  0.9921875 0.4838235294117647 0.013671875 0.026470588235294117 0.99004296875 0.4784264705882353 0.99673046875 0.4794514705882353 0.9924228515625 0.48474264705882353 0.9893623046875 0.4884985294117647 0.993896484375 0.4893514705882353
0  0.9912109375 0.6044117647058823 0.015625 0.03235294117647059 -0.0009765625 -0.0014705882352941176 -0.0009765625 -0.0014705882352941176 -0.0009765625 -0.0014705882352941176 -0.0009765625 -0.0014705882352941176 -0.0009765625 -0.0014705882352941176
0  0.982421875 0.5610294117647059 0.017578125 0.030882352941176472 -0.0009765625 -0.0014705882352941176 -0.0009765625 -0.0014705882352941176 -0.0009765625 -0.0014705882352941176 -0.0009765625 -0.0014705882352941176 -0.0009765625 -0.0014705882352941176
0  0.95166015625 0.5352941176470588 0.0146484375 0.026470588235294117 -0.0009765625 -0.0014705882352941176 -0.0009765625 -0.0014705882352941176 -0.0009765625 -0.0014705882352941176 -0.0009765625 -0.0014705882352941176 -0.0009765625 -0.0014705882352941176
0  0.9150390625 0.5029411764705882 0.013671875 0.023529411764705882 -0.0009765625 -0.0014705882352941176 -0.0009765625 -0.0014705882352941176 -0.0009765625 -0.0014705882352941176 -0.0009765625 -0.0014705882352941176 -0.0009765625 -0.0014705882352941176
0  0.90380859375 0.5213235294117647 0.0146484375 0.025 -0.0009765625 -0.0014705882352941176 -0.0009765625 -0.0014705882352941176 -0.0009765625 -0.0014705882352941176 -0.0009765625 -0.0014705882352941176 -0.0009765625 -0.0014705882352941176
0  0.9052734375 0.4727941176470588 0.013671875 0.025 0.9037998046875 0.4667220588235294 0.909685546875 0.46540882352941176 0.908595703125 0.47197352941176474 0.906416015625 0.4777176470588235 0.911865234375 0.4764044117647059
0  0.86669921875 0.5102941176470588 0.0166015625 0.026470588235294117 -0.0009765625 -0.0014705882352941176 -0.0009765625 -0.0014705882352941176 -0.0009765625 -0.0014705882352941176 -0.0009765625 -0.0014705882352941176 -0.0009765625 -0.0014705882352941176
0  0.068359375 0.5485294117647059 0.015625 0.029411764705882353 -0.0009765625 -0.0014705882352941176 -0.0009765625 -0.0014705882352941176 -0.0009765625 -0.0014705882352941176 -0.0009765625 -0.0014705882352941176 -0.0009765625 -0.0014705882352941176
0  0.14306640625 0.47352941176470587 0.0146484375 0.026470588235294117 -0.0009765625 -0.0014705882352941176 -0.0009765625 -0.0014705882352941176 -0.0009765625 -0.0014705882352941176 -0.0009765625 -0.0014705882352941176 -0.0009765625 -0.0014705882352941176
0  0.123046875 0.4485294117647059 0.01171875 0.023529411764705882 -0.0009765625 -0.0014705882352941176 -0.0009765625 -0.0014705882352941176 -0.0009765625 -0.0014705882352941176 -0.0009765625 -0.0014705882352941176 -0.0009765625 -0.0014705882352941176
0  0.09912109375 0.4573529411764706 0.0146484375 0.026470588235294117 -0.0009765625 -0.0014705882352941176 -0.0009765625 -0.0014705882352941176 -0.0009765625 -0.0014705882352941176 -0.0009765625 -0.0014705882352941176 -0.0009765625 -0.0014705882352941176
0  0.04931640625 0.43970588235294117 0.0126953125 0.023529411764705882 -0.0009765625 -0.0014705882352941176 -0.0009765625 -0.0014705882352941176 -0.0009765625 -0.0014705882352941176 -0.0009765625 -0.0014705882352941176 -0.0009765625 -0.0014705882352941176
0  0.25048828125 0.45808823529411763 0.0166015625 0.025 -0.0009765625 -0.0014705882352941176 -0.0009765625 -0.0014705882352941176 -0.0009765625 -0.0014705882352941176 -0.0009765625 -0.0014705882352941176 -0.0009765625 -0.0014705882352941176
0  0.3037109375 0.475 0.01171875 0.023529411764705882 -0.0009765625 -0.0014705882352941176 -0.0009765625 -0.0014705882352941176 -0.0009765625 -0.0014705882352941176 -0.0009765625 -0.0014705882352941176 -0.0009765625 -0.0014705882352941176
0  0.26806640625 0.4727941176470588 0.0166015625 0.027941176470588237 -0.0009765625 -0.0014705882352941176 -0.0009765625 -0.0014705882352941176 -0.0009765625 -0.0014705882352941176 -0.0009765625 -0.0014705882352941176 -0.0009765625 -0.0014705882352941176
0  0.28466796875 0.4610294117647059 0.0107421875 0.01911764705882353 -0.0009765625 -0.0014705882352941176 -0.0009765625 -0.0014705882352941176 -0.0009765625 -0.0014705882352941176 -0.0009765625 -0.0014705882352941176 -0.0009765625 -0.0014705882352941176
0  0.28564453125 0.4411764705882353 0.0087890625 0.01764705882352941 -0.0009765625 -0.0014705882352941176 -0.0009765625 -0.0014705882352941176 -0.0009765625 -0.0014705882352941176 -0.0009765625 -0.0014705882352941176 -0.0009765625 -0.0014705882352941176
0  0.23388671875 0.42867647058823527 0.0107421875 0.01911764705882353 -0.0009765625 -0.0014705882352941176 -0.0009765625 -0.0014705882352941176 -0.0009765625 -0.0014705882352941176 -0.0009765625 -0.0014705882352941176 -0.0009765625 -0.0014705882352941176
0  0.181640625 0.4713235294117647 0.009765625 0.01911764705882353 -0.0009765625 -0.0014705882352941176 -0.0009765625 -0.0014705882352941176 -0.0009765625 -0.0014705882352941176 -0.0009765625 -0.0014705882352941176 -0.0009765625 -0.0014705882352941176
0  0.212890625 0.4514705882352941 0.01171875 0.020588235294117647 -0.0009765625 -0.0014705882352941176 -0.0009765625 -0.0014705882352941176 -0.0009765625 -0.0014705882352941176 -0.0009765625 -0.0014705882352941176 -0.0009765625 -0.0014705882352941176
0  0.203125 0.4279411764705882 0.01171875 0.020588235294117647 -0.0009765625 -0.0014705882352941176 -0.0009765625 -0.0014705882352941176 -0.0009765625 -0.0014705882352941176 -0.0009765625 -0.0014705882352941176 -0.0009765625 -0.0014705882352941176
0  0.17626953125 0.4375 0.0087890625 0.01911764705882353 -0.0009765625 -0.0014705882352941176 -0.0009765625 -0.0014705882352941176 -0.0009765625 -0.0014705882352941176 -0.0009765625 -0.0014705882352941176 -0.0009765625 -0.0014705882352941176
0  0.3828125 0.4441176470588235 0.013671875 0.020588235294117647 -0.0009765625 -0.0014705882352941176 -0.0009765625 -0.0014705882352941176 -0.0009765625 -0.0014705882352941176 -0.0009765625 -0.0014705882352941176 -0.0009765625 -0.0014705882352941176
0  0.408203125 0.4404411764705882 0.013671875 0.022058823529411766 -0.0009765625 -0.0014705882352941176 -0.0009765625 -0.0014705882352941176 -0.0009765625 -0.0014705882352941176 -0.0009765625 -0.0014705882352941176 -0.0009765625 -0.0014705882352941176
0  0.41796875 0.47352941176470587 0.013671875 0.023529411764705882 -0.0009765625 -0.0014705882352941176 -0.0009765625 -0.0014705882352941176 -0.0009765625 -0.0014705882352941176 -0.0009765625 -0.0014705882352941176 -0.0009765625 -0.0014705882352941176
0  0.318359375 0.43970588235294117 0.009765625 0.020588235294117647 -0.0009765625 -0.0014705882352941176 -0.0009765625 -0.0014705882352941176 -0.0009765625 -0.0014705882352941176 -0.0009765625 -0.0014705882352941176 -0.0009765625 -0.0014705882352941176
0  0.470703125 0.46838235294117647 0.01171875 0.022058823529411766 -0.0009765625 -0.0014705882352941176 -0.0009765625 -0.0014705882352941176 -0.0009765625 -0.0014705882352941176 -0.0009765625 -0.0014705882352941176 -0.0009765625 -0.0014705882352941176
0  0.45263671875 0.45588235294117646 0.0107421875 0.01764705882352941 -0.0009765625 -0.0014705882352941176 -0.0009765625 -0.0014705882352941176 -0.0009765625 -0.0014705882352941176 -0.0009765625 -0.0014705882352941176 -0.0009765625 -0.0014705882352941176
0  0.51123046875 0.4727941176470588 0.0126953125 0.022058823529411766 -0.0009765625 -0.0014705882352941176 -0.0009765625 -0.0014705882352941176 -0.0009765625 -0.0014705882352941176 -0.0009765625 -0.0014705882352941176 -0.0009765625 -0.0014705882352941176
0  0.5869140625 0.47794117647058826 0.013671875 0.023529411764705882 -0.0009765625 -0.0014705882352941176 -0.0009765625 -0.0014705882352941176 -0.0009765625 -0.0014705882352941176 -0.0009765625 -0.0014705882352941176 -0.0009765625 -0.0014705882352941176
0  0.48974609375 0.45588235294117646 0.0126953125 0.020588235294117647 -0.0009765625 -0.0014705882352941176 -0.0009765625 -0.0014705882352941176 -0.0009765625 -0.0014705882352941176 -0.0009765625 -0.0014705882352941176 -0.0009765625 -0.0014705882352941176
0  0.52978515625 0.43529411764705883 0.0107421875 0.020588235294117647 -0.0009765625 -0.0014705882352941176 -0.0009765625 -0.0014705882352941176 -0.0009765625 -0.0014705882352941176 -0.0009765625 -0.0014705882352941176 -0.0009765625 -0.0014705882352941176
0  0.51513671875 0.43529411764705883 0.0107421875 0.01764705882352941 -0.0009765625 -0.0014705882352941176 -0.0009765625 -0.0014705882352941176 -0.0009765625 -0.0014705882352941176 -0.0009765625 -0.0014705882352941176 -0.0009765625 -0.0014705882352941176
0  0.50146484375 0.5095588235294117 0.0126953125 0.022058823529411766 -0.0009765625 -0.0014705882352941176 -0.0009765625 -0.0014705882352941176 -0.0009765625 -0.0014705882352941176 -0.0009765625 -0.0014705882352941176 -0.0009765625 -0.0014705882352941176
0  0.51611328125 0.5110294117647058 0.0126953125 0.025 -0.0009765625 -0.0014705882352941176 -0.0009765625 -0.0014705882352941176 -0.0009765625 -0.0014705882352941176 -0.0009765625 -0.0014705882352941176 -0.0009765625 -0.0014705882352941176
0  0.3720703125 0.4007352941176471 0.013671875 0.022058823529411766 -0.0009765625 -0.0014705882352941176 -0.0009765625 -0.0014705882352941176 -0.0009765625 -0.0014705882352941176 -0.0009765625 -0.0014705882352941176 -0.0009765625 -0.0014705882352941176
0  0.3359375 0.4051470588235294 0.01171875 0.01911764705882353 -0.0009765625 -0.0014705882352941176 -0.0009765625 -0.0014705882352941176 -0.0009765625 -0.0014705882352941176 -0.0009765625 -0.0014705882352941176 -0.0009765625 -0.0014705882352941176
0  0.7822265625 0.4676470588235294 0.01171875 0.023529411764705882 0.7794189453125 0.4626838235294118 0.7847333984375 0.4619294117647059 0.7824267578125 0.46796911764705884 0.780521484375 0.47370735294117644 0.784232421875 0.47355588235294116
0  0.90576171875 0.45294117647058824 0.0146484375 0.026470588235294117 -0.0009765625 -0.0014705882352941176 -0.0009765625 -0.0014705882352941176 -0.0009765625 -0.0014705882352941176 -0.0009765625 -0.0014705882352941176 -0.0009765625 -0.0014705882352941176
0  0.8310546875 0.4647058823529412 0.013671875 0.023529411764705882 -0.0009765625 -0.0014705882352941176 -0.0009765625 -0.0014705882352941176 -0.0009765625 -0.0014705882352941176 -0.0009765625 -0.0014705882352941176 -0.0009765625 -0.0014705882352941176
0  0.65185546875 0.4647058823529412 0.0166015625 0.026470588235294117 -0.0009765625 -0.0014705882352941176 -0.0009765625 -0.0014705882352941176 -0.0009765625 -0.0014705882352941176 -0.0009765625 -0.0014705882352941176 -0.0009765625 -0.0014705882352941176
0  0.98974609375 0.28161764705882353 0.0107421875 0.016176470588235296 -0.0009765625 -0.0014705882352941176 -0.0009765625 -0.0014705882352941176 -0.0009765625 -0.0014705882352941176 -0.0009765625 -0.0014705882352941176 -0.0009765625 -0.0014705882352941176
0  0.68017578125 0.4772058823529412 0.0126953125 0.022058823529411766 -0.0009765625 -0.0014705882352941176 -0.0009765625 -0.0014705882352941176 -0.0009765625 -0.0014705882352941176 -0.0009765625 -0.0014705882352941176 -0.0009765625 -0.0014705882352941176
0  0.72509765625 0.46544117647058825 0.0107421875 0.016176470588235296 -0.0009765625 -0.0014705882352941176 -0.0009765625 -0.0014705882352941176 -0.0009765625 -0.0014705882352941176 -0.0009765625 -0.0014705882352941176 -0.0009765625 -0.0014705882352941176
0  0.732421875 0.5191176470588236 0.013671875 0.023529411764705882 -0.0009765625 -0.0014705882352941176 -0.0009765625 -0.0014705882352941176 -0.0009765625 -0.0014705882352941176 -0.0009765625 -0.0014705882352941176 -0.0009765625 -0.0014705882352941176
0  0.85107421875 0.4852941176470588 0.0126953125 0.023529411764705882 -0.0009765625 -0.0014705882352941176 -0.0009765625 -0.0014705882352941176 -0.0009765625 -0.0014705882352941176 -0.0009765625 -0.0014705882352941176 -0.0009765625 -0.0014705882352941176
0  0.85107421875 0.5816176470588236 0.0205078125 0.039705882352941174 -0.0009765625 -0.0014705882352941176 -0.0009765625 -0.0014705882352941176 -0.0009765625 -0.0014705882352941176 -0.0009765625 -0.0014705882352941176 -0.0009765625 -0.0014705882352941176
0  0.0576171875 0.475 0.01171875 0.020588235294117647 -0.0009765625 -0.0014705882352941176 -0.0009765625 -0.0014705882352941176 -0.0009765625 -0.0014705882352941176 -0.0009765625 -0.0014705882352941176 -0.0009765625 -0.0014705882352941176
0  0.1591796875 0.4933823529411765 0.017578125 0.027941176470588237 -0.0009765625 -0.0014705882352941176 -0.0009765625 -0.0014705882352941176 -0.0009765625 -0.0014705882352941176 -0.0009765625 -0.0014705882352941176 -0.0009765625 -0.0014705882352941176
0  0.111328125 0.5323529411764706 0.017578125 0.029411764705882353 -0.0009765625 -0.0014705882352941176 -0.0009765625 -0.0014705882352941176 -0.0009765625 -0.0014705882352941176 -0.0009765625 -0.0014705882352941176 -0.0009765625 -0.0014705882352941176
0  0.12841796875 0.5227941176470589 0.0146484375 0.027941176470588237 -0.0009765625 -0.0014705882352941176 -0.0009765625 -0.0014705882352941176 -0.0009765625 -0.0014705882352941176 -0.0009765625 -0.0014705882352941176 -0.0009765625 -0.0014705882352941176
0  0.9375 0.5639705882352941 0.013671875 0.027941176470588237 -0.0009765625 -0.0014705882352941176 -0.0009765625 -0.0014705882352941176 -0.0009765625 -0.0014705882352941176 -0.0009765625 -0.0014705882352941176 -0.0009765625 -0.0014705882352941176
0  0.31640625 0.5963235294117647 0.01953125 0.03676470588235294 -0.0009765625 -0.0014705882352941176 -0.0009765625 -0.0014705882352941176 -0.0009765625 -0.0014705882352941176 -0.0009765625 -0.0014705882352941176 -0.0009765625 -0.0014705882352941176
0  0.4375 0.5772058823529411 0.015625 0.033823529411764704 0.4324169921875 0.577139705882353 0.43953125 0.577139705882353 0.435677734375 0.5853985294117647 0.4341953125 0.5912029411764705 0.4390869140625 0.5912029411764705
0  0.4091796875 0.5558823529411765 0.013671875 0.026470588235294117 -0.0009765625 -0.0014705882352941176 -0.0009765625 -0.0014705882352941176 -0.0009765625 -0.0014705882352941176 -0.0009765625 -0.0014705882352941176 -0.0009765625 -0.0014705882352941176
0  0.77734375 0.538235294117647 0.017578125 0.03235294117647059 -0.0009765625 -0.0014705882352941176 -0.0009765625 -0.0014705882352941176 -0.0009765625 -0.0014705882352941176 -0.0009765625 -0.0014705882352941176 -0.0009765625 -0.0014705882352941176
0  0.0068359375 0.5676470588235294 0.013671875 0.03529411764705882 -0.0009765625 -0.0014705882352941176 -0.0009765625 -0.0014705882352941176 -0.0009765625 -0.0014705882352941176 -0.0009765625 -0.0014705882352941176 -0.0009765625 -0.0014705882352941176
0  0.193359375 0.5573529411764706 0.01953125 0.03823529411764706 -0.0009765625 -0.0014705882352941176 -0.0009765625 -0.0014705882352941176 -0.0009765625 -0.0014705882352941176 -0.0009765625 -0.0014705882352941176 -0.0009765625 -0.0014705882352941176
