0  0.2451171875 0.6950509461426492 0.060546875 0.12372634643377002 0.2310263671875 0.6787278020378457 0.262939453125 0.6857452692867541 0.2461982421875 0.7091397379912663 0.2284111328125 0.7192765647743813 0.255091796875 0.7247350800582241
0  0.29248046875 0.8951965065502183 0.0556640625 0.09024745269286755 0.2786689453125 0.8883347889374089 0.3062919921875 0.8860465793304222 0.2913291015625 0.9049184861717613 0.28365625 0.9249330422125182 0.29976953125 0.9237889374090248
0  0.11474609375 0.7074235807860262 0.0810546875 0.12518195050946143 0.1044921875 0.6899563318777293 0.1416015625 0.6899563318777293 0.1240234375 0.7176128093158661 0.1044921875 0.7365356622998545 0.134765625 0.7365356622998545
0  0.568359375 0.2430858806404658 0.04296875 0.06695778748180495 0.55780078125 0.22807569141193593 0.58053125 0.22807569141193593 0.570748046875 0.24565938864628822 0.5601025390625 0.2623857350800582 0.579380859375 0.2628151382823872
0  0.4365234375 0.1950509461426492 0.052734375 0.07860262008733625 0.42446875 0.17831149927219797 0.4499814453125 0.17631004366812228 0.438232421875 0.19182096069868995 0.4284970703125 0.21033478893740903 0.445953125 0.21033478893740903
0  0.5126953125 0.27365356622998543 0.046875 0.08442503639010189 0.502423828125 0.2624628820960699 0.522443359375 0.26352983988355166 0.51243359375 0.2773828238719069 0.501708984375 0.29177001455604074 0.5220859375 0.2928369723435226
0  0.3408203125 0.2685589519650655 0.052734375 0.08005822416302766 0.3285830078125 0.2535938864628821 0.354431640625 0.2545938864628821 0.34100390625 0.274608442503639 0.331603515625 0.2866171761280932 0.35107421875 0.28761863173216884
0  0.13427734375 0.259825327510917 0.0634765625 0.1091703056768559 0.125091796875 0.2406288209606987 0.153015625 0.2515458515283843 0.134705078125 0.26519359534206693 0.1209716796875 0.27952110625909754 0.1452333984375 0.2870276564774381
0  0.814453125 0.23871906841339155 0.06640625 0.10480349344978165 0.7911162109375 0.22340902474526927 0.8206171875 0.21093886462882094 0.8030048828125 0.243098981077147 0.7981611328125 0.2654133915574964 0.82237890625 0.256882096069869
0  0.724609375 0.2663755458515284 0.056640625 0.09898107714701601 0.7056357421875 0.26055312954876275 0.7294921875 0.24495778748180494 0.7202841796875 0.27490101892285296 0.739537109375 0.2823871906841339 0.719447265625 0.2954876273653566
0  0.6494140625 0.2059679767103348 0.048828125 0.08005822416302766 0.63600390625 0.18800727802037845 0.6570869140625 0.1844585152838428 0.645865234375 0.2057467248908297 0.6407646484375 0.2219665211062591 0.658787109375 0.2174046579330422
0  0.638671875 0.6761280931586608 0.068359375 0.12954876273653565 0.6201435546875 0.6584264919941776 0.6517509765625 0.6543653566229986 0.634857421875 0.6803580786026201 0.6261376953125 0.7014774381368268 0.6577451171875 0.6974163027656477
0  0.57080078125 0.5232896652110626 0.0634765625 0.10625909752547306 0.554146484375 0.5104556040756913 0.5837841796875 0.5037627365356623 0.5694140625 0.5298660844250364 0.5577392578125 0.5486069868995633 0.585130859375 0.5412445414847161
0  0.47314453125 0.6244541484716157 0.0634765625 0.12518195050946143 0.454720703125 0.6111455604075692 0.48320703125 0.608 0.467908203125 0.6347336244541485 0.456302734375 0.6512459970887918 0.4863720703125 0.6488879184861718
