0  0.6083984375 0.6372980910425844 0.03125 0.05873715124816446 0.59994921875 0.6219911894273128 0.614611328125 0.6216167400881057 0.607404296875 0.6302114537444934 0.6019375 0.6425418502202643 0.614611328125 0.6414214390602055
0  0.42529296875 0.6343612334801763 0.0361328125 0.05873715124816446 0.419921875 0.6299559471365639 0.43359375 0.6226138032305433 0.4287109375 0.6328928046989721 0.427734375 0.6475770925110133 0.4375 0.644640234948605
0  0.57763671875 0.6475770925110133 0.0087890625 0.01762114537444934 -0.0009765625 -0.0014684287812041115 -0.0009765625 -0.0014684287812041115 -0.0009765625 -0.0014684287812041115 -0.0009765625 -0.0014684287812041115 -0.0009765625 -0.0014684287812041115
0  0.57373046875 0.6666666666666666 0.0068359375 0.01762114537444934 -0.0009765625 -0.0014684287812041115 -0.0009765625 -0.0014684287812041115 -0.0009765625 -0.0014684287812041115 -0.0009765625 -0.0014684287812041115 -0.0009765625 -0.0014684287812041115
0  0.4462890625 0.6262848751835536 0.005859375 0.010279001468428781 -0.0009765625 -0.0014684287812041115 -0.0009765625 -0.0014684287812041115 -0.0009765625 -0.0014684287812041115 -0.0009765625 -0.0014684287812041115 -0.0009765625 -0.0014684287812041115
0  0.30078125 0.6372980910425844 0.01171875 0.01762114537444934 0.2978515625 0.6358296622613803 0.3037109375 0.631424375917768 0.3037109375 0.6372980910425844 0.302734375 0.6417033773861968 0.3056640625 0.6387665198237885
0  0.22119140625 0.6116005873715125 0.0244140625 0.042584434654919234 0.21484375 0.6064610866372981 0.2265625 0.6064610866372981 0.2197265625 0.6167400881057269 0.2158203125 0.6270190895741556 0.2255859375 0.6255506607929515
0  0.14892578125 0.5352422907488987 0.0283203125 0.04552129221732746 0.1416669921875 0.5213832599118943 0.1557919921875 0.5213832599118943 0.1479453125 0.5331835535976506 0.14362890625 0.5432143906020558 0.152064453125 0.5438032305433186
0  0.07763671875 0.5411160058737151 0.0341796875 0.048458149779735685 0.0658134765625 0.537431718061674 0.079328125 0.5328428781204111 0.07148046875 0.5426754772393539 0.0690830078125 0.5541483113069016 0.0795458984375 0.5511982378854625
0  0.01904296875 0.5154185022026432 0.0322265625 0.04698972099853157 0.0099140625 0.507014684287812 0.0238427734375 0.50671953010279 0.01776171875 0.5167488986784141 0.0118759765625 0.5255991189427313 0.02325390625 0.5255991189427313
0  0.99462890625 0.5998531571218796 0.0107421875 0.024963289280469897 -0.0009765625 -0.0014684287812041115 -0.0009765625 -0.0014684287812041115 -0.0009765625 -0.0014684287812041115 -0.0009765625 -0.0014684287812041115 -0.0009765625 -0.0014684287812041115
0  0.2802734375 0.6718061674008811 0.015625 0.022026431718061675 -0.0009765625 -0.0014684287812041115 -0.0009765625 -0.0014684287812041115 -0.0009765625 -0.0014684287812041115 -0.0009765625 -0.0014684287812041115 -0.0009765625 -0.0014684287812041115
0  0.673828125 0.19530102790014683 0.095703125 0.17914831130690162 0.6460830078125 0.17951541850220265 0.686576171875 0.16147430249632894 0.664080078125 0.19755653450807636 0.6580810546875 0.24265785609397944 0.69557421875 0.23138179148311305
