0  0.458984375 0.26591511936339524 0.025390625 0.04907161803713528 0.453125 0.25596816976127323 0.466796875 0.259946949602122 0.45703125 0.26790450928381965 0.4521484375 0.27320954907161804 0.4619140625 0.27718832891246686
0  0.41064453125 0.37997347480106103 0.0263671875 0.04907161803713528 0.40204296875 0.37550928381962867 0.413365234375 0.37613660477453587 0.4066640625 0.3868063660477453 0.4045849609375 0.39527851458885943 0.4138271484375 0.3943368700265252
0  0.35400390625 0.4462864721485411 0.0380859375 0.07294429708222812 0.3453544921875 0.43823474801061 0.3647373046875 0.44008090185676396 0.35317578125 0.4525503978779841 0.3456943359375 0.46086339522546416 0.3620166015625 0.46178779840848805
0  0.24365234375 0.40384615384615385 0.0380859375 0.054376657824933686 0.236083984375 0.3990623342175066 0.2527724609375 0.39700132625994694 0.2456923828125 0.410737400530504 0.238865234375 0.417262599469496 0.2537841796875 0.41623209549071616
0  0.4541015625 0.40119363395225466 0.03515625 0.05702917771883289 0.4467421875 0.39649867374005304 0.4608369140625 0.3986657824933687 0.4525927734375 0.4095 0.4475400390625 0.4206962864721485 0.458177734375 0.4217798408488064
0  0.52587890625 0.3594164456233422 0.0302734375 0.058355437665782495 0.5169375 0.3453249336870027 0.5339658203125 0.3464442970822281 0.5246279296875 0.3557692307692308 0.518859375 0.37031697612732095 0.529296875 0.36957029177718836
0  0.5576171875 0.42639257294429705 0.033203125 0.054376657824933686 0.5517578125 0.4230769230769231 0.56640625 0.4270557029177719 0.556640625 0.4363395225464191 0.5478515625 0.4403183023872679 0.5595703125 0.4442970822281167
0  0.64013671875 0.4316976127320955 0.0322265625 0.0623342175066313 0.6303974609375 0.42124801061007955 0.6441259765625 0.42402387267904507 0.63390234375 0.4355278514588859 0.6295205078125 0.4426684350132626 0.6426650390625 0.4462387267904509
0  0.7392578125 0.4482758620689655 0.03515625 0.04509283819628647 0.739880859375 0.43976127320954905 0.751443359375 0.45425596816976127 0.7381025390625 0.4563700265251989 0.728763671875 0.4530477453580902 0.7367685546875 0.4645225464190981
0  0.77294921875 0.4078249336870027 0.0302734375 0.046419098143236075 0.765625 0.4005305039787798 0.78125 0.40981432360742703 0.7685546875 0.41379310344827586 0.759765625 0.41644562334217505 0.76953125 0.42572944297082227
0  0.73291015625 0.3057029177718833 0.0322265625 0.0623342175066313 0.724609375 0.29973474801061006 0.7412109375 0.29708222811671087 0.734375 0.3076923076923077 0.7275390625 0.3183023872679045 0.740234375 0.3156498673740053
0  0.63525390625 0.2672413793103448 0.0283203125 0.054376657824933686 0.630392578125 0.2560623342175066 0.6445400390625 0.2623501326259947 0.6345087890625 0.26584350132625995 0.6267919921875 0.27318037135278517 0.638109375 0.2798169761273209
0  0.626953125 0.33687002652519893 0.02734375 0.050397877984084884 0.62481640625 0.3269111405835544 0.6342333984375 0.33234615384615385 0.6257587890625 0.34097877984084884 0.619873046875 0.3454549071618037 0.6290546875 0.3505702917771883
0  0.55615234375 0.2917771883289125 0.0302734375 0.05305039787798409 0.551439453125 0.284026525198939 0.5628701171875 0.2847015915119363 0.5581494140625 0.2931392572944297 0.554421875 0.305289124668435 0.563119140625 0.3029257294429708
