0  0.99072265625 0.55859375 0.0185546875 0.057291666666666664 0.9897158203125 0.5506184895833334 0.998779296875 0.5502526041666667 0.9976806640625 0.5630703125 0.990814453125 0.5722252604166667 0.998779296875 0.571859375
0  0.96142578125 0.474609375 0.0302734375 0.045572916666666664 0.9535263671875 0.47047005208333337 0.96638671875 0.46611067708333337 0.9589755859375 0.47919010416666663 0.9587578125 0.4864557291666667 0.9674765625 0.4832591145833333
0  0.9541015625 0.60546875 0.0390625 0.059895833333333336 0.9443359375 0.5950520833333334 0.962890625 0.5950520833333334 0.9560546875 0.60546875 0.947265625 0.6171875 0.962890625 0.6171875
0  0.93603515625 0.5514322916666666 0.0302734375 0.05078125 0.929931640625 0.5462239583333334 0.94580078125 0.5455729166666666 0.93798828125 0.5559895833333334 0.93310546875 0.5667317708333334 0.94140625 0.5670572916666666
0  0.9013671875 0.521484375 0.03125 0.045572916666666664 0.8928134765625 0.5132760416666667 0.9087265625 0.5126953125 0.9006611328125 0.5222864583333333 0.8952109375 0.5289713541666666 0.905892578125 0.52926171875
0  0.90966796875 0.4811197916666667 0.0263671875 0.040364583333333336 0.9053564453125 0.47746354166666666 0.91751953125 0.4795559895833333 0.9137919921875 0.4871419270833333 0.908298828125 0.49394270833333337 0.916146484375 0.4949895833333333
0  0.86767578125 0.490234375 0.0302734375 0.040364583333333336 0.86316796875 0.48474088541666666 0.8763125 0.48369531250000003 0.87278125 0.4886653645833334 0.8665029296875 0.5004361979166666 0.875134765625 0.4991276041666666
0  0.85791015625 0.6022135416666666 0.0341796875 0.055989583333333336 0.8470498046875 0.5941744791666667 0.8619423828125 0.5941744791666667 0.85396484375 0.60445703125 0.848912109375 0.6158046875 0.86114453125 0.6158046875
0  0.89794921875 0.5748697916666666 0.0341796875 0.05859375 0.8896484375 0.56975390625 0.905552734375 0.56975390625 0.897740234375 0.5838919270833333 0.8885322265625 0.5887278645833333 0.9044365234375 0.5894713541666666
0  0.84521484375 0.546875 0.0341796875 0.0546875 0.834978515625 0.5383359375 0.8524697265625 0.5376497395833334 0.8421806640625 0.5489674479166667 0.83575 0.5599427083333334 0.846810546875 0.5592565104166667
0  0.8017578125 0.5501302083333334 0.03515625 0.055989583333333336 0.7943115234375 0.541265625 0.81133203125 0.5409114583333333 0.8041513671875 0.5533216145833334 0.795109375 0.5611223958333333 0.8105341796875 0.5611223958333333
0  0.7861328125 0.5091145833333334 0.029296875 0.046875 0.775443359375 0.50246484375 0.789271484375 0.50246484375 0.7799765625 0.5100208333333334 0.776349609375 0.5196940104166666 0.78564453125 0.5196940104166666
0  0.7890625 0.462890625 0.02734375 0.040364583333333336 0.781904296875 0.4587057291666667 0.796421875 0.4589674479166667 0.7909287109375 0.4649830729166667 0.7838662109375 0.47466145833333334 0.7930869140625 0.47570833333333334
0  0.7373046875 0.4798177083333333 0.02734375 0.045572916666666664 0.7309833984375 0.47538802083333337 0.7464599609375 0.47538802083333337 0.7381767578125 0.4867239583333333 0.7329453125 0.49282682291666663 0.743408203125 0.4931171875
0  0.76171875 0.548828125 0.033203125 0.053385416666666664 0.7555712890625 0.54196875 0.7725478515625 0.54196875 0.7627734375 0.5546588541666667 0.7566005859375 0.5618606770833333 0.768689453125 0.5618606770833333
0  0.712890625 0.599609375 0.03515625 0.053385416666666664 0.700248046875 0.5928893229166666 0.71466015625 0.5949127604166666 0.705810546875 0.6070494791666666 0.7012587890625 0.61379296875 0.7154189453125 0.6151419270833333
0  0.69677734375 0.5455729166666666 0.0322265625 0.049479166666666664 0.685546875 0.5364583333333334 0.69921875 0.53515625 0.69140625 0.5455729166666666 0.6875 0.5546875 0.69921875 0.5559895833333334
0  0.67236328125 0.5944010416666666 0.0341796875 0.06380208333333333 0.66796484375 0.5850768229166666 0.684810546875 0.589890625 0.6766884765625 0.60232421875 0.6652568359375 0.6067356770833333 0.6796962890625 0.6099453125
0  0.6533203125 0.5305989583333334 0.033203125 0.055989583333333336 0.6462578125 0.5261119791666666 0.663521484375 0.52680859375 0.6548896484375 0.5369231770833334 0.6473037109375 0.5445963541666666 0.6624755859375 0.5459908854166667
0  0.611328125 0.4798177083333333 0.029296875 0.05078125 0.6146767578125 0.47563802083333334 0.62330859375 0.47499869791666666 0.6237880859375 0.48491015625 0.6177939453125 0.49545963541666665 0.6245078125 0.49418098958333334
0  0.61083984375 0.5364583333333334 0.0322265625 0.0546875 0.602404296875 0.5258619791666667 0.6178369140625 0.5275768229166666 0.6103779296875 0.53512109375 0.6016318359375 0.547125 0.6178369140625 0.547125
0  0.580078125 0.5696614583333334 0.03515625 0.061197916666666664 0.575404296875 0.5621276041666666 0.591177734375 0.5648541666666667 0.583291015625 0.5745911458333334 0.5718994140625 0.5819908854166667 0.5876728515625 0.5847161458333333
0  0.53857421875 0.609375 0.0361328125 0.0546875 0.5359931640625 0.5989114583333334 0.5516884765625 0.60309765625 0.5467177734375 0.6135598958333334 0.5331162109375 0.62158203125 0.5477646484375 0.6243723958333333
0  0.4912109375 0.5618489583333334 0.03125 0.05078125 0.484130859375 0.5524088541666666 0.499755859375 0.5556640625 0.4931640625 0.5638020833333334 0.48486328125 0.5709635416666666 0.497314453125 0.572265625
0  0.5380859375 0.5149739583333334 0.03125 0.048177083333333336 0.5309228515625 0.5078177083333334 0.5454794921875 0.5078177083333334 0.537392578125 0.51829296875 0.5302294921875 0.5241471354166667 0.5445556640625 0.5241471354166667
0  0.568359375 0.517578125 0.025390625 0.04296875 0.565900390625 0.5102018229166666 0.57696484375 0.5140260416666667 0.57061328125 0.5203098958333333 0.56159765625 0.5244088541666666 0.573072265625 0.5285065104166666
0  0.501953125 0.5227864583333334 0.02734375 0.048177083333333336 0.495341796875 0.51515625 0.509951171875 0.5149869791666667 0.503134765625 0.5244010416666667 0.497607421875 0.5332161458333333 0.508251953125 0.5331119791666666
0  0.4462890625 0.5794270833333334 0.033203125 0.057291666666666664 0.4384765625 0.57421875 0.455078125 0.57421875 0.4462890625 0.5859375 0.4384765625 0.59375 0.455078125 0.59375
0  0.4541015625 0.5240885416666666 0.025390625 0.045572916666666664 0.4496376953125 0.5161718750000001 0.463806640625 0.5184960937499999 0.459228515625 0.5260533854166667 0.4533427734375 0.5347721354166667 0.463806640625 0.5350638020833333
0  0.4658203125 0.4908854166666667 0.02734375 0.049479166666666664 0.4629345703125 0.48511848958333337 0.4758828125 0.48671744791666666 0.4701279296875 0.49758723958333334 0.465091796875 0.50462109375 0.473724609375 0.5058997395833333
0  0.4248046875 0.4973958333333333 0.02734375 0.049479166666666664 0.4174716796875 0.4901302083333334 0.432068359375 0.4885598958333333 0.4250048828125 0.4992330729166667 0.42123828125 0.5086497395833333 0.4311259765625 0.5077083333333333
0  0.3994140625 0.5638020833333334 0.033203125 0.052083333333333336 0.3904765625 0.5545364583333333 0.4071259765625 0.5532109374999999 0.3984287109375 0.5634817708333334 0.392712890625 0.5750794270833334 0.4058837890625 0.5740846354166667
0  0.35791015625 0.58203125 0.0380859375 0.0546875 0.3480400390625 0.5733125 0.36504296875 0.5740091145833334 0.35641015625 0.5872630208333333 0.3511787109375 0.5963307291666667 0.3624267578125 0.5966796875
0  0.36669921875 0.5286458333333334 0.0302734375 0.052083333333333336 0.3583984375 0.5218098958333334 0.37353515625 0.5224609375 0.365478515625 0.5338541666666666 0.3603515625 0.5413411458333334 0.3681640625 0.5426432291666666
0  0.3330078125 0.4967447916666667 0.029296875 0.04296875 0.326869140625 0.4899557291666667 0.3408896484375 0.49079296874999995 0.3333564453125 0.4977682291666667 0.32666015625 0.505859375 0.339634765625 0.5066966145833333
0  0.31201171875 0.5598958333333334 0.0322265625 0.0546875 0.3055068359375 0.5505716145833334 0.3214638671875 0.5509205729166667 0.3133544921875 0.5641744791666666 0.304984375 0.57080078125 0.3196328125 0.57080078125
0  0.29736328125 0.5084635416666666 0.0341796875 0.05078125 0.290640625 0.5023893229166666 0.3064658203125 0.50175 0.2995126953125 0.5126197916666667 0.290640625 0.52029296875 0.305267578125 0.5193333333333333
0  0.2509765625 0.4700520833333333 0.02734375 0.0390625 0.24786328125 0.46315234375000003 0.259111328125 0.46540234374999995 0.25311328125 0.47165104166666666 0.2465517578125 0.4758997395833333 0.2557373046875 0.4776497395833333
0  0.255859375 0.5162760416666666 0.021484375 0.048177083333333336 0.250544921875 0.50850390625 0.264177734375 0.5091197916666667 0.256783203125 0.5186705729166666 0.2510068359375 0.5260651041666666 0.262560546875 0.5269895833333333
0  0.2373046875 0.5247395833333334 0.03125 0.041666666666666664 0.2382509765625 0.5122356770833333 0.25116015625 0.5125091145833334 0.247880859375 0.5248033854166666 0.23681640625 0.5291744791666667 0.2493154296875 0.5302682291666666
0  0.220703125 0.5735677083333334 0.033203125 0.053385416666666664 0.2169453125 0.5638138020833333 0.2318642578125 0.5655 0.225037109375 0.5769622395833334 0.214921875 0.5837057291666666 0.228576171875 0.5850533854166667
0  0.1767578125 0.58984375 0.037109375 0.057291666666666664 0.169677734375 0.5815026041666667 0.189453125 0.5829674479166667 0.1806640625 0.593953125 0.171326171875 0.6034752604166667 0.1847841796875 0.6049401041666667
0  0.212890625 0.4739583333333333 0.029296875 0.0390625 0.2065908203125 0.46805859375 0.220462890625 0.46605859374999997 0.21371484375 0.47705598958333334 0.2084658203125 0.4838046875 0.2199013671875 0.4815559895833333
0  0.1748046875 0.5188802083333334 0.029296875 0.048177083333333336 0.1700439453125 0.5115794270833333 0.183646484375 0.5115794270833333 0.178431640625 0.5236705729166666 0.1698173828125 0.5285065104166666 0.183873046875 0.5282044270833334
0  0.13671875 0.5553385416666666 0.03125 0.053385416666666664 0.1277685546875 0.5475208333333333 0.14062890625 0.5488919270833333 0.132140625 0.5608958333333333 0.128025390625 0.5670690104166667 0.1411435546875 0.5667265625
0  0.1318359375 0.478515625 0.03125 0.04296875 0.12417578125 0.4722317708333333 0.136265625 0.47277864583333334 0.1305283203125 0.48124739583333337 0.1245859375 0.48998958333333337 0.136265625 0.49026302083333334
0  0.09423828125 0.556640625 0.0322265625 0.048177083333333336 0.0872802734375 0.5482526041666667 0.10437890625 0.547328125 0.0958291015625 0.5587278645833333 0.0882041015625 0.5673541666666667 0.101375 0.5664296875
0  0.08984375 0.630859375 0.03515625 0.048177083333333336 0.08496484375 0.62346484375 0.1027568359375 0.6243893229166667 0.094669921875 0.6345559895833334 0.08612109375 0.642875 0.0997529296875 0.6434908854166667
0  0.041015625 0.5403645833333334 0.037109375 0.0546875 0.0308837890625 0.5320872395833333 0.0481484375 0.53278515625 0.0382080078125 0.54638671875 0.03323828125 0.5544088541666666 0.0457939453125 0.5544088541666666
0  0.0654296875 0.4811197916666667 0.03125 0.05078125 0.060546875 0.4749348958333333 0.07275390625 0.4755859375 0.06689453125 0.4856770833333333 0.06103515625 0.4931640625 0.0712890625 0.494140625
0  0.00927734375 0.6015625 0.0185546875 0.0625 0.0009765625 0.5963541666666666 0.0087890625 0.5963541666666666 0.001953125 0.6106770833333334 0.0009765625 0.6171875 0.009765625 0.6171875
0  0.01220703125 0.5260416666666666 0.0244140625 0.041666666666666664 0.0053271484375 0.5167591145833333 0.019060546875 0.51728125 0.0118017578125 0.5269596354166667 0.0074853515625 0.5353307291666667 0.016509765625 0.5355924479166666
0  0.27734375 0.5944010416666666 0.037109375 0.053385416666666664 0.2707080078125 0.5865130208333333 0.2879423828125 0.58719921875 0.2797109375 0.59748828125 0.272765625 0.6088046875 0.2827978515625 0.6091484375
