0  0.13232421875 0.46 0.0302734375 0.054814814814814816 0.1251611328125 0.44765185185185186 0.1411044921875 0.44940444444444444 0.1320927734375 0.4630755555555556 0.1258544921875 0.47253925925925927 0.136251953125 0.4739422222222222
0  0.18994140625 0.46 0.0283203125 0.04888888888888889 0.1826171875 0.45037037037037037 0.197265625 0.45037037037037037 0.189453125 0.4622222222222222 0.185546875 0.47555555555555556 0.1962890625 0.4740740740740741
0  0.24658203125 0.4474074074074074 0.0283203125 0.05037037037037037 0.2408623046875 0.4398948148148148 0.2557197265625 0.43894222222222223 0.247767578125 0.4491007407407407 0.2442099609375 0.45862370370370376 0.253208984375 0.4583066666666667
0  0.32763671875 0.43037037037037035 0.0283203125 0.054814814814814816 0.3221171875 0.4219570370370371 0.335056640625 0.4226592592592593 0.328125 0.43072148148148154 0.322810546875 0.4440414814814815 0.3332080078125 0.44369037037037035
0  0.39208984375 0.4525925925925926 0.0283203125 0.045925925925925926 0.3864052734375 0.4430755555555556 0.4015107421875 0.44337333333333334 0.3940556640625 0.4573614814814815 0.388955078125 0.46450370370370375 0.3983720703125 0.46450370370370375
0  0.45166015625 0.43555555555555553 0.0263671875 0.047407407407407405 0.443978515625 0.4285585185185185 0.4580166015625 0.42734074074074074 0.4503955078125 0.44103111111111115 0.4465859375 0.4477244444444444 0.4554091796875 0.44681185185185185
0  0.51318359375 0.44814814814814813 0.0302734375 0.054814814814814816 0.5077080078125 0.44121629629629633 0.5206298828125 0.4381214814814815 0.5170029296875 0.4511911111111111 0.5086142578125 0.46185185185185185 0.522216796875 0.46013185185185185
0  0.5859375 0.43333333333333335 0.029296875 0.04888888888888889 0.5810546875 0.42402074074074075 0.5938193359375 0.422434074074074 0.5875419921875 0.4360844444444445 0.5816826171875 0.4440207407407407 0.592564453125 0.4430681481481482
0  0.646484375 0.4525925925925926 0.02734375 0.05185185185185185 0.6389248046875 0.4468577777777778 0.6529326171875 0.4451718518518518 0.64670703125 0.45664000000000005 0.642037109375 0.4657466666666667 0.652265625 0.46541037037037036
0  0.7080078125 0.42 0.02734375 0.04888888888888889 0.70116796875 0.4084992592592593 0.71387109375 0.40632296296296294 0.7085439453125 0.42186518518518523 0.7036259765625 0.4311911111111111 0.7128466796875 0.43088
0  0.7919921875 0.44222222222222224 0.033203125 0.057777777777777775 0.784423828125 0.43296296296296294 0.799072265625 0.4325925925925926 0.7919921875 0.4437037037037037 0.785400390625 0.4533333333333333 0.79833984375 0.45296296296296296
0  0.84423828125 0.4311111111111111 0.0302734375 0.05037037037037037 0.8363564453125 0.42074074074074075 0.84912109375 0.419154074074074 0.84326171875 0.43343851851851856 0.8382392578125 0.44105777777777777 0.848912109375 0.4401051851851852
0  0.91162109375 0.4451851851851852 0.0302734375 0.054814814814814816 0.9034599609375 0.4341274074074074 0.9172890625 0.43378370370370367 0.9095810546875 0.4461644444444444 0.9034599609375 0.45751259259259264 0.9163818359375 0.45613777777777775
