0  0.17919921875 0.3561197916666667 0.0126953125 0.01953125 0.1751533203125 0.3529114583333333 0.1831142578125 0.3532942708333333 0.17889453125 0.35674739583333337 0.1756328125 0.36020052083333337 0.1820595703125 0.3600729166666667
0  0.29345703125 0.3912760416666667 0.0166015625 0.032552083333333336 -0.0009765625 -0.0013020833333333333 -0.0009765625 -0.0013020833333333333 -0.0009765625 -0.0013020833333333333 -0.0009765625 -0.0013020833333333333 -0.0009765625 -0.0013020833333333333
0  0.38525390625 0.3815104166666667 0.0126953125 0.020833333333333332 -0.0009765625 -0.0013020833333333333 -0.0009765625 -0.0013020833333333333 -0.0009765625 -0.0013020833333333333 -0.0009765625 -0.0013020833333333333 -0.0009765625 -0.0013020833333333333
0  0.50244140625 0.4010416666666667 0.0185546875 0.033854166666666664 0.497541015625 0.39597265625000005 0.497541015625 0.39597265625000005 0.49267578125 0.4014140625 0.497541015625 0.4081106770833333 0.497541015625 0.4081106770833333
0  0.56787109375 0.3958333333333333 0.0126953125 0.020833333333333332 -0.0009765625 -0.0013020833333333333 -0.0009765625 -0.0013020833333333333 -0.0009765625 -0.0013020833333333333 -0.0009765625 -0.0013020833333333333 -0.0009765625 -0.0013020833333333333
0  0.73876953125 0.4752604166666667 0.0302734375 0.0546875 -0.0009765625 -0.0013020833333333333 -0.0009765625 -0.0013020833333333333 -0.0009765625 -0.0013020833333333333 -0.0009765625 -0.0013020833333333333 -0.0009765625 -0.0013020833333333333
0  0.7861328125 0.501953125 0.029296875 0.053385416666666664 0.773001953125 0.4935481770833334 0.7831162109375 0.4948958333333333 0.774265625 0.5046731770833334 0.7765419921875 0.512765625 0.782357421875 0.5131015625
0  0.97802734375 0.51953125 0.0400390625 0.078125 -0.0009765625 -0.0013020833333333333 -0.0009765625 -0.0013020833333333333 -0.0009765625 -0.0013020833333333333 -0.0009765625 -0.0013020833333333333 -0.0009765625 -0.0013020833333333333
0  0.8544921875 0.5045572916666666 0.033203125 0.045572916666666664 0.840759765625 0.49518749999999995 0.8531845703125 0.49634895833333337 0.843375 0.5059401041666667 0.842720703125 0.5134973958333333 0.854056640625 0.5149505208333334
0  0.90966796875 0.4856770833333333 0.0283203125 0.044270833333333336 -0.0009765625 -0.0013020833333333333 -0.0009765625 -0.0013020833333333333 -0.0009765625 -0.0013020833333333333 -0.0009765625 -0.0013020833333333333 -0.0009765625 -0.0013020833333333333
0  0.640625 0.4772135416666667 0.033203125 0.045572916666666664 -0.0009765625 -0.0013020833333333333 -0.0009765625 -0.0013020833333333333 -0.0009765625 -0.0013020833333333333 -0.0009765625 -0.0013020833333333333 -0.0009765625 -0.0013020833333333333
0  0.56787109375 0.48828125 0.0322265625 0.0546875 -0.0009765625 -0.0013020833333333333 -0.0009765625 -0.0013020833333333333 -0.0009765625 -0.0013020833333333333 -0.0009765625 -0.0013020833333333333 -0.0009765625 -0.0013020833333333333
0  0.11767578125 0.3834635416666667 0.0244140625 0.045572916666666664 -0.0009765625 -0.0013020833333333333 -0.0009765625 -0.0013020833333333333 -0.0009765625 -0.0013020833333333333 -0.0009765625 -0.0013020833333333333 -0.0009765625 -0.0013020833333333333
