0  0.771484375 0.365234375 0.013671875 0.01953125 -0.0009765625 -0.0013020833333333333 -0.0009765625 -0.0013020833333333333 -0.0009765625 -0.0013020833333333333 -0.0009765625 -0.0013020833333333333 -0.0009765625 -0.0013020833333333333
0  0.72314453125 0.3548177083333333 0.0107421875 0.014322916666666666 -0.0009765625 -0.0013020833333333333 -0.0009765625 -0.0013020833333333333 -0.0009765625 -0.0013020833333333333 -0.0009765625 -0.0013020833333333333 -0.0009765625 -0.0013020833333333333
0  0.55810546875 0.4446614583333333 0.0283203125 0.045572916666666664 -0.0009765625 -0.0013020833333333333 -0.0009765625 -0.0013020833333333333 -0.0009765625 -0.0013020833333333333 -0.0009765625 -0.0013020833333333333 -0.0009765625 -0.0013020833333333333
0  0.5419921875 0.4381510416666667 0.02734375 0.037760416666666664 0.53241015625 0.43432552083333337 0.53955078125 0.43212890625 0.5347900390625 0.44091796875 0.539734375 0.44921875 0.544494140625 0.44775390625
0  0.48046875 0.4140625 0.029296875 0.041666666666666664 0.479587890625 0.40765625 0.4890048828125 0.40948828125000003 0.4850810546875 0.41995052083333334 0.474291015625 0.42596744791666663 0.483904296875 0.4264908854166667
0  0.4404296875 0.439453125 0.033203125 0.061197916666666664 -0.0009765625 -0.0013020833333333333 -0.0009765625 -0.0013020833333333333 -0.0009765625 -0.0013020833333333333 -0.0009765625 -0.0013020833333333333 -0.0009765625 -0.0013020833333333333
0  0.48486328125 0.3671875 0.0205078125 0.028645833333333332 -0.0009765625 -0.0013020833333333333 -0.0009765625 -0.0013020833333333333 -0.0009765625 -0.0013020833333333333 -0.0009765625 -0.0013020833333333333 -0.0009765625 -0.0013020833333333333
0  0.33251953125 0.712890625 0.0693359375 0.10546875 0.360111328125 0.6925403645833333 0.3650380859375 0.6892552083333333 0.3689794921875 0.7030494791666667 0.346810546875 0.7339218750000001 0.3492734375 0.7319505208333333
0  0.37548828125 0.5924479166666666 0.0517578125 0.09375 0.37548828125 0.5794674479166667 0.395302734375 0.5829908854166667 0.387376953125 0.6023645833333333 0.377689453125 0.61528125 0.3882578125 0.6123450520833333
0  0.2001953125 0.3990885416666667 0.01953125 0.029947916666666668 -0.0009765625 -0.0013020833333333333 -0.0009765625 -0.0013020833333333333 -0.0009765625 -0.0013020833333333333 -0.0009765625 -0.0013020833333333333 -0.0009765625 -0.0013020833333333333
0  0.16015625 0.4251302083333333 0.0234375 0.03515625 -0.0009765625 -0.0013020833333333333 -0.0009765625 -0.0013020833333333333 -0.0009765625 -0.0013020833333333333 -0.0009765625 -0.0013020833333333333 -0.0009765625 -0.0013020833333333333
0  0.0400390625 0.4602864583333333 0.029296875 0.04296875 0.0356572265625 0.4527005208333333 0.0489765625 0.450515625 0.043853515625 0.46089713541666666 0.0389365234375 0.47100520833333337 0.0502060546875 0.46882031249999995
0  0.09033203125 0.4069010416666667 0.0185546875 0.02734375 -0.0009765625 -0.0013020833333333333 -0.0009765625 -0.0013020833333333333 -0.0009765625 -0.0013020833333333333 -0.0009765625 -0.0013020833333333333 -0.0009765625 -0.0013020833333333333
0  0.24609375 0.3834635416666667 0.013671875 0.01953125 -0.0009765625 -0.0013020833333333333 -0.0009765625 -0.0013020833333333333 -0.0009765625 -0.0013020833333333333 -0.0009765625 -0.0013020833333333333 -0.0009765625 -0.0013020833333333333
0  0.0634765625 0.4427083333333333 0.013671875 0.0234375 -0.0009765625 -0.0013020833333333333 -0.0009765625 -0.0013020833333333333 -0.0009765625 -0.0013020833333333333 -0.0009765625 -0.0013020833333333333 -0.0009765625 -0.0013020833333333333
