0  0.97119140625 0.6966145833333334 0.0068359375 0.033854166666666664 0.9699970703125 0.6938489583333333 0.97344921875 0.694265625 0.9717236328125 0.6992890625 0.970310546875 0.7034739583333334 0.97337109375 0.7034739583333334
0  0.95556640625 0.6419270833333334 0.0087890625 0.028645833333333332 0.9545205078125 0.6415546875 0.957728515625 0.6417421875 0.9560546875 0.6462057291666666 0.955078125 0.6515989583333334 0.9571005859375 0.6515989583333334
0  0.94970703125 0.6927083333333334 0.0087890625 0.026041666666666668 0.9482421875 0.6875 0.9521484375 0.6875 0.9501953125 0.6927083333333334 0.9482421875 0.6953125 0.9521484375 0.6953125
0  0.935546875 0.7135416666666666 0.0078125 0.026041666666666668 0.933197265625 0.709796875 0.9367939453125 0.709796875 0.9352900390625 0.71625 0.933197265625 0.7188671875 0.9370556640625 0.7192161458333333
0  0.931640625 0.6588541666666666 0.0078125 0.026041666666666668 0.9310126953125 0.6575520833333334 0.9341513671875 0.6575520833333334 0.93310546875 0.6627604166666666 0.9317099609375 0.6657369791666666 0.9342216796875 0.6649921875
0  0.93017578125 0.609375 0.0068359375 0.026041666666666668 0.9287109375 0.6041666666666666 0.9326171875 0.6041666666666666 0.9306640625 0.609375 0.9287109375 0.6145833333333334 0.9326171875 0.6119791666666666
0  0.92724609375 0.5833333333333334 0.0068359375 0.020833333333333332 0.92578125 0.5807291666666666 0.9296875 0.5807291666666666 0.927734375 0.5833333333333334 0.92578125 0.5885416666666666 0.9287109375 0.5885416666666666
0  0.923828125 0.5533854166666666 0.0078125 0.0234375 0.9223544921875 0.5477578125 0.9251884765625 0.5480598958333334 0.923771484375 0.5515364583333333 0.9216748046875 0.5557682291666667 0.9248486328125 0.5559192708333334
0  0.912109375 0.51953125 0.0078125 0.0234375 0.9111328125 0.515625 0.9150390625 0.5182291666666666 0.912109375 0.5234375 0.91015625 0.5260416666666666 0.9130859375 0.5286458333333334
0  0.90966796875 0.5716145833333334 0.0068359375 0.0234375 0.90869140625 0.569171875 0.9114990234375 0.5695 0.90997265625 0.5743802083333334 0.908630859375 0.5773125 0.9110107421875 0.5776354166666667
0  0.90478515625 0.5638020833333334 0.0068359375 0.018229166666666668 0.9033203125 0.5598958333333334 0.90625 0.5572916666666666 0.904296875 0.5625 0.9033203125 0.5677083333333334 0.9052734375 0.5677083333333334
0  0.912109375 0.6197916666666666 0.0078125 0.020833333333333332 0.9108623046875 0.616828125 0.9152265625 0.6159192708333333 0.9130166015625 0.6224192708333333 0.9108056640625 0.6271041666666667 0.915 0.6258958333333333
0  0.90673828125 0.6510416666666666 0.0087890625 0.026041666666666668 0.9039482421875 0.6515989583333334 0.9075751953125 0.6514140625 0.9056220703125 0.6586692708333334 0.9048544921875 0.6631328125 0.9068779296875 0.6627604166666666
0  0.91455078125 0.6901041666666666 0.0087890625 0.026041666666666668 0.9125888671875 0.6860130208333333 0.915662109375 0.6860130208333333 0.9144853515625 0.6912447916666666 0.913439453125 0.6940338541666667 0.916447265625 0.6938593750000001
0  0.90087890625 0.69140625 0.0068359375 0.0234375 0.8993359375 0.68759375 0.902396484375 0.68759375 0.9008095703125 0.6931848958333333 0.89967578125 0.6984739583333334 0.9017724609375 0.6984739583333334
0  0.8857421875 0.6549479166666666 0.0078125 0.0234375 0.8839111328125 0.6518541666666667 0.8876953125 0.6521822916666666 0.885193359375 0.6560885416666666 0.884337890625 0.6608072916666666 0.8870234375 0.66096875
0  0.8935546875 0.6197916666666666 0.0078125 0.026041666666666668 0.8908779296875 0.616046875 0.8941474609375 0.6157005208333334 0.8921201171875 0.6204088541666667 0.8912705078125 0.6233723958333334 0.8941474609375 0.6233723958333334
0  0.88623046875 0.5716145833333334 0.0068359375 0.0234375 0.884765625 0.5703125 0.888671875 0.5703125 0.88671875 0.5729166666666666 0.884765625 0.578125 0.888671875 0.578125
0  0.87890625 0.5989583333333334 0.0078125 0.020833333333333332 0.876953125 0.59375 0.880859375 0.59375 0.87890625 0.5989583333333334 0.876953125 0.6041666666666666 0.880859375 0.6041666666666666
0  0.8681640625 0.5755208333333334 0.0078125 0.026041666666666668 0.8662109375 0.5703125 0.8701171875 0.5729166666666666 0.8681640625 0.578125 0.8662109375 0.5807291666666666 0.869140625 0.5833333333333334
0  0.888671875 0.53125 0.0078125 0.026041666666666668 0.8876953125 0.5260416666666666 0.8916015625 0.5260416666666666 0.8896484375 0.53125 0.8876953125 0.5338541666666666 0.890625 0.5364583333333334
0  0.89453125 0.5221354166666666 0.005859375 0.0234375 0.89453125 0.5182291666666666 0.8974609375 0.5182291666666666 0.8955078125 0.5260416666666666 0.89453125 0.5286458333333334 0.8974609375 0.5286458333333334
0  0.873046875 0.4986979166666667 0.0078125 0.0234375 0.873046875 0.4973958333333333 0.875 0.4973958333333333 0.875 0.5026041666666666 0.8720703125 0.5052083333333334 0.875 0.5078125
0  0.8642578125 0.5234375 0.0078125 0.026041666666666668 0.8638349609375 0.5221354166666666 0.866515625 0.5219609374999999 0.864880859375 0.5271927083333333 0.86324609375 0.5298072916666666 0.866451171875 0.5296328124999999
0  0.8486328125 0.49609375 0.0078125 0.0234375 0.848201171875 0.49318749999999995 0.851998046875 0.49318749999999995 0.8499580078125 0.4990807291666666 0.8490517578125 0.5039166666666667 0.851375 0.5036145833333333
0  0.8427734375 0.5520833333333334 0.0078125 0.020833333333333332 0.8408203125 0.546875 0.8447265625 0.5494791666666666 0.8427734375 0.5546875 0.8408203125 0.5572916666666666 0.8447265625 0.5598958333333334
0  0.84912109375 0.57421875 0.0068359375 0.0234375 0.84765625 0.5729166666666666 0.8505859375 0.5703125 0.8486328125 0.578125 0.84765625 0.5807291666666666 0.8505859375 0.5807291666666666
0  0.861328125 0.6197916666666666 0.0078125 0.026041666666666668 0.8599853515625 0.6134427083333334 0.8631591796875 0.6131197916666666 0.86151171875 0.6178385416666666 0.860046875 0.6233723958333334 0.8634033203125 0.623859375
0  0.8525390625 0.6510416666666666 0.0078125 0.026041666666666668 0.8507255859375 0.650296875 0.853236328125 0.650296875 0.8519111328125 0.6545755208333334 0.8510048828125 0.6603411458333334 0.8530966796875 0.66015625
0  0.86669921875 0.6588541666666666 0.0068359375 0.020833333333333332 0.865234375 0.65625 0.869140625 0.65625 0.8671875 0.6614583333333334 0.865234375 0.6640625 0.869140625 0.6640625
0  0.88037109375 0.6888020833333334 0.0087890625 0.0234375 0.87890625 0.6875 0.8828125 0.6848958333333334 0.880859375 0.6927083333333334 0.8798828125 0.6979166666666666 0.8828125 0.6953125
0  0.8583984375 0.69921875 0.0078125 0.0234375 0.857421875 0.6979166666666666 0.8603515625 0.6979166666666666 0.8583984375 0.703125 0.8564453125 0.7057291666666666 0.8603515625 0.7057291666666666
0  0.837890625 0.6861979166666666 0.0078125 0.0234375 0.8361904296875 0.6832916666666667 0.8393076171875 0.6817812499999999 0.837947265625 0.6882786458333333 0.837267578125 0.6914531249999999 0.8394775390625 0.690546875
0  0.8291015625 0.6354166666666666 0.0078125 0.026041666666666668 0.8271484375 0.6328125 0.8310546875 0.6302083333333334 0.8291015625 0.6354166666666666 0.828125 0.640625 0.83203125 0.640625
0  0.83642578125 0.6002604166666666 0.0068359375 0.028645833333333332 0.8369140625 0.5963541666666666 0.83984375 0.5963541666666666 0.8388671875 0.6015625 0.8359375 0.6041666666666666 0.83984375 0.6067708333333334
0  0.8330078125 0.5638020833333334 0.0078125 0.018229166666666668 0.8310546875 0.5625 0.8349609375 0.5598958333333334 0.833984375 0.5651041666666666 0.83203125 0.5729166666666666 0.8369140625 0.5677083333333334
0  0.82275390625 0.546875 0.0068359375 0.026041666666666668 0.822021484375 0.5444322916666667 0.8255 0.5444322916666667 0.823669921875 0.5493177083333333 0.822326171875 0.553546875 0.8248291015625 0.5533854166666666
0  0.82861328125 0.5065104166666666 0.0068359375 0.0234375 0.8271484375 0.5 0.8310546875 0.5026041666666666 0.8291015625 0.5078125 0.8271484375 0.5104166666666666 0.8310546875 0.5104166666666666
0  0.8037109375 0.5013020833333334 0.0078125 0.0234375 0.802734375 0.5 0.8056640625 0.5 0.8037109375 0.5052083333333334 0.802734375 0.5104166666666666 0.8056640625 0.5104166666666666
0  0.8037109375 0.5403645833333334 0.0078125 0.0234375 0.8026904296875 0.5376093750000001 0.8057509765625 0.5374583333333333 0.803880859375 0.5415390625 0.8025205078125 0.5460729166666667 0.8051845703125 0.5456197916666666
0  0.8134765625 0.5651041666666666 0.0078125 0.026041666666666668 0.8114541015625 0.560140625 0.814658203125 0.5603151041666666 0.813416015625 0.5648489583333333 0.81171484375 0.5688593750000001 0.8144619140625 0.5688593750000001
0  0.8125 0.6028645833333334 0.0078125 0.028645833333333332 0.8115234375 0.5963541666666666 0.8154296875 0.5989583333333334 0.8125 0.6041666666666666 0.8115234375 0.6067708333333334 0.814453125 0.609375
0  0.80615234375 0.6393229166666666 0.0087890625 0.028645833333333332 0.8047568359375 0.6369036458333334 0.8085244140625 0.6369036458333334 0.805873046875 0.6428567708333334 0.805384765625 0.6473203125 0.808314453125 0.6473203125
0  0.7919921875 0.6028645833333334 0.0078125 0.0234375 0.7900390625 0.5989583333333334 0.79296875 0.5989583333333334 0.791015625 0.6041666666666666 0.7900390625 0.6067708333333334 0.79296875 0.6067708333333334
0  0.791015625 0.55078125 0.0078125 0.028645833333333332 0.789271484375 0.5455729166666666 0.7923408203125 0.5455729166666666 0.7899697265625 0.5513385416666666 0.7898994140625 0.5578489583333334 0.792689453125 0.55859375
0  0.77734375 0.5247395833333334 0.0078125 0.0234375 0.775451171875 0.5229479166666667 0.778259765625 0.5229479166666667 0.776916015625 0.52734375 0.77587890625 0.5305989583333334 0.777771484375 0.5305989583333334
0  0.78369140625 0.48828125 0.0068359375 0.0234375 0.78323828125 0.48461979166666663 0.7860146484375 0.48461979166666663 0.7845419921875 0.4900598958333333 0.783748046875 0.4936875 0.7856181640625 0.4933854166666667
0  0.7705078125 0.5638020833333334 0.0078125 0.0234375 0.76953125 0.5598958333333334 0.7724609375 0.5598958333333334 0.7705078125 0.5651041666666666 0.76953125 0.5677083333333334 0.7724609375 0.5677083333333334
0  0.77099609375 0.6067708333333334 0.0068359375 0.020833333333333332 0.7705078125 0.6041666666666666 0.7734375 0.6041666666666666 0.7724609375 0.609375 0.7705078125 0.6145833333333334 0.7734375 0.6145833333333334
0  0.78759765625 0.6393229166666666 0.0068359375 0.0234375 0.7861328125 0.6354166666666666 0.7900390625 0.6380208333333334 0.787109375 0.640625 0.78515625 0.6458333333333334 0.7890625 0.6458333333333334
0  0.80029296875 0.68359375 0.0068359375 0.028645833333333332 0.798828125 0.6796875 0.802734375 0.6796875 0.80078125 0.6848958333333334 0.798828125 0.6901041666666666 0.802734375 0.6901041666666666
0  0.818359375 0.6966145833333334 0.0078125 0.0234375 0.81640625 0.6901041666666666 0.8203125 0.6901041666666666 0.8173828125 0.6979166666666666 0.81640625 0.703125 0.8193359375 0.703125
0  0.77294921875 0.6822916666666666 0.0087890625 0.026041666666666668 0.7703681640625 0.6809895833333334 0.77344140625 0.6802916666666667 0.7722646484375 0.68709375 0.7712841796875 0.6912786458333334 0.7741611328125 0.69040625
0  0.76220703125 0.6888020833333334 0.0087890625 0.0234375 0.7610341796875 0.688453125 0.764892578125 0.6888020833333334 0.763126953125 0.6938593750000001 0.7615576171875 0.697171875 0.7637158203125 0.6980442708333333
0  0.76220703125 0.6432291666666666 0.0068359375 0.020833333333333332 0.759765625 0.640625 0.763671875 0.6380208333333334 0.76171875 0.6458333333333334 0.7607421875 0.6484375 0.7626953125 0.6484375
0  0.75 0.609375 0.0078125 0.020833333333333332 0.7490234375 0.6041666666666666 0.751953125 0.6041666666666666 0.7509765625 0.609375 0.75 0.6145833333333334 0.751953125 0.6145833333333334
0  0.75146484375 0.5716145833333334 0.0068359375 0.0234375 0.75128125 0.5703125 0.753966796875 0.571453125 0.7520751953125 0.5760104166666666 0.750732421875 0.5817057291666666 0.7537841796875 0.5818697916666666
0  0.75146484375 0.5208333333333334 0.0068359375 0.026041666666666668 0.7502568359375 0.5170885416666667 0.7532001953125 0.5169166666666667 0.7520224609375 0.5214505208333333 0.750583984375 0.5265078125 0.753134765625 0.5261588541666666
0  0.75830078125 0.4921875 0.0068359375 0.026041666666666668 0.7575078125 0.48828125 0.759765625 0.48828125 0.7584228515625 0.49495312500000005 0.7574462890625 0.5001614583333334 0.759216796875 0.5001614583333334
0  0.7333984375 0.49609375 0.0078125 0.0234375 0.732970703125 0.4908854166666667 0.7366328125 0.49104687500000005 0.73486328125 0.49723437499999995 0.733458984375 0.5004895833333333 0.73583984375 0.5009765625
0  0.72607421875 0.5247395833333334 0.0068359375 0.0234375 0.7255859375 0.5221354166666666 0.7286376953125 0.5221354166666666 0.726990234375 0.52815625 0.725525390625 0.5314114583333334 0.72833203125 0.5314114583333334
0  0.728515625 0.5611979166666666 0.0078125 0.0234375 0.7275390625 0.5572916666666666 0.7314453125 0.5546875 0.7294921875 0.5625 0.728515625 0.5677083333333334 0.7314453125 0.5677083333333334
0  0.7373046875 0.6119791666666666 0.0078125 0.026041666666666668 0.736328125 0.6067708333333334 0.740234375 0.6067708333333334 0.7392578125 0.6119791666666666 0.7373046875 0.6171875 0.740234375 0.6171875
0  0.73095703125 0.6380208333333334 0.0087890625 0.026041666666666668 0.7294921875 0.6328125 0.7333984375 0.6302083333333334 0.7314453125 0.6354166666666666 0.7294921875 0.640625 0.734375 0.640625
0  0.74072265625 0.6822916666666666 0.0087890625 0.026041666666666668 0.7392578125 0.6770833333333334 0.7431640625 0.6770833333333334 0.7412109375 0.6848958333333334 0.740234375 0.6901041666666666 0.7431640625 0.6901041666666666
0  0.72021484375 0.6888020833333334 0.0087890625 0.028645833333333332 0.7188193359375 0.68359375 0.7220986328125 0.6845234375000001 0.7207724609375 0.6912213541666666 0.7188193359375 0.693265625 0.7222373046875 0.6940104166666666
0  0.6943359375 0.6744791666666666 0.0078125 0.026041666666666668 0.6922431640625 0.6735260416666667 0.69636328125 0.6731770833333334 0.6943359375 0.6794557291666666 0.6928974609375 0.6841640625 0.695708984375 0.6841640625
0  0.705078125 0.6341145833333334 0.009765625 0.0234375 0.703125 0.6276041666666666 0.7080078125 0.6302083333333334 0.705078125 0.6354166666666666 0.703125 0.6380208333333334 0.7060546875 0.640625
0  0.712890625 0.609375 0.0078125 0.026041666666666668 0.7109375 0.6067708333333334 0.71484375 0.6067708333333334 0.712890625 0.6119791666666666 0.7119140625 0.6145833333333334 0.71484375 0.6145833333333334
0  0.705078125 0.5598958333333334 0.0078125 0.026041666666666668 0.7036396484375 0.5582447916666667 0.706974609375 0.5580703125 0.7052744140625 0.5659166666666667 0.7044892578125 0.5714973958333334 0.7062548828125 0.5714973958333334
0  0.697265625 0.5286458333333334 0.0078125 0.026041666666666668 0.6962890625 0.5260416666666666 0.69921875 0.5260416666666666 0.697265625 0.53125 0.6962890625 0.5364583333333334 0.69921875 0.5364583333333334
0  0.68212890625 0.5494791666666666 0.0087890625 0.026041666666666668 0.6806640625 0.5442708333333334 0.6845703125 0.5442708333333334 0.6826171875 0.5494791666666666 0.6806640625 0.5546875 0.6845703125 0.5546875
0  0.68212890625 0.5078125 0.0068359375 0.026041666666666668 0.6806640625 0.5026041666666666 0.68359375 0.5026041666666666 0.681640625 0.5104166666666666 0.6796875 0.515625 0.6826171875 0.515625
0  0.70751953125 0.4921875 0.0087890625 0.020833333333333332 0.70703125 0.4895833333333333 0.7099609375 0.4869791666666667 0.708984375 0.4921875 0.70703125 0.4973958333333333 0.7109375 0.4973958333333333
0  0.66943359375 0.5221354166666666 0.0087890625 0.0234375 0.66717578125 0.51953125 0.67041015625 0.5192057291666666 0.669005859375 0.5234375 0.6671142578125 0.52734375 0.67059375 0.52734375
0  0.65869140625 0.5625 0.0087890625 0.020833333333333332 0.657658203125 0.5596276041666667 0.66060546875 0.5597786458333334 0.6592451171875 0.5656744791666667 0.6580546875 0.570359375 0.66015234375 0.5702083333333333
0  0.6611328125 0.6041666666666666 0.0078125 0.026041666666666668 0.660248046875 0.5983307291666666 0.66391015625 0.5983307291666666 0.6622099609375 0.6040859375 0.6609013671875 0.60896875 0.663255859375 0.60896875
0  0.6865234375 0.6067708333333334 0.0078125 0.020833333333333332 0.6844658203125 0.605515625 0.68776171875 0.6050963541666666 0.68655859375 0.6097005208333334 0.6851455078125 0.6129088541666666 0.687447265625 0.6130494791666666
0  0.669921875 0.6783854166666666 0.0078125 0.028645833333333332 0.6669921875 0.6744791666666666 0.6708984375 0.6744791666666666 0.66796875 0.6822916666666666 0.6669921875 0.6875 0.6708984375 0.6875
0  0.671875 0.6393229166666666 0.0078125 0.0234375 0.6708984375 0.6354166666666666 0.673828125 0.6354166666666666 0.671875 0.640625 0.669921875 0.6458333333333334 0.673828125 0.6458333333333334
0  0.64990234375 0.6484375 0.0087890625 0.026041666666666668 0.6484375 0.6432291666666666 0.65234375 0.6458333333333334 0.650390625 0.6484375 0.6484375 0.6536458333333334 0.6513671875 0.65625
0  0.64404296875 0.6822916666666666 0.0087890625 0.026041666666666668 0.6420205078125 0.6782005208333333 0.64599609375 0.6780130208333334 0.6436943359375 0.6847109374999999 0.6429970703125 0.6902890625000001 0.6461357421875 0.6888020833333334
0  0.62060546875 0.69921875 0.0087890625 0.0234375 0.61834765625 0.6943359375 0.621642578125 0.6938489583333333 0.621033203125 0.69921875 0.619384765625 0.7034505208333334 0.62255859375 0.703125
0  0.623046875 0.6432291666666666 0.0078125 0.026041666666666668 0.6212197265625 0.6391380208333334 0.6248818359375 0.6391380208333334 0.62285546875 0.6433229166666666 0.621154296875 0.6471588541666666 0.6252744140625 0.6468098958333334
0  0.6181640625 0.6067708333333334 0.005859375 0.020833333333333332 0.6171875 0.6015625 0.6220703125 0.6015625 0.6201171875 0.6067708333333334 0.6181640625 0.6119791666666666 0.62109375 0.6119791666666666
0  0.6435546875 0.59375 0.0078125 0.026041666666666668 0.6422119140625 0.58903125 0.6455078125 0.58903125 0.6439208984375 0.5942395833333333 0.6429443359375 0.6002604166666666 0.64501953125 0.600421875
0  0.634765625 0.56640625 0.0078125 0.0234375 0.6328125 0.5625 0.63671875 0.5598958333333334 0.6357421875 0.5651041666666666 0.634765625 0.5729166666666666 0.63671875 0.5703125
0  0.64306640625 0.5260416666666666 0.0087890625 0.026041666666666668 0.641466796875 0.5219505208333334 0.64532421875 0.5217760416666667 0.6434287109375 0.527703125 0.641466796875 0.5324114583333334 0.6449326171875 0.5324114583333334
0  0.6201171875 0.5390625 0.0078125 0.020833333333333332 0.6195068359375 0.5353411458333334 0.62233203125 0.5350625 0.620658203125 0.5405052083333334 0.6185654296875 0.542875 0.62259375 0.543015625
0  0.625 0.4947916666666667 0.0078125 0.020833333333333332 0.62383203125 0.4931640625 0.6263427734375 0.4931640625 0.62503515625 0.4966510416666667 0.6239365234375 0.5012552083333334 0.6265517578125 0.5011171875
0  0.65576171875 0.5026041666666666 0.0068359375 0.026041666666666668 0.654296875 0.4973958333333333 0.658203125 0.4973958333333333 0.65625 0.5026041666666666 0.654296875 0.5052083333333334 0.6572265625 0.5052083333333334
0  0.61083984375 0.4908854166666667 0.0068359375 0.0234375 0.609994140625 0.4896640625 0.6134599609375 0.4901875 0.6120869140625 0.4947213541666667 0.61038671875 0.4978619791666667 0.6129365234375 0.4975130208333333
0  0.6103515625 0.5533854166666666 0.0078125 0.0234375 0.6094970703125 0.551921875 0.61279296875 0.5514322916666666 0.61083984375 0.5576171875 0.6096796875 0.5611979166666666 0.612 0.5611979166666666
0  0.59814453125 0.6341145833333334 0.0087890625 0.0234375 0.595703125 0.6276041666666666 0.599609375 0.625 0.5986328125 0.6328125 0.59765625 0.640625 0.6005859375 0.6380208333333334
0  0.59521484375 0.5143229166666666 0.0068359375 0.0234375 0.59375 0.5078125 0.59765625 0.5078125 0.595703125 0.5130208333333334 0.59375 0.5182291666666666 0.5966796875 0.5182291666666666
0  0.5869140625 0.4973958333333333 0.0078125 0.020833333333333332 0.5849609375 0.4947916666666667 0.587890625 0.4921875 0.5869140625 0.5 0.5869140625 0.5078125 0.58984375 0.5052083333333334
0  0.58935546875 0.5559895833333334 0.0068359375 0.0234375 0.5875859375 0.55159375 0.590392578125 0.5512708333333333 0.5875244140625 0.5571302083333333 0.59033203125 0.5611979166666666 0.59063671875 0.5611979166666666
0  0.5966796875 0.59765625 0.0078125 0.0234375 0.595154296875 0.5952135416666667 0.5987548828125 0.594890625 0.5970458984375 0.6017239583333334 0.595458984375 0.609375 0.5993046875 0.6087239583333334
0  0.57666015625 0.6380208333333334 0.0087890625 0.026041666666666668 0.5751953125 0.6328125 0.5791015625 0.6328125 0.5771484375 0.6380208333333334 0.5751953125 0.640625 0.5791015625 0.6432291666666666
0  0.57275390625 0.671875 0.0068359375 0.026041666666666668 0.5712890625 0.6666666666666666 0.576171875 0.6666666666666666 0.57421875 0.6744791666666666 0.572265625 0.6770833333333334 0.5751953125 0.6770833333333334
0  0.58740234375 0.6966145833333334 0.0068359375 0.0234375 0.5852138671875 0.6899296874999999 0.5877646484375 0.6918958333333333 0.5849873046875 0.6953697916666667 0.584419921875 0.6992994791666667 0.586177734375 0.7015677083333333
0  0.5400390625 0.6744791666666666 0.0078125 0.020833333333333332 0.5394462890625 0.6705729166666666 0.5427939453125 0.6715494791666666 0.5409111328125 0.6774088541666666 0.53955078125 0.6806171875000001 0.5413818359375 0.6814557291666666
0  0.54443359375 0.6380208333333334 0.0087890625 0.026041666666666668 0.54315234375 0.6344401041666666 0.545837890625 0.6342760416666667 0.544494140625 0.6402994791666666 0.543029296875 0.64453125 0.54608203125 0.6446927083333334
0  0.5576171875 0.5989583333333334 0.0078125 0.026041666666666668 0.556244140625 0.5946927083333333 0.558859375 0.5945182291666666 0.5575517578125 0.5999244791666667 0.556505859375 0.605328125 0.5589248046875 0.6051536458333333
0  0.57470703125 0.5846354166666666 0.0068359375 0.0234375 0.57421875 0.578125 0.5771484375 0.578125 0.576171875 0.5859375 0.57421875 0.5911458333333334 0.578125 0.5911458333333334
0  0.56689453125 0.5520833333333334 0.0068359375 0.026041666666666668 0.5656865234375 0.5495598958333333 0.56895703125 0.5499088541666667 0.567322265625 0.5537447916666667 0.5655556640625 0.5588020833333334 0.568564453125 0.5588020833333334
0  0.56005859375 0.5169270833333334 0.0087890625 0.0234375 0.558345703125 0.5141718750000001 0.561859375 0.5140208333333333 0.5599326171875 0.5185546875 0.558798828125 0.5221822916666666 0.561802734375 0.5220312500000001
0  0.5654296875 0.48046875 0.0078125 0.0234375 0.5648759765625 0.4780260416666667 0.5675576171875 0.4778541666666667 0.566314453125 0.48360677083333337 0.5647451171875 0.4874453125 0.567818359375 0.4867473958333333
0  0.5439453125 0.4791666666666667 0.0078125 0.020833333333333332 0.542986328125 0.4795859375 0.545916015625 0.4797239583333333 0.544189453125 0.4839088541666667 0.542986328125 0.4889322916666667 0.54518359375 0.4887916666666667
0  0.544921875 0.5520833333333334 0.0078125 0.026041666666666668 0.5443330078125 0.55078125 0.547798828125 0.5506067708333333 0.5461640625 0.5565364583333333 0.5448564453125 0.5607213541666667 0.5472763671875 0.5607213541666667
0  0.5361328125 0.6002604166666666 0.0078125 0.0234375 0.53515625 0.5911458333333334 0.5380859375 0.59375 0.537109375 0.5989583333333334 0.53515625 0.6041666666666666 0.5380859375 0.6067708333333334
0  0.52685546875 0.6510416666666666 0.0087890625 0.026041666666666668 0.524767578125 0.6488671874999999 0.5283642578125 0.6488671874999999 0.5264677734375 0.6554947916666667 0.52509375 0.660203125 0.5279716796875 0.660203125
0  0.5126953125 0.6263020833333334 0.0078125 0.0234375 0.512263671875 0.6241875 0.514927734375 0.6237317708333333 0.5136806640625 0.6285703125000001 0.512716796875 0.632953125 0.514984375 0.6321953125
0  0.51318359375 0.6705729166666666 0.0068359375 0.028645833333333332 0.511439453125 0.66796875 0.5155556640625 0.66796875 0.5136025390625 0.6720598958333334 0.5116494140625 0.6774557291666666 0.5157646484375 0.6774557291666666
0  0.51513671875 0.5846354166666666 0.0068359375 0.0234375 0.5142861328125 0.5832760416666667 0.517744140625 0.5832760416666667 0.5161005859375 0.5870546875 0.5139462890625 0.5896223958333333 0.5179140625 0.5897734375
0  0.5302734375 0.5520833333333334 0.0078125 0.026041666666666668 0.5280546875 0.5483385416666667 0.531455078125 0.5479921875 0.529427734375 0.552875 0.528185546875 0.5567109375 0.5315859375 0.5565364583333333
0  0.5205078125 0.5104166666666666 0.0078125 0.026041666666666668 0.5185546875 0.5104166666666666 0.5224609375 0.5078125 0.5205078125 0.515625 0.5185546875 0.5182291666666666 0.5224609375 0.5182291666666666
0  0.52294921875 0.4765625 0.0068359375 0.020833333333333332 0.5224609375 0.4739583333333333 0.525390625 0.4739583333333333 0.5234375 0.4791666666666667 0.521484375 0.4817708333333333 0.525390625 0.484375
0  0.50048828125 0.4752604166666667 0.0068359375 0.0234375 0.4990234375 0.4739583333333333 0.501953125 0.4713541666666667 0.5009765625 0.4791666666666667 0.4990234375 0.4817708333333333 0.5029296875 0.4817708333333333
0  0.49365234375 0.5130208333333334 0.0068359375 0.026041666666666668 0.492736328125 0.508953125 0.4957275390625 0.508953125 0.494140625 0.5141614583333333 0.49267578125 0.5172526041666666 0.495666015625 0.5170885416666667
0  0.50634765625 0.5390625 0.0087890625 0.026041666666666668 0.5050439453125 0.5377604166666666 0.507791015625 0.5377604166666666 0.506287109375 0.5431666666666667 0.5046513671875 0.5483984375000001 0.5079873046875 0.5485729166666666
0  0.49560546875 0.5950520833333334 0.0068359375 0.0234375 0.494140625 0.5911458333333334 0.498046875 0.5911458333333334 0.49609375 0.5963541666666666 0.4951171875 0.6015625 0.4970703125 0.6015625
0  0.49462890625 0.6354166666666666 0.0068359375 0.026041666666666668 0.4931640625 0.6302083333333334 0.4970703125 0.6302083333333334 0.4951171875 0.6354166666666666 0.4931640625 0.640625 0.4970703125 0.640625
0  0.482421875 0.6575520833333334 0.0078125 0.0234375 0.4814453125 0.6536458333333334 0.4853515625 0.6536458333333334 0.4833984375 0.6588541666666666 0.4814453125 0.6640625 0.4853515625 0.6640625
0  0.46923828125 0.64453125 0.0087890625 0.0234375 0.468810546875 0.641765625 0.4716796875 0.6419270833333334 0.470154296875 0.6474609375 0.468994140625 0.651203125 0.471130859375 0.65153125
0  0.45751953125 0.6653645833333334 0.0087890625 0.0234375 0.45601953125 0.6606562500000001 0.4600087890625 0.6606562500000001 0.457654296875 0.667109375 0.4554970703125 0.6707708333333334 0.45955078125 0.6704218750000001
0  0.4453125 0.6380208333333334 0.0078125 0.026041666666666668 0.4443359375 0.6328125 0.4482421875 0.6328125 0.4462890625 0.640625 0.4443359375 0.6432291666666666 0.4482421875 0.6432291666666666
0  0.44775390625 0.59375 0.0087890625 0.026041666666666668 0.4467734375 0.5903541666666666 0.450630859375 0.5901796874999999 0.4485390625 0.5966328125 0.446642578125 0.6006432291666667 0.44951953125 0.6008177083333334
0  0.47265625 0.58203125 0.0078125 0.0234375 0.470703125 0.578125 0.474609375 0.5755208333333334 0.47265625 0.5833333333333334 0.4716796875 0.5859375 0.474609375 0.5859375
0  0.482421875 0.5442708333333334 0.0078125 0.026041666666666668 0.48163671875 0.5407005208333333 0.484318359375 0.5405260416666667 0.4828798828125 0.5455833333333333 0.4812451171875 0.5508151041666667 0.4836640625 0.550640625
0  0.466796875 0.5143229166666666 0.0078125 0.0234375 0.46484375 0.5104166666666666 0.46875 0.5104166666666666 0.466796875 0.515625 0.4658203125 0.5182291666666666 0.46875 0.5208333333333334
0  0.47509765625 0.4752604166666667 0.0068359375 0.0234375 0.47453125 0.4703880208333333 0.4776484375 0.4703880208333333 0.4760615234375 0.4759817708333333 0.474587890625 0.4799114583333333 0.477478515625 0.4800625
0  0.447265625 0.4895833333333333 0.0078125 0.020833333333333332 0.4447021484375 0.48797916666666663 0.4476494140625 0.48797916666666663 0.446232421875 0.4923619791666667 0.4448154296875 0.4959895833333334 0.4475927734375 0.4956875
0  0.4541015625 0.54296875 0.0078125 0.028645833333333332 0.452990234375 0.5378307291666666 0.4563994140625 0.5378307291666666 0.45402734375 0.5437604166666666 0.4531376953125 0.5504791666666666 0.455212890625 0.5504791666666666
0  0.4267578125 0.5533854166666666 0.0078125 0.0234375 0.42626953125 0.54996875 0.42950390625 0.54996875 0.427978515625 0.5546875 0.42626953125 0.5590833333333333 0.429626953125 0.55940625
0  0.431640625 0.5169270833333334 0.0078125 0.0234375 0.4299921875 0.5143229166666666 0.4332275390625 0.514484375 0.43182421875 0.51953125 0.430359375 0.5224609375 0.433044921875 0.5224609375
0  0.42431640625 0.63671875 0.0068359375 0.0234375 0.42288671875 0.6316953125 0.426626953125 0.6313932291666667 0.4247001953125 0.6395546875 0.422943359375 0.6436354166666667 0.4254931640625 0.6439374999999999
0  0.42724609375 0.6809895833333334 0.0068359375 0.0234375 0.425720703125 0.6782239583333333 0.429138671875 0.6782239583333333 0.4274296875 0.68278125 0.4261474609375 0.6865234375 0.428955078125 0.6860364583333333
0  0.4150390625 0.48046875 0.0078125 0.0234375 0.4136220703125 0.4778984375 0.4167958984375 0.47774739583333337 0.415208984375 0.4834921875 0.4140185546875 0.4881770833333334 0.4164560546875 0.488328125
0  0.39111328125 0.5130208333333334 0.0068359375 0.026041666666666668 0.38916015625 0.508953125 0.3929443359375 0.508953125 0.3909912109375 0.5149739583333334 0.3895263671875 0.51953125 0.392333984375 0.5192057291666666
0  0.39111328125 0.4895833333333333 0.0068359375 0.020833333333333332 0.390625 0.484375 0.3935546875 0.484375 0.3916015625 0.4895833333333333 0.390625 0.4947916666666667 0.3935546875 0.4921875
0  0.40087890625 0.5625 0.0068359375 0.026041666666666668 0.3999677734375 0.5608489583333334 0.4031064453125 0.5606744791666667 0.4016025390625 0.5655572916666667 0.4003603515625 0.5686953124999999 0.4026484375 0.5686953124999999
0  0.4189453125 0.59375 0.0078125 0.026041666666666668 0.41796875 0.5885416666666666 0.421875 0.5885416666666666 0.419921875 0.59375 0.41796875 0.5989583333333334 0.421875 0.5989583333333334
0  0.40234375 0.6276041666666666 0.0078125 0.026041666666666668 0.400390625 0.625 0.404296875 0.625 0.40234375 0.6302083333333334 0.4013671875 0.6354166666666666 0.404296875 0.6354166666666666
0  0.40185546875 0.6809895833333334 0.0087890625 0.0234375 0.400390625 0.6770833333333334 0.404296875 0.6770833333333334 0.4033203125 0.6822916666666666 0.400390625 0.6901041666666666 0.404296875 0.6901041666666666
0  0.38037109375 0.6888020833333334 0.0087890625 0.0234375 0.3795859375 0.686359375 0.383248046875 0.6865338541666667 0.381482421875 0.6903723958333333 0.379455078125 0.6943828124999999 0.3833134765625 0.6936848958333334
0  0.37890625 0.6380208333333334 0.0078125 0.026041666666666668 0.37744140625 0.6341145833333334 0.38037109375 0.6341145833333334 0.37890625 0.6383463541666666 0.37811328125 0.6430677083333333 0.3804931640625 0.6427395833333334
0  0.3740234375 0.58203125 0.0078125 0.0234375 0.37323046875 0.5795885416666667 0.3770751953125 0.5794270833333334 0.375 0.5859375 0.373107421875 0.5908203125 0.376404296875 0.590984375
0  0.3720703125 0.546875 0.0078125 0.026041666666666668 0.37109375 0.5442708333333334 0.375 0.5442708333333334 0.373046875 0.5494791666666666 0.37109375 0.5520833333333334 0.3740234375 0.5520833333333334
0  0.36328125 0.5221354166666666 0.005859375 0.0234375 0.362357421875 0.519578125 0.3653388671875 0.5194375 0.3636650390625 0.5244609375 0.362357421875 0.5287864583333334 0.3648154296875 0.52934375
0  0.36865234375 0.5052083333333334 0.0068359375 0.020833333333333332 0.3681640625 0.5026041666666666 0.37109375 0.5026041666666666 0.369140625 0.5078125 0.3681640625 0.5104166666666666 0.37109375 0.5104166666666666
0  0.34375 0.4856770833333333 0.0078125 0.0234375 0.3427734375 0.4791666666666667 0.345703125 0.4791666666666667 0.34375 0.484375 0.3427734375 0.4895833333333333 0.345703125 0.4895833333333333
0  0.3291015625 0.5455729166666666 0.0078125 0.0234375 0.3263681640625 0.5437604166666666 0.3297685546875 0.5434583333333333 0.327501953125 0.5493515625 0.3265947265625 0.5531302083333333 0.3295419921875 0.5529791666666667
0  0.3525390625 0.5481770833333334 0.0078125 0.0234375 0.3515625 0.5442708333333334 0.35546875 0.546875 0.353515625 0.5520833333333334 0.3515625 0.5572916666666666 0.353515625 0.5598958333333334
0  0.330078125 0.5234375 0.0078125 0.020833333333333332 0.330078125 0.5182291666666666 0.3330078125 0.5208333333333334 0.3310546875 0.5234375 0.3291015625 0.5234375 0.3330078125 0.5260416666666666
0  0.31884765625 0.4908854166666667 0.0068359375 0.0234375 0.317443359375 0.4899088541666667 0.320251953125 0.4899088541666667 0.31915234375 0.49495312500000005 0.318359375 0.4996744791666667 0.3204345703125 0.4990234375
0  0.31884765625 0.5846354166666666 0.0068359375 0.0234375 0.3173046875 0.5799166666666666 0.32030859375 0.5796119791666666 0.3186640625 0.5855078125000001 0.317927734375 0.5888333333333333 0.3197978515625 0.5886822916666666
0  0.34814453125 0.58984375 0.0087890625 0.0234375 0.345703125 0.5859375 0.349609375 0.5859375 0.34765625 0.5911458333333334 0.345703125 0.5963541666666666 0.349609375 0.5963541666666666
0  0.35791015625 0.6341145833333334 0.0087890625 0.0234375 0.35546875 0.6302083333333334 0.3603515625 0.6302083333333334 0.3583984375 0.6380208333333334 0.3564453125 0.6432291666666666 0.3603515625 0.6432291666666666
0  0.36328125 0.6848958333333334 0.0078125 0.026041666666666668 0.362173828125 0.6808046874999999 0.364462890625 0.6809791666666666 0.36328515625 0.6860364583333333 0.361650390625 0.6917890624999999 0.3638740234375 0.6916145833333333
0  0.33203125 0.6875 0.0078125 0.026041666666666668 0.3301044921875 0.6853255208333334 0.333439453125 0.6851510416666667 0.331412109375 0.6900338541666667 0.3302353515625 0.69421875 0.333046875 0.6943932291666667
0  0.3369140625 0.64453125 0.0078125 0.0234375 0.33642578125 0.6412760416666666 0.3397216796875 0.6427395833333334 0.337951171875 0.6474609375 0.3356328125 0.6520182291666666 0.338439453125 0.6528333333333333
0  0.3125 0.64453125 0.0078125 0.0234375 0.310486328125 0.6419270833333334 0.3140869140625 0.6424166666666666 0.312439453125 0.6468098958333334 0.3114013671875 0.6528333333333333 0.3135986328125 0.6525052083333334
0  0.31396484375 0.6848958333333334 0.0087890625 0.026041666666666668 0.3135419921875 0.6830703124999999 0.3172041015625 0.6832447916666666 0.3155693359375 0.6890000000000001 0.313607421875 0.6937083333333334 0.316353515625 0.6938828125000001
0  0.29443359375 0.6341145833333334 0.0087890625 0.0234375 0.292296875 0.6310208333333334 0.295958984375 0.630859375 0.294189453125 0.6362291666666667 0.292724609375 0.6412760416666666 0.2957763671875 0.640625
0  0.28955078125 0.6666666666666666 0.0087890625 0.026041666666666668 0.287109375 0.6640625 0.291015625 0.6614583333333334 0.2900390625 0.6692708333333334 0.2880859375 0.6744791666666666 0.2919921875 0.6744791666666666
0  0.29736328125 0.5924479166666666 0.0068359375 0.0234375 0.297498046875 0.5881822916666667 0.299822265625 0.5881822916666667 0.2990283203125 0.5943776041666667 0.2978388671875 0.5980052083333333 0.29965234375 0.5980052083333333
0  0.30712890625 0.5703125 0.0068359375 0.026041666666666668 0.3056640625 0.5677083333333334 0.3095703125 0.5677083333333334 0.3076171875 0.5703125 0.306640625 0.5729166666666666 0.3095703125 0.5729166666666666
0  0.30322265625 0.5221354166666666 0.0068359375 0.018229166666666668 0.3025908203125 0.519578125 0.304748046875 0.519578125 0.3036455078125 0.5231588541666666 0.3025908203125 0.52725 0.304556640625 0.5273776041666667
0  0.29541015625 0.5078125 0.0068359375 0.020833333333333332 0.2938056640625 0.5052083333333334 0.296892578125 0.5049296875 0.2954794921875 0.5091145833333334 0.294224609375 0.511765625 0.2967353515625 0.5119036458333334
0  0.28173828125 0.5130208333333334 0.0068359375 0.020833333333333332 0.28125 0.5104166666666666 0.2841796875 0.5104166666666666 0.283203125 0.515625 0.28125 0.5208333333333334 0.2841796875 0.5208333333333334
0  0.2734375 0.4986979166666667 0.0078125 0.0234375 0.271484375 0.4947916666666667 0.275390625 0.4947916666666667 0.2734375 0.5 0.271484375 0.5026041666666666 0.2744140625 0.5052083333333334
0  0.26025390625 0.5494791666666666 0.0068359375 0.020833333333333332 0.25875390625 0.5457578125 0.2616318359375 0.5457578125 0.260009765625 0.550921875 0.258806640625 0.5531536458333334 0.2610556640625 0.5534322916666666
0  0.2734375 0.5911458333333334 0.0078125 0.026041666666666668 0.27294921875 0.5870546875 0.275630859375 0.5867057291666666 0.274583984375 0.5926328125 0.2726875 0.5978645833333334 0.2754345703125 0.597515625
0  0.283203125 0.5690104166666666 0.0078125 0.0234375 0.2822265625 0.5651041666666666 0.2861328125 0.5651041666666666 0.2841796875 0.5703125 0.2822265625 0.5729166666666666 0.2861328125 0.5729166666666666
0  0.26416015625 0.5234375 0.0068359375 0.020833333333333332 0.26171875 0.5208333333333334 0.2646484375 0.5208333333333334 0.2626953125 0.5260416666666666 0.26171875 0.53125 0.2646484375 0.5286458333333334
0  0.2734375 0.6393229166666666 0.0078125 0.0234375 0.27226953125 0.63871875 0.27561328125 0.6379635416666667 0.2739697265625 0.6437057291666667 0.27317578125 0.6471822916666666 0.2751591796875 0.6470312500000001
0  0.2646484375 0.6796875 0.0078125 0.026041666666666668 0.264220703125 0.6754218750000001 0.2679482421875 0.6755963541666666 0.2661171875 0.681 0.2643515625 0.6860572916666667 0.2676875 0.6862317708333333
0  0.24755859375 0.66796875 0.0087890625 0.0234375 0.24609375 0.6614583333333334 0.2509765625 0.6614583333333334 0.2490234375 0.6666666666666666 0.2470703125 0.6744791666666666 0.2509765625 0.6744791666666666
0  0.2490234375 0.5911458333333334 0.0078125 0.026041666666666668 0.249416015625 0.58984375 0.2519658203125 0.5894947916666667 0.2513125 0.5943776041666667 0.249677734375 0.5989114583333334 0.2523583984375 0.5987369791666667
0  0.25390625 0.5 0.0078125 0.020833333333333332 0.251953125 0.5 0.255859375 0.5 0.25390625 0.5026041666666666 0.251953125 0.5078125 0.255859375 0.5078125
0  0.2275390625 0.5 0.005859375 0.020833333333333332 0.2275390625 0.4947916666666667 0.2314453125 0.4947916666666667 0.228515625 0.5026041666666666 0.2275390625 0.5026041666666666 0.23046875 0.5026041666666666
0  0.23974609375 0.5234375 0.0068359375 0.020833333333333332 0.237513671875 0.5209739583333334 0.2406533203125 0.5209739583333334 0.2391357421875 0.5255755208333334 0.2379326171875 0.52934375 0.2401298828125 0.52934375
0  0.23291015625 0.546875 0.0068359375 0.020833333333333332 0.2318291015625 0.5439453125 0.2344970703125 0.543109375 0.2335029296875 0.5492473958333334 0.2321953125 0.5537109375 0.233869140625 0.5534322916666666
0  0.212890625 0.5234375 0.0078125 0.020833333333333332 0.2114169921875 0.5198671874999999 0.2147041015625 0.5201718750000001 0.212720703125 0.5251588541666666 0.2119267578125 0.5298437500000001 0.2141943359375 0.5299947916666666
0  0.208984375 0.5651041666666666 0.0078125 0.020833333333333332 0.2080078125 0.5625 0.2119140625 0.5625 0.2099609375 0.5651041666666666 0.2080078125 0.5729166666666666 0.2109375 0.5703125
0  0.2333984375 0.5989583333333334 0.0078125 0.020833333333333332 0.2314453125 0.59375 0.234375 0.5911458333333334 0.234375 0.5989583333333334 0.232421875 0.6041666666666666 0.236328125 0.6015625
0  0.23876953125 0.62890625 0.0068359375 0.0234375 0.2372607421875 0.628453125 0.2399814453125 0.6286041666666666 0.238791015625 0.6325338541666666 0.237658203125 0.636765625 0.2403212890625 0.6369166666666667
0  0.22998046875 0.6692708333333334 0.0087890625 0.026041666666666668 0.228515625 0.664875 0.2315673828125 0.6645520833333333 0.2305908203125 0.6708984375 0.228759765625 0.6735026041666666 0.23162890625 0.6733385416666667
0  0.220703125 0.6419270833333334 0.0078125 0.0234375 0.21953515625 0.6359973958333334 0.22265234375 0.6361484375 0.2212353515625 0.6411354166666666 0.219931640625 0.6467291666666667 0.22265234375 0.6467291666666667
0  0.2119140625 0.61328125 0.0078125 0.0234375 0.211974609375 0.610515625 0.21484375 0.610515625 0.213623046875 0.614421875 0.211974609375 0.6193020833333334 0.214904296875 0.619140625
0  0.1962890625 0.5911458333333334 0.0078125 0.026041666666666668 0.1937431640625 0.5851354166666667 0.1971435546875 0.5847864583333333 0.195181640625 0.5910651041666667 0.1941357421875 0.5973411458333333 0.196685546875 0.5973411458333333
0  0.1875 0.5755208333333334 0.0078125 0.026041666666666668 0.1865234375 0.5703125 0.1904296875 0.5703125 0.1884765625 0.5755208333333334 0.1865234375 0.5807291666666666 0.189453125 0.5807291666666666
0  0.1953125 0.5442708333333334 0.005859375 0.020833333333333332 0.1942919921875 0.54296875 0.1971826171875 0.54296875 0.195369140625 0.5470494791666667 0.194802734375 0.5505260416666666 0.1964462890625 0.550375
0  0.18115234375 0.5416666666666666 0.0068359375 0.020833333333333332 0.1796875 0.5390625 0.18359375 0.5390625 0.181640625 0.5416666666666666 0.1806640625 0.546875 0.18359375 0.546875
0  0.18701171875 0.4947916666666667 0.0068359375 0.020833333333333332 0.18603515625 0.4910703125 0.18869921875 0.49091927083333337 0.1872255859375 0.495453125 0.186205078125 0.49923177083333337 0.1885859375 0.49877864583333337
0  0.2080078125 0.4934895833333333 0.005859375 0.0234375 0.207091796875 0.4908854166666667 0.209900390625 0.49104687500000005 0.20849609375 0.4947916666666667 0.207275390625 0.5004895833333333 0.209716796875 0.5004895833333333
0  0.162109375 0.5390625 0.005859375 0.020833333333333332 0.1611328125 0.5390625 0.1650390625 0.5364583333333334 0.1640625 0.5416666666666666 0.162109375 0.5442708333333334 0.1650390625 0.5442708333333334
0  0.173828125 0.5 0.0078125 0.020833333333333332 0.171875 0.4947916666666667 0.17578125 0.4947916666666667 0.173828125 0.5 0.171875 0.5052083333333334 0.1748046875 0.5052083333333334
0  0.16943359375 0.5651041666666666 0.0068359375 0.020833333333333332 0.16891015625 0.5611979166666666 0.170951171875 0.5611979166666666 0.169904296875 0.5646848958333334 0.1680732421875 0.5692890625 0.171892578125 0.5690104166666666
0  0.17529296875 0.5924479166666666 0.0068359375 0.0234375 0.1738408203125 0.5874244791666666 0.1769013671875 0.5871223958333334 0.175541015625 0.5913541666666667 0.174578125 0.5955859375 0.1766748046875 0.5957369791666667
0  0.18212890625 0.6458333333333334 0.0068359375 0.020833333333333332 0.1806640625 0.640625 0.1845703125 0.640625 0.1826171875 0.6458333333333334 0.1806640625 0.6510416666666666 0.1845703125 0.6510416666666666
0  0.205078125 0.6471354166666666 0.0078125 0.0234375 0.2041015625 0.640625 0.2080078125 0.640625 0.2060546875 0.6458333333333334 0.2041015625 0.6510416666666666 0.20703125 0.6510416666666666
0  0.2099609375 0.6861979166666666 0.0078125 0.028645833333333332 0.208984375 0.6796875 0.212890625 0.6796875 0.2119140625 0.6848958333333334 0.2099609375 0.6901041666666666 0.212890625 0.6927083333333334
0  0.18701171875 0.6796875 0.0087890625 0.026041666666666668 0.1865234375 0.6744791666666666 0.189453125 0.6744791666666666 0.1884765625 0.6796875 0.1865234375 0.6822916666666666 0.189453125 0.6822916666666666
0  0.15966796875 0.6666666666666666 0.0068359375 0.026041666666666668 0.159240234375 0.6624348958333334 0.1624140625 0.6619479166666666 0.160705078125 0.6686197916666666 0.158630859375 0.6725260416666666 0.1627197265625 0.6723645833333333
0  0.16748046875 0.6393229166666666 0.0068359375 0.0234375 0.1656494140625 0.6388333333333334 0.168517578125 0.6391614583333333 0.1671142578125 0.64371875 0.16522265625 0.6471354166666666 0.168396484375 0.6471354166666666
0  0.15283203125 0.5833333333333334 0.0087890625 0.026041666666666668 0.151123046875 0.5823567708333334 0.154236328125 0.5818697916666666 0.153015625 0.5869140625 0.1520390625 0.5914713541666666 0.1544189453125 0.5913072916666667
0  0.1455078125 0.5716145833333334 0.0078125 0.0234375 0.1440556640625 0.5665911458333334 0.1469462890625 0.5665911458333334 0.1459267578125 0.5712786458333333 0.14433984375 0.5765677083333333 0.1466630859375 0.5768697916666666
0  0.13525390625 0.5299479166666666 0.0068359375 0.0234375 0.1337890625 0.5286458333333334 0.1376953125 0.5286458333333334 0.1357421875 0.5338541666666666 0.134765625 0.5364583333333334 0.1376953125 0.5364583333333334
0  0.14697265625 0.5 0.0068359375 0.020833333333333332 0.1457255859375 0.49895312500000005 0.1482197265625 0.4986979166666667 0.1468291015625 0.5026614583333333 0.146109375 0.5067552083333333 0.147931640625 0.5065000000000001
0  0.11962890625 0.4791666666666667 0.0068359375 0.026041666666666668 0.1185869140625 0.4778645833333333 0.1215947265625 0.4778645833333333 0.120548828125 0.4834453125 0.1194375 0.4876302083333333 0.12094140625 0.48745572916666663
0  0.12646484375 0.56640625 0.0068359375 0.0234375 0.125 0.5651041666666666 0.1279296875 0.5625 0.1259765625 0.5703125 0.125 0.5729166666666666 0.12890625 0.5729166666666666
0  0.13525390625 0.5963541666666666 0.0068359375 0.020833333333333332 0.134822265625 0.5915755208333333 0.13765625 0.5912734375 0.1362958984375 0.5964114583333333 0.135501953125 0.6007942708333334 0.137203125 0.6007942708333334
0  0.1201171875 0.5911458333333334 0.0078125 0.020833333333333332 0.1197509765625 0.5871458333333334 0.12278515625 0.5871458333333334 0.121634765625 0.5907734375 0.1195419921875 0.5949583333333334 0.1224189453125 0.5950989583333334
0  0.107421875 0.5690104166666666 0.0078125 0.0234375 0.1064453125 0.5625 0.1103515625 0.5651041666666666 0.1083984375 0.5703125 0.1064453125 0.5703125 0.109375 0.5755208333333334
0  0.10595703125 0.52734375 0.0068359375 0.0234375 0.1044921875 0.5260416666666666 0.1083984375 0.5234375 0.1064453125 0.5286458333333334 0.10546875 0.5338541666666666 0.1083984375 0.53125
0  0.09912109375 0.5950520833333334 0.0068359375 0.0234375 0.0977783203125 0.5947265625 0.101134765625 0.5947265625 0.099548828125 0.5994479166666666 0.098388671875 0.60546875 0.100646484375 0.60546875
0  0.08154296875 0.5716145833333334 0.0068359375 0.0234375 0.080994140625 0.571453125 0.084044921875 0.571453125 0.08251953125 0.5751953125 0.081482421875 0.5794270833333334 0.08380078125 0.5795885416666667
0  0.07763671875 0.6041666666666666 0.0068359375 0.020833333333333332 0.0774619140625 0.5998411458333334 0.0809150390625 0.5999817708333334 0.0793984375 0.6051432291666666 0.077671875 0.6080729166666666 0.0811767578125 0.6080729166666666
0  0.07373046875 0.6341145833333334 0.0068359375 0.0234375 0.072265625 0.6302083333333334 0.0771484375 0.6302083333333334 0.07421875 0.6354166666666666 0.072265625 0.6380208333333334 0.07421875 0.6432291666666666
0  0.08447265625 0.6783854166666666 0.0068359375 0.0234375 0.083984375 0.6744791666666666 0.087890625 0.671875 0.0859375 0.6770833333333334 0.083984375 0.6848958333333334 0.0869140625 0.6822916666666666
0  0.09912109375 0.6393229166666666 0.0068359375 0.0234375 0.09814453125 0.6365572916666666 0.101013671875 0.6365572916666666 0.099853515625 0.6422526041666666 0.098328125 0.6459947916666667 0.10076953125 0.6459947916666667
0  0.1142578125 0.6666666666666666 0.0078125 0.026041666666666668 0.1128193359375 0.6646666666666666 0.116546875 0.665015625 0.11478125 0.6685026041666666 0.11347265625 0.67478125 0.1159580078125 0.6749557291666667
0  0.12841796875 0.6497395833333334 0.0068359375 0.0234375 0.12646484375 0.6471354166666666 0.129455078125 0.6469739583333333 0.127869140625 0.6518541666666667 0.1259765625 0.655109375 0.13006640625 0.6547864583333333
0  0.13623046875 0.6809895833333334 0.0068359375 0.0234375 0.135986328125 0.6806640625 0.138427734375 0.6791979166666667 0.137451171875 0.6829427083333334 0.136169921875 0.6889635416666667 0.1390380859375 0.6875
0  0.14990234375 0.640625 0.0068359375 0.026041666666666668 0.1494140625 0.6354166666666666 0.1533203125 0.6354166666666666 0.1513671875 0.640625 0.1494140625 0.6458333333333334 0.1533203125 0.6458333333333334
0  0.1181640625 0.64453125 0.005859375 0.0234375 0.1181640625 0.640625 0.12109375 0.640625 0.119140625 0.6458333333333334 0.1171875 0.6510416666666666 0.12109375 0.6510416666666666
0  0.06298828125 0.6744791666666666 0.0087890625 0.026041666666666668 0.0624697265625 0.669515625 0.0663935546875 0.6719557291666667 0.0638427734375 0.6770130208333334 0.0619462890625 0.6806744791666667 0.06501953125 0.6832916666666667
0  0.0537109375 0.6341145833333334 0.0078125 0.0234375 0.0537109375 0.6313489583333333 0.05645703125 0.6285807291666666 0.0550537109375 0.6350911458333334 0.0538330078125 0.638671875 0.0569453125 0.6368802083333334
0  0.0595703125 0.59765625 0.0078125 0.0234375 0.05859375 0.5911458333333334 0.0625 0.5911458333333334 0.060546875 0.5963541666666666 0.05859375 0.6015625 0.0625 0.6015625
0  0.04296875 0.65625 0.0078125 0.026041666666666668 0.04146875 0.6521588541666666 0.044869140625 0.6521588541666666 0.043234375 0.6577369791666666 0.0411416015625 0.6601796875 0.0444775390625 0.6601796875
0  0.39501953125 0.6002604166666666 0.0087890625 0.028645833333333332 0.392974609375 0.5980520833333333 0.395791015625 0.5978541666666667 0.3943828125 0.6014114583333333 0.393271484375 0.6071432291666666 0.395642578125 0.6071432291666666
