0  0.0556640625 0.35198821796759944 0.025390625 0.041237113402061855 0.0522109375 0.34367746686303385 0.0625 0.3449926362297496 0.0576171875 0.3552488954344624 0.0530830078125 0.3628762886597938 0.061802734375 0.36182474226804123
0  0.134765625 0.3490427098674521 0.021484375 0.041237113402061855 0.1314521484375 0.34231075110456555 0.140869140625 0.34336229749631814 0.1356376953125 0.35151546391752575 0.1324990234375 0.35677466863033874 0.1406943359375 0.35651104565537556
0  0.1552734375 0.508100147275405 0.0234375 0.03829160530191458 0.15065234375 0.49863181148748165 0.160591796875 0.49838291605301915 0.156119140625 0.5098748159057437 0.15148046875 0.5168703976435935 0.1620830078125 0.5153726067746686
0  0.20458984375 0.33578792341678937 0.0205078125 0.03829160530191458 0.2012763671875 0.32804270986745215 0.210388671875 0.3292916053019146 0.205583984375 0.33703681885125186 0.201939453125 0.3440324005891016 0.208234375 0.34428276877761416
0  0.24853515625 0.3556701030927835 0.0224609375 0.036818851251840944 0.245849609375 0.34996318114874814 0.2552666015625 0.34996318114874814 0.2513427734375 0.35706332842415317 0.245849609375 0.3639278350515464 0.255423828125 0.36416494845360825
0  0.27880859375 0.3556701030927835 0.0185546875 0.033873343151693665 0.2744140625 0.3490427098674521 0.283203125 0.3490427098674521 0.2783203125 0.3549337260677467 0.2744140625 0.3637702503681885 0.2822265625 0.3637702503681885
0  0.23876953125 0.4631811487481591 0.0244140625 0.042709867452135494 0.23419140625 0.45664506627393225 0.244080078125 0.45664506627393225 0.2391357421875 0.46769072164948455 0.23455859375 0.4729381443298969 0.243896484375 0.4726627393225331
0  0.3115234375 0.45066273932253315 0.021484375 0.041237113402061855 0.30799609375 0.44507363770250363 0.31621875 0.4439955817378498 0.3126435546875 0.4545095729013255 0.3087119140625 0.46178792341678937 0.31693359375 0.4612488954344624
0  0.32080078125 0.3394698085419735 0.0205078125 0.036818851251840944 0.3185859375 0.3332901325478645 0.3270615234375 0.3335257731958763 0.3240791015625 0.3399175257731959 0.3192138671875 0.34654491899852724 0.326904296875 0.3451237113402062
0  0.3427734375 0.3379970544918999 0.01953125 0.042709867452135494 0.34062890625 0.33652430044182624 0.348314453125 0.3378718703976436 0.3443818359375 0.34541973490427097 0.340271484375 0.3508114874815906 0.3472421875 0.351081001472754
0  0.36328125 0.3475699558173785 0.0078125 0.011782032400589101 -0.0009765625 -0.0014727540500736377 -0.0009765625 -0.0014727540500736377 -0.0009765625 -0.0014727540500736377 -0.0009765625 -0.0014727540500736377 -0.0009765625 -0.0014727540500736377
0  0.375 0.3269513991163476 0.01953125 0.03240058910162003 0.3704658203125 0.32379528718703976 0.3779990234375 0.3225331369661267 0.375208984375 0.33052871870397643 0.3714423828125 0.33620913107511047 0.37841796875 0.3353667157584683
0  0.3837890625 0.3637702503681885 0.01953125 0.035346097201767304 0.37984765625 0.357379970544919 0.38848046875 0.3566701030927835 0.384556640625 0.36566421207658323 0.38157421875 0.3722916053019146 0.38848046875 0.37063475699558174
0  0.3828125 0.4587628865979381 0.0234375 0.042709867452135494 0.37890625 0.452780559646539 0.3895263671875 0.452780559646539 0.383849609375 0.46216789396170843 0.378173828125 0.4682444771723122 0.388244140625 0.468519882179676
0  0.41796875 0.41384388807069217 0.01953125 0.035346097201767304 0.4145810546875 0.4101163475699558 0.423888671875 0.40988512518409426 0.4191591796875 0.417019145802651 0.41534375 0.42323269513991163 0.4228212890625 0.4234624447717231
0  0.44921875 0.4536082474226804 0.021484375 0.03829160530191458 0.4454169921875 0.44613991163475697 0.455357421875 0.4458895434462445 0.45038671875 0.4536347569955817 0.4464111328125 0.460880706921944 0.453369140625 0.460880706921944
0  0.43017578125 0.329160530191458 0.0205078125 0.030927835051546393 0.4244169921875 0.3213696612665685 0.4319853515625 0.3207584683357879 0.428470703125 0.32666863033873345 0.4250927734375 0.3344138438880707 0.433201171875 0.33400589101620026
0  0.46728515625 0.31885125184094254 0.0205078125 0.039764359351988215 0.46424609375 0.3125066273932253 0.472408203125 0.31301914580265094 0.4681572265625 0.3201988217967599 0.4645869140625 0.32584094256259205 0.472578125 0.3268659793814433
0  0.498046875 0.34536082474226804 0.021484375 0.033873343151693665 0.493185546875 0.33802945508100146 0.501818359375 0.33781296023564067 0.4976455078125 0.3475758468335788 0.49376171875 0.35256701030927834 0.500955078125 0.3519160530191458
0  0.5498046875 0.3335787923416789 0.01953125 0.036818851251840944 0.5451220703125 0.3289572901325479 0.55480078125 0.3289572901325479 0.54980078125 0.33674079528718703 0.5459287109375 0.34209278350515465 0.552865234375 0.34209278350515465
0  0.513671875 0.46244477172312226 0.021484375 0.041237113402061855 0.5098349609375 0.45508100147275404 0.5196005859375 0.4542916053019146 0.5152412109375 0.46533726067746684 0.5108818359375 0.4719131075110456 0.519775390625 0.4719131075110456
0  0.55908203125 0.4425625920471281 0.0224609375 0.039764359351988215 0.553126953125 0.4368291605301915 0.562404296875 0.4358306332842415 0.556771484375 0.44407511045655373 0.555115234375 0.4510706921944035 0.5617412109375 0.45057142857142857
0  0.59375 0.3240058910162003 0.01953125 0.035346097201767304 0.5886669921875 0.320521354933726 0.597708984375 0.31940353460972015 0.5937060546875 0.3270044182621502 0.590296875 0.3323696612665685 0.597708984375 0.33125184094256255
0  0.63818359375 0.3865979381443299 0.0185546875 0.030927835051546393 0.6351796875 0.3833372606774669 0.643423828125 0.3839484536082475 0.639099609375 0.3908777614138439 0.634369140625 0.3965846833578792 0.6436943359375 0.39678939617083947
0  0.65185546875 0.33431516936671574 0.0205078125 0.03240058910162003 0.646763671875 0.325899852724595 0.6547158203125 0.32484683357879235 0.6509482421875 0.33368335787923414 0.6476005859375 0.3404167893961708 0.6547158203125 0.33852282768777614
0  0.72119140625 0.34094256259204714 0.0205078125 0.030927835051546393 0.716517578125 0.3325139911634757 0.724888671875 0.3327113402061856 0.720048828125 0.34040353460972017 0.716779296875 0.3461237113402062 0.7247578125 0.3461237113402062
0  0.6923828125 0.42930780559646536 0.01953125 0.030927835051546393 0.6871865234375 0.42324594992636233 0.6951640625 0.42324594992636233 0.690978515625 0.43074079528718706 0.688625 0.4366583210603829 0.694771484375 0.4366583210603829
0  0.759765625 0.35640648011782033 0.0234375 0.041237113402061855 0.7538369140625 0.3472076583210604 0.7631875 0.3459263622974963 0.7577470703125 0.3559263622974963 0.7551962890625 0.36156701030927835 0.7631875 0.3610544918998527
0  0.81591796875 0.3379970544918999 0.0205078125 0.036818851251840944 0.808837890625 0.32921354933726066 0.8152724609375 0.330160530191458 0.81009375 0.3377334315169367 0.8091513671875 0.3472017673048601 0.8155869140625 0.3486215022091311
0  0.88330078125 0.3284241531664212 0.0224609375 0.03829160530191458 0.87733203125 0.3218497790868925 0.888462890625 0.32087628865979384 0.882171875 0.3291472754050074 0.8784619140625 0.3374182621502209 0.8844296875 0.33766126656848305
0  0.96826171875 0.3019145802650957 0.0263671875 0.047128129602356406 0.96296484375 0.2937820324005891 0.974931640625 0.2937820324005891 0.967869140625 0.30472901325478646 0.9645341796875 0.31182916053019144 0.9729697265625 0.3100544918998527
