0  0.0869140625 0.2625152625152625 0.060546875 0.11233211233211234 0.073701171875 0.24783882783882782 0.099775390625 0.2480830280830281 0.085947265625 0.26323565323565323 0.0755859375 0.28041514041514043 0.097724609375 0.2806349206349206
0  0.125 0.21245421245421245 0.052734375 0.08791208791208792 0.115705078125 0.19851037851037853 0.1399228515625 0.204015873015873 0.1311162109375 0.21282539682539683 0.117466796875 0.22934065934065936 0.1346396484375 0.2298913308913309
0  0.11328125 0.115995115995116 0.041015625 0.06837606837606838 0.1041826171875 0.10806349206349207 0.124158203125 0.10935531135531135 0.114859375 0.12356654456654456 0.103837890625 0.13088644688644688 0.1214033203125 0.1326092796092796
0  0.189453125 0.19597069597069597 0.046875 0.07448107448107448 0.178994140625 0.18573992673992676 0.200234375 0.18479120879120878 0.190751953125 0.19806959706959706 0.1801318359375 0.21324420024420024 0.1987177734375 0.2122967032967033
0  0.24951171875 0.1385836385836386 0.0419921875 0.07203907203907203 0.237548828125 0.13522588522588522 0.2587890625 0.1333943833943834 0.2489013671875 0.14896214896214896 0.241943359375 0.1581196581196581 0.258056640625 0.1562881562881563
0  0.24658203125 0.2625152625152625 0.0498046875 0.09035409035409035 0.2386474609375 0.25615995115995116 0.2599052734375 0.2578925518925519 0.252048828125 0.2717594627594628 0.239109375 0.2856275946275946 0.258056640625 0.28620512820512817
0  0.33544921875 0.3137973137973138 0.0595703125 0.0927960927960928 0.3242099609375 0.3079377289377289 0.3498662109375 0.3067716727716728 0.3368046875 0.32193528693528695 0.326076171875 0.33651648351648356 0.3470673828125 0.335932844932845
0  0.31494140625 0.20085470085470086 0.0498046875 0.07936507936507936 0.3072333984375 0.1892112332112332 0.327689453125 0.19171916971916972 0.3180625 0.20325274725274725 0.3060302734375 0.2167936507936508 0.3272880859375 0.2182979242979243
0  0.3203125 0.1105006105006105 0.0390625 0.06715506715506715 0.31453125 0.10096214896214896 0.3339150390625 0.10393772893772894 0.3250732421875 0.11584249084249085 0.31419140625 0.1256214896214896 0.330513671875 0.1285970695970696
0  0.390625 0.14835164835164835 0.04296875 0.07692307692307693 0.3816005859375 0.14252991452991454 0.4010009765625 0.14301465201465202 0.3893603515625 0.15756898656898657 0.382376953125 0.16921245421245423 0.39828515625 0.16872771672771672
0  0.427734375 0.2777777777777778 0.048828125 0.08913308913308914 0.4187138671875 0.2658888888888889 0.442064453125 0.26645054945054947 0.4294912109375 0.2832942612942613 0.4155712890625 0.2945225885225885 0.442513671875 0.29396092796092793
0  0.5791015625 0.315018315018315 0.056640625 0.09035409035409035 0.5666806640625 0.3023882783882784 0.591400390625 0.3023882783882784 0.5804140625 0.32413797313797316 0.5680546875 0.3327228327228327 0.5927734375 0.3315775335775336
0  0.72021484375 0.28144078144078144 0.0537109375 0.09401709401709402 0.7093681640625 0.27023321123321126 0.7338515625 0.2714114774114774 0.7230224609375 0.2878949938949939 0.7098388671875 0.3026117216117216 0.733380859375 0.3032002442002442
0  0.89404296875 0.29426129426129427 0.0615234375 0.10500610500610501 0.8808330078125 0.280960927960928 0.9052998046875 0.2816263736263736 0.8909384765625 0.3009108669108669 0.8808330078125 0.31421123321123323 0.9021083984375 0.3148766788766789
0  0.81689453125 0.18376068376068377 0.0498046875 0.08424908424908426 0.80615234375 0.1794114774114774 0.828796875 0.17834188034188037 0.8172607421875 0.19062881562881562 0.80743359375 0.20718925518925518 0.827087890625 0.2045177045177045
0  0.70556640625 0.12637362637362637 0.0458984375 0.07448107448107448 0.696080078125 0.12154456654456655 0.715951171875 0.11732478632478632 0.7084521484375 0.12763858363858363 0.7005791015625 0.1431074481074481 0.716326171875 0.14217094017094017
0  0.7646484375 0.06471306471306472 0.0390625 0.07814407814407814 0.757904296875 0.05467765567765567 0.7757568359375 0.054181929181929184 0.7666318359375 0.06955921855921857 0.7571103515625 0.0784871794871795 0.7737734375 0.07898412698412699
0  0.64697265625 0.10134310134310134 0.0458984375 0.0757020757020757 0.63870703125 0.09462759462759462 0.655970703125 0.10038339438339439 0.6456123046875 0.11141636141636142 0.6367880859375 0.12052991452991453 0.6482978515625 0.12292918192918194
0  0.61572265625 0.15934065934065933 0.0458984375 0.08913308913308914 0.60449609375 0.1541892551892552 0.62515234375 0.15194383394383393 0.616171875 0.1715946275946276 0.6080888671875 0.18282295482295483 0.6265 0.1816996336996337
0  0.62548828125 0.2661782661782662 0.0439453125 0.08547008547008547 0.6126708984375 0.2564102564102564 0.6365966796875 0.2558754578754579 0.6246337890625 0.2692307692307692 0.615662109375 0.28685958485958485 0.63360546875 0.2857899877899878
0  0.45751953125 0.19230769230769232 0.0419921875 0.0695970695970696 0.4507529296875 0.1855921855921856 0.469935546875 0.1855921855921856 0.4615654296875 0.19823809523809524 0.453892578125 0.21044810744810744 0.4671455078125 0.21044810744810744
0  0.47314453125 0.09706959706959707 0.0419921875 0.05982905982905983 0.4630126953125 0.08653846153846154 0.483458984375 0.08615628815628815 0.473388671875 0.10065689865689866 0.466369140625 0.10981440781440782 0.48162890625 0.10905006105006104
0  0.5556640625 0.11721611721611722 0.04296875 0.06349206349206349 0.5435615234375 0.10268376068376069 0.565822265625 0.09945665445665446 0.5538857421875 0.11034798534798534 0.5454970703125 0.12406227106227107 0.566466796875 0.12043223443223443
