0  0.06201171875 0.21986754966887417 0.0146484375 0.02384105960264901 0.0625 0.21721854304635763 0.068359375 0.21589403973509932 0.0673828125 0.22119205298013245 0.064453125 0.22649006622516557 0.0673828125 0.22649006622516557
0  0.09716796875 0.20662251655629138 0.0146484375 0.026490066225165563 0.09375 0.20397350993377483 0.0947265625 0.20397350993377483 0.091796875 0.21059602649006623 0.095703125 0.21721854304635763 0.0947265625 0.21721854304635763
0  0.18798828125 0.21059602649006623 0.0185546875 0.02913907284768212 0.1826171875 0.20662251655629138 0.1904296875 0.20662251655629138 0.185546875 0.2119205298013245 0.18359375 0.21721854304635763 0.1884765625 0.21721854304635763
0  0.22119140625 0.22185430463576158 0.0185546875 0.02781456953642384 0.2158896484375 0.2190635761589404 0.2177822265625 0.21869668874172188 0.21278125 0.22401192052980132 0.2137275390625 0.22914437086092715 0.2158896484375 0.22932847682119206
0  0.33251953125 0.21324503311258278 0.0185546875 0.02913907284768212 0.3256142578125 0.2058662251655629 0.330775390625 0.20775761589403974 0.3260322265625 0.21400132450331125 0.326451171875 0.21986754966887417 0.3282646484375 0.22005695364238412
0  0.38623046875 0.20728476821192052 0.0205078125 0.03576158940397351 0.377625 0.2019271523178808 0.3834228515625 0.2021523178807947 0.379447265625 0.210241059602649 0.382263671875 0.21630728476821193 0.3850791015625 0.21653245033112584
0  0.4189453125 0.22251655629139072 0.013671875 0.03443708609271523 0.4169921875 0.21721854304635763 0.4169921875 0.21721854304635763 0.4140625 0.223841059602649 0.41796875 0.23178807947019867 0.4169921875 0.23178807947019867
0  0.4521484375 0.24172185430463577 0.021484375 0.03576158940397351 0.44726171875 0.23394039735099337 0.448111328125 0.23394039735099337 0.441990234375 0.2420119205298013 0.4496416015625 0.24939072847682117 0.4499814453125 0.24939072847682117
0  0.50830078125 0.223841059602649 0.0244140625 0.03708609271523179 0.4985703125 0.2162728476821192 0.50484765625 0.21532582781456952 0.4990927734375 0.22549668874172185 0.5038017578125 0.23353774834437085 0.5062431640625 0.231882119205298
0  0.54638671875 0.24370860927152319 0.0205078125 0.039735099337748346 0.5400390625 0.233194701986755 0.5413203125 0.233194701986755 0.538025390625 0.24486754966887417 0.5440673828125 0.2508278145695364 0.54571484375 0.2495867549668874
0  0.59521484375 0.2596026490066225 0.0244140625 0.039735099337748346 0.586478515625 0.254364238410596 0.5894775390625 0.2546185430463576 0.585166015625 0.26529668874172185 0.5913525390625 0.2716529801324504 0.5939765625 0.2719072847682119
0  0.72216796875 0.2635761589403974 0.0458984375 0.09801324503311258 0.7107236328125 0.2554635761589404 0.7107236328125 0.2554635761589404 0.6997373046875 0.27470993377483444 0.7153017578125 0.2902317880794702 0.7153017578125 0.2902317880794702
0  0.892578125 0.25629139072847684 0.041015625 0.0728476821192053 0.8816962890625 0.24502119205298015 0.886796875 0.24594437086092713 0.87353515625 0.2620860927152318 0.8840771484375 0.275 0.8871376953125 0.27407814569536426
0  0.8330078125 0.24635761589403973 0.005859375 0.013245033112582781 -0.0009765625 -0.0013245033112582781 -0.0009765625 -0.0013245033112582781 -0.0009765625 -0.0013245033112582781 -0.0009765625 -0.0013245033112582781 -0.0009765625 -0.0013245033112582781
