0  0.556640625 0.16331994645247658 0.02734375 0.040160642570281124 0.5516533203125 0.15411646586345382 0.5641220703125 0.1512235609103079 0.561244140625 0.1620053547523427 0.55644921875 0.17094511378848729 0.5660400390625 0.1696305220883534
0  0.47802734375 0.1961178045515395 0.0283203125 0.04417670682730924 0.4741337890625 0.18551004016064257 0.4888876953125 0.18494779116465865 0.4829453125 0.19477911646586346 0.4792568359375 0.2032061579651941 0.4866328125 0.2032061579651941
0  0.404296875 0.15461847389558234 0.02734375 0.038821954484605084 0.399109375 0.14566532797858098 0.413025390625 0.14340696117804552 0.40771484375 0.15269344042838018 0.402771484375 0.16147925033467203 0.412658203125 0.160475234270415
0  0.490234375 0.37751004016064255 0.0390625 0.05622489959839357 0.479283203125 0.36244979919678716 0.496546875 0.36603614457831324 0.4842529296875 0.3767925033467202 0.4777138671875 0.38468139223560915 0.4918388671875 0.3897014725568943
0  0.580078125 0.35542168674698793 0.033203125 0.05220883534136546 0.5714375 0.3452088353413654 0.5870234375 0.34685140562248995 0.5781513671875 0.36000000000000004 0.5716767578125 0.3639437751004016 0.5841455078125 0.36690227576974566
0  0.39208984375 0.3527443105756359 0.0341796875 0.05220883534136546 0.384521484375 0.34036144578313254 0.39892578125 0.34437751004016065 0.38818359375 0.35575635876840694 0.3828125 0.36178045515394913 0.39697265625 0.36178045515394913
0  0.64501953125 0.31459170013386883 0.0322265625 0.04819277108433735 0.63826171875 0.3053882195448461 0.65226953125 0.31026506024096384 0.642708984375 0.3172744310575636 0.6362607421875 0.32245649263721554 0.6491572265625 0.3273333333333333
0  0.70947265625 0.2777777777777778 0.0263671875 0.041499330655957165 0.705548828125 0.2686345381526104 0.7181044921875 0.27266800535475233 0.7092763671875 0.27939089692101743 0.7031943359375 0.28557697456492637 0.7132001953125 0.28772824631860777
0  0.8583984375 0.3862115127175368 0.025390625 0.038821954484605084 0.8516845703125 0.37801204819277107 0.8648681640625 0.3742463186077644 0.861572265625 0.3850401606425703 0.85498046875 0.39206827309236947 0.8668828125 0.39031057563587684
0  0.8154296875 0.4250334672021419 0.029296875 0.041499330655957165 0.808859375 0.42073627844712186 0.8229853515625 0.4148206157965194 0.8186689453125 0.42907362784471215 0.81317578125 0.43579651941097725 0.8239658203125 0.4314939759036145
0  0.74609375 0.463855421686747 0.0390625 0.05220883534136546 0.7396416015625 0.4590977242302544 0.7567880859375 0.45501070950468536 0.751072265625 0.4682958500669344 0.743369140625 0.4781740294511379 0.7565390625 0.4781740294511379
0  0.6953125 0.5234270414993306 0.0390625 0.05622489959839357 0.68682421875 0.5104163319946452 0.706373046875 0.5093587684069611 0.6981416015625 0.5231097724230254 0.6896533203125 0.5336880856760375 0.7043154296875 0.5326305220883534
0  0.5703125 0.6004016064257028 0.044921875 0.06559571619812583 0.557921875 0.5855087014725568 0.57989453125 0.5825809906291833 0.56982421875 0.6022423025435074 0.5621953125 0.6122824631860776 0.5817265625 0.610190093708166
0  0.46044921875 0.6151271753681392 0.0439453125 0.07630522088353414 0.4482421875 0.6024096385542169 0.46875 0.6050870147255689 0.455078125 0.6184738955823293 0.447265625 0.6291834002677377 0.46484375 0.6305220883534136
0  0.35107421875 0.5334672021419009 0.0380859375 0.05488621151271754 0.3426123046875 0.5204203480589022 0.3621611328125 0.5225368139223561 0.3508427734375 0.5362878179384204 0.343126953125 0.545103078982597 0.359845703125 0.5447510040160642
0  0.25732421875 0.2824631860776439 0.0283203125 0.0428380187416332 0.2513955078125 0.27256626506024095 0.2656337890625 0.27696519410977244 0.2562080078125 0.2832878179384204 0.2493896484375 0.2901606425702811 0.259015625 0.28988621151271754
0  0.32275390625 0.31994645247657294 0.0322265625 0.04551539491298527 0.31494140625 0.31166265060240966 0.329041015625 0.3154698795180723 0.317291015625 0.32542704149933066 0.31430078125 0.3280615796519411 0.3249814453125 0.3301124497991968
0  0.24853515625 0.46184738955823296 0.0361328125 0.0535475234270415 0.2406005859375 0.45197991967871487 0.256255859375 0.4574310575635877 0.2450732421875 0.46560642570281124 0.2383642578125 0.4707161981258367 0.251037109375 0.4744631860776439
0  0.18701171875 0.41365461847389556 0.0322265625 0.04551539491298527 0.1806640625 0.4029451137884873 0.1953125 0.4109772423025435 0.1845703125 0.41633199464524767 0.1767578125 0.4190093708165997 0.189453125 0.4243641231593039
0  0.1455078125 0.36813922356091033 0.02734375 0.0428380187416332 0.1394912109375 0.3593775100401606 0.1515244140625 0.3632262382864792 0.141697265625 0.3714738955823293 0.13788671875 0.3753226238286479 0.148515625 0.37889692101740297
