0  0.19140625 0.3281045751633987 0.05859375 0.10718954248366012 0.1748740234375 0.31604183006535946 0.2084658203125 0.3167137254901961 0.1979375 0.34087320261437903 0.1753759765625 0.35966405228758164 0.2064599609375 0.35765098039215687
0  0.3203125 0.469281045751634 0.0625 0.09673202614379085 0.3143310546875 0.4661764705882353 0.345458984375 0.46801437908496735 0.3312685546875 0.4900732026143791 0.3129580078125 0.5041673202614378 0.3395078125 0.503554248366013
0  0.2919921875 0.23660130718954248 0.068359375 0.11764705882352941 0.283751953125 0.22334901960784312 0.3108828125 0.22186666666666668 0.299255859375 0.24187712418300653 0.2854130859375 0.2596640522875817 0.3103291015625 0.2581816993464052
0  0.3876953125 0.3581699346405229 0.056640625 0.08888888888888889 0.3817099609375 0.3433647058823529 0.4121572265625 0.34449673202614384 0.3982021484375 0.365440522875817 0.3825556640625 0.37846013071895424 0.4053916015625 0.3801581699346406
0  0.46875 0.28627450980392155 0.06640625 0.10718954248366012 0.4619140625 0.26143790849673204 0.4892578125 0.26405228758169935 0.478515625 0.2823529411764706 0.4658203125 0.3045751633986928 0.4853515625 0.3045751633986928
0  0.560546875 0.1477124183006536 0.05078125 0.10718954248366012 0.5480263671875 0.12692549019607843 0.5771044921875 0.12826797385620914 0.56306640625 0.14907189542483662 0.546521484375 0.16517908496732026 0.57459765625 0.16584967320261437
0  0.5263671875 0.3934640522875817 0.060546875 0.09673202614379085 0.5116884765625 0.37871764705882355 0.5432734375 0.375040522875817 0.5299990234375 0.39219738562091505 0.5180966796875 0.41486928104575166 0.544189453125 0.41119215686274513
0  0.6611328125 0.28888888888888886 0.060546875 0.11241830065359477 0.64851171875 0.28187973856209153 0.677525390625 0.279762091503268 0.665392578125 0.2995333333333333 0.6490390625 0.31718562091503266 0.676998046875 0.3164797385620915
0  0.6455078125 0.45751633986928103 0.068359375 0.10457516339869281 0.6396005859375 0.44565228758169934 0.67014453125 0.44565228758169934 0.6568427734375 0.4634575163398693 0.6371376953125 0.48060261437908497 0.6666953125 0.4825803921568627
0  0.7978515625 0.269281045751634 0.060546875 0.09411764705882353 0.788556640625 0.2533032679738562 0.81321484375 0.2544823529411765 0.8039677734375 0.2727529411764706 0.785474609375 0.2898457516339869 0.811013671875 0.2898457516339869
0  0.8349609375 0.4849673202614379 0.060546875 0.11241830065359477 0.8191748046875 0.47442875816993463 0.852408203125 0.46948496732026146 0.8386923828125 0.49066928104575164 0.8265595703125 0.5111464052287582 0.851353515625 0.5069098039215686
0  0.9052734375 0.39215686274509803 0.056640625 0.10980392156862745 0.896484375 0.3873359477124183 0.92709375 0.38872549019607844 0.9136044921875 0.40955816993464056 0.896484375 0.4227529411764706 0.9219052734375 0.42483660130718953
