0  0.10302734375 0.34699853587115664 0.0244140625 0.04685212298682284 0.097634765625 0.34273645680819914 0.109994140625 0.34273645680819914 0.1048935546875 0.35185505124450955 0.098615234375 0.3606793557833089 0.10862109375 0.36038506588579794
0  0.1689453125 0.3074670571010249 0.029296875 0.055636896046852125 0.1650390625 0.30453879941434847 0.177734375 0.30161054172767204 0.1728515625 0.31478770131771594 0.1669921875 0.3235724743777452 0.1787109375 0.32210834553440704
0  0.25732421875 0.33528550512445093 0.0244140625 0.0527086383601757 0.2522099609375 0.3288857979502196 0.2648837890625 0.33021961932650074 0.258658203125 0.33855344070278187 0.25198828125 0.34588726207906295 0.2633271484375 0.3465534407027818
0  0.32275390625 0.29209370424597364 0.0263671875 0.05417276720351391 0.3181064453125 0.28474084919472914 0.329890625 0.2861259150805271 0.3234208984375 0.2965183016105417 0.3162578125 0.30240849194729136 0.329197265625 0.3037935578330893
0  0.40087890625 0.28257686676427524 0.0263671875 0.06149341142020498 0.3975615234375 0.27451830161054175 0.410421875 0.27567496339677894 0.4032197265625 0.2860863836017569 0.3973037109375 0.2945710102489019 0.407849609375 0.2961142020497804
0  0.49560546875 0.3052708638360176 0.0244140625 0.05710102489019034 0.489501953125 0.2972181551976574 0.50048828125 0.2961200585651537 0.4951171875 0.30783308931185943 0.49072265625 0.3191800878477306 0.5 0.318814055636896
0  0.583984375 0.3008784773060029 0.02734375 0.05124450951683748 0.5794375 0.2954333821376281 0.590759765625 0.2941522693997072 0.5862734375 0.30408199121522694 0.579650390625 0.31304831625183016 0.590759765625 0.3117686676427525
0  0.68310546875 0.3008784773060029 0.0302734375 0.05710102489019034 0.6796875 0.2957540263543192 0.69140625 0.2957540263543192 0.6845703125 0.3074670571010249 0.6796875 0.31332357247437775 0.69140625 0.31332357247437775
0  0.740234375 0.3462664714494876 0.0234375 0.05124450951683748 0.7348330078125 0.3406383601756955 0.7467958984375 0.3396778916544656 0.740814453125 0.34960614934114204 0.736755859375 0.3582547584187408 0.74658203125 0.3563323572474378
0  0.82763671875 0.2796486090775988 0.0283203125 0.055636896046852125 0.820447265625 0.2737203513909224 0.83315625 0.2712957540263543 0.8271484375 0.2837657393850659 0.8213720703125 0.2934670571010249 0.83315625 0.2931200585651537
0  0.89306640625 0.3308931185944363 0.0283203125 0.04978038067349927 0.884673828125 0.32343484626647145 0.8981328125 0.32279502196193266 0.8906552734375 0.333683748169839 0.884673828125 0.34169106881405564 0.8979189453125 0.34137042459736455
0  0.86669921875 0.42972181551976574 0.0283203125 0.05710102489019034 0.861083984375 0.4224011713030747 0.873291015625 0.421303074670571 0.866943359375 0.4308199121522694 0.861572265625 0.441800878477306 0.873046875 0.4410688140556369
0  0.76611328125 0.438506588579795 0.0283203125 0.048316251830161056 0.75634765625 0.4296178623718887 0.7705771484375 0.4261654465592973 0.7632529296875 0.4402840409956076 0.760533203125 0.44812737920937046 0.7714150390625 0.4453045387994143
0  0.71337890625 0.43484626647144947 0.0263671875 0.0527086383601757 0.7109375 0.4289897510980966 0.7236328125 0.4333821376281113 0.7158203125 0.44216691068814057 0.7080078125 0.445095168374817 0.7197265625 0.4494875549048316
0  0.69775390625 0.5007320644216691 0.0244140625 0.03513909224011713 0.6930283203125 0.4990585651537336 0.702916015625 0.503294289897511 0.696794921875 0.5070585651537336 0.6919296875 0.510588579795022 0.6983642578125 0.5138828696925329
0  0.82080078125 0.5651537335285505 0.0302734375 0.05856515373352855 0.8170908203125 0.5558521229868228 0.829515625 0.5573426061493412 0.8237998046875 0.5655387994143485 0.8160966796875 0.5733631039531479 0.8280244140625 0.5748535871156661
0  0.6455078125 0.5849194729136163 0.025390625 0.05124450951683748 0.6394609375 0.5802518301610542 0.6530234375 0.5819194729136165 0.6454638671875 0.5899194729136165 0.63923828125 0.5965871156661786 0.6514677734375 0.5982532942898976
0  0.60986328125 0.46266471449487556 0.0263671875 0.040995607613469986 0.602630859375 0.4514816983894583 0.6149638671875 0.45067642752562226 0.609244140625 0.45898535871156665 0.6035244140625 0.47024011713030744 0.6149638671875 0.46997218155197656
0  0.525390625 0.4253294289897511 0.0234375 0.048316251830161056 0.519251953125 0.4183221083455344 0.5326455078125 0.41769546120058565 0.5263671875 0.4277349926793557 0.5205078125 0.4368330893118595 0.5311806640625 0.4368330893118595
0  0.46728515625 0.4143484626647145 0.0263671875 0.055636896046852125 0.46232421875 0.4090541727672035 0.4766845703125 0.4076427525622255 0.470328125 0.42175988286969257 0.463736328125 0.42776134699853585 0.47480078125 0.42634846266471454
0  0.38330078125 0.42020497803806733 0.0244140625 0.04978038067349927 0.3772578125 0.4143484626647145 0.389220703125 0.41402781844802344 0.383880859375 0.42331625183016103 0.3772578125 0.43036310395314786 0.3894345703125 0.43100292825768666
0  0.30224609375 0.46266471449487556 0.0244140625 0.04978038067349927 0.29769921875 0.4580893118594436 0.309021484375 0.45744948755490483 0.30389453125 0.4702606149341142 0.29705859375 0.4747437774524158 0.30859375 0.4747437774524158
0  0.2314453125 0.4546120058565154 0.025390625 0.05124450951683748 0.22562109375 0.4524816983894583 0.237849609375 0.44848023426061495 0.2327353515625 0.4618155197657394 0.2282890625 0.46881551976573943 0.2387392578125 0.46548169838945824
0  0.1484375 0.5885797950219619 0.02734375 0.04978038067349927 0.1403203125 0.5814421669106882 0.154845703125 0.5795197657393851 0.147796875 0.5913704245973646 0.1430966796875 0.5996983894582724 0.1544189453125 0.5980966325036603
0  0.19091796875 0.6295754026354319 0.0244140625 0.040995607613469986 0.18547265625 0.6213396778916545 0.19744921875 0.6197320644216691 0.1915498046875 0.628307467057101 0.1861875 0.6368828696925329 0.1976279296875 0.6355431918008785
0  0.2353515625 0.5863836017569546 0.025390625 0.05124450951683748 0.2319775390625 0.5797686676427526 0.2435302734375 0.5794421669106882 0.2378623046875 0.5892459736456808 0.230451171875 0.5961098096632503 0.2430947265625 0.5967628111273792
0  0.2958984375 0.5863836017569546 0.025390625 0.0424597364568082 0.290283203125 0.5793382137628111 0.302734375 0.5763177159590044 0.2972412109375 0.5894948755490483 0.2921142578125 0.5963572474377745 0.304015625 0.5930629575402636
0  0.35302734375 0.6002928257686676 0.0224609375 0.03806734992679356 0.3488291015625 0.5954494875549048 0.360765625 0.5961756954612005 0.3546357421875 0.6027042459736457 0.348990234375 0.6099604685212299 0.3581845703125 0.6099604685212299
0  0.4091796875 0.5658857979502196 0.021484375 0.04538799414348463 0.402552734375 0.5628535871156661 0.4146376953125 0.5628535871156661 0.40869140625 0.5720556368960469 0.4044716796875 0.5789590043923865 0.4117607421875 0.5789590043923865
0  0.576171875 0.5790629575402635 0.029296875 0.05124450951683748 0.569275390625 0.5724743777452416 0.58251953125 0.5750366032210834 0.5748291015625 0.582723279648609 0.5690615234375 0.5894494875549048 0.578673828125 0.5913704245973646
