0  0.1083984375 0.3786549707602339 0.033203125 0.06140350877192982 0.1021552734375 0.36701169590643273 0.118373046875 0.368577485380117 0.1100029296875 0.381109649122807 0.1024169921875 0.3877660818713451 0.1170654296875 0.3881578947368421
0  0.19140625 0.27485380116959063 0.03515625 0.06725146198830409 0.18468359375 0.26903216374269007 0.1991357421875 0.26945614035087717 0.191484375 0.28218274853801173 0.18468359375 0.2919415204678362 0.19771875 0.29278947368421054
0  0.1611328125 0.4166666666666667 0.03515625 0.06725146198830409 0.152587890625 0.4114970760233918 0.1698525390625 0.41020467836257307 0.1612197265625 0.4196812865497076 0.1546015625 0.43432748538011695 0.168701171875 0.4330350877192983
0  0.30859375 0.34649122807017546 0.03125 0.06140350877192982 0.304705078125 0.3415043859649123 0.3201376953125 0.34189619883040934 0.31464453125 0.3528611111111111 0.3062744140625 0.36226023391812867 0.3167373046875 0.3634342105263158
0  0.2490234375 0.5233918128654971 0.03515625 0.06725146198830409 0.24680859375 0.5167602339181286 0.2611953125 0.5189152046783626 0.255728515625 0.5296842105263158 0.244794921875 0.537437134502924 0.2577431640625 0.5408830409356725
0  0.2978515625 0.4612573099415205 0.03125 0.059941520467836254 0.29559375 0.4540906432748538 0.3087421875 0.4540906432748538 0.303431640625 0.4646900584795322 0.294076171875 0.4749108187134503 0.3079833984375 0.47453216374269
0  0.39697265625 0.3654970760233918 0.0322265625 0.05847953216374269 0.3919326171875 0.35944005847953214 0.4060927734375 0.357546783625731 0.4000244140625 0.3696608187134503 0.393703125 0.3802602339181287 0.4055869140625 0.3787456140350877
0  0.4609375 0.49415204678362573 0.037109375 0.07017543859649122 0.4524453125 0.4835 0.469046875 0.4817251461988304 0.4622275390625 0.49770321637426895 0.45511328125 0.5083538011695906 0.469046875 0.5074663742690059
0  0.48583984375 0.3399122807017544 0.0302734375 0.059941520467836254 0.4790302734375 0.33312426900584796 0.4949599609375 0.331609649122807 0.4883857421875 0.344859649122807 0.4807998046875 0.35280847953216377 0.4949599609375 0.3516739766081871
0  0.51806640625 0.40423976608187134 0.0302734375 0.059941520467836254 0.5127734375 0.39215204678362575 0.5279453125 0.3955584795321638 0.5188427734375 0.4031301169590643 0.51100390625 0.4103230994152047 0.5233935546875 0.41448684210526315
0  0.55908203125 0.3121345029239766 0.0322265625 0.059941520467836254 0.55303125 0.30539912280701753 0.566685546875 0.3046418128654971 0.5593525390625 0.3159985380116959 0.5537890625 0.3247046783625731 0.5661796875 0.3243260233918129
0  0.6083984375 0.33187134502923976 0.03125 0.05847953216374269 0.6005859375 0.3216374269005848 0.6162109375 0.3216374269005848 0.6083984375 0.3304093567251462 0.6005859375 0.34210526315789475 0.6171875 0.3406432748538012
0  0.5966796875 0.49488304093567254 0.037109375 0.07163742690058479 0.5899873046875 0.4845248538011696 0.6056298828125 0.48677631578947367 0.5963046875 0.49983625730994147 0.5893857421875 0.5097441520467837 0.6029228515625 0.5115453216374269
0  0.6748046875 0.31359649122807015 0.03515625 0.07748538011695906 0.6659287109375 0.30658625730994155 0.681091796875 0.30417251461988304 0.672380859375 0.3220423976608187 0.66560546875 0.3283201754385965 0.6823818359375 0.3263888888888889
0  0.7431640625 0.385233918128655 0.03515625 0.07456140350877193 0.732025390625 0.3751959064327486 0.7492109375 0.3751959064327486 0.737435546875 0.3923479532163742 0.73234375 0.4009239766081872 0.7479375 0.4009239766081872
0  0.76806640625 0.5029239766081871 0.0341796875 0.06432748538011696 0.75604296875 0.4947923976608187 0.77032421875 0.49684795321637426 0.7590634765625 0.5067163742690058 0.757416015625 0.5165847953216374 0.768126953125 0.5190511695906432
0  0.8623046875 0.40497076023391815 0.041015625 0.08187134502923976 0.850794921875 0.3975365497076024 0.866638671875 0.39392690058479535 0.8580283203125 0.41042690058479536 0.85389453125 0.4243479532163743 0.868705078125 0.4202236842105263
0  0.90185546875 0.3048245614035088 0.0361328125 0.06286549707602339 0.8923251953125 0.29526900584795324 0.909611328125 0.2944736842105263 0.900037109375 0.30880555555555556 0.893388671875 0.3175643274853801 0.90775 0.31875877192982455
