0  0.81201171875 0.5058823529411764 0.0185546875 0.029411764705882353 0.8164541015625 0.49848382352941173 0.82012109375 0.49829264705882353 0.8212587890625 0.5059088235294117 0.81531640625 0.5123823529411765 0.8193623046875 0.5123823529411765
0  0.6748046875 0.5066176470588235 0.017578125 0.027941176470588237 0.6783447265625 0.49926470588235294 0.6826171875 0.4979779411764706 0.68310546875 0.506985294117647 0.6788330078125 0.5125 0.6822509765625 0.5121323529411764
0  0.63427734375 0.5330882352941176 0.0166015625 0.027941176470588237 0.6388505859375 0.52825 0.6397919921875 0.5280720588235294 0.639439453125 0.5351632352941177 0.6339072265625 0.5392397058823529 0.63649609375 0.5388852941176471
0  0.5244140625 0.524264705882353 0.01171875 0.025 0.525390625 0.5220588235294118 0.5302734375 0.5220588235294118 0.529296875 0.5279411764705882 0.525390625 0.5323529411764706 0.529296875 0.5338235294117647
0  0.45751953125 0.5110294117647058 0.0146484375 0.025 0.458984375 0.5088235294117647 0.4619140625 0.5073529411764706 0.4638671875 0.5147058823529411 0.4609375 0.5220588235294118 0.4619140625 0.5220588235294118
0  0.32421875 0.5198529411764706 0.013671875 0.025 0.3250908203125 0.5194323529411765 0.33011328125 0.5172264705882353 0.32906640625 0.5246323529411765 0.32425390625 0.5268382352941177 0.327916015625 0.5271529411764706
0  0.40087890625 0.5036764705882353 0.0107421875 0.027941176470588237 0.400390625 0.5029411764705882 0.404296875 0.5 0.404296875 0.5044117647058823 0.400390625 0.5117647058823529 0.404296875 0.5102941176470588
0  0.255859375 0.5433823529411764 0.01171875 0.025 0.2568359375 0.5411764705882353 0.26171875 0.5397058823529411 0.259765625 0.5470588235294118 0.2568359375 0.5514705882352942 0.2607421875 0.5514705882352942
0  0.150390625 0.5536764705882353 0.01171875 0.022058823529411766 0.1513671875 0.55 0.15625 0.55 0.154296875 0.5529411764705883 0.150390625 0.5573529411764706 0.1552734375 0.5588235294117647
0  0.0810546875 0.5573529411764706 0.01171875 0.023529411764705882 0.083984375 0.5588235294117647 0.087890625 0.5573529411764706 0.0869140625 0.5632352941176471 0.0830078125 0.5661764705882353 0.0859375 0.5691176470588235
