0  0.0263671875 0.3864182692307692 0.009765625 0.03245192307692308 -0.0009765625 -0.001201923076923077 -0.0009765625 -0.001201923076923077 -0.0009765625 -0.001201923076923077 -0.0009765625 -0.001201923076923077 -0.0009765625 -0.001201923076923077
0  0.07177734375 0.3719951923076923 0.0244140625 0.03245192307692308 0.06640625 0.36899038461538464 0.0771484375 0.36658653846153844 0.0703125 0.375 0.0703125 0.38341346153846156 0.0771484375 0.38100961538461536
0  0.09765625 0.3870192307692308 0.017578125 0.026442307692307692 0.1044921875 0.3798076923076923 0.111328125 0.38100961538461536 0.107421875 0.3858173076923077 0.1044921875 0.390625 0.1103515625 0.390625
0  0.13818359375 0.38521634615384615 0.0263671875 0.030048076923076924 0.1328125 0.3798076923076923 0.1435546875 0.37740384615384615 0.138671875 0.3858173076923077 0.13671875 0.3942307692307692 0.1416015625 0.3918269230769231
0  0.18896484375 0.3713942307692308 0.0302734375 0.04326923076923077 0.18025 0.3666887019230769 0.190921875 0.36449879807692304 0.1851416015625 0.3724350961538461 0.1833623046875 0.38392908653846153 0.1922568359375 0.3809182692307692
0  0.25732421875 0.3659855769230769 0.0205078125 0.030048076923076924 0.2496953125 0.36110336538461535 0.2577822265625 0.36016346153846157 0.25274609375 0.3682391826923077 0.251373046875 0.37349759615384615 0.2565615234375 0.3723701923076923
0  0.30810546875 0.3762019230769231 0.0224609375 0.038461538461538464 0.300083984375 0.3712980769230769 0.310111328125 0.3685829326923077 0.303693359375 0.37697475961538457 0.3020888671875 0.3858605769230769 0.3091083984375 0.38512019230769234
0  0.26513671875 0.33533653846153844 0.0185546875 0.026442307692307692 0.2626953125 0.3317307692307692 0.2705078125 0.33533653846153844 0.2646484375 0.3389423076923077 0.259765625 0.34134615384615385 0.267578125 0.34375
0  0.28955078125 0.34375 0.0205078125 0.02403846153846154 0.2841796875 0.3425480769230769 0.29296875 0.33774038461538464 0.2880859375 0.34615384615384615 0.287109375 0.35216346153846156 0.2939453125 0.3473557692307692
0  0.33837890625 0.40865384615384615 0.0302734375 0.04567307692307692 0.3318828125 0.40378725961538464 0.345515625 0.4000901442307692 0.3376591796875 0.410328125 0.33465625 0.41999759615384613 0.34251171875 0.4194278846153846
0  0.3544921875 0.32632211538461536 0.0234375 0.03485576923076923 0.348462890625 0.3245625 0.356685546875 0.3223617788461538 0.3516806640625 0.32984254807692304 0.35025 0.33710216346153843 0.3559697265625 0.3357824519230769
0  0.3271484375 0.3389423076923077 0.01953125 0.028846153846153848 0.322265625 0.33653846153846156 0.3310546875 0.33653846153846156 0.3271484375 0.34134615384615385 0.32421875 0.34975961538461536 0.3310546875 0.3473557692307692
0  0.3447265625 0.27403846153846156 0.021484375 0.02403846153846154 0.3408203125 0.27403846153846156 0.3486328125 0.27163461538461536 0.345703125 0.27884615384615385 0.345703125 0.2848557692307692 0.3505859375 0.2800480769230769
0  0.455078125 0.15504807692307693 0.052734375 0.09134615384615384 0.455060546875 0.14461658653846154 0.4748359375 0.14577644230769232 0.4701279296875 0.16605889423076922 0.4569443359375 0.18170552884615385 0.4705986328125 0.18228485576923076
0  0.5517578125 0.25961538461538464 0.017578125 0.028846153846153848 0.545958984375 0.25563461538461535 0.555267578125 0.25469471153846157 0.5497744140625 0.2625829326923077 0.5474853515625 0.2687800480769231 0.553283203125 0.2687800480769231
0  0.595703125 0.33353365384615385 0.0234375 0.03245192307692308 0.5877333984375 0.3306033653846154 0.5984453125 0.3268377403846153 0.59164453125 0.33625360576923075 0.5906240234375 0.34420552884615385 0.59810546875 0.34190384615384617
0  0.66064453125 0.3233173076923077 0.0224609375 0.036057692307692304 0.6534423828125 0.31930408653846154 0.6613076171875 0.3233173076923077 0.6532509765625 0.3285108173076923 0.652099609375 0.3346502403846153 0.657470703125 0.33559375
0  0.6923828125 0.3233173076923077 0.029296875 0.04567307692307692 0.6826171875 0.3173076923076923 0.6962890625 0.3173076923076923 0.6875 0.33052884615384615 0.6865234375 0.33653846153846156 0.6943359375 0.33774038461538464
0  0.6220703125 0.3798076923076923 0.037109375 0.057692307692307696 0.6122001953125 0.372875 0.6326552734375 0.3739699519230769 0.6219833984375 0.3856454326923077 0.6163505859375 0.3954975961538461 0.6270224609375 0.39513221153846156
0  0.70166015625 0.37560096153846156 0.0341796875 0.04927884615384615 0.691328125 0.3715769230769231 0.7042236328125 0.371265625 0.6966376953125 0.3840252403846154 0.6943623046875 0.3918052884615385 0.700177734375 0.3918052884615385
0  0.759765625 0.38461538461538464 0.0390625 0.055288461538461536 0.7471923828125 0.37753245192307694 0.7676220703125 0.3736370192307692 0.757263671875 0.38992788461538463 0.7517958984375 0.39913461538461537 0.7650322265625 0.3984266826923077
0  0.76123046875 0.32211538461538464 0.0322265625 0.04326923076923077 0.748046875 0.31850961538461536 0.7587890625 0.31490384615384615 0.7529296875 0.328125 0.751953125 0.33653846153846156 0.7607421875 0.33413461538461536
0  0.78857421875 0.37740384615384615 0.0283203125 0.052884615384615384 0.7744140625 0.36899038461538464 0.7880859375 0.36899038461538464 0.78125 0.38221153846153844 0.779296875 0.3954326923076923 0.7880859375 0.390625
0  0.8818359375 0.3629807692307692 0.041015625 0.06009615384615385 0.8648115234375 0.3539987980769231 0.8762646484375 0.35361778846153846 0.86264453125 0.36580889423076923 0.8688359375 0.3768569711538462 0.87409765625 0.3776189903846153
0  0.87939453125 0.3094951923076923 0.0361328125 0.04447115384615385 0.87015234375 0.30067908653846154 0.8844775390625 0.2986887019230769 0.8743115234375 0.30551442307692306 0.87015234375 0.3174579326923077 0.8828603515625 0.31489903846153844
0  0.71728515625 0.1328125 0.0205078125 0.030048076923076924 -0.0009765625 -0.001201923076923077 -0.0009765625 -0.001201923076923077 -0.0009765625 -0.001201923076923077 -0.0009765625 -0.001201923076923077 -0.0009765625 -0.001201923076923077
