0  0.1904296875 0.2708638360175695 0.04296875 0.08199121522693997 0.195251953125 0.25928843338213764 0.209716796875 0.26496778916544655 0.2073056640625 0.2804597364568082 0.1942177734375 0.2892371888726208 0.2066171875 0.29336896046852123
0  0.2353515625 0.26939970717423134 0.0234375 0.043923865300146414 0.230712890625 0.2613469985358712 0.2442626953125 0.263818448023426 0.238220703125 0.26930893118594434 0.23291015625 0.27946559297218154 0.2418828125 0.2800146412884334
0  0.33203125 0.27232796486090777 0.037109375 0.09077598828696926 0.3392158203125 0.2700278184480234 0.34573828125 0.2700278184480234 0.3491904296875 0.28670717423133235 0.3384482421875 0.2970614934114202 0.344203125 0.2970614934114202
0  0.28125 0.27013177159590046 0.009765625 0.016105417276720352 -0.0009765625 -0.0014641288433382138 -0.0009765625 -0.0014641288433382138 -0.0009765625 -0.0014641288433382138 -0.0009765625 -0.0014641288433382138 -0.0009765625 -0.0014641288433382138
0  0.3935546875 0.2979502196193265 0.037109375 0.08345534407027819 0.396109375 0.29371449487554907 0.4081162109375 0.300597364568082 0.4045849609375 0.3106573938506589 0.392578125 0.32018740849194727 0.401759765625 0.32601024890190333
0  0.43017578125 0.3367496339677892 0.0283203125 0.06442166910688141 0.4316318359375 0.3308272327964861 0.442173828125 0.3324480234260615 0.439470703125 0.34582137628111276 0.4281181640625 0.351090775988287 0.438119140625 0.3523060029282577
0  0.470703125 0.3733528550512445 0.029296875 0.055636896046852125 0.4716533203125 0.3704641288433382 0.4829228515625 0.37082284040995606 0.4790869140625 0.3837657393850659 0.4706943359375 0.38879795021961927 0.478607421875 0.39023572474377743
0  0.54736328125 0.3718887262079063 0.0341796875 0.06734992679355783 0.539130859375 0.3705563689604685 0.554814453125 0.3647584187408492 0.549091796875 0.38251830161054173 0.5434375 0.39054172767203515 0.557353515625 0.38578330893118595
0  0.59716796875 0.48535871156661786 0.0361328125 0.06588579795021962 0.5872802734375 0.47277598828696926 0.60678125 0.47195314787701315 0.5968935546875 0.4843060029282577 0.591125 0.4946002928257687 0.6040341796875 0.4946002928257687
0  0.6259765625 0.36822840409956076 0.03125 0.0629575402635432 0.6156484375 0.36862664714494875 0.63213671875 0.3626471449487555 0.62548828125 0.3750058565153734 0.6212333984375 0.38656954612005856 0.633466796875 0.3817847730600293
0  0.689453125 0.3726207906295754 0.033203125 0.06588579795021962 0.691126953125 0.33465739385065885 0.6961494140625 0.3325666178623719 0.6905693359375 0.3484626647144949 0.7003349609375 0.35264568081991216 0.705357421875 0.34888140556368963
0  0.69873046875 0.3330893118594436 0.0400390625 0.06588579795021962 0.686732421875 0.3315212298682284 0.6978935546875 0.33110248901903366 0.6895224609375 0.34992679355783307 0.704310546875 0.36038506588579794 0.7110068359375 0.35787554904831625
0  0.7314453125 0.21888726207906295 0.0234375 0.05124450951683748 0.728611328125 0.21750219619326502 0.7384208984375 0.2188081991215227 0.733625 0.22501903367496337 0.7288291015625 0.2328623718887262 0.73689453125 0.2341698389458272
0  0.79248046875 0.3001464128843338 0.0400390625 0.08199121522693997 0.7867607421875 0.29292972181551974 0.8052451171875 0.2913616398243045 0.7979208984375 0.3049575402635432 0.7860634765625 0.3169838945827233 0.8038505859375 0.3164612005856515
0  0.88427734375 0.20790629575402636 0.0498046875 0.0849194729136164 0.865783203125 0.20322693997071742 0.8875908203125 0.19465007320644218 0.875435546875 0.21233821376281112 0.871861328125 0.23002489019033676 0.8868759765625 0.22412884333821378
