0  0.126953125 0.18294270833333334 0.04296875 0.07942708333333333 0.1332138671875 0.16679427083333334 0.137712890625 0.16579427083333334 0.1482109375 0.18479166666666666 0.1324638671875 0.19978906249999998 0.135837890625 0.19878906249999997
0  0.05224609375 0.21614583333333334 0.0185546875 0.036458333333333336 -0.0009765625 -0.0013020833333333333 -0.0009765625 -0.0013020833333333333 -0.0009765625 -0.0013020833333333333 -0.0009765625 -0.0013020833333333333 -0.0009765625 -0.0013020833333333333
0  0.0087890625 0.21744791666666666 0.017578125 0.044270833333333336 0.006896484375 0.21565755208333334 0.009673828125 0.21451822916666666 0.01544140625 0.21822135416666666 0.0150146484375 0.2273359375 0.016509765625 0.22648177083333332
0  0.150390625 0.220703125 0.0234375 0.040364583333333336 0.1545107421875 0.21677994791666666 0.1558837890625 0.21651822916666666 0.1615732421875 0.2235807291666667 0.1580419921875 0.23221223958333334 0.1594150390625 0.23221223958333334
0  0.2109375 0.20638020833333334 0.015625 0.029947916666666668 0.214765625 0.20085807291666666 0.215484375 0.20066666666666666 0.218505859375 0.2033515625 0.21634765625 0.21140885416666666 0.2166357421875 0.21179166666666668
0  0.24853515625 0.18359375 0.0126953125 0.033854166666666664 0.250697265625 0.17411848958333334 0.2511943359375 0.17367708333333332 0.254341796875 0.17986197916666666 0.2531826171875 0.18560546874999997 0.2536796875 0.18516276041666668
0  0.24755859375 0.3229166666666667 0.0224609375 0.03125 -0.0009765625 -0.0013020833333333333 -0.0009765625 -0.0013020833333333333 -0.0009765625 -0.0013020833333333333 -0.0009765625 -0.0013020833333333333 -0.0009765625 -0.0013020833333333333
0  0.31005859375 0.20052083333333334 0.0146484375 0.026041666666666668 -0.0009765625 -0.0013020833333333333 -0.0009765625 -0.0013020833333333333 -0.0009765625 -0.0013020833333333333 -0.0009765625 -0.0013020833333333333 -0.0009765625 -0.0013020833333333333
0  0.36669921875 0.3359375 0.0244140625 0.10677083333333333 -0.0009765625 -0.0013020833333333333 -0.0009765625 -0.0013020833333333333 -0.0009765625 -0.0013020833333333333 -0.0009765625 -0.0013020833333333333 -0.0009765625 -0.0013020833333333333
0  0.44384765625 0.09765625 0.0556640625 0.10416666666666667 0.4468037109375 0.08846614583333333 0.4655234375 0.08780989583333333 0.4635537109375 0.11014192708333333 0.4428623046875 0.12525 0.459119140625 0.12459375
0  0.55322265625 0.19466145833333334 0.0107421875 0.029947916666666668 -0.0009765625 -0.0013020833333333333 -0.0009765625 -0.0013020833333333333 -0.0009765625 -0.0013020833333333333 -0.0009765625 -0.0013020833333333333 -0.0009765625 -0.0013020833333333333
0  0.619140625 0.15690104166666666 0.041015625 0.061197916666666664 0.6079404296875 0.14625130208333334 0.622837890625 0.14547265625 0.61553515625 0.15910416666666666 0.61173828125 0.17156640625 0.62079296875 0.17000911458333334
0  0.951171875 0.25 0.02734375 0.0546875 0.9423134765625 0.2552317708333333 0.946236328125 0.2541848958333333 0.9410048828125 0.2663919270833333 0.95146875 0.2698802083333333 0.95146875 0.2698802083333333
0  0.9189453125 0.236328125 0.01171875 0.01953125 -0.0009765625 -0.0013020833333333333 -0.0009765625 -0.0013020833333333333 -0.0009765625 -0.0013020833333333333 -0.0009765625 -0.0013020833333333333 -0.0009765625 -0.0013020833333333333
0  0.77001953125 0.19010416666666666 0.0126953125 0.018229166666666668 -0.0009765625 -0.0013020833333333333 -0.0009765625 -0.0013020833333333333 -0.0009765625 -0.0013020833333333333 -0.0009765625 -0.0013020833333333333 -0.0009765625 -0.0013020833333333333
0  0.7236328125 0.20638020833333334 0.005859375 0.009114583333333334 -0.0009765625 -0.0013020833333333333 -0.0009765625 -0.0013020833333333333 -0.0009765625 -0.0013020833333333333 -0.0009765625 -0.0013020833333333333 -0.0009765625 -0.0013020833333333333
