0  0.107421875 0.3409090909090909 0.013671875 0.030791788856304986 -0.0009765625 -0.001466275659824047 -0.0009765625 -0.001466275659824047 -0.0009765625 -0.001466275659824047 -0.0009765625 -0.001466275659824047 -0.0009765625 -0.001466275659824047
0  0.06982421875 0.32331378299120234 0.0146484375 0.030791788856304986 -0.0009765625 -0.001466275659824047 -0.0009765625 -0.001466275659824047 -0.0009765625 -0.001466275659824047 -0.0009765625 -0.001466275659824047 -0.0009765625 -0.001466275659824047
0  0.50439453125 0.3819648093841642 0.0166015625 0.030791788856304986 -0.0009765625 -0.001466275659824047 -0.0009765625 -0.001466275659824047 -0.0009765625 -0.001466275659824047 -0.0009765625 -0.001466275659824047 -0.0009765625 -0.001466275659824047
0  0.25537109375 0.3966275659824047 0.0126953125 0.030791788856304986 -0.0009765625 -0.001466275659824047 -0.0009765625 -0.001466275659824047 -0.0009765625 -0.001466275659824047 -0.0009765625 -0.001466275659824047 -0.0009765625 -0.001466275659824047
0  0.5263671875 0.4237536656891496 0.01171875 0.020527859237536656 -0.0009765625 -0.001466275659824047 -0.0009765625 -0.001466275659824047 -0.0009765625 -0.001466275659824047 -0.0009765625 -0.001466275659824047 -0.0009765625 -0.001466275659824047
0  0.23828125 0.10557184750733138 0.025390625 0.10263929618768329 0.2381767578125 0.0761158357771261 0.237740234375 0.0761158357771261 0.2264052734375 0.09444428152492669 0.237740234375 0.11669941348973607 0.237740234375 0.11669941348973607
0  0.193359375 0.1063049853372434 0.033203125 0.09824046920821114 0.1874873046875 0.08080938416422288 0.19121484375 0.08143108504398827 0.1829306640625 0.1081700879765396 0.183345703125 0.13180058651026394 0.19121484375 0.13117888563049854
0  0.158203125 0.09604105571847507 0.029296875 0.09237536656891496 0.15538671875 0.07157184750733138 0.1697431640625 0.07273753665689149 0.1639228515625 0.10128445747800585 0.1549990234375 0.12167448680351906 0.166638671875 0.12167448680351906
0  0.11376953125 0.10190615835777127 0.0322265625 0.10117302052785923 -0.0009765625 -0.001466275659824047 -0.0009765625 -0.001466275659824047 -0.0009765625 -0.001466275659824047 -0.0009765625 -0.001466275659824047 -0.0009765625 -0.001466275659824047
0  0.072265625 0.09824046920821114 0.033203125 0.09970674486803519 -0.0009765625 -0.001466275659824047 -0.0009765625 -0.001466275659824047 -0.0009765625 -0.001466275659824047 -0.0009765625 -0.001466275659824047 -0.0009765625 -0.001466275659824047
0  0.7958984375 0.4083577712609971 0.013671875 0.02785923753665689 -0.0009765625 -0.001466275659824047 -0.0009765625 -0.001466275659824047 -0.0009765625 -0.001466275659824047 -0.0009765625 -0.001466275659824047 -0.0009765625 -0.001466275659824047
0  0.6591796875 0.37683284457478006 0.013671875 0.026392961876832845 -0.0009765625 -0.001466275659824047 -0.0009765625 -0.001466275659824047 -0.0009765625 -0.001466275659824047 -0.0009765625 -0.001466275659824047 -0.0009765625 -0.001466275659824047
0  0.98828125 0.3980938416422287 0.013671875 0.02785923753665689 -0.0009765625 -0.001466275659824047 -0.0009765625 -0.001466275659824047 -0.0009765625 -0.001466275659824047 -0.0009765625 -0.001466275659824047 -0.0009765625 -0.001466275659824047
0  0.9248046875 0.4186217008797654 0.017578125 0.030791788856304986 -0.0009765625 -0.001466275659824047 -0.0009765625 -0.001466275659824047 -0.0009765625 -0.001466275659824047 -0.0009765625 -0.001466275659824047 -0.0009765625 -0.001466275659824047
0  0.44482421875 0.5615835777126099 0.0166015625 0.03225806451612903 -0.0009765625 -0.001466275659824047 -0.0009765625 -0.001466275659824047 -0.0009765625 -0.001466275659824047 -0.0009765625 -0.001466275659824047 -0.0009765625 -0.001466275659824047
0  0.154296875 0.5183284457478006 0.013671875 0.02785923753665689 -0.0009765625 -0.001466275659824047 -0.0009765625 -0.001466275659824047 -0.0009765625 -0.001466275659824047 -0.0009765625 -0.001466275659824047 -0.0009765625 -0.001466275659824047
0  0.720703125 0.4934017595307918 0.01171875 0.024926686217008796 -0.0009765625 -0.001466275659824047 -0.0009765625 -0.001466275659824047 -0.0009765625 -0.001466275659824047 -0.0009765625 -0.001466275659824047 -0.0009765625 -0.001466275659824047
