0  0.7431640625 0.3464516129032258 0.126953125 0.21548387096774194 0.6934990234375 0.3262090322580645 0.74267578125 0.3180877419354839 0.696572265625 0.358698064516129 0.696572265625 0.4060774193548387 0.7303818359375 0.40201548387096775
0  0.2822265625 0.14451612903225808 0.046875 0.06451612903225806 0.2687294921875 0.13912387096774192 0.2856796875 0.13788 0.2740654296875 0.1507367741935484 0.270298828125 0.1640090322580645 0.28316796875 0.16359483870967742
0  0.0537109375 0.2270967741935484 0.0234375 0.03096774193548387 -0.0009765625 -0.0012903225806451613 -0.0009765625 -0.0012903225806451613 -0.0009765625 -0.0012903225806451613 -0.0009765625 -0.0012903225806451613 -0.0009765625 -0.0012903225806451613
0  0.1748046875 0.20709677419354838 0.0234375 0.03741935483870968 -0.0009765625 -0.0012903225806451613 -0.0009765625 -0.0012903225806451613 -0.0009765625 -0.0012903225806451613 -0.0009765625 -0.0012903225806451613 -0.0009765625 -0.0012903225806451613
0  0.51611328125 0.17548387096774193 0.0302734375 0.06193548387096774 0.5210654296875 0.17105935483870968 0.5243271484375 0.1714516129032258 0.5269951171875 0.1832025806451613 0.522251953125 0.19377935483870967 0.5258095703125 0.19299483870967743
0  0.5458984375 0.18193548387096775 0.01953125 0.03612903225806452 -0.0009765625 -0.0012903225806451613 -0.0009765625 -0.0012903225806451613 -0.0009765625 -0.0012903225806451613 -0.0009765625 -0.0012903225806451613 -0.0009765625 -0.0012903225806451613
0  0.73193359375 0.1767741935483871 0.0244140625 0.03612903225806452 0.723423828125 0.17479225806451612 0.7328408203125 0.17479225806451612 0.725341796875 0.1837793548387097 0.722900390625 0.18976903225806452 0.7286552734375 0.18953935483870968
0  0.87353515625 0.1329032258064516 0.0341796875 0.05935483870967742 0.8825419921875 0.12324903225806452 0.885419921875 0.12324903225806452 0.8894482421875 0.13693548387096774 0.8813916015625 0.14796129032258065 0.882830078125 0.14796129032258065
0  0.5185546875 0.5612903225806452 0.0078125 0.012903225806451613 -0.0009765625 -0.0012903225806451613 -0.0009765625 -0.0012903225806451613 -0.0009765625 -0.0012903225806451613 -0.0009765625 -0.0012903225806451613 -0.0009765625 -0.0012903225806451613
0  0.5322265625 0.5503225806451613 0.005859375 0.011612903225806452 -0.0009765625 -0.0012903225806451613 -0.0009765625 -0.0012903225806451613 -0.0009765625 -0.0012903225806451613 -0.0009765625 -0.0012903225806451613 -0.0009765625 -0.0012903225806451613
0  0.63623046875 0.32903225806451614 0.0048828125 0.007741935483870968 -0.0009765625 -0.0012903225806451613 -0.0009765625 -0.0012903225806451613 -0.0009765625 -0.0012903225806451613 -0.0009765625 -0.0012903225806451613 -0.0009765625 -0.0012903225806451613
0  0.64306640625 0.3367741935483871 0.0048828125 0.007741935483870968 -0.0009765625 -0.0012903225806451613 -0.0009765625 -0.0012903225806451613 -0.0009765625 -0.0012903225806451613 -0.0009765625 -0.0012903225806451613 -0.0009765625 -0.0012903225806451613
0  0.9765625 0.16193548387096773 0.02734375 0.04774193548387097 -0.0009765625 -0.0012903225806451613 -0.0009765625 -0.0012903225806451613 -0.0009765625 -0.0012903225806451613 -0.0009765625 -0.0012903225806451613 -0.0009765625 -0.0012903225806451613
