0  0.04052734375 0.5471281296023565 0.0380859375 0.054491899852724596 0.0378720703125 0.5322886597938145 0.04962109375 0.5369896907216495 0.038591796875 0.5406053019145803 0.0316376953125 0.5467540500736376 0.04075 0.5532621502209132
0  0.08251953125 0.48748159057437407 0.0283203125 0.07069219440353461 0.0743232421875 0.47496318114874814 0.08469921875 0.47630486008836526 0.0713583984375 0.486139911634757 0.0719521484375 0.5026818851251841 0.0811416015625 0.5026818851251841
0  0.20166015625 0.4057437407952872 0.0380859375 0.0898379970544919 0.1924482421875 0.3943033873343152 0.2004130859375 0.39258762886597937 0.184103515625 0.40231222385861565 0.1947236328125 0.4234756995581738 0.1985166015625 0.42004418262150217
0  0.2861328125 0.39911634756995584 0.048828125 0.10014727540500737 0.2724697265625 0.386459499263623 0.2805048828125 0.38199558173784975 0.263166015625 0.3985773195876289 0.26739453125 0.41898527245949924 0.272046875 0.41452135493372605
0  0.416015625 0.5522827687776142 0.02734375 0.05891016200294551 0.4052734375 0.5375552282768777 0.416015625 0.5390279823269514 0.4052734375 0.5463917525773195 0.404296875 0.5655375552282769 0.4130859375 0.5670103092783505
0  0.4697265625 0.5589101620029455 0.03515625 0.07511045655375552 0.45699609375 0.549179675994109 0.467041015625 0.546338733431517 0.454798828125 0.5610147275405007 0.4563681640625 0.5747422680412371 0.4651572265625 0.5737952871870398
0  0.47314453125 0.8276877761413843 0.0498046875 0.09720176730486009 0.45872265625 0.8171811487481591 0.4824912109375 0.8147098674521355 0.469787109375 0.8307776141384389 0.4624111328125 0.8524094256259204 0.4808525390625 0.8511723122238587
0  0.57568359375 0.4381443298969072 0.0400390625 0.08394698085419734 0.560716796875 0.42282474226804123 0.5776669921875 0.41909720176730486 0.5653076171875 0.43081296023564064 0.5614228515625 0.4542459499263623 0.5769609375 0.45158321060382917
0  0.74365234375 0.4027982326951399 0.0537109375 0.11929307805596466 0.7216796875 0.38291605301914583 0.7451171875 0.374079528718704 0.7265625 0.39911634756995584 0.72265625 0.4212076583210604 0.75 0.4182621502209131
0  0.87744140625 0.3696612665684831 0.0634765625 0.10898379970544919 0.861388671875 0.3551178203240059 0.8916015625 0.34959499263622973 0.876037109375 0.3668541973490427 0.8641357421875 0.39653902798232693 0.892974609375 0.39170692194403534
