0  0.08447265625 0.3444924406047516 0.0185546875 0.06695464362850972 0.077845703125 0.33917062634989203 0.0836005859375 0.3395939524838013 0.0788046875 0.3523218142548596 0.0780380859375 0.3616544276457883 0.0822578125 0.36207991360691144
0  0.12109375 0.296976241900648 0.0234375 0.0755939524838013 0.111833984375 0.2944492440604752 0.1192451171875 0.2934859611231101 0.1131416015625 0.30698488120950324 0.11466796875 0.319036717062635 0.1214248046875 0.3185550755939525
0  0.17724609375 0.3045356371490281 0.0263671875 0.07775377969762419 0.169642578125 0.2975550755939525 0.1789814453125 0.2970626349892008 0.17408984375 0.31574946004319654 0.171421875 0.32460043196544275 0.1803154296875 0.3241079913606912
0  0.23828125 0.3045356371490281 0.017578125 0.07775377969762419 0.2465078125 0.3132915766738661 0.2493984375 0.3147667386609071 0.242728515625 0.3260755939524838 0.2447294921875 0.33935421166306695 0.24673046875 0.33886177105831533
0  0.2529296875 0.3228941684665227 0.021484375 0.07127429805615551 0.2470703125 0.3116328293736501 0.2506279296875 0.3134838012958963 0.2445595703125 0.3278315334773218 0.2466513671875 0.338939524838013 0.248744140625 0.34032613390928723
0  0.30224609375 0.2710583153347732 0.0146484375 0.06695464362850972 0.2984228515625 0.26411663066954644 0.2999921875 0.2658509719222462 0.2972451171875 0.2797365010799136 0.30254296875 0.288414686825054 0.3037197265625 0.2897149028077754
0  0.33740234375 0.2840172786177106 0.0224609375 0.06263498920086392 0.3291015625 0.2570194384449244 0.3330078125 0.2548596112311015 0.3291015625 0.26997840172786175 0.3330078125 0.28293736501079914 0.3349609375 0.28077753779697623
0  0.41796875 0.3120950323974082 0.01953125 0.07127429805615551 -0.0009765625 -0.0021598272138228943 -0.0009765625 -0.0021598272138228943 -0.0009765625 -0.0021598272138228943 -0.0009765625 -0.0021598272138228943 -0.0009765625 -0.0021598272138228943
0  0.45263671875 0.29265658747300216 0.0283203125 0.0755939524838013 0.4471875 0.2920583153347732 0.4585224609375 0.2963974082073434 0.451982421875 0.3079676025917927 0.4471875 0.3171274298056156 0.4545986328125 0.3200215982721382
0  0.5009765625 0.19222462203023757 0.01171875 0.08207343412526998 0.4993115234375 0.18069330453563714 0.5016650390625 0.18641900647948165 0.4978984375 0.20047732181425484 0.500958984375 0.2088099352051836 0.5033134765625 0.21245356371490282
0  0.54736328125 0.20518358531317496 0.0166015625 0.06911447084233262 -0.0009765625 -0.0021598272138228943 -0.0009765625 -0.0021598272138228943 -0.0009765625 -0.0021598272138228943 -0.0009765625 -0.0021598272138228943 -0.0009765625 -0.0021598272138228943
0  0.64599609375 0.22570194384449244 0.0166015625 0.07127429805615551 0.6396484375 0.21382289416846653 0.6416015625 0.21382289416846653 0.6396484375 0.22894168466522677 0.6416015625 0.24622030237580994 0.6435546875 0.24622030237580994
0  0.71923828125 0.2591792656587473 0.0263671875 0.09071274298056156 0.709232421875 0.25013390928725704 0.71360546875 0.24842764578833695 0.7082041015625 0.26777105831533476 0.7130908203125 0.2802850971922246 0.714376953125 0.2797170626349892
0  0.83349609375 0.31533477321814257 0.0283203125 0.07775377969762419 0.82166796875 0.2995032397408207 0.8292275390625 0.3029438444924406 0.820779296875 0.3196630669546436 0.823224609375 0.3294989200863931 0.83033984375 0.33195680345572354
0  0.7646484375 0.2688984881209503 0.0234375 0.09287257019438445 -0.0009765625 -0.0021598272138228943 -0.0009765625 -0.0021598272138228943 -0.0009765625 -0.0021598272138228943 -0.0009765625 -0.0021598272138228943 -0.0009765625 -0.0021598272138228943
0  0.912109375 0.22138228941684665 0.03125 0.08855291576673865 0.9010185546875 0.2102354211663067 0.9118916015625 0.215829373650108 0.901271484375 0.2264535637149028 0.89697265625 0.24379049676025918 0.906328125 0.24546868250539958
0  0.92236328125 0.14254859611231102 0.0322265625 0.08207343412526998 0.9136181640625 0.13838228941684666 0.9155009765625 0.13838228941684666 0.9065546875 0.1555658747300216 0.91267578125 0.17066522678185744 0.9150302734375 0.17066522678185744
0  0.3388671875 0.896328293736501 0.017578125 0.05183585313174946 -0.0009765625 -0.0021598272138228943 -0.0009765625 -0.0021598272138228943 -0.0009765625 -0.0021598272138228943 -0.0009765625 -0.0021598272138228943 -0.0009765625 -0.0021598272138228943
