0  0.14453125 0.17595307917888564 0.078125 0.15835777126099707 0.1380400390625 0.15719208211143695 0.1693896484375 0.1501818181818182 0.1613857421875 0.18323167155425218 0.14404296875 0.2152800586510264 0.1727255859375 0.206266862170088
0  0.2978515625 0.19501466275659823 0.0703125 0.13196480938416422 0.28462890625 0.1743299120234604 0.31452734375 0.17765542521994135 0.2990244140625 0.19511290322580646 0.2862900390625 0.22254692082111435 0.3117587890625 0.2233782991202346
0  0.3505859375 0.16715542521994134 0.05078125 0.093841642228739 0.3381953125 0.15986950146627568 0.35922265625 0.15212609970674487 0.35009765625 0.17774046920821113 0.34375 0.1973973607038123 0.3612060546875 0.1920366568914956
0  0.3896484375 0.2602639296187683 0.072265625 0.13636363636363635 0.3782265625 0.24570527859237537 0.4093017578125 0.23792961876832844 0.40009375 0.26471554252199414 0.3868583984375 0.2984134897360704 0.4144814453125 0.2880439882697947
0  0.240234375 0.45234604105571846 0.091796875 0.18328445747800587 0.2251669921875 0.43893988269794726 0.2635322265625 0.43548387096774194 0.245884765625 0.4642859237536657 0.233607421875 0.5023035190615837 0.260462890625 0.5011524926686217
0  0.5927734375 0.4780058651026393 0.09375 0.19648093841642228 0.57992578125 0.4772727272727273 0.6161806640625 0.4611891495601173 0.612060546875 0.4970674486803519 0.59063671875 0.5391319648093842 0.624419921875 0.5218108504398827
0  0.68115234375 0.3592375366568915 0.0712890625 0.15249266862170088 0.665283203125 0.34599560117302053 0.696685546875 0.34310850439882695 0.6825869140625 0.3767873900293255 0.6672060546875 0.4008431085043988 0.696044921875 0.39988123167155426
0  0.5537109375 0.1810850439882698 0.068359375 0.13343108504398826 0.5426201171875 0.1711348973607038 0.5694052734375 0.166108504398827 0.5615927734375 0.19040615835777125 0.54931640625 0.213866568914956 0.5721962890625 0.20967741935483872
0  0.5009765625 0.21114369501466276 0.05078125 0.10263929618768329 0.4918564453125 0.19420967741935483 0.5108466796875 0.18967302052785923 0.503509765625 0.2142991202346041 0.49876171875 0.2343885630498534 0.5125732421875 0.22985190615835774
0  0.6015625 0.0593841642228739 0.04296875 0.08357771260997067 0.5975869140625 0.051319648093841645 0.611537109375 0.05446187683284458 0.605259765625 0.06912463343108505 0.5975869140625 0.08221554252199413 0.6083984375 0.08483431085043988
0  0.634765625 0.13343108504398826 0.041015625 0.08211143695014662 0.6337890625 0.12609970674486803 0.650390625 0.12609970674486803 0.646484375 0.14076246334310852 0.63671875 0.15835777126099707 0.65234375 0.1598240469208211
0  0.73779296875 0.17375366568914957 0.0517578125 0.09824046920821114 0.734845703125 0.16379032258064516 0.75574609375 0.16625219941348973 0.7479599609375 0.1890190615835777 0.7336162109375 0.2037859237536657 0.7504189453125 0.20686217008797655
0  0.88330078125 0.501466275659824 0.0888671875 0.18181818181818182 0.87060546875 0.4869868035190616 0.908751953125 0.47324046920821117 0.89730859375 0.5236436950146628 0.8828125 0.5580087976539589 0.908751953125 0.549991202346041
0  0.8056640625 0.04985337243401759 0.041015625 0.08211143695014662 0.802734375 0.036656891495601175 0.8212890625 0.04105571847507331 0.8134765625 0.04985337243401759 0.802734375 0.06598240469208211 0.8212890625 0.07331378299120235
0  0.72314453125 0.051319648093841645 0.0244140625 0.05278592375366569 -0.0009765625 -0.001466275659824047 -0.0009765625 -0.001466275659824047 -0.0009765625 -0.001466275659824047 -0.0009765625 -0.001466275659824047 -0.0009765625 -0.001466275659824047
0  0.89404296875 0.024926686217008796 0.0283203125 0.0469208211143695 0.890625 0.008797653958944282 0.904296875 0.016129032258064516 0.8994140625 0.021994134897360705 0.8935546875 0.02785923753665689 0.9013671875 0.03225806451612903
0  0.943359375 0.14516129032258066 0.0546875 0.10263929618768329 0.9355341796875 0.13276392961876832 0.9588408203125 0.1321158357771261 0.9502080078125 0.14766862170087974 0.94028125 0.15998093841642227 0.9597041015625 0.15998093841642227
0  0.9521484375 0.2536656891495601 0.076171875 0.1436950146627566 0.942064453125 0.2365542521994135 0.9747880859375 0.23018621700879766 0.9675166015625 0.2593020527859237 0.9499423828125 0.2956964809384164 0.978423828125 0.28932697947214076
