0  0.04541015625 0.31666666666666665 0.0244140625 0.09333333333333334 0.049744140625 0.30349 0.0476767578125 0.30349 0.0569765625 0.3258266666666667 0.0473330078125 0.33758166666666667 0.0473330078125 0.33640666666666663
0  0.24560546875 0.2866666666666667 0.0380859375 0.09333333333333334 0.239951171875 0.2752533333333333 0.2557939453125 0.27760333333333337 0.2475283203125 0.2940633333333333 0.2371953125 0.30052833333333334 0.2530390625 0.30288000000000004
0  0.09423828125 0.43166666666666664 0.0380859375 0.10333333333333333 0.0853095703125 0.42476166666666665 0.1044921875 0.42279833333333333 0.0949013671875 0.44178500000000004 0.0868447265625 0.45160666666666666 0.1021904296875 0.45160666666666666
0  0.326171875 0.37916666666666665 0.033203125 0.09833333333333333 0.328216796875 0.37009000000000003 0.33943359375 0.36823666666666666 0.33943359375 0.38491 0.3293017578125 0.40343666666666667 0.3387099609375 0.40282
0  0.12060546875 0.6958333333333333 0.0419921875 0.09166666666666666 0.1163330078125 0.6833933333333333 0.13367578125 0.685715 0.126875 0.703125 0.1156533203125 0.7164733333333334 0.1285751953125 0.7182149999999999
0  0.34375 0.15416666666666667 0.033203125 0.06833333333333333 -0.0009765625 -0.0016666666666666668 -0.0009765625 -0.0016666666666666668 -0.0009765625 -0.0016666666666666668 -0.0009765625 -0.0016666666666666668 -0.0009765625 -0.0016666666666666668
0  0.43701171875 0.22833333333333333 0.0380859375 0.09333333333333334 0.4368720703125 0.22 0.4501259765625 0.21464333333333332 0.44873046875 0.23547666666666667 0.438267578125 0.2509516666666667 0.4508232421875 0.246785
0  0.46875 0.3075 0.0390625 0.09166666666666666 0.4580380859375 0.29489666666666664 0.4775087890625 0.29375 0.4684453125 0.30291666666666667 0.4634091796875 0.32182333333333335 0.4744873046875 0.31953166666666666
0  0.4775390625 0.15333333333333332 0.041015625 0.08333333333333333 0.4719677734375 0.15091500000000002 0.4840390625 0.14668833333333334 0.481873046875 0.15725499999999998 0.474443359375 0.1762716666666667 0.4868251953125 0.172575
0  0.4921875 0.27416666666666667 0.03515625 0.09166666666666666 -0.0009765625 -0.0016666666666666668 -0.0009765625 -0.0016666666666666668 -0.0009765625 -0.0016666666666666668 -0.0009765625 -0.0016666666666666668 -0.0009765625 -0.0016666666666666668
0  0.7119140625 0.18666666666666668 0.037109375 0.08666666666666667 0.69771875 0.170685 0.7125595703125 0.17288666666666666 0.6999775390625 0.18665166666666666 0.70481640625 0.20317 0.70481640625 0.20317
0  0.72900390625 0.23833333333333334 0.0361328125 0.08666666666666667 0.723994140625 0.22935000000000003 0.74041015625 0.23173333333333332 0.732490234375 0.24678333333333333 0.724482421875 0.26015 0.737275390625 0.2622166666666667
0  0.75732421875 0.235 0.0322265625 0.08333333333333333 -0.0009765625 -0.0016666666666666668 -0.0009765625 -0.0016666666666666668 -0.0009765625 -0.0016666666666666668 -0.0009765625 -0.0016666666666666668 -0.0009765625 -0.0016666666666666668
0  0.81982421875 0.08666666666666667 0.0341796875 0.08 -0.0009765625 -0.0016666666666666668 -0.0009765625 -0.0016666666666666668 -0.0009765625 -0.0016666666666666668 -0.0009765625 -0.0016666666666666668 -0.0009765625 -0.0016666666666666668
0  0.81787109375 0.0375 0.0322265625 0.065 -0.0009765625 -0.0016666666666666668 -0.0009765625 -0.0016666666666666668 -0.0009765625 -0.0016666666666666668 -0.0009765625 -0.0016666666666666668 -0.0009765625 -0.0016666666666666668
0  0.90478515625 0.10833333333333334 0.0322265625 0.08666666666666667 0.8918720703125 0.09840833333333333 0.9044541015625 0.09785666666666666 0.8905810546875 0.11327333333333334 0.8921943359375 0.12814 0.9012275390625 0.12759
0  0.93603515625 0.3233333333333333 0.0400390625 0.09666666666666666 -0.0009765625 -0.0016666666666666668 -0.0009765625 -0.0016666666666666668 -0.0009765625 -0.0016666666666666668 -0.0009765625 -0.0016666666666666668 -0.0009765625 -0.0016666666666666668
0  0.59130859375 0.3425 0.0419921875 0.07833333333333334 -0.0009765625 -0.0016666666666666668 -0.0009765625 -0.0016666666666666668 -0.0009765625 -0.0016666666666666668 -0.0009765625 -0.0016666666666666668 -0.0009765625 -0.0016666666666666668
0  0.56640625 0.4 0.0390625 0.08666666666666667 0.552869140625 0.392105 0.571009765625 0.3926483333333333 0.5557333984375 0.40134000000000003 0.5515966796875 0.42035 0.566236328125 0.41980666666666666
0  0.43017578125 0.5483333333333333 0.0419921875 0.09666666666666666 0.420392578125 0.535685 0.440412109375 0.5314133333333334 0.43183203125 0.5478866666666667 0.4250400390625 0.5692416666666666 0.441484375 0.5649700000000001
0  0.61328125 0.43666666666666665 0.0390625 0.09 0.600533203125 0.42764833333333335 0.61842578125 0.42821499999999996 0.6094794921875 0.44235166666666664 0.6028525390625 0.45875 0.6171005859375 0.4559233333333333
0  0.7568359375 0.43083333333333335 0.04296875 0.095 0.748796875 0.42253666666666667 0.768572265625 0.42073 0.7618623046875 0.43760333333333334 0.752681640625 0.4520683333333333 0.766806640625 0.45026
0  0.72412109375 0.63 0.0439453125 0.10333333333333333 0.7093359375 0.62095 0.7275 0.6264500000000001 0.712548828125 0.6411 0.708515625 0.6536333333333334 0.724580078125 0.6576333333333333
0  0.75244140625 0.30833333333333335 0.0361328125 0.08333333333333333 -0.0009765625 -0.0016666666666666668 -0.0009765625 -0.0016666666666666668 -0.0009765625 -0.0016666666666666668 -0.0009765625 -0.0016666666666666668 -0.0009765625 -0.0016666666666666668
0  0.68115234375 0.7783333333333333 0.0126953125 0.03333333333333333 -0.0009765625 -0.0016666666666666668 -0.0009765625 -0.0016666666666666668 -0.0009765625 -0.0016666666666666668 -0.0009765625 -0.0016666666666666668 -0.0009765625 -0.0016666666666666668
0  0.6982421875 0.805 0.015625 0.04 -0.0009765625 -0.0016666666666666668 -0.0009765625 -0.0016666666666666668 -0.0009765625 -0.0016666666666666668 -0.0009765625 -0.0016666666666666668 -0.0009765625 -0.0016666666666666668
0  0.7060546875 0.8566666666666667 0.015625 0.04666666666666667 0.703125 0.853215 0.70992578125 0.853215 0.7059150390625 0.863035 0.7027763671875 0.868095 0.7088798828125 0.8689883333333334
0  0.7275390625 0.8233333333333334 0.017578125 0.04666666666666667 0.726693359375 0.824025 0.7334853515625 0.820365 0.7316982421875 0.8325666666666667 0.7272294921875 0.8368383333333334 0.7331279296875 0.8347016666666667
0  0.71875 0.7866666666666666 0.013671875 0.03 -0.0009765625 -0.0016666666666666668 -0.0009765625 -0.0016666666666666668 -0.0009765625 -0.0016666666666666668 -0.0009765625 -0.0016666666666666668 -0.0009765625 -0.0016666666666666668
0  0.70947265625 0.7708333333333334 0.0146484375 0.028333333333333332 -0.0009765625 -0.0016666666666666668 -0.0009765625 -0.0016666666666666668 -0.0009765625 -0.0016666666666666668 -0.0009765625 -0.0016666666666666668 -0.0009765625 -0.0016666666666666668
0  0.75341796875 0.8158333333333333 0.0146484375 0.045 -0.0009765625 -0.0016666666666666668 -0.0009765625 -0.0016666666666666668 -0.0009765625 -0.0016666666666666668 -0.0009765625 -0.0016666666666666668 -0.0009765625 -0.0016666666666666668
0  0.7431640625 0.7525 0.01171875 0.028333333333333332 -0.0009765625 -0.0016666666666666668 -0.0009765625 -0.0016666666666666668 -0.0009765625 -0.0016666666666666668 -0.0009765625 -0.0016666666666666668 -0.0009765625 -0.0016666666666666668
0  0.751953125 0.7783333333333333 0.013671875 0.02666666666666667 -0.0009765625 -0.0016666666666666668 -0.0009765625 -0.0016666666666666668 -0.0009765625 -0.0016666666666666668 -0.0009765625 -0.0016666666666666668 -0.0009765625 -0.0016666666666666668
0  0.7666015625 0.7875 0.01171875 0.03833333333333333 -0.0009765625 -0.0016666666666666668 -0.0009765625 -0.0016666666666666668 -0.0009765625 -0.0016666666666666668 -0.0009765625 -0.0016666666666666668 -0.0009765625 -0.0016666666666666668
0  0.76611328125 0.7558333333333334 0.0126953125 0.03166666666666667 -0.0009765625 -0.0016666666666666668 -0.0009765625 -0.0016666666666666668 -0.0009765625 -0.0016666666666666668 -0.0009765625 -0.0016666666666666668 -0.0009765625 -0.0016666666666666668
0  0.70751953125 0.7466666666666667 0.0146484375 0.02666666666666667 -0.0009765625 -0.0016666666666666668 -0.0009765625 -0.0016666666666666668 -0.0009765625 -0.0016666666666666668 -0.0009765625 -0.0016666666666666668 -0.0009765625 -0.0016666666666666668
0  0.681640625 0.8791666666666667 0.015625 0.041666666666666664 -0.0009765625 -0.0016666666666666668 -0.0009765625 -0.0016666666666666668 -0.0009765625 -0.0016666666666666668 -0.0009765625 -0.0016666666666666668 -0.0009765625 -0.0016666666666666668
0  0.69091796875 0.9208333333333333 0.0166015625 0.055 0.6862529296875 0.9155883333333332 0.69260546875 0.9183849999999999 0.6864580078125 0.9278266666666667 0.6844091796875 0.9327233333333333 0.690146484375 0.9358700000000001
0  0.6650390625 0.9383333333333334 0.021484375 0.06 0.663927734375 0.9359816666666667 0.67348828125 0.9329466666666667 0.67059765625 0.9458483333333334 0.6650390625 0.9534366666666667 0.671708984375 0.9515399999999999
0  0.70654296875 0.9375 0.0205078125 0.055 0.701419921875 0.9298066666666667 0.7100263671875 0.9301566666666667 0.70387890625 0.9361016666666666 0.70019140625 0.9479916666666666 0.7079775390625 0.9483400000000001
0  0.73291015625 0.8941666666666667 0.0205078125 0.055 0.728119140625 0.8945166666666667 0.7377490234375 0.896615 0.732421875 0.9057066666666667 0.728119140625 0.9088533333333334 0.7361103515625 0.9095533333333333
0  0.759765625 0.9 0.01953125 0.056666666666666664 0.753138671875 0.8940483333333333 0.763392578125 0.8947616666666666 0.7569052734375 0.9065483333333333 0.7550224609375 0.9172616666666666 0.76171875 0.9154766666666666
0  0.716796875 0.985 0.01953125 0.03 -0.0009765625 -0.0016666666666666668 -0.0009765625 -0.0016666666666666668 -0.0009765625 -0.0016666666666666668 -0.0009765625 -0.0016666666666666668 -0.0009765625 -0.0016666666666666668
0  0.74560546875 0.9716666666666667 0.0166015625 0.043333333333333335 -0.0009765625 -0.0016666666666666668 -0.0009765625 -0.0016666666666666668 -0.0009765625 -0.0016666666666666668 -0.0009765625 -0.0016666666666666668 -0.0009765625 -0.0016666666666666668
0  0.68115234375 0.7283333333333334 0.0107421875 0.023333333333333334 -0.0009765625 -0.0016666666666666668 -0.0009765625 -0.0016666666666666668 -0.0009765625 -0.0016666666666666668 -0.0009765625 -0.0016666666666666668 -0.0009765625 -0.0016666666666666668
