0  0.6162109375 0.1625659050966608 0.04296875 0.06678383128295255 0.6227197265625 0.1554103690685413 0.625052734375 0.1549903339191564 0.63578125 0.1684226713532513 0.6283173828125 0.17849648506151142 0.6320498046875 0.17807732864674866
0  0.72216796875 0.15729349736379614 0.0595703125 0.07557117750439367 0.71007421875 0.1582785588752197 0.7327578125 0.15353163444639717 0.7243173828125 0.16824604569420035 0.716404296875 0.1805878734622144 0.7353955078125 0.17631546572934972
0  0.83642578125 0.10061511423550087 0.0478515625 0.07469244288224956 0.8160576171875 0.09358523725834798 0.8233818359375 0.09170210896309315 0.8118720703125 0.11053251318101934 0.8228583984375 0.11994727592267135 0.82913671875 0.1157108963093146
0  0.66162109375 0.406414762741652 0.0576171875 0.07469244288224956 0.66898046875 0.40268014059753954 0.686244140625 0.3993848857644991 0.6857216796875 0.417744288224956 0.66845703125 0.4266880492091389 0.68362890625 0.42339279437609845
0  0.859375 0.46089630931458697 0.04296875 0.06942003514938488 0.84814453125 0.45123022847100175 0.84814453125 0.45166959578207383 0.83935546875 0.45957820738137084 0.84912109375 0.4771528998242531 0.84716796875 0.4771528998242531
0  0.3203125 0.37653778558875217 0.009765625 0.013181019332161687 0.31790625 0.3750623901581723 0.320783203125 0.37463093145869947 0.3193447265625 0.3773066783831283 0.3186728515625 0.3791195079086116 0.320783203125 0.3789463971880492
0  0.3662109375 0.36467486818980666 0.01171875 0.015817223198594025 0.3621826171875 0.36384358523725835 0.366759765625 0.3633532513181019 0.3633818359375 0.3665896309314587 0.3628369140625 0.36923725834797894 0.3666513671875 0.36864850615114236
0  0.42138671875 0.37873462214411246 0.0107421875 0.014059753954305799 -0.0009765625 -0.0008787346221441124 -0.0009765625 -0.0008787346221441124 -0.0009765625 -0.0008787346221441124 -0.0009765625 -0.0008787346221441124 -0.0009765625 -0.0008787346221441124
0  0.19482421875 0.37697715289982425 0.0107421875 0.012302284710017574 -0.0009765625 -0.0008787346221441124 -0.0009765625 -0.0008787346221441124 -0.0009765625 -0.0008787346221441124 -0.0009765625 -0.0008787346221441124 -0.0009765625 -0.0008787346221441124
0  0.46630859375 0.48154657293497366 0.0380859375 0.07381370826010544 -0.0009765625 -0.0008787346221441124 -0.0009765625 -0.0008787346221441124 -0.0009765625 -0.0008787346221441124 -0.0009765625 -0.0008787346221441124 -0.0009765625 -0.0008787346221441124
0  0.54345703125 0.5909490333919156 0.0498046875 0.05711775043936731 0.5365517578125 0.5796827768014059 0.5590126953125 0.5804042179261862 0.549787109375 0.5890659050966608 0.539359375 0.6060289982425308 0.55419921875 0.6053066783831283
0  0.572265625 0.6019332161687171 0.025390625 0.03866432337434095 -0.0009765625 -0.0008787346221441124 -0.0009765625 -0.0008787346221441124 -0.0009765625 -0.0008787346221441124 -0.0009765625 -0.0008787346221441124 -0.0009765625 -0.0008787346221441124
0  0.7568359375 0.5672231985940246 0.029296875 0.03602811950790861 0.7469921875 0.5638260105448155 0.760140625 0.5638260105448155 0.7512900390625 0.5701968365553602 0.7485087890625 0.5758848857644991 0.760140625 0.5747469244288225
0  0.8193359375 0.5834797891036907 0.048828125 0.050966608084358524 0.807765625 0.5739156414762742 0.8270703125 0.5761678383128295 0.8138427734375 0.5851748681898067 0.8059775390625 0.5954683655536028 0.8238525390625 0.5977196836555361
0  0.8125 0.5347100175746925 0.029296875 0.027240773286467488 -0.0009765625 -0.0008787346221441124 -0.0009765625 -0.0008787346221441124 -0.0009765625 -0.0008787346221441124 -0.0009765625 -0.0008787346221441124 -0.0009765625 -0.0008787346221441124
0  0.615234375 0.7930579964850615 0.0625 0.07293497363796134 0.603943359375 0.7879894551845342 0.6301796875 0.7889156414762741 0.6178330078125 0.8028022847100176 0.6008564453125 0.8106722319859402 0.6301796875 0.8129868189806678
0  0.76220703125 0.7324253075571178 0.0654296875 0.07820738137082602 0.744689453125 0.7240773286467487 0.7716064453125 0.7230887521968365 0.75732421875 0.7379173989455184 0.74688671875 0.7473093145869947 0.772705078125 0.7468145869947276
0  0.9013671875 0.7952548330404218 0.044921875 0.050966608084358524 0.8842333984375 0.7918848857644991 0.897984375 0.790908611599297 0.887490234375 0.8013277680140597 0.88712890625 0.8084903339191565 0.89979296875 0.8068629173989456
0  0.21435546875 0.6744288224956063 0.0224609375 0.027240773286467488 0.2096474609375 0.6734718804920914 0.212908203125 0.6724358523725834 0.213099609375 0.6765782073813709 0.216744140625 0.6810667838312829 0.21751171875 0.6803760984182777
0  0.2109375 0.6814586994727593 0.01171875 0.020210896309314587 -0.0009765625 -0.0008787346221441124 -0.0009765625 -0.0008787346221441124 -0.0009765625 -0.0008787346221441124 -0.0009765625 -0.0008787346221441124 -0.0009765625 -0.0008787346221441124
0  0.4052734375 0.6818980667838312 0.017578125 0.0210896309314587 0.398529296875 0.6800861159929701 0.40707421875 0.6802231985940247 0.4020390625 0.6842047451669596 0.4006650390625 0.6876370826010544 0.4066162109375 0.6875
0  0.9931640625 0.8383128295254832 0.013671875 0.0421792618629174 -0.0009765625 -0.0008787346221441124 -0.0009765625 -0.0008787346221441124 -0.0009765625 -0.0008787346221441124 -0.0009765625 -0.0008787346221441124 -0.0009765625 -0.0008787346221441124
0  0.83837890625 0.5434973637961336 0.0185546875 0.025483304042179262 -0.0009765625 -0.0008787346221441124 -0.0009765625 -0.0008787346221441124 -0.0009765625 -0.0008787346221441124 -0.0009765625 -0.0008787346221441124 -0.0009765625 -0.0008787346221441124
