0  0.142578125 0.34260614934114203 0.015625 0.043923865300146414 0.14396484375 0.3354099560761347 0.1479013671875 0.3354099560761347 0.149962890625 0.34440409956076135 0.14340234375 0.35395900439238653 0.1464013671875 0.3536778916544656
0  0.01904296875 0.34260614934114203 0.0205078125 0.043923865300146414 0.0209921875 0.3432796486090776 0.028115234375 0.34243631039531475 0.028677734375 0.3500248901903368 0.0228662109375 0.3573323572474378 0.026802734375 0.35705124450951686
0  0.03369140625 0.43997071742313326 0.0224609375 0.05417276720351391 -0.0009765625 -0.0014641288433382138 -0.0009765625 -0.0014641288433382138 -0.0009765625 -0.0014641288433382138 -0.0009765625 -0.0014641288433382138 -0.0009765625 -0.0014641288433382138
0  0.84521484375 0.3513909224011713 0.0185546875 0.043923865300146414 0.8382392578125 0.34784773060029284 0.84180078125 0.34728550512445094 0.8367392578125 0.35627964860907757 0.8391767578125 0.3627437774524158 0.84198828125 0.36358711566617863
0  0.9345703125 0.3279648609077599 0.015625 0.04685212298682284 0.9299580078125 0.32375549048316254 0.933166015625 0.3240556368960469 0.928353515625 0.3336778916544656 0.9317626953125 0.34239677891654463 0.9333671875 0.34239677891654463
0  0.9794921875 0.328696925329429 0.01953125 0.03953147877013177 0.97337109375 0.3253836017569546 0.9779619140625 0.3243631039531479 0.970140625 0.3330307467057101 0.9723515625 0.3404231332357247 0.975751953125 0.3396588579795022
0  0.38134765625 0.3257686676427526 0.0068359375 0.048316251830161056 -0.0009765625 -0.0014641288433382138 -0.0009765625 -0.0014641288433382138 -0.0009765625 -0.0014641288433382138 -0.0009765625 -0.0014641288433382138 -0.0009765625 -0.0014641288433382138
0  0.62841796875 0.2972181551976574 0.0107421875 0.055636896046852125 0.62628125 0.29333528550512444 0.6255751953125 0.29368814055636894 0.6241630859375 0.30780673499267935 0.6291064453125 0.3187481698389458 0.628400390625 0.3191010248901903
0  0.15087890625 0.18448023426061494 0.0068359375 0.014641288433382138 -0.0009765625 -0.0014641288433382138 -0.0009765625 -0.0014641288433382138 -0.0009765625 -0.0014641288433382138 -0.0009765625 -0.0014641288433382138 -0.0009765625 -0.0014641288433382138
0  0.20556640625 0.18374816983894582 0.0068359375 0.016105417276720352 -0.0009765625 -0.0014641288433382138 -0.0009765625 -0.0014641288433382138 -0.0009765625 -0.0014641288433382138 -0.0009765625 -0.0014641288433382138 -0.0009765625 -0.0014641288433382138
0  0.259765625 0.18448023426061494 0.005859375 0.014641288433382138 0.259765625 0.18448023426061494 0.262416015625 0.18427086383601757 0.26123046875 0.18657247437774524 0.2601845703125 0.18939531478770133 0.2622763671875 0.1892913616398243
0  0.31591796875 0.18448023426061494 0.0068359375 0.014641288433382138 -0.0009765625 -0.0014641288433382138 -0.0009765625 -0.0014641288433382138 -0.0009765625 -0.0014641288433382138 -0.0009765625 -0.0014641288433382138 -0.0009765625 -0.0014641288433382138
0  0.36962890625 0.18448023426061494 0.0068359375 0.014641288433382138 -0.0009765625 -0.0014641288433382138 -0.0009765625 -0.0014641288433382138 -0.0009765625 -0.0014641288433382138 -0.0009765625 -0.0014641288433382138 -0.0009765625 -0.0014641288433382138
0  0.423828125 0.18374816983894582 0.005859375 0.013177159590043924 -0.0009765625 -0.0014641288433382138 -0.0009765625 -0.0014641288433382138 -0.0009765625 -0.0014641288433382138 -0.0009765625 -0.0014641288433382138 -0.0009765625 -0.0014641288433382138
0  0.568359375 0.1815519765739385 0.005859375 0.014641288433382138 0.5669208984375 0.18111420204978038 0.570125 0.18111420204978038 0.5684248046875 0.18356515373352855 0.5675087890625 0.1856237188872621 0.5689482421875 0.1856237188872621
0  0.62353515625 0.18374816983894582 0.0068359375 0.013177159590043924 0.6216513671875 0.182199121522694 0.62499609375 0.1822840409956076 0.6234091796875 0.18525768667642753 0.62221875 0.18738213762811126 0.6243720703125 0.18721229868228403
0  0.6787109375 0.1815519765739385 0.005859375 0.014641288433382138 -0.0009765625 -0.0014641288433382138 -0.0009765625 -0.0014641288433382138 -0.0009765625 -0.0014641288433382138 -0.0009765625 -0.0014641288433382138 -0.0009765625 -0.0014641288433382138
0  0.734375 0.18301610541727673 0.005859375 0.014641288433382138 -0.0009765625 -0.0014641288433382138 -0.0009765625 -0.0014641288433382138 -0.0009765625 -0.0014641288433382138 -0.0009765625 -0.0014641288433382138 -0.0009765625 -0.0014641288433382138
0  0.791015625 0.1808199121522694 0.0078125 0.013177159590043924 0.78857421875 0.18164275256222548 0.792052734375 0.18164275256222548 0.79022265625 0.18448023426061494 0.789306640625 0.18685944363103954 0.791443359375 0.18685944363103954
0  0.8466796875 0.17935578330893118 0.005859375 0.013177159590043924 -0.0009765625 -0.0014641288433382138 -0.0009765625 -0.0014641288433382138 -0.0009765625 -0.0014641288433382138 -0.0009765625 -0.0014641288433382138 -0.0009765625 -0.0014641288433382138
0  0.82177734375 0.3235724743777452 0.0048828125 0.01171303074670571 -0.0009765625 -0.0014641288433382138 -0.0009765625 -0.0014641288433382138 -0.0009765625 -0.0014641288433382138 -0.0009765625 -0.0014641288433382138 -0.0009765625 -0.0014641288433382138
0  0.80126953125 0.3257686676427526 0.0048828125 0.013177159590043924 -0.0009765625 -0.0014641288433382138 -0.0009765625 -0.0014641288433382138 -0.0009765625 -0.0014641288433382138 -0.0009765625 -0.0014641288433382138 -0.0009765625 -0.0014641288433382138
0  0.705078125 0.4172767203513909 0.005859375 0.008784773060029283 -0.0009765625 -0.0014641288433382138 -0.0009765625 -0.0014641288433382138 -0.0009765625 -0.0014641288433382138 -0.0009765625 -0.0014641288433382138 -0.0009765625 -0.0014641288433382138
0  0.201171875 0.32210834553440704 0.005859375 0.014641288433382138 -0.0009765625 -0.0014641288433382138 -0.0009765625 -0.0014641288433382138 -0.0009765625 -0.0014641288433382138 -0.0009765625 -0.0014641288433382138 -0.0009765625 -0.0014641288433382138
0  0.17431640625 0.3213762811127379 0.0068359375 0.016105417276720352 -0.0009765625 -0.0014641288433382138 -0.0009765625 -0.0014641288433382138 -0.0009765625 -0.0014641288433382138 -0.0009765625 -0.0014641288433382138 -0.0009765625 -0.0014641288433382138
