0  0.93603515625 0.30234260614934116 0.0302734375 0.05124450951683748 0.924865234375 0.29278623718887264 0.935982421875 0.29278623718887264 0.9244296875 0.3032445095168375 0.9246474609375 0.3156632503660322 0.93227734375 0.3156632503660322
0  0.8359375 0.2686676427525622 0.03515625 0.06588579795021962 0.8262412109375 0.26877159590043925 0.841029296875 0.2654260614934114 0.8329384765625 0.28174084919472914 0.8304267578125 0.2905256222547584 0.841029296875 0.2867598828696925
0  0.66357421875 0.22181551976573938 0.0283203125 0.07174231332357248 0.6575927734375 0.21238945827232797 0.658203125 0.21284773060029283 0.649353515625 0.23069106881405566 0.6575927734375 0.23892825768667642 0.658203125 0.23938506588579794
0  0.74072265625 0.28111273792093705 0.0283203125 0.05856515373352855 0.72930078125 0.2781449487554905 0.7397373046875 0.2788901903367496 0.7312880859375 0.2885768667642753 0.73178515625 0.30012737920937044 0.736755859375 0.30049926793557835
0  0.6298828125 0.30380673499267935 0.02734375 0.05124450951683748 0.6239453125 0.3001332357247438 0.636587890625 0.29980673499267935 0.6302666015625 0.31059150805270863 0.6256884765625 0.3200688140556369 0.63397265625 0.31974231332357245
0  0.44580078125 0.30307467057101023 0.0224609375 0.04685212298682284 0.4407041015625 0.2976368960468521 0.451494140625 0.2961654465592972 0.446982421875 0.3049897510980966 0.442666015625 0.31263689604685213 0.4495322265625 0.31263689604685213
0  0.51953125 0.27891654465592974 0.033203125 0.0629575402635432 0.510533203125 0.2705431918008785 0.5246279296875 0.2705431918008785 0.5155859375 0.2793147877013177 0.51212890625 0.2932708638360176 0.52595703125 0.2932708638360176
0  0.36083984375 0.22108345534407028 0.0263671875 0.08199121522693997 0.363978515625 0.22108345534407028 0.363978515625 0.22108345534407028 0.374791015625 0.2341566617862372 0.3636298828125 0.2446134699853587 0.3636298828125 0.2446134699853587
0  0.20556640625 0.2840409956076135 0.0224609375 0.0527086383601757 0.206677734375 0.27864128843338215 0.2142373046875 0.2816427525622255 0.2144599609375 0.2886427525622255 0.2060107421875 0.2979765739385066 0.215126953125 0.3009765739385066
0  0.13671875 0.2664714494875549 0.025390625 0.055636896046852125 0.13833203125 0.26077159590043925 0.147984375 0.26041874084919475 0.146806640625 0.26747877013177157 0.140685546875 0.28159590043923866 0.1482197265625 0.28124304538799416
0  0.1865234375 0.41654465592972184 0.0234375 0.05124450951683748 0.1873427734375 0.4099297218155198 0.1969345703125 0.4145051244509517 0.1951904296875 0.4233294289897511 0.1869072265625 0.4305197657393851 0.193228515625 0.43476720351390924
0  0.0322265625 0.246705710102489 0.03125 0.0629575402635432 0.0328193359375 0.24192093704245973 0.0455234375 0.2423265007320644 0.0436318359375 0.25367349926793553 0.03579296875 0.2650204978038067 0.047416015625 0.2658301610541728
