0  0.45849609375 0.8475395430579965 0.0224609375 0.03251318101933216 -0.0009765625 -0.0008787346221441124 -0.0009765625 -0.0008787346221441124 -0.0009765625 -0.0008787346221441124 -0.0009765625 -0.0008787346221441124 -0.0009765625 -0.0008787346221441124
0  0.166015625 0.14411247803163443 0.03515625 0.0421792618629174 0.158224609375 0.1420957820738137 0.173998046875 0.14025659050966607 0.1664033203125 0.14919244288224956 0.162314453125 0.15602636203866432 0.173998046875 0.15418629173989454
0  0.2705078125 0.1625659050966608 0.03515625 0.043936731107205626 0.2644482421875 0.15906239015817222 0.27899609375 0.15934094903339194 0.27001953125 0.1660263620386643 0.26351953125 0.17410281195079086 0.277138671875 0.17410281195079086
0  0.58056640625 0.1577328646748682 0.0634765625 0.09226713532513181 0.5916923828125 0.15032601054481545 0.596208984375 0.15032601054481545 0.6097587890625 0.16832513181019332 0.591046875 0.1805175746924429 0.5968544921875 0.17993673110720562
0  0.74853515625 0.22671353251318102 0.0791015625 0.0913884007029877 0.7398681640625 0.21762390158172232 0.76934765625 0.22223725834797892 0.752044921875 0.23838400702987697 0.732818359375 0.24818804920913884 0.75653125 0.2528014059753954
0  0.84033203125 0.1063268892794376 0.0732421875 0.0913884007029877 0.81756640625 0.10242706502636204 0.8291015625 0.09954393673110722 0.823333984375 0.1289543057996485 0.843841796875 0.13183743409490334 0.849609375 0.12607117750439367
0  0.72216796875 0.43014059753954303 0.0029296875 0.006151142355008787 -0.0009765625 -0.0008787346221441124 -0.0009765625 -0.0008787346221441124 -0.0009765625 -0.0008787346221441124 -0.0009765625 -0.0008787346221441124 -0.0009765625 -0.0008787346221441124
0  0.6611328125 0.4349736379613357 0.00390625 0.005272407732864675 -0.0009765625 -0.0008787346221441124 -0.0009765625 -0.0008787346221441124 -0.0009765625 -0.0008787346221441124 -0.0009765625 -0.0008787346221441124 -0.0009765625 -0.0008787346221441124
0  0.67919921875 0.43409490333919154 0.0029296875 0.0035149384885764497 -0.0009765625 -0.0008787346221441124 -0.0009765625 -0.0008787346221441124 -0.0009765625 -0.0008787346221441124 -0.0009765625 -0.0008787346221441124 -0.0009765625 -0.0008787346221441124
0  0.728515625 0.4314586994727592 0.00390625 0.005272407732864675 -0.0009765625 -0.0008787346221441124 -0.0009765625 -0.0008787346221441124 -0.0009765625 -0.0008787346221441124 -0.0009765625 -0.0008787346221441124 -0.0009765625 -0.0008787346221441124
0  0.73583984375 0.4257469244288225 0.0048828125 0.004393673110720563 -0.0009765625 -0.0008787346221441124 -0.0009765625 -0.0008787346221441124 -0.0009765625 -0.0008787346221441124 -0.0009765625 -0.0008787346221441124 -0.0009765625 -0.0008787346221441124
0  0.7587890625 0.4314586994727592 0.00390625 0.005272407732864675 -0.0009765625 -0.0008787346221441124 -0.0009765625 -0.0008787346221441124 -0.0009765625 -0.0008787346221441124 -0.0009765625 -0.0008787346221441124 -0.0009765625 -0.0008787346221441124
0  0.77783203125 0.43233743409490333 0.0029296875 0.005272407732864675 -0.0009765625 -0.0008787346221441124 -0.0009765625 -0.0008787346221441124 -0.0009765625 -0.0008787346221441124 -0.0009765625 -0.0008787346221441124 -0.0009765625 -0.0008787346221441124
0  0.794921875 0.4336555360281195 0.00390625 0.004393673110720563 -0.0009765625 -0.0008787346221441124 -0.0009765625 -0.0008787346221441124 -0.0009765625 -0.0008787346221441124 -0.0009765625 -0.0008787346221441124 -0.0009765625 -0.0008787346221441124
0  0.6142578125 0.820738137082601 0.068359375 0.0773286467486819 0.5968759765625 0.8149050966608085 0.6252138671875 0.8104912126537787 0.611044921875 0.8271634446397188 0.6012353515625 0.8394226713532513 0.6301181640625 0.8350096660808436
0  0.85205078125 0.7394551845342706 0.0693359375 0.09226713532513181 0.835388671875 0.7328101933216169 0.866150390625 0.7356933216168717 0.846283203125 0.7524165202108963 0.836029296875 0.7604903339191564 0.857818359375 0.7622196836555359
0  0.22509765625 0.6217047451669596 0.0810546875 0.13093145869947276 0.1936298828125 0.6176054481546573 0.2100302734375 0.62252460456942 0.1972744140625 0.6340035149384886 0.22096484375 0.6626994727592268 0.224609375 0.6618796133567663
0  0.19189453125 0.6458699472759226 0.0908203125 0.09314586994727592 0.1837724609375 0.6290641476274165 0.179875 0.6308181019332162 0.2091064453125 0.6384165202108963 0.2188505859375 0.6617970123022847 0.214302734375 0.6617970123022847
