0  0.2451171875 0.6382393397524071 0.01171875 0.024759284731774415 0.2414111328125 0.6358624484181568 0.2454443359375 0.6364773039889958 0.2414111328125 0.6412365887207703 0.2427197265625 0.6450742778541954 0.2451171875 0.6447675378266849
0  0.2666015625 0.6526822558459422 0.013671875 0.02063273727647868 -0.0009765625 -0.001375515818431912 -0.0009765625 -0.001375515818431912 -0.0009765625 -0.001375515818431912 -0.0009765625 -0.001375515818431912 -0.0009765625 -0.001375515818431912
0  0.28173828125 0.6217331499312242 0.0126953125 0.02200825309491059 0.279357421875 0.6196327372764787 0.2853740234375 0.6185034387895461 0.2838701171875 0.6234470426409904 0.282466796875 0.6269766162310867 0.2858759765625 0.6254236588720771
0  0.29443359375 0.640302613480055 0.0126953125 0.02063273727647868 -0.0009765625 -0.001375515818431912 -0.0009765625 -0.001375515818431912 -0.0009765625 -0.001375515818431912 -0.0009765625 -0.001375515818431912 -0.0009765625 -0.001375515818431912
0  0.314453125 0.6121045392022009 0.025390625 0.04126547455295736 0.31190234375 0.610888583218707 0.3209013671875 0.6085116918844566 0.3171513671875 0.6156409903713893 0.31246484375 0.6238266850068775 0.3201513671875 0.6235625859697387
0  0.3046875 0.8143053645116919 0.025390625 0.0577716643741403 0.3112265625 0.8087785419532324 0.3133193359375 0.808041265474553 0.3182900390625 0.820200825309491 0.3104423828125 0.8301485557083906 0.3138427734375 0.8290426409903715
0  0.12060546875 0.6224209078404401 0.0107421875 0.023383768913342505 0.1194111328125 0.6210398899587345 0.1248603515625 0.6216533700137552 0.12191796875 0.6268734525447043 0.1194111328125 0.6287152682255847 0.1238798828125 0.6290220082530948
0  0.05517578125 0.6526822558459422 0.0126953125 0.023383768913342505 0.0546875 0.6490467675378268 0.0611748046875 0.6475735900962861 0.0591865234375 0.6540577716643742 0.0565712890625 0.6580371389270976 0.060755859375 0.6571526822558459
0  0.068359375 0.6568088033012379 0.01171875 0.02063273727647868 0.0680712890625 0.6535598349381018 0.0724833984375 0.6528541953232462 0.0715810546875 0.657656121045392 0.069876953125 0.6624580467675378 0.0729853515625 0.6618927097661623
0  0.10009765625 0.656121045392022 0.0107421875 0.01925722145804677 -0.0009765625 -0.001375515818431912 -0.0009765625 -0.001375515818431912 -0.0009765625 -0.001375515818431912 -0.0009765625 -0.001375515818431912 -0.0009765625 -0.001375515818431912
0  0.09521484375 0.6279229711141678 0.0107421875 0.02063273727647868 -0.0009765625 -0.001375515818431912 -0.0009765625 -0.001375515818431912 -0.0009765625 -0.001375515818431912 -0.0009765625 -0.001375515818431912 -0.0009765625 -0.001375515818431912
0  0.072265625 0.6272352132049519 0.009765625 0.016506189821182942 0.0696328125 0.6253810178817056 0.074685546875 0.623980742778542 0.072697265625 0.628414030261348 0.071869140625 0.6319147180192572 0.07410546875 0.6314470426409904
0  0.05810546875 0.6306740027510316 0.0126953125 0.017881705639614855 -0.0009765625 -0.001375515818431912 -0.0009765625 -0.001375515818431912 -0.0009765625 -0.001375515818431912 -0.0009765625 -0.001375515818431912 -0.0009765625 -0.001375515818431912
0  0.044921875 0.6162310866574966 0.01171875 0.01925722145804677 0.0426640625 0.61592984869326 0.0478818359375 0.6138665749656121 0.0465087890625 0.6190247592847318 0.044861328125 0.622506189821183 0.04815625 0.6217331499312242
0  0.0341796875 0.6623108665749656 0.013671875 0.026134800550206328 0.03204296875 0.6609353507565336 0.0383994140625 0.6602723521320495 0.03722265625 0.6637537826685006 0.035103515625 0.6695570839064648 0.0383994140625 0.6692255845942228
0  0.0146484375 0.656121045392022 0.015625 0.024759284731774415 0.011666015625 0.6533081155433287 0.019828125 0.6525103163686382 0.0182412109375 0.6579381017881706 0.0145 0.6635268225584594 0.0194873046875 0.6635268225584594
0  0.00732421875 0.6155433287482807 0.0087890625 0.017881705639614855 -0.0009765625 -0.001375515818431912 -0.0009765625 -0.001375515818431912 -0.0009765625 -0.001375515818431912 -0.0009765625 -0.001375515818431912 -0.0009765625 -0.001375515818431912
0  0.1064453125 0.546767537826685 0.009765625 0.017881705639614855 -0.0009765625 -0.001375515818431912 -0.0009765625 -0.001375515818431912 -0.0009765625 -0.001375515818431912 -0.0009765625 -0.001375515818431912 -0.0009765625 -0.001375515818431912
0  0.09375 0.5687757909215956 0.009765625 0.015130674002751032 -0.0009765625 -0.001375515818431912 -0.0009765625 -0.001375515818431912 -0.0009765625 -0.001375515818431912 -0.0009765625 -0.001375515818431912 -0.0009765625 -0.001375515818431912
0  0.0810546875 0.5729023383768913 0.009765625 0.017881705639614855 -0.0009765625 -0.001375515818431912 -0.0009765625 -0.001375515818431912 -0.0009765625 -0.001375515818431912 -0.0009765625 -0.001375515818431912 -0.0009765625 -0.001375515818431912
0  0.16015625 0.6004126547455296 0.009765625 0.02063273727647868 0.16034765625 0.597563961485557 0.1629375 0.5976987620357634 0.16447265625 0.6035075653370013 0.1629375 0.6056685006877579 0.163513671875 0.6056685006877579
0  0.13818359375 0.6196698762035764 0.0107421875 0.015130674002751032 -0.0009765625 -0.001375515818431912 -0.0009765625 -0.001375515818431912 -0.0009765625 -0.001375515818431912 -0.0009765625 -0.001375515818431912 -0.0009765625 -0.001375515818431912
0  0.13427734375 0.6004126547455296 0.0107421875 0.015130674002751032 -0.0009765625 -0.001375515818431912 -0.0009765625 -0.001375515818431912 -0.0009765625 -0.001375515818431912 -0.0009765625 -0.001375515818431912 -0.0009765625 -0.001375515818431912
0  0.142578125 0.5694635488308115 0.0078125 0.013755158184319119 -0.0009765625 -0.001375515818431912 -0.0009765625 -0.001375515818431912 -0.0009765625 -0.001375515818431912 -0.0009765625 -0.001375515818431912 -0.0009765625 -0.001375515818431912
0  0.07666015625 0.6004126547455296 0.0107421875 0.017881705639614855 -0.0009765625 -0.001375515818431912 -0.0009765625 -0.001375515818431912 -0.0009765625 -0.001375515818431912 -0.0009765625 -0.001375515818431912 -0.0009765625 -0.001375515818431912
0  0.10498046875 0.5797799174690509 0.0087890625 0.015130674002751032 -0.0009765625 -0.001375515818431912 -0.0009765625 -0.001375515818431912 -0.0009765625 -0.001375515818431912 -0.0009765625 -0.001375515818431912 -0.0009765625 -0.001375515818431912
0  0.10400390625 0.6079779917469051 0.0107421875 0.013755158184319119 -0.0009765625 -0.001375515818431912 -0.0009765625 -0.001375515818431912 -0.0009765625 -0.001375515818431912 -0.0009765625 -0.001375515818431912 -0.0009765625 -0.001375515818431912
0  0.0341796875 0.5508940852819807 0.009765625 0.015130674002751032 -0.0009765625 -0.001375515818431912 -0.0009765625 -0.001375515818431912 -0.0009765625 -0.001375515818431912 -0.0009765625 -0.001375515818431912 -0.0009765625 -0.001375515818431912
0  0.02685546875 0.5694635488308115 0.0107421875 0.016506189821182942 -0.0009765625 -0.001375515818431912 -0.0009765625 -0.001375515818431912 -0.0009765625 -0.001375515818431912 -0.0009765625 -0.001375515818431912 -0.0009765625 -0.001375515818431912
0  0.0078125 0.5502063273727648 0.009765625 0.016506189821182942 -0.0009765625 -0.001375515818431912 -0.0009765625 -0.001375515818431912 -0.0009765625 -0.001375515818431912 -0.0009765625 -0.001375515818431912 -0.0009765625 -0.001375515818431912
0  0.013671875 0.6052269601100413 0.009765625 0.01925722145804677 -0.0009765625 -0.001375515818431912 -0.0009765625 -0.001375515818431912 -0.0009765625 -0.001375515818431912 -0.0009765625 -0.001375515818431912 -0.0009765625 -0.001375515818431912
0  0.5927734375 0.5818431911966988 0.017578125 0.033012379642365884 0.5878603515625 0.5802957359009628 0.5951845703125 0.5753521320495186 0.593353515625 0.5841650618982118 0.59258984375 0.5916863823933975 0.5989990234375 0.5871733149931224
0  0.5341796875 0.6079779917469051 0.025390625 0.03851444291609354 -0.0009765625 -0.001375515818431912 -0.0009765625 -0.001375515818431912 -0.0009765625 -0.001375515818431912 -0.0009765625 -0.001375515818431912 -0.0009765625 -0.001375515818431912
0  0.384765625 0.5976616231086658 0.013671875 0.03163686382393398 -0.0009765625 -0.001375515818431912 -0.0009765625 -0.001375515818431912 -0.0009765625 -0.001375515818431912 -0.0009765625 -0.001375515818431912 -0.0009765625 -0.001375515818431912
0  0.55810546875 0.5508940852819807 0.0185546875 0.0343878954607978 -0.0009765625 -0.001375515818431912 -0.0009765625 -0.001375515818431912 -0.0009765625 -0.001375515818431912 -0.0009765625 -0.001375515818431912 -0.0009765625 -0.001375515818431912
0  0.478515625 0.5660247592847317 0.017578125 0.02888583218707015 -0.0009765625 -0.001375515818431912 -0.0009765625 -0.001375515818431912 -0.0009765625 -0.001375515818431912 -0.0009765625 -0.001375515818431912 -0.0009765625 -0.001375515818431912
0  0.81494140625 0.343878954607978 0.0400390625 0.055020632737276476 -0.0009765625 -0.001375515818431912 -0.0009765625 -0.001375515818431912 -0.0009765625 -0.001375515818431912 -0.0009765625 -0.001375515818431912 -0.0009765625 -0.001375515818431912
0  0.60400390625 0.5900962861072903 0.0205078125 0.03576341127922971 -0.0009765625 -0.001375515818431912 -0.0009765625 -0.001375515818431912 -0.0009765625 -0.001375515818431912 -0.0009765625 -0.001375515818431912 -0.0009765625 -0.001375515818431912
0  0.673828125 0.6045392022008254 0.013671875 0.03163686382393398 0.672642578125 0.6011375515818431 0.6742724609375 0.6011375515818431 0.6785712890625 0.6080275103163686 0.6690849609375 0.6161691884456671 0.669380859375 0.6165873452544705
0  0.7099609375 0.5536451169188445 0.009765625 0.017881705639614855 -0.0009765625 -0.001375515818431912 -0.0009765625 -0.001375515818431912 -0.0009765625 -0.001375515818431912 -0.0009765625 -0.001375515818431912 -0.0009765625 -0.001375515818431912
0  0.69921875 0.5103163686382394 0.0078125 0.013755158184319119 0.697962890625 0.5095309491059147 0.7022880859375 0.5095309491059147 0.700962890625 0.5130674002751031 0.69921875 0.515818431911967 0.7022880859375 0.5154250343878954
0  0.71533203125 0.5082530949105915 0.0087890625 0.012379642365887207 -0.0009765625 -0.001375515818431912 -0.0009765625 -0.001375515818431912 -0.0009765625 -0.001375515818431912 -0.0009765625 -0.001375515818431912 -0.0009765625 -0.001375515818431912
0  0.71044921875 0.4828060522696011 0.0087890625 0.013755158184319119 -0.0009765625 -0.001375515818431912 -0.0009765625 -0.001375515818431912 -0.0009765625 -0.001375515818431912 -0.0009765625 -0.001375515818431912 -0.0009765625 -0.001375515818431912
0  0.666015625 0.5082530949105915 0.0078125 0.015130674002751032 -0.0009765625 -0.001375515818431912 -0.0009765625 -0.001375515818431912 -0.0009765625 -0.001375515818431912 -0.0009765625 -0.001375515818431912 -0.0009765625 -0.001375515818431912
0  0.65380859375 0.515130674002751 0.0087890625 0.015130674002751032 0.6526923828125 0.5137551581843192 0.655482421875 0.5137551581843192 0.6543662109375 0.517193947730399 0.6531806640625 0.519748280605227 0.6559013671875 0.519060522696011
0  0.6533203125 0.4965612104539202 0.005859375 0.013755158184319119 -0.0009765625 -0.001375515818431912 -0.0009765625 -0.001375515818431912 -0.0009765625 -0.001375515818431912 -0.0009765625 -0.001375515818431912 -0.0009765625 -0.001375515818431912
0  0.66162109375 0.4814305364511692 0.0068359375 0.013755158184319119 -0.0009765625 -0.001375515818431912 -0.0009765625 -0.001375515818431912 -0.0009765625 -0.001375515818431912 -0.0009765625 -0.001375515818431912 -0.0009765625 -0.001375515818431912
0  0.63525390625 0.4958734525447043 0.0068359375 0.012379642365887207 -0.0009765625 -0.001375515818431912 -0.0009765625 -0.001375515818431912 -0.0009765625 -0.001375515818431912 -0.0009765625 -0.001375515818431912 -0.0009765625 -0.001375515818431912
0  0.5869140625 0.5185694635488308 0.0078125 0.013755158184319119 -0.0009765625 -0.001375515818431912 -0.0009765625 -0.001375515818431912 -0.0009765625 -0.001375515818431912 -0.0009765625 -0.001375515818431912 -0.0009765625 -0.001375515818431912
0  0.568359375 0.4972489683631362 0.0078125 0.012379642365887207 -0.0009765625 -0.001375515818431912 -0.0009765625 -0.001375515818431912 -0.0009765625 -0.001375515818431912 -0.0009765625 -0.001375515818431912 -0.0009765625 -0.001375515818431912
0  0.57177734375 0.5165061898211829 0.0087890625 0.017881705639614855 -0.0009765625 -0.001375515818431912 -0.0009765625 -0.001375515818431912 -0.0009765625 -0.001375515818431912 -0.0009765625 -0.001375515818431912 -0.0009765625 -0.001375515818431912
0  0.55859375 0.4931224209078404 0.0078125 0.015130674002751032 -0.0009765625 -0.001375515818431912 -0.0009765625 -0.001375515818431912 -0.0009765625 -0.001375515818431912 -0.0009765625 -0.001375515818431912 -0.0009765625 -0.001375515818431912
0  0.60205078125 0.5316368638239339 0.0087890625 0.012379642365887207 -0.0009765625 -0.001375515818431912 -0.0009765625 -0.001375515818431912 -0.0009765625 -0.001375515818431912 -0.0009765625 -0.001375515818431912 -0.0009765625 -0.001375515818431912
0  0.58447265625 0.5006877579092159 0.0087890625 0.013755158184319119 -0.0009765625 -0.001375515818431912 -0.0009765625 -0.001375515818431912 -0.0009765625 -0.001375515818431912 -0.0009765625 -0.001375515818431912 -0.0009765625 -0.001375515818431912
0  0.5888671875 0.47455295735900965 0.0078125 0.011004126547455296 -0.0009765625 -0.001375515818431912 -0.0009765625 -0.001375515818431912 -0.0009765625 -0.001375515818431912 -0.0009765625 -0.001375515818431912 -0.0009765625 -0.001375515818431912
0  0.68359375 0.4793672627235213 0.0078125 0.012379642365887207 -0.0009765625 -0.001375515818431912 -0.0009765625 -0.001375515818431912 -0.0009765625 -0.001375515818431912 -0.0009765625 -0.001375515818431912 -0.0009765625 -0.001375515818431912
0  0.65283203125 0.4731774415405777 0.0068359375 0.011004126547455296 -0.0009765625 -0.001375515818431912 -0.0009765625 -0.001375515818431912 -0.0009765625 -0.001375515818431912 -0.0009765625 -0.001375515818431912 -0.0009765625 -0.001375515818431912
0  0.6650390625 0.468363136176066 0.0078125 0.012379642365887207 -0.0009765625 -0.001375515818431912 -0.0009765625 -0.001375515818431912 -0.0009765625 -0.001375515818431912 -0.0009765625 -0.001375515818431912 -0.0009765625 -0.001375515818431912
0  0.72802734375 0.4889958734525447 0.0068359375 0.015130674002751032 -0.0009765625 -0.001375515818431912 -0.0009765625 -0.001375515818431912 -0.0009765625 -0.001375515818431912 -0.0009765625 -0.001375515818431912 -0.0009765625 -0.001375515818431912
0  0.6103515625 0.48486932599724897 0.0078125 0.015130674002751032 -0.0009765625 -0.001375515818431912 -0.0009765625 -0.001375515818431912 -0.0009765625 -0.001375515818431912 -0.0009765625 -0.001375515818431912 -0.0009765625 -0.001375515818431912
0  0.62646484375 0.5185694635488308 0.0087890625 0.016506189821182942 -0.0009765625 -0.001375515818431912 -0.0009765625 -0.001375515818431912 -0.0009765625 -0.001375515818431912 -0.0009765625 -0.001375515818431912 -0.0009765625 -0.001375515818431912
0  0.51708984375 0.5020632737276479 0.0068359375 0.016506189821182942 -0.0009765625 -0.001375515818431912 -0.0009765625 -0.001375515818431912 -0.0009765625 -0.001375515818431912 -0.0009765625 -0.001375515818431912 -0.0009765625 -0.001375515818431912
0  0.52392578125 0.4903713892709766 0.0068359375 0.012379642365887207 -0.0009765625 -0.001375515818431912 -0.0009765625 -0.001375515818431912 -0.0009765625 -0.001375515818431912 -0.0009765625 -0.001375515818431912 -0.0009765625 -0.001375515818431912
0  0.53369140625 0.5020632737276479 0.0068359375 0.013755158184319119 -0.0009765625 -0.001375515818431912 -0.0009765625 -0.001375515818431912 -0.0009765625 -0.001375515818431912 -0.0009765625 -0.001375515818431912 -0.0009765625 -0.001375515818431912
0  0.46728515625 0.5213204951856947 0.0087890625 0.013755158184319119 -0.0009765625 -0.001375515818431912 -0.0009765625 -0.001375515818431912 -0.0009765625 -0.001375515818431912 -0.0009765625 -0.001375515818431912 -0.0009765625 -0.001375515818431912
0  0.48095703125 0.5020632737276479 0.0068359375 0.013755158184319119 -0.0009765625 -0.001375515818431912 -0.0009765625 -0.001375515818431912 -0.0009765625 -0.001375515818431912 -0.0009765625 -0.001375515818431912 -0.0009765625 -0.001375515818431912
0  0.50390625 0.48486932599724897 0.0078125 0.012379642365887207 -0.0009765625 -0.001375515818431912 -0.0009765625 -0.001375515818431912 -0.0009765625 -0.001375515818431912 -0.0009765625 -0.001375515818431912 -0.0009765625 -0.001375515818431912
0  0.45166015625 0.4931224209078404 0.0087890625 0.012379642365887207 -0.0009765625 -0.001375515818431912 -0.0009765625 -0.001375515818431912 -0.0009765625 -0.001375515818431912 -0.0009765625 -0.001375515818431912 -0.0009765625 -0.001375515818431912
0  0.42041015625 0.49449793672627235 0.0068359375 0.012379642365887207 -0.0009765625 -0.001375515818431912 -0.0009765625 -0.001375515818431912 -0.0009765625 -0.001375515818431912 -0.0009765625 -0.001375515818431912 -0.0009765625 -0.001375515818431912
0  0.37939453125 0.4731774415405777 0.0068359375 0.011004126547455296 -0.0009765625 -0.001375515818431912 -0.0009765625 -0.001375515818431912 -0.0009765625 -0.001375515818431912 -0.0009765625 -0.001375515818431912 -0.0009765625 -0.001375515818431912
0  0.38525390625 0.4938101788170564 0.0068359375 0.013755158184319119 -0.0009765625 -0.001375515818431912 -0.0009765625 -0.001375515818431912 -0.0009765625 -0.001375515818431912 -0.0009765625 -0.001375515818431912 -0.0009765625 -0.001375515818431912
0  0.3984375 0.4965612104539202 0.005859375 0.011004126547455296 -0.0009765625 -0.001375515818431912 -0.0009765625 -0.001375515818431912 -0.0009765625 -0.001375515818431912 -0.0009765625 -0.001375515818431912 -0.0009765625 -0.001375515818431912
0  0.3896484375 0.4855570839064649 0.005859375 0.011004126547455296 -0.0009765625 -0.001375515818431912 -0.0009765625 -0.001375515818431912 -0.0009765625 -0.001375515818431912 -0.0009765625 -0.001375515818431912 -0.0009765625 -0.001375515818431912
0  0.4638671875 0.46011004126547456 0.0078125 0.012379642365887207 -0.0009765625 -0.001375515818431912 -0.0009765625 -0.001375515818431912 -0.0009765625 -0.001375515818431912 -0.0009765625 -0.001375515818431912 -0.0009765625 -0.001375515818431912
0  0.4755859375 0.48693259972489683 0.0078125 0.013755158184319119 -0.0009765625 -0.001375515818431912 -0.0009765625 -0.001375515818431912 -0.0009765625 -0.001375515818431912 -0.0009765625 -0.001375515818431912 -0.0009765625 -0.001375515818431912
0  0.43896484375 0.5020632737276479 0.0068359375 0.013755158184319119 -0.0009765625 -0.001375515818431912 -0.0009765625 -0.001375515818431912 -0.0009765625 -0.001375515818431912 -0.0009765625 -0.001375515818431912 -0.0009765625 -0.001375515818431912
0  0.44384765625 0.48693259972489683 0.0068359375 0.011004126547455296 -0.0009765625 -0.001375515818431912 -0.0009765625 -0.001375515818431912 -0.0009765625 -0.001375515818431912 -0.0009765625 -0.001375515818431912 -0.0009765625 -0.001375515818431912
0  0.50048828125 0.5116918844566712 0.0068359375 0.016506189821182942 -0.0009765625 -0.001375515818431912 -0.0009765625 -0.001375515818431912 -0.0009765625 -0.001375515818431912 -0.0009765625 -0.001375515818431912 -0.0009765625 -0.001375515818431912
0  0.31591796875 0.48486932599724897 0.0068359375 0.012379642365887207 -0.0009765625 -0.001375515818431912 -0.0009765625 -0.001375515818431912 -0.0009765625 -0.001375515818431912 -0.0009765625 -0.001375515818431912 -0.0009765625 -0.001375515818431912
0  0.3271484375 0.47386519944979366 0.005859375 0.009628610729023384 -0.0009765625 -0.001375515818431912 -0.0009765625 -0.001375515818431912 -0.0009765625 -0.001375515818431912 -0.0009765625 -0.001375515818431912 -0.0009765625 -0.001375515818431912
0  0.34716796875 0.45254470426409904 0.0068359375 0.011004126547455296 -0.0009765625 -0.001375515818431912 -0.0009765625 -0.001375515818431912 -0.0009765625 -0.001375515818431912 -0.0009765625 -0.001375515818431912 -0.0009765625 -0.001375515818431912
0  0.2666015625 0.47111416781292986 0.005859375 0.009628610729023384 -0.0009765625 -0.001375515818431912 -0.0009765625 -0.001375515818431912 -0.0009765625 -0.001375515818431912 -0.0009765625 -0.001375515818431912 -0.0009765625 -0.001375515818431912
0  0.2607421875 0.4518569463548831 0.005859375 0.009628610729023384 -0.0009765625 -0.001375515818431912 -0.0009765625 -0.001375515818431912 -0.0009765625 -0.001375515818431912 -0.0009765625 -0.001375515818431912 -0.0009765625 -0.001375515818431912
0  0.24365234375 0.4752407152682256 0.0068359375 0.012379642365887207 -0.0009765625 -0.001375515818431912 -0.0009765625 -0.001375515818431912 -0.0009765625 -0.001375515818431912 -0.0009765625 -0.001375515818431912 -0.0009765625 -0.001375515818431912
0  0.36865234375 0.48005502063273725 0.0068359375 0.011004126547455296 -0.0009765625 -0.001375515818431912 -0.0009765625 -0.001375515818431912 -0.0009765625 -0.001375515818431912 -0.0009765625 -0.001375515818431912 -0.0009765625 -0.001375515818431912
0  0.369140625 0.4614855570839065 0.005859375 0.012379642365887207 -0.0009765625 -0.001375515818431912 -0.0009765625 -0.001375515818431912 -0.0009765625 -0.001375515818431912 -0.0009765625 -0.001375515818431912 -0.0009765625 -0.001375515818431912
0  0.3017578125 0.46698762035763414 0.0078125 0.015130674002751032 -0.0009765625 -0.001375515818431912 -0.0009765625 -0.001375515818431912 -0.0009765625 -0.001375515818431912 -0.0009765625 -0.001375515818431912 -0.0009765625 -0.001375515818431912
0  0.31494140625 0.46973865199449794 0.0068359375 0.012379642365887207 -0.0009765625 -0.001375515818431912 -0.0009765625 -0.001375515818431912 -0.0009765625 -0.001375515818431912 -0.0009765625 -0.001375515818431912 -0.0009765625 -0.001375515818431912
0  0.89990234375 0.5192572214580468 0.0087890625 0.015130674002751032 -0.0009765625 -0.001375515818431912 -0.0009765625 -0.001375515818431912 -0.0009765625 -0.001375515818431912 -0.0009765625 -0.001375515818431912 -0.0009765625 -0.001375515818431912
0  0.87255859375 0.5261348005502063 0.0087890625 0.012379642365887207 -0.0009765625 -0.001375515818431912 -0.0009765625 -0.001375515818431912 -0.0009765625 -0.001375515818431912 -0.0009765625 -0.001375515818431912 -0.0009765625 -0.001375515818431912
0  0.8740234375 0.5013755158184319 0.0078125 0.015130674002751032 -0.0009765625 -0.001375515818431912 -0.0009765625 -0.001375515818431912 -0.0009765625 -0.001375515818431912 -0.0009765625 -0.001375515818431912 -0.0009765625 -0.001375515818431912
0  0.91455078125 0.5123796423658872 0.0068359375 0.012379642365887207 -0.0009765625 -0.001375515818431912 -0.0009765625 -0.001375515818431912 -0.0009765625 -0.001375515818431912 -0.0009765625 -0.001375515818431912 -0.0009765625 -0.001375515818431912
0  0.9033203125 0.4924346629986245 0.0078125 0.013755158184319119 -0.0009765625 -0.001375515818431912 -0.0009765625 -0.001375515818431912 -0.0009765625 -0.001375515818431912 -0.0009765625 -0.001375515818431912 -0.0009765625 -0.001375515818431912
0  0.9228515625 0.5096286107290234 0.0078125 0.015130674002751032 -0.0009765625 -0.001375515818431912 -0.0009765625 -0.001375515818431912 -0.0009765625 -0.001375515818431912 -0.0009765625 -0.001375515818431912 -0.0009765625 -0.001375515818431912
0  0.97119140625 0.5013755158184319 0.0087890625 0.015130674002751032 -0.0009765625 -0.001375515818431912 -0.0009765625 -0.001375515818431912 -0.0009765625 -0.001375515818431912 -0.0009765625 -0.001375515818431912 -0.0009765625 -0.001375515818431912
0  0.95654296875 0.48486932599724897 0.0068359375 0.012379642365887207 -0.0009765625 -0.001375515818431912 -0.0009765625 -0.001375515818431912 -0.0009765625 -0.001375515818431912 -0.0009765625 -0.001375515818431912 -0.0009765625 -0.001375515818431912
0  0.96484375 0.47386519944979366 0.005859375 0.012379642365887207 -0.0009765625 -0.001375515818431912 -0.0009765625 -0.001375515818431912 -0.0009765625 -0.001375515818431912 -0.0009765625 -0.001375515818431912 -0.0009765625 -0.001375515818431912
0  0.93701171875 0.4986244841815681 0.0087890625 0.017881705639614855 -0.0009765625 -0.001375515818431912 -0.0009765625 -0.001375515818431912 -0.0009765625 -0.001375515818431912 -0.0009765625 -0.001375515818431912 -0.0009765625 -0.001375515818431912
0  0.9267578125 0.4965612104539202 0.005859375 0.011004126547455296 -0.0009765625 -0.001375515818431912 -0.0009765625 -0.001375515818431912 -0.0009765625 -0.001375515818431912 -0.0009765625 -0.001375515818431912 -0.0009765625 -0.001375515818431912
0  0.7568359375 0.469050894085282 0.005859375 0.011004126547455296 -0.0009765625 -0.001375515818431912 -0.0009765625 -0.001375515818431912 -0.0009765625 -0.001375515818431912 -0.0009765625 -0.001375515818431912 -0.0009765625 -0.001375515818431912
0  0.220703125 0.7077028885832187 0.013671875 0.02063273727647868 -0.0009765625 -0.001375515818431912 -0.0009765625 -0.001375515818431912 -0.0009765625 -0.001375515818431912 -0.0009765625 -0.001375515818431912 -0.0009765625 -0.001375515818431912
0  0.2470703125 0.6781292984869326 0.01171875 0.02200825309491059 0.2478984375 0.675888583218707 0.2507060546875 0.6732049518569464 0.2515087890625 0.6785708390646493 0.249001953125 0.683232462173315 0.250205078125 0.6830907840440166
0  0.61865234375 0.563273727647868 0.0126953125 0.026134800550206328 -0.0009765625 -0.001375515818431912 -0.0009765625 -0.001375515818431912 -0.0009765625 -0.001375515818431912 -0.0009765625 -0.001375515818431912 -0.0009765625 -0.001375515818431912
0  0.548828125 0.515130674002751 0.0078125 0.012379642365887207 -0.0009765625 -0.001375515818431912 -0.0009765625 -0.001375515818431912 -0.0009765625 -0.001375515818431912 -0.0009765625 -0.001375515818431912 -0.0009765625 -0.001375515818431912
0  0.53857421875 0.49449793672627235 0.0087890625 0.012379642365887207 -0.0009765625 -0.001375515818431912 -0.0009765625 -0.001375515818431912 -0.0009765625 -0.001375515818431912 -0.0009765625 -0.001375515818431912 -0.0009765625 -0.001375515818431912
0  0.00439453125 0.6066024759284732 0.0087890625 0.01925722145804677 -0.0009765625 -0.001375515818431912 -0.0009765625 -0.001375515818431912 -0.0009765625 -0.001375515818431912 -0.0009765625 -0.001375515818431912 -0.0009765625 -0.001375515818431912
