0  0.87353515625 0.928072625698324 0.0205078125 0.051675977653631286 0.8782958984375 0.914405027932961 0.8789755859375 0.914405027932961 0.8848701171875 0.931913407821229 0.876255859375 0.9452067039106146 0.876708984375 0.9455307262569832
0  0.9931640625 0.827513966480447 0.013671875 0.046089385474860335 -0.0009765625 -0.0013966480446927375 -0.0009765625 -0.0013966480446927375 -0.0009765625 -0.0013966480446927375 -0.0009765625 -0.0013966480446927375 -0.0009765625 -0.0013966480446927375
0  0.7197265625 0.7053072625698324 0.009765625 0.027932960893854747 -0.0009765625 -0.0013966480446927375 -0.0009765625 -0.0013966480446927375 -0.0009765625 -0.0013966480446927375 -0.0009765625 -0.0013966480446927375 -0.0009765625 -0.0013966480446927375
0  0.7421875 0.5824022346368715 0.01171875 0.025139664804469275 -0.0009765625 -0.0013966480446927375 -0.0009765625 -0.0013966480446927375 -0.0009765625 -0.0013966480446927375 -0.0009765625 -0.0013966480446927375 -0.0009765625 -0.0013966480446927375
0  0.53857421875 0.7353351955307262 0.0107421875 0.02653631284916201 -0.0009765625 -0.0013966480446927375 -0.0009765625 -0.0013966480446927375 -0.0009765625 -0.0013966480446927375 -0.0009765625 -0.0013966480446927375 -0.0009765625 -0.0013966480446927375
0  0.447265625 0.7122905027932961 0.013671875 0.030726256983240222 0.4493447265625 0.7067597765363128 0.45515625 0.7061801675977654 0.4527236328125 0.7135251396648045 0.450966796875 0.7199036312849162 0.4546162109375 0.720290502793296
0  0.451171875 0.5691340782122905 0.013671875 0.023743016759776536 0.4464853515625 0.5669581005586593 0.4502998046875 0.5669581005586593 0.4475751953125 0.5739720670391062 0.4488828125 0.5756871508379888 0.451826171875 0.5750642458100559
0  0.53125 0.5817039106145251 0.0078125 0.02094972067039106 -0.0009765625 -0.0013966480446927375 -0.0009765625 -0.0013966480446927375 -0.0009765625 -0.0013966480446927375 -0.0009765625 -0.0013966480446927375 -0.0009765625 -0.0013966480446927375
0  0.53759765625 0.6668994413407822 0.0107421875 0.018156424581005588 -0.0009765625 -0.0013966480446927375 -0.0009765625 -0.0013966480446927375 -0.0009765625 -0.0013966480446927375 -0.0009765625 -0.0013966480446927375 -0.0009765625 -0.0013966480446927375
0  0.634765625 0.6438547486033519 0.005859375 0.013966480446927373 -0.0009765625 -0.0013966480446927375 -0.0009765625 -0.0013966480446927375 -0.0009765625 -0.0013966480446927375 -0.0009765625 -0.0013966480446927375 -0.0009765625 -0.0013966480446927375
0  0.33154296875 0.7534916201117319 0.0107421875 0.023743016759776536 -0.0009765625 -0.0013966480446927375 -0.0009765625 -0.0013966480446927375 -0.0009765625 -0.0013966480446927375 -0.0009765625 -0.0013966480446927375 -0.0009765625 -0.0013966480446927375
0  0.1904296875 0.7465083798882681 0.015625 0.034916201117318434 -0.0009765625 -0.0013966480446927375 -0.0009765625 -0.0013966480446927375 -0.0009765625 -0.0013966480446927375 -0.0009765625 -0.0013966480446927375 -0.0009765625 -0.0013966480446927375
0  0.24609375 0.5621508379888268 0.009765625 0.02094972067039106 0.244837890625 0.5606298882681564 0.248482421875 0.5606298882681564 0.2468525390625 0.5655670391061453 0.244837890625 0.5676256983240223 0.2485791015625 0.5674874301675978
0  0.0361328125 0.8945530726256983 0.029296875 0.06843575418994413 0.0418486328125 0.8884245810055865 0.0445556640625 0.8879944134078211 0.048767578125 0.9030516759776537 0.04034375 0.9125167597765362 0.0415478515625 0.9120865921787709
0  0.18115234375 0.7995810055865922 0.0166015625 0.03212290502793296 -0.0009765625 -0.0013966480446927375 -0.0009765625 -0.0013966480446927375 -0.0009765625 -0.0013966480446927375 -0.0009765625 -0.0013966480446927375 -0.0009765625 -0.0013966480446927375
0  0.0927734375 0.577513966480447 0.033203125 0.05726256983240224 0.0821708984375 0.577177374301676 0.0930439453125 0.5753687150837988 0.0864697265625 0.5873030726256984 0.088998046875 0.598513966480447 0.0940546875 0.5981522346368715
0  0.0634765625 0.6033519553072626 0.025390625 0.0335195530726257 -0.0009765625 -0.0013966480446927375 -0.0009765625 -0.0013966480446927375 -0.0009765625 -0.0013966480446927375 -0.0009765625 -0.0013966480446927375 -0.0009765625 -0.0013966480446927375
0  0.17822265625 0.5768156424581006 0.0068359375 0.013966480446927373 0.17747265625 0.5766787709497206 0.1802197265625 0.5775195530726257 0.17851953125 0.5799525139664804 0.177341796875 0.5821969273743017 0.1789765625 0.5824776536312849
0  0.197265625 0.5789106145251397 0.005859375 0.009776536312849162 -0.0009765625 -0.0013966480446927375 -0.0009765625 -0.0013966480446927375 -0.0009765625 -0.0013966480446927375 -0.0009765625 -0.0013966480446927375 -0.0009765625 -0.0013966480446927375
0  0.22998046875 0.6508379888268156 0.0068359375 0.019553072625698324 -0.0009765625 -0.0013966480446927375 -0.0009765625 -0.0013966480446927375 -0.0009765625 -0.0013966480446927375 -0.0009765625 -0.0013966480446927375 -0.0009765625 -0.0013966480446927375
0  0.80908203125 0.5893854748603352 0.0087890625 0.013966480446927373 -0.0009765625 -0.0013966480446927375 -0.0009765625 -0.0013966480446927375 -0.0009765625 -0.0013966480446927375 -0.0009765625 -0.0013966480446927375 -0.0009765625 -0.0013966480446927375
0  0.81640625 0.7597765363128491 0.013671875 0.0223463687150838 -0.0009765625 -0.0013966480446927375 -0.0009765625 -0.0013966480446927375 -0.0009765625 -0.0013966480446927375 -0.0009765625 -0.0013966480446927375 -0.0009765625 -0.0013966480446927375
0  0.84033203125 0.7360335195530726 0.0146484375 0.027932960893854747 -0.0009765625 -0.0013966480446927375 -0.0009765625 -0.0013966480446927375 -0.0009765625 -0.0013966480446927375 -0.0009765625 -0.0013966480446927375 -0.0009765625 -0.0013966480446927375
0  0.82470703125 0.8177374301675978 0.0126953125 0.034916201117318434 -0.0009765625 -0.0013966480446927375 -0.0009765625 -0.0013966480446927375 -0.0009765625 -0.0013966480446927375 -0.0009765625 -0.0013966480446927375 -0.0009765625 -0.0013966480446927375
0  0.81787109375 0.7863128491620112 0.0126953125 0.025139664804469275 -0.0009765625 -0.0013966480446927375 -0.0009765625 -0.0013966480446927375 -0.0009765625 -0.0013966480446927375 -0.0009765625 -0.0013966480446927375 -0.0009765625 -0.0013966480446927375
0  0.6025390625 0.6990223463687151 0.0078125 0.015363128491620111 -0.0009765625 -0.0013966480446927375 -0.0009765625 -0.0013966480446927375 -0.0009765625 -0.0013966480446927375 -0.0009765625 -0.0013966480446927375 -0.0009765625 -0.0013966480446927375
0  0.61962890625 0.6801675977653632 0.0087890625 0.013966480446927373 -0.0009765625 -0.0013966480446927375 -0.0009765625 -0.0013966480446927375 -0.0009765625 -0.0013966480446927375 -0.0009765625 -0.0013966480446927375 -0.0009765625 -0.0013966480446927375
