0  0.58642578125 0.3950892857142857 0.0146484375 0.028273809523809524 0.58203125 0.3913690476190476 0.5888671875 0.38839285714285715 0.5830078125 0.3958333333333333 0.58203125 0.39880952380952384 0.5859375 0.39732142857142855
0  0.50927734375 0.44419642857142855 0.0087890625 0.022321428571428572 -0.0009765625 -0.001488095238095238 -0.0009765625 -0.001488095238095238 -0.0009765625 -0.001488095238095238 -0.0009765625 -0.001488095238095238 -0.0009765625 -0.001488095238095238
0  0.40185546875 0.48139880952380953 0.0087890625 0.022321428571428572 -0.0009765625 -0.001488095238095238 -0.0009765625 -0.001488095238095238 -0.0009765625 -0.001488095238095238 -0.0009765625 -0.001488095238095238 -0.0009765625 -0.001488095238095238
0  0.578125 0.6584821428571429 0.013671875 0.025297619047619048 -0.0009765625 -0.001488095238095238 -0.0009765625 -0.001488095238095238 -0.0009765625 -0.001488095238095238 -0.0009765625 -0.001488095238095238 -0.0009765625 -0.001488095238095238
0  0.490234375 0.65625 0.01171875 0.023809523809523808 0.485748046875 0.6539776785714286 0.4911630859375 0.6535193452380953 0.4885556640625 0.6577976190476191 0.4873525390625 0.6646741071428571 0.4899599609375 0.6646741071428571
0  0.5 0.6659226190476191 0.009765625 0.019345238095238096 -0.0009765625 -0.001488095238095238 -0.0009765625 -0.001488095238095238 -0.0009765625 -0.001488095238095238 -0.0009765625 -0.001488095238095238 -0.0009765625 -0.001488095238095238
0  0.66357421875 0.7016369047619048 0.0107421875 0.01636904761904762 -0.0009765625 -0.001488095238095238 -0.0009765625 -0.001488095238095238 -0.0009765625 -0.001488095238095238 -0.0009765625 -0.001488095238095238 -0.0009765625 -0.001488095238095238
0  0.65869140625 0.8549107142857143 0.0107421875 0.028273809523809524 -0.0009765625 -0.001488095238095238 -0.0009765625 -0.001488095238095238 -0.0009765625 -0.001488095238095238 -0.0009765625 -0.001488095238095238 -0.0009765625 -0.001488095238095238
0  0.4287109375 0.6584821428571429 0.013671875 0.022321428571428572 0.4262958984375 0.6575922619047618 0.431091796875 0.6577380952380952 0.4283095703125 0.6610997023809524 0.425912109375 0.6641681547619048 0.4301318359375 0.6644613095238094
0  0.3427734375 0.6532738095238095 0.013671875 0.026785714285714284 0.3379775390625 0.6513735119047619 0.3433056640625 0.6512008928571429 0.339337890625 0.6574196428571428 0.3435322265625 0.661046130952381 0.3437587890625 0.661046130952381
0  0.3193359375 0.6882440476190477 0.01171875 0.01636904761904762 -0.0009765625 -0.001488095238095238 -0.0009765625 -0.001488095238095238 -0.0009765625 -0.001488095238095238 -0.0009765625 -0.001488095238095238 -0.0009765625 -0.001488095238095238
0  0.8955078125 0.7165178571428571 0.01171875 0.019345238095238096 -0.0009765625 -0.001488095238095238 -0.0009765625 -0.001488095238095238 -0.0009765625 -0.001488095238095238 -0.0009765625 -0.001488095238095238 -0.0009765625 -0.001488095238095238
0  0.14111328125 0.7254464285714286 0.0126953125 0.022321428571428572 0.136701171875 0.7264568452380952 0.142072265625 0.7271875 0.1388115234375 0.7308407738095238 0.136796875 0.7347872023809524 0.14044140625 0.7350788690476191
