0  0.9462890625 0.25465116279069766 0.021484375 0.06744186046511629 0.939025390625 0.2561046511627907 0.947814453125 0.2574139534883721 0.94140625 0.27267441860465114 0.939208984375 0.2861906976744186 0.9454345703125 0.2866279069767442
0  0.9345703125 0.23953488372093024 0.01953125 0.06511627906976744 0.9393134765625 0.25531627906976745 0.9461142578125 0.2569767441860465 0.942103515625 0.2710953488372093 0.940708984375 0.2835558139534884 0.9466376953125 0.28313953488372096
0  0.86328125 0.2116279069767442 0.01953125 0.05581395348837209 0.858302734375 0.20824418604651163 0.866751953125 0.20612558139534884 0.8620078125 0.21742093023255815 0.8602294921875 0.22801162790697674 0.86526953125 0.2266
0  0.81982421875 0.1127906976744186 0.0205078125 0.053488372093023255 0.813267578125 0.10132790697674418 0.821080078125 0.10099767441860466 0.8163369140625 0.11328837209302325 0.8157783203125 0.12657906976744188 0.81982421875 0.12624651162790698
0  0.8017578125 0.21511627906976744 0.017578125 0.04883720930232558 0.8000009765625 0.1963767441860465 0.8077041015625 0.19766511627906977 0.80378515625 0.21150232558139534 0.7993251953125 0.22405581395348836 0.804595703125 0.22534186046511628
0  0.81103515625 0.3395348837209302 0.0224609375 0.06976744186046512 0.8027470703125 0.33123023255813955 0.8038720703125 0.33123023255813955 0.802185546875 0.3455139534883721 0.8068720703125 0.35221162790697674 0.80855859375 0.35221162790697674
0  0.8564453125 0.4104651162790698 0.017578125 0.06279069767441861 0.8544052734375 0.3911348837209302 0.8552548828125 0.3911348837209302 0.8481142578125 0.40570930232558144 0.853044921875 0.42312093023255815 0.853724609375 0.42352558139534885
0  0.74951171875 0.10930232558139535 0.0185546875 0.06046511627906977 0.7448291015625 0.1016093023255814 0.75289453125 0.1016093023255814 0.7483779296875 0.11774186046511627 0.745796875 0.12504186046511628 0.7524111328125 0.12504186046511628
0  0.736328125 0.22325581395348837 0.01953125 0.06046511627906977 0.7308701171875 0.21540697674418605 0.740478515625 0.2181674418604651 0.734845703125 0.23118837209302326 0.7315322265625 0.2378953488372093 0.737662109375 0.23986744186046513
0  0.65625 0.21627906976744185 0.01953125 0.06046511627906977 0.651087890625 0.2085860465116279 0.6602822265625 0.20704883720930234 0.655765625 0.22241395348837212 0.6525400390625 0.23355581395348837 0.6604443359375 0.23316976744186046
0  0.66650390625 0.14534883720930233 0.0205078125 0.05813953488372093 0.662505859375 0.1383 0.6715087890625 0.13539302325581395 0.667541015625 0.14847441860465116 0.665099609375 0.16010232558139534 0.669982421875 0.1586488372093023
0  0.587890625 0.1872093023255814 0.01953125 0.05813953488372093 0.584419921875 0.18118837209302327 0.5935234375 0.18118837209302327 0.58834375 0.19277441860465117 0.584734375 0.20136976744186047 0.59101171875 0.2021186046511628
0  0.587890625 0.10348837209302325 0.017578125 0.053488372093023255 0.5828076171875 0.09773720930232559 0.589921875 0.09809069767441861 0.586365234375 0.10938604651162791 0.5839931640625 0.12173953488372093 0.59021875 0.12173953488372093
0  0.61865234375 0.3372093023255814 0.0205078125 0.06511627906976744 0.6148154296875 0.3351325581395349 0.6231865234375 0.33430232558139533 0.6190009765625 0.3513279069767442 0.615513671875 0.3588046511627907 0.622837890625 0.3579744186046512
0  0.7041015625 0.33372093023255817 0.015625 0.03953488372093023 -0.0009765625 -0.002325581395348837 -0.0009765625 -0.002325581395348837 -0.0009765625 -0.002325581395348837 -0.0009765625 -0.002325581395348837 -0.0009765625 -0.002325581395348837
0  0.4365234375 0.19651162790697674 0.01953125 0.06279069767441861 0.433541015625 0.18706511627906977 0.44215625 0.18627441860465116 0.43851171875 0.20166046511627905 0.4342041015625 0.20994651162790698 0.441328125 0.2091581395348837
0  0.50927734375 0.0755813953488372 0.0205078125 0.053488372093023255 0.5060166015625 0.06947674418604652 0.51446484375 0.06876976744186047 0.510611328125 0.07900697674418604 0.5069052734375 0.08853720930232557 0.513576171875 0.08853720930232557
0  0.42333984375 0.11511627906976744 0.0185546875 0.05813953488372093 0.418609375 0.10297906976744185 0.42578125 0.10261627906976745 0.421966796875 0.1138813953488372 0.42059375 0.12660000000000002 0.42791796875 0.1258720930232558
0  0.3515625 0.0872093023255814 0.01953125 0.06744186046511629 0.3473681640625 0.08105348837209303 0.3548759765625 0.07764651162790698 0.3518369140625 0.08786279069767441 0.3500498046875 0.10276279069767442 0.3552333984375 0.10063255813953488
0  0.34912109375 0.18953488372093022 0.0185546875 0.06279069767441861 0.3452109375 0.18032558139534885 0.355072265625 0.18153953488372093 0.34844140625 0.19652093023255815 0.346060546875 0.20543023255813952 0.351841796875 0.20543023255813952
0  0.33056640625 0.3116279069767442 0.0166015625 0.06046511627906977 0.33056640625 0.3080767441860465 0.337193359375 0.30689302325581397 0.336033203125 0.3175465116279069 0.3302353515625 0.33095813953488373 0.336033203125 0.3289860465116279
0  0.2763671875 0.20116279069767443 0.01953125 0.06279069767441861 0.2740087890625 0.1931674418604651 0.28166015625 0.18993023255813954 0.2799599609375 0.20329069767441862 0.276388671875 0.21584186046511628 0.28233984375 0.21503255813953487
0  0.26904296875 0.12325581395348838 0.0185546875 0.05581395348837209 0.266923828125 0.11634186046511628 0.2743359375 0.11175348837209302 0.2718154296875 0.12198837209302325 0.2694443359375 0.13646279069767442 0.2741875 0.13575581395348837
0  0.2001953125 0.14534883720930233 0.021484375 0.06279069767441861 0.19921875 0.13953488372093023 0.2080078125 0.1372093023255814 0.2041015625 0.1511627906976744 0.19921875 0.16511627906976745 0.2060546875 0.16511627906976745
0  0.2021484375 0.07906976744186046 0.01953125 0.046511627906976744 0.19921875 0.07209302325581396 0.208984375 0.07209302325581396 0.205078125 0.08372093023255814 0.201171875 0.09534883720930233 0.2080078125 0.09767441860465116
0  0.12841796875 0.19767441860465115 0.0166015625 0.06046511627906977 0.124625 0.1921511627906977 0.1315830078125 0.1893906976744186 0.129263671875 0.20359302325581397 0.12578515625 0.21503255813953487 0.1315830078125 0.21424418604651163
0  0.1103515625 0.08953488372093023 0.017578125 0.05813953488372093 0.108154296875 0.0838860465116279 0.1171005859375 0.0838860465116279 0.11301953125 0.09958372093023256 0.108154296875 0.10818139534883721 0.1141181640625 0.10743255813953488
0  0.05615234375 0.1941860465116279 0.0185546875 0.06279069767441861 0.0541123046875 0.18932790697674418 0.0610830078125 0.18932790697674418 0.0581923828125 0.19985581395348836 0.0549619140625 0.21200232558139534 0.059212890625 0.2111906976744186
0  0.24658203125 0.26744186046511625 0.0205078125 0.05581395348837209 -0.0009765625 -0.002325581395348837 -0.0009765625 -0.002325581395348837 -0.0009765625 -0.002325581395348837 -0.0009765625 -0.002325581395348837 -0.0009765625 -0.002325581395348837
0  0.46044921875 0.18488372093023256 0.0146484375 0.04883720930232558 -0.0009765625 -0.002325581395348837 -0.0009765625 -0.002325581395348837 -0.0009765625 -0.002325581395348837 -0.0009765625 -0.002325581395348837 -0.0009765625 -0.002325581395348837
