0  0.45263671875 0.637444279346211 0.0322265625 0.08915304606240713 0.460658203125 0.6311693907875185 0.464783203125 0.6294576523031203 0.4670322265625 0.6454309063893017 0.4561591796875 0.6614041604754829 0.459908203125 0.6625453194650817
0  0.23974609375 0.5601783060921248 0.0361328125 0.09212481426448738 0.2479814453125 0.5478930163447252 0.2464638671875 0.5513551263001486 0.256705078125 0.5611664190193165 0.2476025390625 0.5807890044576522 0.248740234375 0.5784799405646359
0  0.08203125 0.6508172362555721 0.041015625 0.0861812778603269 0.0872626953125 0.6502734026745914 0.0983447265625 0.6421144130757801 0.10084765625 0.6589762258543833 0.0883349609375 0.6725750371471025 0.0869052734375 0.6736627043090639
0  0.2705078125 0.475482912332838 0.03125 0.08320950965824665 0.2734638671875 0.4674026745913819 0.277251953125 0.46687964338781573 0.2858623046875 0.47526448736998517 0.274841796875 0.4951768202080238 0.27828515625 0.4951768202080238
0  0.38037109375 0.41530460624071325 0.0263671875 0.08766716196136701 0.3879521484375 0.4142035661218425 0.38976171875 0.4142035661218425 0.3937421875 0.4268662704309064 0.38578125 0.44668796433878155 0.3865048828125 0.4472377414561664
0  0.208984375 0.38410104011887075 0.037109375 0.06983655274888559 0.212681640625 0.38054531946508174 0.22494921875 0.3801010401188707 0.221736328125 0.3969895988112927 0.20683984375 0.4023224368499257 0.217939453125 0.4041010401188707
0  0.0830078125 0.44205052005943535 0.041015625 0.0787518573551263 0.09085546875 0.4350921248142645 0.0964140625 0.4321069836552749 0.102953125 0.4475304606240713 0.0875859375 0.4604650817236255 0.0875859375 0.4604650817236255
0  0.39013671875 0.2838038632986627 0.0322265625 0.08320950965824665 0.3977138671875 0.27729717682020805 0.40219140625 0.2783447251114413 0.4056357421875 0.2945898959881129 0.39426953125 0.30245022288261514 0.399435546875 0.3029747399702823
0  0.42138671875 0.20579494799405645 0.0263671875 0.06686478454680535 0.4287802734375 0.19995690936106983 0.4312919921875 0.20335364041604756 0.431849609375 0.21821248142644872 0.422642578125 0.22160921248142645 0.4254326171875 0.22458098068350668
0  0.41015625 0.12852897473997027 0.033203125 0.06686478454680535 0.41015625 0.11738484398216939 0.421875 0.12481426448736999 0.4150390625 0.1352154531946508 0.40234375 0.13967310549777118 0.416015625 0.14710252600297177
0  0.27685546875 0.11738484398216939 0.0263671875 0.06537890044576523 0.2809755859375 0.10953789004457651 0.288390625 0.10870133729569094 0.2911376953125 0.12123922734026744 0.281798828125 0.12959732540861812 0.281798828125 0.12959732540861812
0  0.22900390625 0.1612184249628529 0.0361328125 0.0787518573551263 0.2362021484375 0.16420950965824666 0.2420869140625 0.1632154531946508 0.2466650390625 0.17664784546805348 0.231296875 0.18361218424962852 0.237509765625 0.18510549777117383
0  0.08642578125 0.2919762258543834 0.0380859375 0.0787518573551263 0.0919013671875 0.286815750371471 0.1012578125 0.2853432392273403 0.10512890625 0.3035052005943536 0.0896435546875 0.31381277860326895 0.09803125 0.31283209509658244
0  0.06005859375 0.17013372956909362 0.0361328125 0.0638930163447251 0.060111328125 0.16198811292719167 0.07605859375 0.16198811292719167 0.074166015625 0.1722704309063893 0.0611923828125 0.1841961367013373 0.073896484375 0.1858410104011887
0  0.1337890625 0.08023774145616643 0.033203125 0.0713224368499257 0.1381142578125 0.07629123328380387 0.149244140625 0.07354531946508172 0.148642578125 0.08819167904903417 0.1396181640625 0.1019227340267459 0.148943359375 0.09917682020802376
0  0.30517578125 0.03268945022288262 0.0224609375 0.05052005943536404 0.310298828125 0.02213521545319465 0.31152734375 0.022447251114413074 0.3158310546875 0.036789004457652305 0.30517578125 0.04240118870728084 0.3062001953125 0.04302377414561664
0  0.1748046875 0.0237741456166419 0.029296875 0.020802377414561663 -0.0009765625 -0.0014858841010401188 -0.0009765625 -0.0014858841010401188 -0.0009765625 -0.0014858841010401188 -0.0009765625 -0.0014858841010401188 -0.0009765625 -0.0014858841010401188
0  0.06201171875 0.010401188707280832 0.0302734375 0.020802377414561663 0.060546875 0.0029717682020802376 0.0703125 0.0014858841010401188 0.06640625 0.0014858841010401188 0.060546875 0.007429420505200594 0.072265625 0.008915304606240713
0  0.91796875 0.6485884101040119 0.033203125 0.08469539375928678 0.9111240234375 0.6411916790490342 0.913595703125 0.6428038632986628 0.9022958984375 0.6530133729569094 0.906533203125 0.6696701337295691 0.9114775390625 0.6680579494799406
0  0.78662109375 0.5891530460624071 0.0419921875 0.08469539375928678 0.7743447265625 0.5742347696879643 0.787763671875 0.588741456166419 0.7725791015625 0.5951887072808321 0.7708125 0.6021738484398217 0.7789345703125 0.6123833580980683
0  0.57080078125 0.638187221396731 0.0244140625 0.08172362555720654 0.563171875 0.6276136701337296 0.5655517578125 0.6276136701337296 0.5594306640625 0.6457221396731055 0.567251953125 0.655554234769688 0.57065234375 0.6529658246656761
0  0.90087890625 0.43684992570579495 0.0419921875 0.08023774145616643 0.8844609375 0.428445765230312 0.8955380859375 0.4320208023774146 0.8837890625 0.44989747399702823 0.88882421875 0.45858098068350667 0.90057421875 0.4565378900445765
0  0.75390625 0.42719167904903416 0.037109375 0.06983655274888559 0.7378408203125 0.41608023774145614 0.7489404296875 0.42008023774145614 0.7352119140625 0.43252451708766715 0.739009765625 0.44408023774145616 0.7504013671875 0.4431916790490341
0  0.5693359375 0.45988112927191677 0.03515625 0.07280832095096583 0.5595224609375 0.45290341753343233 0.5637333984375 0.45610698365527486 0.552904296875 0.463887072808321 0.5568154296875 0.4785349182763744 0.5610263671875 0.47807726597325406
0  0.58740234375 0.2971768202080238 0.0322265625 0.0713224368499257 0.57346875 0.28905794947994057 0.583548828125 0.29266567607726596 0.57346875 0.3084531946508172 0.577916015625 0.31296433878157504 0.5868095703125 0.3161218424962853
0  0.7705078125 0.3209509658246657 0.03125 0.05943536404160475 0.759765625 0.30906389301634474 0.7626953125 0.3150074294205052 0.7607421875 0.32392273402674593 0.7744140625 0.32540861812778604 0.7724609375 0.33580980683506684
0  0.75244140625 0.28826151560178304 0.0322265625 0.05943536404160475 0.744384765625 0.2905705794947994 0.7517177734375 0.2905705794947994 0.74868359375 0.3048053491827637 0.750453125 0.31403863298662704 0.7552578125 0.3136537890044577
0  0.9130859375 0.27414561664190196 0.037109375 0.07578008915304606 0.8974697265625 0.25958543833580977 0.9079716796875 0.2644279346210996 0.893650390625 0.27556463595839525 0.895560546875 0.28670282317979195 0.905107421875 0.2900921248142645
0  0.89013671875 0.30906389301634474 0.0244140625 0.05943536404160475 -0.0009765625 -0.0014858841010401188 -0.0009765625 -0.0014858841010401188 -0.0009765625 -0.0014858841010401188 -0.0009765625 -0.0014858841010401188 -0.0009765625 -0.0014858841010401188
0  0.92578125 0.17013372956909362 0.025390625 0.05794947994056464 0.91796875 0.1649331352154532 0.9228515625 0.1649331352154532 0.9140625 0.1738484398216939 0.91796875 0.18722139673105498 0.9208984375 0.18573551263001487
0  0.8212890625 0.1775631500742942 0.029296875 0.0549777117384844 0.811583984375 0.1693967310549777 0.8289140625 0.17256166419019317 0.8180546875 0.1799450222882615 0.812970703125 0.19084398216939077 0.8231376953125 0.19119465081723627
0  0.724609375 0.10326894502228826 0.03125 0.06983655274888559 0.7101962890625 0.09156166419019317 0.7212958984375 0.09378306092124815 0.7101962890625 0.11067161961367013 0.712533203125 0.11956017830609213 0.72100390625 0.12089450222882614
0  0.60888671875 0.11589895988112928 0.0283203125 0.05943536404160475 0.60182421875 0.10858841010401188 0.6091572265625 0.11128231797919762 0.5972724609375 0.11974591381872214 0.5977783203125 0.13128826151560177 0.60662890625 0.13244279346210996
0  0.54638671875 0.1263001485884101 0.0205078125 0.06240713224368499 0.5445556640625 0.11844576523031203 0.542986328125 0.11844576523031203 0.535662109375 0.1276002971768202 0.5403701171875 0.14033580980683508 0.541939453125 0.14033580980683508
0  0.7626953125 0.04977711738484398 0.029296875 0.06092124814264487 0.753357421875 0.04139227340267459 0.7604375 0.04139227340267459 0.7500693359375 0.05139524517087667 0.753357421875 0.06370728083209509 0.75664453125 0.06409212481426449
0  0.66796875 0.02823179791976226 0.0234375 0.05646359583952452 0.6751015625 0.02135958395245171 0.675501953125 0.021054977711738483 0.67690625 0.03539524517087667 0.6678818359375 0.04332986627043091 0.6684833984375 0.04332986627043091
0  0.57177734375 0.24219910846953938 0.0322265625 0.06835066864784546 0.5633544921875 0.23024517087667165 0.5664716796875 0.22895245170876674 0.555703125 0.24404309063893018 0.5599541015625 0.2578410104011887 0.5619375 0.2561158989598811
