0  0.7900390625 0.38049853372434017 0.033203125 0.04838709677419355 0.7813193359375 0.37023460410557185 0.796177734375 0.3699208211143695 0.7867607421875 0.37589002932551324 0.78173828125 0.3884589442815249 0.7942939453125 0.3881436950146628
0  0.72412109375 0.3980938416422287 0.0322265625 0.04838709677419355 0.7183837890625 0.38947947214076245 0.7317021484375 0.38886363636363636 0.7247353515625 0.3959398826979472 0.7179736328125 0.40732404692082114 0.73047265625 0.40701612903225803
0  0.66748046875 0.47580645161290325 0.0263671875 0.04252199413489736 0.6605576171875 0.4677551319648094 0.6737841796875 0.46695014662756595 0.6669921875 0.4776847507331378 0.661451171875 0.4849310850439883 0.6730693359375 0.4846627565982405
0  0.623046875 0.5879765395894428 0.025390625 0.03812316715542522 0.6197333984375 0.5842448680351906 0.6301708984375 0.5837478005865102 0.6253662109375 0.5914589442815249 0.6205615234375 0.5986730205278593 0.6300048828125 0.5976774193548386
0  0.6240234375 0.39296187683284456 0.02734375 0.0469208211143695 0.6186962890625 0.38155865102639297 0.632533203125 0.38306451612903225 0.6253134765625 0.39179618768328445 0.617693359375 0.3996260997067449 0.6309287109375 0.4002272727272727
0  0.58056640625 0.37609970674486803 0.0322265625 0.054252199413489736 0.5754833984375 0.36569208211143694 0.590271484375 0.36569208211143694 0.58218359375 0.3785278592375367 0.575251953125 0.3847727272727273 0.5893466796875 0.3847727272727273
0  0.49658203125 0.39882697947214074 0.0322265625 0.04985337243401759 0.4872744140625 0.388791788856305 0.5005185546875 0.3881510263929619 0.493255859375 0.3977727272727273 0.48748828125 0.40931964809384164 0.4992373046875 0.40931964809384164
0  0.42529296875 0.4120234604105572 0.0302734375 0.04985337243401759 0.417759765625 0.400816715542522 0.4315712890625 0.400816715542522 0.4242470703125 0.4111862170087976 0.4185966796875 0.41872580645161295 0.4305244140625 0.41966862170087976
0  0.35546875 0.42888563049853373 0.02734375 0.045454545454545456 0.3473076171875 0.420375366568915 0.361310546875 0.4137521994134897 0.3563232421875 0.4281524926686217 0.352103515625 0.4402492668621701 0.3636123046875 0.43276099706744864
0  0.2880859375 0.48607038123167157 0.02734375 0.045454545454545456 0.28241796875 0.47583284457478003 0.2960380859375 0.47554398826979477 0.289515625 0.48476099706744874 0.284912109375 0.49368914956011734 0.2945029296875 0.49368914956011734
0  0.2919921875 0.41348973607038125 0.03125 0.05278592375366569 0.28861328125 0.40073900293255127 0.3019541015625 0.40073900293255127 0.2961728515625 0.4124222873900293 0.2917265625 0.42176979472140763 0.3019541015625 0.4221041055718475
0  0.31884765625 0.6400293255131965 0.0224609375 0.036656891495601175 0.3150634765625 0.6352903225806451 0.3251083984375 0.6350542521994136 0.3199287109375 0.6418885630498533 0.31569140625 0.649900293255132 0.3235390625 0.6503724340175953
0  0.2421875 0.45161290322580644 0.025390625 0.04398826979472141 0.2389609375 0.4432800586510264 0.251333984375 0.4452507331378299 0.2468349609375 0.45482111436950146 0.2382119140625 0.46045014662756595 0.2488974609375 0.4624208211143695
0  0.1865234375 0.4435483870967742 0.029296875 0.04838709677419355 0.1795478515625 0.4333885630498534 0.194615234375 0.4330747800586511 0.1868720703125 0.4431290322580645 0.1808037109375 0.4538123167155425 0.1925224609375 0.4534985337243402
