0  0.83837890625 0.48955223880597015 0.0185546875 0.03582089552238806 0.8344814453125 0.47945074626865675 0.8435234375 0.4789985074626865 0.8383349609375 0.4860208955223881 0.83522265625 0.4928179104477612 0.841744140625 0.49304328358208954
0  0.80810546875 0.5111940298507462 0.0185546875 0.034328358208955224 0.8030224609375 0.5036507462686568 0.8110263671875 0.5027447761194029 0.806283203125 0.5113537313432837 0.80465234375 0.5167910447761194 0.811916015625 0.5161119402985075
0  0.76708984375 0.4664179104477612 0.0205078125 0.04029850746268657 0.76228515625 0.4595955223880597 0.7720595703125 0.4595955223880597 0.7667587890625 0.4694701492537314 0.7629482421875 0.47504029850746265 0.76990625 0.47529253731343285
0  0.73291015625 0.49776119402985075 0.0205078125 0.03731343283582089 0.7278701171875 0.49293731343283576 0.7369736328125 0.4910179104477612 0.731951171875 0.5015731343283582 0.7299111328125 0.506610447761194 0.736345703125 0.505889552238806
0  0.68505859375 0.47686567164179106 0.0205078125 0.03731343283582089 0.6812568359375 0.46964328358208957 0.6895751953125 0.47228208955223877 0.6829833984375 0.47947761194029853 0.679216796875 0.48403582089552233 0.687064453125 0.48667313432835824
0  0.6201171875 0.4835820895522388 0.021484375 0.03880597014925373 0.6146279296875 0.47839850746268653 0.6249521484375 0.4771656716417911 0.6197900390625 0.48604029850746266 0.616080078125 0.49269701492537316 0.625435546875 0.4912179104477612
0  0.6630859375 0.5932835820895522 0.01953125 0.03134328358208955 0.658220703125 0.5884865671641791 0.6670048828125 0.5886925373134329 0.66241015625 0.5963358208955224 0.6584912109375 0.6006731343283582 0.66646484375 0.600879104477612
0  0.56396484375 0.5425373134328358 0.0205078125 0.03134328358208955 0.56073046875 0.5377925373134329 0.5696240234375 0.5379925373134328 0.5649150390625 0.5461880597014925 0.5608603515625 0.5507865671641791 0.5684462890625 0.5509865671641792
0  0.5673828125 0.4380597014925373 0.0234375 0.04029850746268657 0.5618720703125 0.42931791044776113 0.5711142578125 0.42931791044776113 0.5662314453125 0.4370462686567165 0.5623955078125 0.4458417910447761 0.5712890625 0.4455761194029851
0  0.49462890625 0.44104477611940296 0.0244140625 0.04029850746268657 0.49023046875 0.43532835820895527 0.499751953125 0.4345477611940298 0.4953310546875 0.4446835820895522 0.490740234375 0.45117910447761195 0.500771484375 0.4506597014925373
0  0.4501953125 0.4716417910447761 0.021484375 0.03880597014925373 0.4476142578125 0.4652253731343284 0.4561640625 0.4654716417910448 0.4527763671875 0.47409999999999997 0.447130859375 0.48100298507462685 0.455357421875 0.4807567164179105
0  0.39453125 0.4634328358208955 0.01953125 0.034328358208955224 0.389892578125 0.45724925373134334 0.398341796875 0.45815522388059704 0.3944873046875 0.46359253731343286 0.3892998046875 0.4694835820895522 0.39952734375 0.46970895522388056
0  0.40087890625 0.5716417910447761 0.0185546875 0.026865671641791045 0.395751953125 0.5651119402985074 0.40234375 0.564179104477612 0.3984375 0.5712686567164179 0.3978271484375 0.5779850746268657 0.40380859375 0.5770522388059701
0  0.3427734375 0.5097014925373134 0.01953125 0.03731343283582089 0.3400703125 0.5051179104477611 0.3485458984375 0.5051179104477611 0.3441513671875 0.5125537313432836 0.3406982421875 0.5175910447761194 0.347603515625 0.5180701492537314
0  0.2880859375 0.5313432835820896 0.01953125 0.03582089552238806 0.283630859375 0.5266328358208955 0.292328125 0.5257 0.28759765625 0.5343283582089552 0.28500390625 0.5394597014925373 0.291412109375 0.5396925373134328
0  0.25390625 0.48656716417910445 0.01953125 0.03880597014925373 0.2505146484375 0.48138358208955223 0.260515625 0.48138358208955223 0.2551923828125 0.4870537313432836 0.249869140625 0.4934641791044776 0.258095703125 0.49469552238805975
0  0.208984375 0.4059701492537313 0.01953125 0.03582089552238806 0.20590234375 0.3982268656716418 0.214599609375 0.3982268656716418 0.209564453125 0.4054567164179105 0.204986328125 0.4117537313432836 0.214599609375 0.4117537313432836
0  0.16455078125 0.5111940298507462 0.0185546875 0.034328358208955224 0.1616171875 0.5050373134328359 0.170392578125 0.5050373134328359 0.1665078125 0.5133925373134328 0.161041015625 0.5171313432835821 0.1702490234375 0.5177910447761195
0  0.1337890625 0.4470149253731343 0.01953125 0.034328358208955224 0.1295341796875 0.44051194029850743 0.137904296875 0.4392328358208955 0.133998046875 0.4498940298507462 0.13037109375 0.4537313432835821 0.139439453125 0.4515985074626866
0  0.3251953125 0.42313432835820897 0.0234375 0.03731343283582089 0.3209228515625 0.41711044776119405 0.3309677734375 0.41663134328358203 0.3259453125 0.4231074626865672 0.3213935546875 0.4317432835820895 0.329869140625 0.4319835820895522
0  0.61572265625 0.6320895522388059 0.0185546875 0.028358208955223882 0.6163330078125 0.6283582089552239 0.623291015625 0.6289179104477612 0.6204833984375 0.6343283582089553 0.6173095703125 0.6406716417910447 0.6209716796875 0.6404850746268657
