0  0.193359375 0.35410764872521244 0.08203125 0.141643059490085 0.1824208984375 0.3373512747875354 0.2193037109375 0.34626628895184136 0.202091796875 0.3712308781869688 0.1824208984375 0.38728045325779037 0.2076240234375 0.39173796033994335
0  0.404296875 0.38526912181303113 0.07421875 0.14730878186968838 0.389068359375 0.3724773371104816 0.4223935546875 0.3724773371104816 0.40252734375 0.3975750708215297 0.3922734375 0.42546033994334276 0.4140625 0.42453116147308784
0  0.58984375 0.5439093484419264 0.08203125 0.1359773371104816 0.5764072265625 0.5218597733711048 0.613486328125 0.5269815864022662 0.59288671875 0.55771388101983 0.5746416015625 0.5773470254957508 0.6058349609375 0.5816161473087819
0  0.35546875 0.7138810198300283 0.06640625 0.12464589235127478 0.3419013671875 0.6949929178470255 0.3745986328125 0.6965736543909349 0.359884765625 0.7210764872521246 0.3462607421875 0.7479518413597733 0.3653349609375 0.748742209631728
0  0.2314453125 0.17988668555240794 0.080078125 0.13314447592067988 0.22051953125 0.1581529745042493 0.255310546875 0.16572237960339944 0.2419736328125 0.1791784702549575 0.22283984375 0.20693201133144476 0.2471923828125 0.2111359773371105
0  0.36328125 0.24504249291784702 0.07421875 0.1558073654390935 0.3492783203125 0.2266926345609065 0.3823896484375 0.23159206798866855 0.3648203125 0.2609957507082153 0.3458994140625 0.2756983002832861 0.3790107421875 0.27961898016997166
0  0.5146484375 0.3059490084985836 0.072265625 0.1359773371104816 0.49297265625 0.2975580736543909 0.5235771484375 0.290728045325779 0.5047431640625 0.3197535410764873 0.498857421875 0.3462167138810198 0.52828515625 0.3376798866855524
0  0.62109375 0.26345609065155806 0.078125 0.1359773371104816 0.61001171875 0.24482152974504248 0.6423818359375 0.25506515580736544 0.6264912109375 0.2670155807365439 0.6023603515625 0.288356940509915 0.635908203125 0.298600566572238
0  0.734375 0.254957507082153 0.07421875 0.15864022662889518 0.714037109375 0.23240793201133148 0.7489453125 0.2353866855524079 0.7311484375 0.2651699716713881 0.7174599609375 0.2889957507082153 0.740046875 0.2909815864022663
0  0.8408203125 0.3045325779036827 0.072265625 0.1558073654390935 0.8220869140625 0.2842223796033994 0.8565498046875 0.29010198300283285 0.8288447265625 0.31460623229461754 0.8160048828125 0.33420821529745043 0.8511435546875 0.3430297450424929
