0  0.1103515625 0.23324022346368714 0.05078125 0.0893854748603352 0.1020205078125 0.22005865921787712 0.1210634765625 0.22346368715083798 0.1103515625 0.24332262569832402 0.10043359375 0.24956424581005585 0.117095703125 0.2529678770949721
0  0.267578125 0.19483240223463688 0.04296875 0.07960893854748603 0.261439453125 0.1766508379888268 0.2822744140625 0.18119692737430168 0.2695615234375 0.1978631284916201 0.2575556640625 0.21200418994413406 0.278037109375 0.21553910614525137
0  0.3876953125 0.22905027932960895 0.04296875 0.07262569832402235 0.380859375 0.2206703910614525 0.3994140625 0.21787709497206703 0.3896484375 0.2360335195530726 0.380859375 0.24720670391061453 0.3974609375 0.24720670391061453
0  0.50830078125 0.21508379888268156 0.0498046875 0.07541899441340782 0.49740625 0.2038240223463687 0.5172119140625 0.2033435754189944 0.5074765625 0.21774581005586593 0.4957275390625 0.229268156424581 0.5178828125 0.2297486033519553
0  0.54736328125 0.40432960893854747 0.0498046875 0.07681564245810056 0.5358017578125 0.392445530726257 0.559265625 0.39293156424581005 0.5483837890625 0.4089804469273743 0.538181640625 0.4250293296089386 0.557224609375 0.4245432960893855
0  0.38037109375 0.3959497206703911 0.0439453125 0.07402234636871509 0.3708935546875 0.37818575418994416 0.39378125 0.37818575418994416 0.3820107421875 0.3987611731843575 0.3725283203125 0.4109203910614525 0.3918193359375 0.41138826815642454
0  0.220703125 0.35335195530726254 0.056640625 0.0893854748603352 0.2087099609375 0.34073882681564244 0.2317197265625 0.34073882681564244 0.22021484375 0.35946229050279327 0.2095029296875 0.37137709497206706 0.2317197265625 0.3719441340782123
0  0.642578125 0.24371508379888268 0.05078125 0.07681564245810056 0.6313564453125 0.23474860335195533 0.651759765625 0.23085893854748601 0.64291796875 0.25079748603351953 0.6344169921875 0.2649022346368715 0.65448046875 0.2619832402234637
0  0.77734375 0.2409217877094972 0.048828125 0.08519553072625698 0.7644482421875 0.2257332402234637 0.787205078125 0.22681843575418992 0.775447265625 0.23983659217877096 0.7644482421875 0.2620768156424581 0.787205078125 0.2647891061452514
0  0.91796875 0.22416201117318435 0.046875 0.07681564245810056 0.9064501953125 0.2103324022346369 0.9278740234375 0.2098463687150838 0.9156318359375 0.2283268156424581 0.908150390625 0.24388966480446927 0.926853515625 0.24291759776536312
0  0.8779296875 0.41201117318435754 0.0546875 0.08659217877094973 0.86053515625 0.3950391061452514 0.885947265625 0.39666620111731843 0.8719130859375 0.4167374301675978 0.86129296875 0.43084078212290505 0.8855673828125 0.43029888268156424
0  0.708984375 0.4036312849162011 0.05078125 0.0782122905027933 0.697265625 0.3924581005586592 0.7177734375 0.38966480446927376 0.70703125 0.41201117318435754 0.7001953125 0.4245810055865922 0.7197265625 0.4231843575418994
