0  0.0400390625 0.3074380165289256 0.029296875 0.06611570247933884 0.0311103515625 0.2944148760330579 0.047759765625 0.2939933884297521 0.0383173828125 0.31081818181818177 0.0343408203125 0.32427768595041323 0.04428125 0.32511735537190084
0  0.12646484375 0.32975206611570246 0.0322265625 0.06115702479338843 0.1158095703125 0.3136297520661157 0.1287490234375 0.3140198347107438 0.120662109375 0.32966280991735536 0.1178896484375 0.34178677685950415 0.1262080078125 0.34178677685950415
0  0.21630859375 0.34793388429752065 0.0263671875 0.06115702479338843 0.20928125 0.3398165289256198 0.2242431640625 0.33866611570247934 0.2178955078125 0.3509438016528926 0.209734375 0.3609206611570248 0.2237900390625 0.359001652892562
0  0.2314453125 0.5264462809917355 0.029296875 0.05454545454545454 0.222224609375 0.5219371900826446 0.2332890625 0.5219371900826446 0.22652734375 0.5319950413223141 0.2232490234375 0.5437867768595042 0.2324697265625 0.5437867768595042
0  0.32275390625 0.34049586776859503 0.0283203125 0.05619834710743802 0.313685546875 0.32668264462809915 0.326869140625 0.3288082644628099 0.31787109375 0.34014214876033055 0.3128486328125 0.35218347107438014 0.323521484375 0.3543090909090909
0  0.3779296875 0.4735537190082645 0.02734375 0.0512396694214876 0.368705078125 0.46006446280991736 0.37887109375 0.4629867768595042 0.37158203125 0.4720776859504133 0.368896484375 0.48409090909090907 0.375994140625 0.48668760330578514
0  0.4228515625 0.33884297520661155 0.033203125 0.05619834710743802 0.413666015625 0.3268082644628099 0.4288330078125 0.3239157024793388 0.4209287109375 0.3376545454545455 0.417724609375 0.3524793388429752 0.42691015625 0.3521173553719008
0  0.509765625 0.30578512396694213 0.03125 0.05289256198347107 0.5079873046875 0.28987603305785126 0.5178134765625 0.29123305785123965 0.5134013671875 0.30820495867768594 0.5059814453125 0.31567272727272727 0.51580859375 0.31872727272727275
0  0.48095703125 0.23801652892561984 0.0283203125 0.049586776859504134 0.472595703125 0.22703636363636365 0.48196875 0.22386446280991734 0.4761572265625 0.23433388429752064 0.4746572265625 0.2470264462809917 0.4832802734375 0.24670909090909088
0  0.5859375 0.30330578512396694 0.029296875 0.05785123966942149 0.578255859375 0.29067272727272725 0.590462890625 0.29030413223140494 0.583705078125 0.3080132231404959 0.578255859375 0.3194512396694215 0.590462890625 0.32018842975206613
0  0.65673828125 0.33636363636363636 0.0322265625 0.05785123966942149 0.648890625 0.32373057851239667 0.6630595703125 0.32262479338842975 0.6565205078125 0.33701322314049587 0.6519423828125 0.3488198347107438 0.6619697265625 0.3480809917355372
0  0.65869140625 0.24710743801652893 0.0302734375 0.0512396694214876 0.6551337890625 0.2371900826446281 0.6631904296875 0.2365404958677686 0.65628515625 0.2482297520661157 0.65475 0.26608595041322314 0.66530078125 0.2628396694214876
0  0.77099609375 0.3528925619834711 0.0341796875 0.06776859504132231 0.762921875 0.3422231404958678 0.7760703125 0.3409388429752066 0.768990234375 0.35805785123966943 0.763427734375 0.37004132231404957 0.77430078125 0.36918512396694214
0  0.81982421875 0.30413223140495865 0.0341796875 0.05950413223140496 0.8131103515625 0.2908876033057851 0.826228515625 0.2901338842975207 0.8193359375 0.3036826446280992 0.812666015625 0.3183586776859504 0.8242275390625 0.3176066115702479
0  0.8818359375 0.3495867768595041 0.033203125 0.06446280991735537 0.869140625 0.33553719008264465 0.8837890625 0.3338842975206612 0.873046875 0.34710743801652894 0.8701171875 0.36198347107438017 0.8798828125 0.36198347107438017
0  0.9150390625 0.30413223140495865 0.033203125 0.07272727272727272 0.9068603515625 0.287500826446281 0.913177734375 0.2884297520661157 0.899994140625 0.3065603305785124 0.9054873046875 0.3209719008264463 0.91098046875 0.32143636363636363
