0  0.33740234375 0.3439922480620155 0.0205078125 0.044573643410852716 0.333705078125 0.33804069767441863 0.3427734375 0.33804069767441863 0.3377509765625 0.34634496124031006 0.334681640625 0.35520542635658914 0.3419365234375 0.35520542635658914
0  0.32373046875 0.29748062015503873 0.0185546875 0.03682170542635659 0.320068359375 0.28972868217054265 0.327880859375 0.28851744186046513 0.3238525390625 0.3020833333333333 0.3206787109375 0.3071705426356589 0.3282470703125 0.3066860465116279
0  0.3056640625 0.35174418604651164 0.01953125 0.044573643410852716 0.30273046875 0.35031589147286823 0.3119375 0.34888953488372093 0.30762109375 0.357453488372093 0.3037373046875 0.36687596899224806 0.3122255859375 0.36459108527131784
0  0.2900390625 0.24224806201550386 0.01171875 0.031007751937984496 0.2869306640625 0.23889147286821705 0.293849609375 0.23968798449612402 0.2905400390625 0.24545736434108528 0.28733203125 0.2508313953488372 0.293248046875 0.2510290697674419
0  0.2734375 0.26647286821705424 0.021484375 0.04844961240310078 0.2702109375 0.26037403100775197 0.27940625 0.2594127906976744 0.2752119140625 0.27189728682170544 0.2706953125 0.27990116279069766 0.278599609375 0.27990116279069766
0  0.2373046875 0.29941860465116277 0.01953125 0.04844961240310078 0.234802734375 0.2871860465116279 0.242583984375 0.2938468992248062 0.2370908203125 0.3011143410852713 0.2322080078125 0.3071705426356589 0.2393798828125 0.31110658914728684
0  0.2578125 0.20833333333333334 0.01171875 0.03294573643410853 0.2571064453125 0.20725193798449612 0.2632099609375 0.21049612403100776 0.2603759765625 0.2174186046511628 0.256669921875 0.2243391472868217 0.2604853515625 0.2254205426356589
0  0.24462890625 0.22771317829457363 0.0146484375 0.040697674418604654 0.2429638671875 0.22388953488372093 0.25094140625 0.22544573643410853 0.24793359375 0.23115697674418606 0.243748046875 0.23686627906976743 0.2500263671875 0.23790503875968994
0  0.2236328125 0.21027131782945738 0.017578125 0.040697674418604654 0.2230185546875 0.20231201550387598 0.2304775390625 0.20532170542635658 0.2270634765625 0.21310077519379844 0.22175390625 0.21962403100775194 0.2275693359375 0.2228856589147287
0  0.18994140625 0.1996124031007752 0.0185546875 0.046511627906976744 0.1871640625 0.19452519379844962 0.1975400390625 0.19452519379844962 0.1923525390625 0.2039127906976744 0.188232421875 0.2126937984496124 0.195404296875 0.21239147286821705
0  0.19921875 0.31976744186046513 0.021484375 0.050387596899224806 0.1961494140625 0.3136763565891473 0.2059892578125 0.31303682170542635 0.2026015625 0.32424031007751936 0.1977626953125 0.33448449612403097 0.205828125 0.33288372093023255
0  0.26220703125 0.5164728682170543 0.0224609375 0.05232558139534884 0.260986328125 0.5075445736434108 0.271275390625 0.5085833333333333 0.2667412109375 0.5186182170542636 0.2601142578125 0.526577519379845 0.2698798828125 0.5255406976744186
0  0.1533203125 0.3187984496124031 0.021484375 0.04844961240310078 0.1474609375 0.3081395348837209 0.1591796875 0.3081395348837209 0.1533203125 0.31976744186046513 0.1474609375 0.32751937984496127 0.1591796875 0.32945736434108525
0  0.1162109375 0.28488372093023256 0.0234375 0.05426356589147287 0.11148046875 0.27327325581395345 0.121490234375 0.2743372093023256 0.1157705078125 0.2881705426356589 0.111123046875 0.295265503875969 0.1209541015625 0.29703875968992244
0  0.078125 0.2771317829457364 0.025390625 0.05813953488372093 0.07448046875 0.26380813953488375 0.0867568359375 0.264187984496124 0.0811943359375 0.2778934108527132 0.07448046875 0.2862674418604651 0.0865654296875 0.28664922480620153
0  0.0283203125 0.27810077519379844 0.02734375 0.06782945736434108 0.024509765625 0.26588372093023255 0.0347548828125 0.26675 0.03061328125 0.2775639534883721 0.0238564453125 0.2914069767441861 0.03519140625 0.29097480620155036
0  0.2763671875 0.6996124031007752 0.021484375 0.03875968992248062 0.275111328125 0.689922480620155 0.2827841796875 0.6901996124031007 0.2791572265625 0.7007189922480621 0.275669921875 0.7079186046511627 0.2801337890625 0.7081957364341085
0  0.5234375 0.3391472868217054 0.021484375 0.050387596899224806 0.5181103515625 0.33465697674418604 0.528755859375 0.33497674418604656 0.5223037109375 0.34554069767441864 0.519078125 0.3529031007751938 0.5274658203125 0.3529031007751938
0  0.54345703125 0.2751937984496124 0.0205078125 0.050387596899224806 0.539419921875 0.26526162790697677 0.548453125 0.2655813953488372 0.5436142578125 0.27582558139534885 0.539419921875 0.28606976744186047 0.5471630859375 0.28638953488372093
0  0.5234375 0.2742248062015504 0.017578125 0.03682170542635659 0.519775390625 0.2693798449612403 0.526123046875 0.26792635658914726 0.5225830078125 0.27785852713178294 0.520263671875 0.28415697674418605 0.526611328125 0.28391472868217055
0  0.498046875 0.31589147286821706 0.015625 0.04263565891472868 0.494419921875 0.3086937984496124 0.5033486328125 0.3089709302325581 0.4994423828125 0.3147848837209302 0.495396484375 0.3264127906976744 0.5023720703125 0.3264127906976744
0  0.4990234375 0.499031007751938 0.015625 0.03294573643410853 0.4951171875 0.5 0.5029296875 0.49806201550387597 0.4990234375 0.5058139534883721 0.49609375 0.5116279069767442 0.501953125 0.5116279069767442
0  0.47021484375 0.34108527131782945 0.0185546875 0.046511627906976744 0.465384765625 0.3332635658914729 0.47487109375 0.3323817829457364 0.470275390625 0.3438546511627907 0.466125 0.3517965116279069 0.4754638671875 0.35032558139534886
0  0.43701171875 0.5465116279069767 0.0205078125 0.05426356589147287 0.432861328125 0.5361298449612403 0.44140625 0.5371686046511628 0.435826171875 0.5475503875968992 0.430943359375 0.5589709302325581 0.440185546875 0.5593158914728683
0  0.47705078125 0.6531007751937985 0.0185546875 0.046511627906976744 0.47216796875 0.6481957364341085 0.480408203125 0.6481957364341085 0.4749140625 0.6584903100775193 0.4723203125 0.6654554263565892 0.479796875 0.6663643410852713
0  0.38623046875 0.5813953488372093 0.0205078125 0.04263565891472868 0.3814169921875 0.5761356589147287 0.39182421875 0.5758662790697674 0.38641796875 0.586327519379845 0.3826337890625 0.5957131782945736 0.390607421875 0.5954457364341085
0  0.3779296875 0.37887596899224807 0.015625 0.03682170542635659 0.3751220703125 0.3798449612403101 0.3822021484375 0.3796027131782946 0.379150390625 0.3868701550387597 0.3759765625 0.3943798449612403 0.3809814453125 0.3948643410852713
0  0.41064453125 0.32945736434108525 0.0185546875 0.046511627906976744 0.408970703125 0.3163410852713178 0.4175673828125 0.3192829457364341 0.41297265625 0.33193217054263563 0.40748828125 0.3378139534883721 0.4159375 0.3404631782945736
0  0.43994140625 0.34593023255813954 0.0146484375 0.040697674418604654 0.43491015625 0.33925193798449615 0.442365234375 0.337953488372093 0.438833984375 0.3447015503875969 0.4370029296875 0.3558624031007752 0.4417109375 0.3558624031007752
0  0.4404296875 0.2868217054263566 0.01953125 0.046511627906976744 0.435791015625 0.282531007751938 0.4445361328125 0.282531007751938 0.44008984375 0.2901782945736434 0.4351982421875 0.29841472868217056 0.4436474609375 0.2992984496124031
0  0.4189453125 0.27228682170542634 0.017578125 0.03682170542635659 0.4150390625 0.2655038759689923 0.422607421875 0.26477713178294576 0.417724609375 0.2749515503875969 0.4163818359375 0.281734496124031 0.4219970703125 0.281734496124031
0  0.39697265625 0.2936046511627907 0.0146484375 0.040697674418604654 0.39569921875 0.2856279069767442 0.4005390625 0.2871860465116279 0.3985771484375 0.2965290697674418 0.3934765625 0.30275775193798454 0.3979228515625 0.3050949612403101
0  0.37744140625 0.3062015503875969 0.0205078125 0.04263565891472868 0.37203515625 0.29960077519379846 0.3825771484375 0.2998682170542636 0.376900390625 0.30925581395348833 0.3737919921875 0.3164961240310078 0.3812255859375 0.3164961240310078
0  0.34765625 0.23837209302325582 0.01953125 0.04263565891472868 0.343654296875 0.23150193798449611 0.352033203125 0.23177131782945734 0.347302734375 0.24115891472868217 0.3440595703125 0.24839922480620155 0.3517626953125 0.2489360465116279
0  0.94189453125 0.3498062015503876 0.0263671875 0.06395348837209303 0.937103515625 0.338922480620155 0.94816796875 0.3356686046511628 0.9440703125 0.34990116279069766 0.9375126953125 0.36047286821705427 0.95001171875 0.35722093023255813
0  0.908203125 0.5222868217054264 0.01953125 0.040697674418604654 0.9072265625 0.5153139534883721 0.914794921875 0.5166550387596899 0.9118212890625 0.5225542635658914 0.908037109375 0.5340872093023256 0.9131728515625 0.5338197674418605
0  0.8740234375 0.4631782945736434 0.029296875 0.06201550387596899 0.8702001953125 0.4567596899224806 0.8807939453125 0.45286627906976745 0.8768701171875 0.4692170542635659 0.872162109375 0.4789496124031008 0.881775390625 0.47544573643410853
0  0.86865234375 0.5474806201550387 0.0224609375 0.040697674418604654 0.8667822265625 0.5380581395348837 0.8754140625 0.541484496124031 0.8702353515625 0.5494786821705426 0.86519921875 0.5589011627906976 0.8709541015625 0.5608992248062015
0  0.81640625 0.3507751937984496 0.021484375 0.05813953488372093 0.8131796875 0.3416220930232558 0.8229287109375 0.3419941860465116 0.8191787109375 0.35203875968992243 0.8114931640625 0.362827519379845 0.8225537109375 0.36468798449612405
0  0.85546875 0.3187984496124031 0.01171875 0.03294573643410853 0.85426953125 0.3149147286821706 0.859392578125 0.31404844961240314 0.8576484375 0.3222674418604651 0.85426953125 0.3263779069767442 0.8595009765625 0.3263779069767442
0  0.7578125 0.3691860465116279 0.0234375 0.0562015503875969 0.754638671875 0.35913178294573644 0.76287890625 0.36167635658914726 0.757568359375 0.3700348837209302 0.7520751953125 0.3805717054263566 0.761779296875 0.3823875968992248
0  0.76611328125 0.312984496124031 0.0205078125 0.044573643410852716 0.76303515625 0.3078449612403101 0.772818359375 0.3078449612403101 0.768501953125 0.3186937984496124 0.7637548828125 0.32897286821705424 0.7725302734375 0.32897286821705424
0  0.73388671875 0.2819767441860465 0.0224609375 0.05232558139534884 0.7284892578125 0.28172674418604654 0.7375009765625 0.2783507751937984 0.732400390625 0.2911744186046512 0.72933984375 0.2985968992248062 0.73869140625 0.29724612403100775
0  0.70703125 0.3701550387596899 0.021484375 0.05813953488372093 0.7028681640625 0.3669534883720931 0.7113037109375 0.3669534883720931 0.7064296875 0.3796027131782946 0.7019306640625 0.3877868217054264 0.7099912109375 0.3870426356589147
0  0.681640625 0.29651162790697677 0.021484375 0.05426356589147287 0.677267578125 0.28790310077519377 0.686919921875 0.28825775193798453 0.683166015625 0.30209108527131784 0.6783408203125 0.31024999999999997 0.6867412109375 0.3106046511627907
0  0.67822265625 0.4166666666666667 0.0205078125 0.046511627906976744 0.6741025390625 0.4087325581395349 0.6835634765625 0.407218992248062 0.679138671875 0.419937984496124 0.674255859375 0.42841472868217056 0.684021484375 0.42750775193798446
0  0.66845703125 0.5484496124031008 0.0244140625 0.05813953488372093 0.665283203125 0.5366492248062016 0.6746826171875 0.5358875968992247 0.66988671875 0.5476879844961241 0.6648994140625 0.5587286821705426 0.6752578125 0.5583468992248063
0  0.62353515625 0.45930232558139533 0.0205078125 0.050387596899224806 0.6177451171875 0.45075387596899225 0.62751953125 0.45469961240310075 0.62023046875 0.4662054263565892 0.6162548828125 0.4701511627906977 0.626029296875 0.4717945736434109
0  0.6318359375 0.33624031007751937 0.01953125 0.04844961240310078 0.625697265625 0.3320794573643411 0.6356982421875 0.3304786821705426 0.630537109375 0.34200193798449613 0.62650390625 0.35128488372093025 0.6353759765625 0.3496860465116279
0  0.6025390625 0.3439922480620155 0.021484375 0.04844961240310078 0.597185546875 0.33679457364341087 0.60738671875 0.33492441860465116 0.6018935546875 0.3464496124031008 0.59859765625 0.35641666666666666 0.607857421875 0.35454651162790696
0  0.578125 0.28972868217054265 0.017578125 0.040697674418604654 0.5765556640625 0.28382751937984496 0.5836181640625 0.28408720930232556 0.5799560546875 0.2913546511627907 0.5760322265625 0.29758527131782947 0.5828330078125 0.29784496124031007
