0  0.37109375 0.24633431085043989 0.021484375 0.07038123167155426 0.3671962890625 0.2325366568914956 0.3769794921875 0.23297947214076245 0.3728291015625 0.24766862170087975 0.367640625 0.26191202346041054 0.377275390625 0.26191202346041054
0  0.39501953125 0.187683284457478 0.0185546875 0.07038123167155426 0.3912705078125 0.17317888563049855 0.3992744140625 0.1736217008797654 0.3952724609375 0.1887565982404692 0.390677734375 0.2003284457478006 0.3991259765625 0.2007741935483871
0  0.427734375 0.27419354838709675 0.017578125 0.07331378299120235 0.42408984375 0.26188856304985336 0.4322509765625 0.26377126099706744 0.4291123046875 0.27366862170087974 0.42408984375 0.28498240469208214 0.4314658203125 0.2863958944281525
0  0.46142578125 0.2595307917888563 0.0166015625 0.04985337243401759 0.4573974609375 0.24709384164222875 0.4641552734375 0.24676539589442817 0.4607763671875 0.2588768328445748 0.4580517578125 0.2709853372434018 0.4647001953125 0.27065982404692085
0  0.50390625 0.22434017595307917 0.01953125 0.06744868035190615 0.499564453125 0.2117448680351906 0.507865234375 0.21263636363636365 0.50341796875 0.22554545454545455 0.4997119140625 0.2366715542521994 0.507568359375 0.2384516129032258
0  0.47998046875 0.5381231671554252 0.0166015625 0.06158357771260997 0.4744912109375 0.5315366568914955 0.4820595703125 0.5295073313782992 0.4784111328125 0.5429002932551319 0.4757080078125 0.5522346041055719 0.4817900390625 0.5522346041055719
0  0.47705078125 0.4501466275659824 0.0185546875 0.06158357771260997 0.4736416015625 0.43229032258064515 0.48242578125 0.4355366568914956 0.477966796875 0.4481173020527859 0.4729658203125 0.4598856304985337 0.4806689453125 0.46232258064516124
0  0.556640625 0.532258064516129 0.015625 0.04398826979472141 0.554408203125 0.521366568914956 0.5626748046875 0.5257653958944282 0.5580703125 0.5370762463343108 0.552943359375 0.5468152492668622 0.559849609375 0.5480733137829912
0  0.58203125 0.48240469208211145 0.01953125 0.06158357771260997 0.5757880859375 0.46915542521994136 0.584943359375 0.46915542521994136 0.5799736328125 0.4852580645161291 0.5772265625 0.49507624633431085 0.585990234375 0.4935073313782991
0  0.60791015625 0.34017595307917886 0.0185546875 0.05278592375366569 0.6043701171875 0.32734604105571846 0.6124267578125 0.32734604105571846 0.608154296875 0.34274193548387094 0.604248046875 0.3519061583577713 0.6116943359375 0.35153958944281527
0  0.56982421875 0.27419354838709675 0.0185546875 0.05571847507331378 0.566162109375 0.26502932551319647 0.5750732421875 0.26502932551319647 0.5701904296875 0.27382697947214074 0.5673828125 0.2862903225806452 0.573974609375 0.28555718475073316
0  0.6357421875 0.2434017595307918 0.021484375 0.06451612903225806 0.6312783203125 0.23292961876832846 0.6404853515625 0.23251026392961877 0.635044921875 0.24968621700879765 0.6307197265625 0.2593225806451613 0.6396484375 0.2597390029325513
0  0.69970703125 0.32404692082111436 0.0185546875 0.06158357771260997 0.694541015625 0.31471260997067446 0.70508203125 0.312683284457478 0.699541015625 0.3264809384164223 0.695216796875 0.3382521994134897 0.703595703125 0.3354105571847507
0  0.74658203125 0.2404692082111437 0.0205078125 0.05865102639296188 0.7427978515625 0.22682697947214076 0.7511767578125 0.22317595307917887 0.746716796875 0.2406275659824047 0.743744140625 0.25158357771261 0.7515830078125 0.2507712609970675
0  0.8017578125 0.2785923753665689 0.021484375 0.07038123167155426 0.796125 0.26586803519061586 0.8072421875 0.2667565982404692 0.800126953125 0.28233724340175953 0.7967177734375 0.29079472140762463 0.806205078125 0.29302052785923755
0  0.857421875 0.36656891495601174 0.021484375 0.07038123167155426 0.8513447265625 0.354733137829912 0.8636474609375 0.35607038123167156 0.8554951171875 0.3689765395894428 0.851640625 0.37965982404692084 0.8621650390625 0.3787712609970674
0  0.2138671875 0.23607038123167157 0.021484375 0.06744868035190615 0.2071533203125 0.2279266862170088 0.2184189453125 0.22525513196480937 0.21337890625 0.23994428152492667 0.2104140625 0.25374486803519064 0.21871484375 0.25018181818181817
0  0.26904296875 0.218475073313783 0.0205078125 0.06744868035190615 0.2642998046875 0.20276539589442816 0.2736376953125 0.2036539589442815 0.26919140625 0.22101466275659823 0.264892578125 0.23169794721407624 0.272896484375 0.23169794721407624
0  0.32958984375 0.19648093841642228 0.0205078125 0.06451612903225806 0.3251953125 0.18307624633431085 0.3338447265625 0.18307624633431085 0.3302177734375 0.19857478005865103 0.3257529296875 0.209049853372434 0.334263671875 0.2094692082111437
