0  0.037109375 0.8918918918918919 0.01953125 0.031294452347083924 -0.0009765625 -0.001422475106685633 -0.0009765625 -0.001422475106685633 -0.0009765625 -0.001422475106685633 -0.0009765625 -0.001422475106685633 -0.0009765625 -0.001422475106685633
0  0.06298828125 0.531294452347084 0.0068359375 0.012802275960170697 -0.0009765625 -0.001422475106685633 -0.0009765625 -0.001422475106685633 -0.0009765625 -0.001422475106685633 -0.0009765625 -0.001422475106685633 -0.0009765625 -0.001422475106685633
0  0.0517578125 0.5832147937411095 0.009765625 0.02275960170697013 0.0508818359375 0.585570412517781 0.0547919921875 0.5848406827880511 0.053087890625 0.59024466571835 0.05078125 0.5944807965860598 0.0538896484375 0.5944807965860598
0  0.04052734375 0.6130867709815079 0.0107421875 0.01991465149359886 -0.0009765625 -0.001422475106685633 -0.0009765625 -0.001422475106685633 -0.0009765625 -0.001422475106685633 -0.0009765625 -0.001422475106685633 -0.0009765625 -0.001422475106685633
0  0.080078125 0.6073968705547653 0.009765625 0.02275960170697013 -0.0009765625 -0.001422475106685633 -0.0009765625 -0.001422475106685633 -0.0009765625 -0.001422475106685633 -0.0009765625 -0.001422475106685633 -0.0009765625 -0.001422475106685633
0  0.10693359375 0.5782361308677099 0.0087890625 0.01849217638691323 -0.0009765625 -0.001422475106685633 -0.0009765625 -0.001422475106685633 -0.0009765625 -0.001422475106685633 -0.0009765625 -0.001422475106685633 -0.0009765625 -0.001422475106685633
0  0.12060546875 0.5199146514935988 0.0068359375 0.015647226173541962 -0.0009765625 -0.001422475106685633 -0.0009765625 -0.001422475106685633 -0.0009765625 -0.001422475106685633 -0.0009765625 -0.001422475106685633 -0.0009765625 -0.001422475106685633
0  0.134765625 0.5462304409672831 0.0078125 0.01422475106685633 -0.0009765625 -0.001422475106685633 -0.0009765625 -0.001422475106685633 -0.0009765625 -0.001422475106685633 -0.0009765625 -0.001422475106685633 -0.0009765625 -0.001422475106685633
0  0.12353515625 0.6088193456614509 0.0107421875 0.01991465149359886 -0.0009765625 -0.001422475106685633 -0.0009765625 -0.001422475106685633 -0.0009765625 -0.001422475106685633 -0.0009765625 -0.001422475106685633 -0.0009765625 -0.001422475106685633
0  0.11865234375 0.6401137980085349 0.0107421875 0.02275960170697013 -0.0009765625 -0.001422475106685633 -0.0009765625 -0.001422475106685633 -0.0009765625 -0.001422475106685633 -0.0009765625 -0.001422475106685633 -0.0009765625 -0.001422475106685633
0  0.06787109375 0.6678520625889047 0.0126953125 0.02702702702702703 0.064658203125 0.6660867709815078 0.0692490234375 0.6635149359886202 0.068189453125 0.6712304409672831 0.0666591796875 0.6748307254623044 0.0701904296875 0.6732873399715505
0  0.04931640625 0.7204836415362731 0.0126953125 0.021337126600284494 0.0474853515625 0.7143243243243244 0.0526650390625 0.7123684210526317 0.051322265625 0.7182361308677099 0.049595703125 0.7229857752489331 0.0526650390625 0.721728307254623
0  0.07666015625 0.7716927453769559 0.0126953125 0.02702702702702703 0.0723876953125 0.772226173541963 0.07666015625 0.7734708392603129 0.074462890625 0.7796941678520626 0.0736083984375 0.7820056899004267 0.0787353515625 0.7837837837837838
0  0.07958984375 0.8036984352773826 0.0146484375 0.02844950213371266 0.08300390625 0.801881934566145 0.0846474609375 0.7956201991465149 0.0864169921875 0.8033556187766714 0.0854052734375 0.8112745376955903 0.0864169921875 0.8088805120910384
0  0.0888671875 0.6913229018492176 0.013671875 0.02844950213371266 0.086609375 0.6904281650071123 0.0924248046875 0.688954480796586 0.089896484375 0.6952162162162162 0.0885048828125 0.700556187766714 0.092171875 0.6996358463726885
0  0.12255859375 0.7140825035561877 0.0107421875 0.02844950213371266 0.120361328125 0.7107041251778093 0.125244140625 0.7094594594594594 0.1234130859375 0.715149359886202 0.122314453125 0.7204836415362731 0.1256103515625 0.7195945945945946
0  0.11669921875 0.7496443812233285 0.0185546875 0.034139402560455195 -0.0009765625 -0.001422475106685633 -0.0009765625 -0.001422475106685633 -0.0009765625 -0.001422475106685633 -0.0009765625 -0.001422475106685633 -0.0009765625 -0.001422475106685633
0  0.15869140625 0.7105263157894737 0.0146484375 0.02702702702702703 -0.0009765625 -0.001422475106685633 -0.0009765625 -0.001422475106685633 -0.0009765625 -0.001422475106685633 -0.0009765625 -0.001422475106685633 -0.0009765625 -0.001422475106685633
0  0.19140625 0.6927453769559033 0.01171875 0.02844950213371266 -0.0009765625 -0.001422475106685633 -0.0009765625 -0.001422475106685633 -0.0009765625 -0.001422475106685633 -0.0009765625 -0.001422475106685633 -0.0009765625 -0.001422475106685633
0  0.14306640625 0.8008534850640113 0.0205078125 0.031294452347083924 0.1392998046875 0.8012603129445234 0.1458564453125 0.7955704125177808 0.1458564453125 0.8020725462304409 0.145716796875 0.8114210526315789 0.1487861328125 0.8069502133712659
0  0.10693359375 0.8463726884779517 0.0185546875 0.031294452347083924 0.1072216796875 0.8479672830725462 0.1136953125 0.8431465149359886 0.1144150390625 0.854881934566145 0.109955078125 0.8624267425320056 0.11455859375 0.8611692745376957
0  0.22998046875 0.8406827880512091 0.0224609375 0.03698435277382646 0.228986328125 0.8380540540540541 0.236275390625 0.8361237553342816 0.2339560546875 0.8436045519203413 0.2322998046875 0.8496372688477951 0.23644140625 0.8486714082503556
0  0.28173828125 0.7660028449502134 0.0185546875 0.029871977240398292 -0.0009765625 -0.001422475106685633 -0.0009765625 -0.001422475106685633 -0.0009765625 -0.001422475106685633 -0.0009765625 -0.001422475106685633 -0.0009765625 -0.001422475106685633
0  0.33251953125 0.8541963015647226 0.0224609375 0.04694167852062589 0.3286259765625 0.8497894736842105 0.3380517578125 0.8435220483641536 0.337232421875 0.8542660028449501 0.335388671875 0.8641152204836414 0.341125 0.8572503556187767
0  0.380859375 0.9850640113798008 0.021484375 0.02418207681365576 0.378478515625 0.9708449502133712 0.3840205078125 0.9706486486486486 0.380912109375 0.9787197724039829 0.37834375 0.9804921763869131 0.3836142578125 0.9806884779516358
0  0.46630859375 0.8847795163584637 0.0263671875 0.04551920341394026 0.4633701171875 0.876638691322902 0.473767578125 0.8697795163584637 0.473767578125 0.8854964438122334 0.4700400390625 0.8952133712660029 0.477103515625 0.88949786628734
0  0.451171875 0.7681365576102418 0.0234375 0.03698435277382646 0.45019921875 0.7657809388335705 0.4568134765625 0.7620213371266004 0.45616796875 0.7688349928876245 0.453103515625 0.7779985775248933 0.4582646484375 0.7751792318634424
0  0.40869140625 0.7645803698435277 0.0146484375 0.029871977240398292 -0.0009765625 -0.001422475106685633 -0.0009765625 -0.001422475106685633 -0.0009765625 -0.001422475106685633 -0.0009765625 -0.001422475106685633 -0.0009765625 -0.001422475106685633
0  0.38525390625 0.7254623044096729 0.0146484375 0.031294452347083924 0.3828125 0.7222105263157895 0.388951171875 0.7211948790896159 0.3862998046875 0.7268847795163584 0.385462890625 0.7335903271692746 0.388951171875 0.7331849217638691
0  0.34619140625 0.7667140825035562 0.0166015625 0.025604551920341393 -0.0009765625 -0.001422475106685633 -0.0009765625 -0.001422475106685633 -0.0009765625 -0.001422475106685633 -0.0009765625 -0.001422475106685633 -0.0009765625 -0.001422475106685633
0  0.34375 0.6934566145092461 0.013671875 0.02702702702702703 -0.0009765625 -0.001422475106685633 -0.0009765625 -0.001422475106685633 -0.0009765625 -0.001422475106685633 -0.0009765625 -0.001422475106685633 -0.0009765625 -0.001422475106685633
0  0.36669921875 0.655049786628734 0.0146484375 0.02702702702702703 -0.0009765625 -0.001422475106685633 -0.0009765625 -0.001422475106685633 -0.0009765625 -0.001422475106685633 -0.0009765625 -0.001422475106685633 -0.0009765625 -0.001422475106685633
0  0.3759765625 0.620199146514936 0.013671875 0.02275960170697013 -0.0009765625 -0.001422475106685633 -0.0009765625 -0.001422475106685633 -0.0009765625 -0.001422475106685633 -0.0009765625 -0.001422475106685633 -0.0009765625 -0.001422475106685633
0  0.3984375 0.5953058321479374 0.009765625 0.01849217638691323 -0.0009765625 -0.001422475106685633 -0.0009765625 -0.001422475106685633 -0.0009765625 -0.001422475106685633 -0.0009765625 -0.001422475106685633 -0.0009765625 -0.001422475106685633
0  0.4130859375 0.6379800853485064 0.013671875 0.021337126600284494 -0.0009765625 -0.001422475106685633 -0.0009765625 -0.001422475106685633 -0.0009765625 -0.001422475106685633 -0.0009765625 -0.001422475106685633 -0.0009765625 -0.001422475106685633
0  0.42578125 0.635846372688478 0.009765625 0.01991465149359886 -0.0009765625 -0.001422475106685633 -0.0009765625 -0.001422475106685633 -0.0009765625 -0.001422475106685633 -0.0009765625 -0.001422475106685633 -0.0009765625 -0.001422475106685633
0  0.4814453125 0.6742532005689901 0.013671875 0.025604551920341393 0.4793701171875 0.6713442389758179 0.48651171875 0.6696941678520626 0.483791015625 0.6744822190611665 0.4815234375 0.6814167852062589 0.48696484375 0.6782788051209103
0  0.5302734375 0.6386913229018493 0.01171875 0.025604551920341393 -0.0009765625 -0.001422475106685633 -0.0009765625 -0.001422475106685633 -0.0009765625 -0.001422475106685633 -0.0009765625 -0.001422475106685633 -0.0009765625 -0.001422475106685633
0  0.5341796875 0.5860597439544808 0.01171875 0.01991465149359886 -0.0009765625 -0.001422475106685633 -0.0009765625 -0.001422475106685633 -0.0009765625 -0.001422475106685633 -0.0009765625 -0.001422475106685633 -0.0009765625 -0.001422475106685633
0  0.50634765625 0.5903271692745377 0.0107421875 0.01422475106685633 -0.0009765625 -0.001422475106685633 -0.0009765625 -0.001422475106685633 -0.0009765625 -0.001422475106685633 -0.0009765625 -0.001422475106685633 -0.0009765625 -0.001422475106685633
0  0.4970703125 0.5931721194879089 0.01171875 0.01422475106685633 -0.0009765625 -0.001422475106685633 -0.0009765625 -0.001422475106685633 -0.0009765625 -0.001422475106685633 -0.0009765625 -0.001422475106685633 -0.0009765625 -0.001422475106685633
0  0.40380859375 0.5597439544807966 0.0107421875 0.015647226173541962 0.401498046875 0.557674253200569 0.40572265625 0.5575661450924608 0.403869140625 0.560697012802276 0.4024619140625 0.5653385490753912 0.4047587890625 0.565122332859175
0  0.44384765625 0.5334281650071123 0.0068359375 0.01422475106685633 -0.0009765625 -0.001422475106685633 -0.0009765625 -0.001422475106685633 -0.0009765625 -0.001422475106685633 -0.0009765625 -0.001422475106685633 -0.0009765625 -0.001422475106685633
0  0.50732421875 0.5675675675675675 0.0087890625 0.017069701280227598 -0.0009765625 -0.001422475106685633 -0.0009765625 -0.001422475106685633 -0.0009765625 -0.001422475106685633 -0.0009765625 -0.001422475106685633 -0.0009765625 -0.001422475106685633
0  0.5322265625 0.5412517780938834 0.009765625 0.015647226173541962 -0.0009765625 -0.001422475106685633 -0.0009765625 -0.001422475106685633 -0.0009765625 -0.001422475106685633 -0.0009765625 -0.001422475106685633 -0.0009765625 -0.001422475106685633
0  0.47021484375 0.5512091038406828 0.0087890625 0.01849217638691323 -0.0009765625 -0.001422475106685633 -0.0009765625 -0.001422475106685633 -0.0009765625 -0.001422475106685633 -0.0009765625 -0.001422475106685633 -0.0009765625 -0.001422475106685633
0  0.52587890625 0.7219061166429588 0.0185546875 0.029871977240398292 0.52471484375 0.7173342816500711 0.527283203125 0.7159559032716928 0.5294453125 0.7214679943100996 0.52876953125 0.7281607396870554 0.53147265625 0.72599573257468
0  0.23095703125 0.65149359886202 0.0107421875 0.02275960170697013 0.226841796875 0.6494608819345662 0.2320732421875 0.64900426742532 0.2300849609375 0.6551009957325746 0.2288291015625 0.6595206258890469 0.23343359375 0.6570825035561877
0  0.23779296875 0.6209103840682788 0.0107421875 0.01849217638691323 -0.0009765625 -0.001422475106685633 -0.0009765625 -0.001422475106685633 -0.0009765625 -0.001422475106685633 -0.0009765625 -0.001422475106685633 -0.0009765625 -0.001422475106685633
0  0.26513671875 0.5796586059743954 0.0126953125 0.015647226173541962 -0.0009765625 -0.001422475106685633 -0.0009765625 -0.001422475106685633 -0.0009765625 -0.001422475106685633 -0.0009765625 -0.001422475106685633 -0.0009765625 -0.001422475106685633
0  0.18505859375 0.6095305832147937 0.0126953125 0.02702702702702703 0.1825517578125 0.6081593172119488 0.1870244140625 0.6067866287339972 0.1852587890625 0.6107311522048364 0.1829052734375 0.6153598862019914 0.1869072265625 0.6139886201991466
0  0.15478515625 0.5974395448079659 0.0107421875 0.02275960170697013 -0.0009765625 -0.001422475106685633 -0.0009765625 -0.001422475106685633 -0.0009765625 -0.001422475106685633 -0.0009765625 -0.001422475106685633 -0.0009765625 -0.001422475106685633
0  0.18359375 0.6507823613086771 0.01171875 0.01849217638691323 -0.0009765625 -0.001422475106685633 -0.0009765625 -0.001422475106685633 -0.0009765625 -0.001422475106685633 -0.0009765625 -0.001422475106685633 -0.0009765625 -0.001422475106685633
0  0.162109375 0.5568990042674253 0.009765625 0.01849217638691323 -0.0009765625 -0.001422475106685633 -0.0009765625 -0.001422475106685633 -0.0009765625 -0.001422475106685633 -0.0009765625 -0.001422475106685633 -0.0009765625 -0.001422475106685633
0  0.43408203125 0.8406827880512091 0.0185546875 0.034139402560455195 -0.0009765625 -0.001422475106685633 -0.0009765625 -0.001422475106685633 -0.0009765625 -0.001422475106685633 -0.0009765625 -0.001422475106685633 -0.0009765625 -0.001422475106685633
0  0.5478515625 0.7852062588904695 0.015625 0.034139402560455195 -0.0009765625 -0.001422475106685633 -0.0009765625 -0.001422475106685633 -0.0009765625 -0.001422475106685633 -0.0009765625 -0.001422475106685633 -0.0009765625 -0.001422475106685633
0  0.5654296875 0.7332859174964438 0.015625 0.032716927453769556 -0.0009765625 -0.001422475106685633 -0.0009765625 -0.001422475106685633 -0.0009765625 -0.001422475106685633 -0.0009765625 -0.001422475106685633 -0.0009765625 -0.001422475106685633
0  0.58935546875 0.6763869132290184 0.0146484375 0.02702702702702703 -0.0009765625 -0.001422475106685633 -0.0009765625 -0.001422475106685633 -0.0009765625 -0.001422475106685633 -0.0009765625 -0.001422475106685633 -0.0009765625 -0.001422475106685633
0  0.62939453125 0.647226173541963 0.0126953125 0.02844950213371266 0.627533203125 0.6395163584637269 0.63398046875 0.6406216216216216 0.630693359375 0.6444893314366998 0.627912109375 0.6518549075391181 0.63258984375 0.6518549075391181
0  0.6279296875 0.8122332859174964 0.015625 0.031294452347083924 0.6261162109375 0.8081692745376956 0.630859375 0.8095917496443813 0.629185546875 0.8126401137980085 0.6255576171875 0.8191422475106686 0.62890625 0.8203613086770982
0  0.64111328125 0.94950213371266 0.0244140625 0.03556187766714083 -0.0009765625 -0.001422475106685633 -0.0009765625 -0.001422475106685633 -0.0009765625 -0.001422475106685633 -0.0009765625 -0.001422475106685633 -0.0009765625 -0.001422475106685633
0  0.34228515625 0.6145092460881935 0.0126953125 0.01422475106685633 -0.0009765625 -0.001422475106685633 -0.0009765625 -0.001422475106685633 -0.0009765625 -0.001422475106685633 -0.0009765625 -0.001422475106685633 -0.0009765625 -0.001422475106685633
0  0.29541015625 0.6052631578947368 0.0107421875 0.01849217638691323 -0.0009765625 -0.001422475106685633 -0.0009765625 -0.001422475106685633 -0.0009765625 -0.001422475106685633 -0.0009765625 -0.001422475106685633 -0.0009765625 -0.001422475106685633
0  0.3271484375 0.5476529160739687 0.01171875 0.01991465149359886 0.3238349609375 0.5468648648648649 0.32793359375 0.5453413940256046 0.32636328125 0.5500412517780938 0.3260146484375 0.5530881934566145 0.329154296875 0.5515647226173542
0  0.28076171875 0.5256045519203414 0.0087890625 0.01849217638691323 0.2787822265625 0.5228364153627311 0.2827060546875 0.5219217638691322 0.2814501953125 0.5272944523470839 0.27941015625 0.5314082503556188 0.2826279296875 0.5311806543385491
0  0.24169921875 0.5455192034139402 0.0087890625 0.01849217638691323 -0.0009765625 -0.001422475106685633 -0.0009765625 -0.001422475106685633 -0.0009765625 -0.001422475106685633 -0.0009765625 -0.001422475106685633 -0.0009765625 -0.001422475106685633
0  0.21826171875 0.5817923186344239 0.0107421875 0.017069701280227598 -0.0009765625 -0.001422475106685633 -0.0009765625 -0.001422475106685633 -0.0009765625 -0.001422475106685633 -0.0009765625 -0.001422475106685633 -0.0009765625 -0.001422475106685633
0  0.5556640625 0.6017069701280228 0.01171875 0.025604551920341393 -0.0009765625 -0.001422475106685633 -0.0009765625 -0.001422475106685633 -0.0009765625 -0.001422475106685633 -0.0009765625 -0.001422475106685633 -0.0009765625 -0.001422475106685633
0  0.60400390625 0.5732574679943101 0.0087890625 0.02275960170697013 -0.0009765625 -0.001422475106685633 -0.0009765625 -0.001422475106685633 -0.0009765625 -0.001422475106685633 -0.0009765625 -0.001422475106685633 -0.0009765625 -0.001422475106685633
0  0.62060546875 0.5874822190611664 0.0087890625 0.02275960170697013 0.6188271484375 0.5840782361308677 0.6241630859375 0.5840782361308677 0.6209189453125 0.5880412517780939 0.6199775390625 0.5913940256045519 0.623326171875 0.5913940256045519
0  0.65087890625 0.7574679943100996 0.0185546875 0.03556187766714083 0.6458564453125 0.7576714082503556 0.654017578125 0.7558421052631579 0.6502509765625 0.764072546230441 0.6482109375 0.7686443812233286 0.65433203125 0.7679587482219061
0  0.6513671875 0.8563300142247511 0.021484375 0.03982930298719772 0.652587890625 0.8558221906116643 0.6600869140625 0.8535362731152204 0.65869140625 0.8634423897581792 0.6541572265625 0.8695391180654338 0.6597373046875 0.86750640113798
0  0.69384765625 0.8108108108108109 0.0185546875 0.031294452347083924 0.693005859375 0.8077368421052632 0.70057421875 0.8071465149359885 0.699087890625 0.8163997155049786 0.6921953125 0.8242731152204837 0.701115234375 0.8221081081081081
0  0.74365234375 0.829302987197724 0.0244140625 0.04267425320056899 0.73606640625 0.8265092460881934 0.7437392578125 0.8273470839260313 0.7391357421875 0.8348918918918918 0.7399033203125 0.8427155049786629 0.7452744140625 0.8429943100995733
0  0.74853515625 0.7716927453769559 0.0166015625 0.032716927453769556 0.7481904296875 0.7702702702702703 0.7542333984375 0.7662887624466572 0.753513671875 0.7729943100995732 0.75063671875 0.779072546230441 0.754376953125 0.7776045519203413
0  0.69873046875 0.7247510668563301 0.0166015625 0.029871977240398292 0.6961494140625 0.7211820768136558 0.7033427734375 0.7217539118065434 0.7000732421875 0.727850640113798 0.69798046875 0.7324224751066857 0.7030810546875 0.7329943100995732
0  0.71630859375 0.6742532005689901 0.0166015625 0.034139402560455195 -0.0009765625 -0.001422475106685633 -0.0009765625 -0.001422475106685633 -0.0009765625 -0.001422475106685633 -0.0009765625 -0.001422475106685633 -0.0009765625 -0.001422475106685633
0  0.65771484375 0.6614509246088194 0.0166015625 0.031294452347083924 0.6586220703125 0.6592162162162162 0.6630859375 0.6567766714082504 0.6630859375 0.663483641536273 0.6591796875 0.669578947368421 0.662806640625 0.66775106685633
0  0.66650390625 0.6216216216216216 0.0107421875 0.01991465149359886 -0.0009765625 -0.001422475106685633 -0.0009765625 -0.001422475106685633 -0.0009765625 -0.001422475106685633 -0.0009765625 -0.001422475106685633 -0.0009765625 -0.001422475106685633
0  0.6708984375 0.5554765291607396 0.009765625 0.00995732574679943 -0.0009765625 -0.001422475106685633 -0.0009765625 -0.001422475106685633 -0.0009765625 -0.001422475106685633 -0.0009765625 -0.001422475106685633 -0.0009765625 -0.001422475106685633
0  0.70556640625 0.5675675675675675 0.0087890625 0.01991465149359886 -0.0009765625 -0.001422475106685633 -0.0009765625 -0.001422475106685633 -0.0009765625 -0.001422475106685633 -0.0009765625 -0.001422475106685633 -0.0009765625 -0.001422475106685633
0  0.79345703125 0.6543385490753911 0.0107421875 0.01991465149359886 -0.0009765625 -0.001422475106685633 -0.0009765625 -0.001422475106685633 -0.0009765625 -0.001422475106685633 -0.0009765625 -0.001422475106685633 -0.0009765625 -0.001422475106685633
0  0.74755859375 0.6002844950213371 0.0146484375 0.02275960170697013 0.74898828125 0.5984054054054053 0.7541025390625 0.5979672830725462 0.7520966796875 0.6014722617354196 0.7493896484375 0.6058534850640114 0.753099609375 0.6052688477951637
0  0.72314453125 0.5654338549075392 0.0068359375 0.015647226173541962 -0.0009765625 -0.001422475106685633 -0.0009765625 -0.001422475106685633 -0.0009765625 -0.001422475106685633 -0.0009765625 -0.001422475106685633 -0.0009765625 -0.001422475106685633
0  0.7275390625 0.515647226173542 0.0078125 0.012802275960170697 -0.0009765625 -0.001422475106685633 -0.0009765625 -0.001422475106685633 -0.0009765625 -0.001422475106685633 -0.0009765625 -0.001422475106685633 -0.0009765625 -0.001422475106685633
0  0.8017578125 0.5761024182076814 0.009765625 0.01991465149359886 -0.0009765625 -0.001422475106685633 -0.0009765625 -0.001422475106685633 -0.0009765625 -0.001422475106685633 -0.0009765625 -0.001422475106685633 -0.0009765625 -0.001422475106685633
0  0.8310546875 0.6500711237553343 0.01171875 0.017069701280227598 -0.0009765625 -0.001422475106685633 -0.0009765625 -0.001422475106685633 -0.0009765625 -0.001422475106685633 -0.0009765625 -0.001422475106685633 -0.0009765625 -0.001422475106685633
0  0.80615234375 0.7197724039829303 0.0166015625 0.031294452347083924 0.8043388671875 0.7148947368421052 0.8104775390625 0.7150981507823613 0.80810546875 0.7197724039829303 0.8047568359375 0.7258691322901849 0.810337890625 0.7260725462304409
0  0.90673828125 0.6749644381223329 0.0146484375 0.02418207681365576 -0.0009765625 -0.001422475106685633 -0.0009765625 -0.001422475106685633 -0.0009765625 -0.001422475106685633 -0.0009765625 -0.001422475106685633 -0.0009765625 -0.001422475106685633
0  0.86865234375 0.7240398293029872 0.0107421875 0.025604551920341393 0.861083984375 0.7319018492176388 0.865552734375 0.7304722617354197 0.8634814453125 0.7360298719772403 0.862064453125 0.7403157894736843 0.866533203125 0.7395220483641537
0  0.9560546875 0.6344238975817923 0.0078125 0.01991465149359886 -0.0009765625 -0.001422475106685633 -0.0009765625 -0.001422475106685633 -0.0009765625 -0.001422475106685633 -0.0009765625 -0.001422475106685633 -0.0009765625 -0.001422475106685633
0  0.85205078125 0.628022759601707 0.0068359375 0.02418207681365576 -0.0009765625 -0.001422475106685633 -0.0009765625 -0.001422475106685633 -0.0009765625 -0.001422475106685633 -0.0009765625 -0.001422475106685633 -0.0009765625 -0.001422475106685633
0  0.91455078125 0.5889046941678521 0.0087890625 0.01991465149359886 -0.0009765625 -0.001422475106685633 -0.0009765625 -0.001422475106685633 -0.0009765625 -0.001422475106685633 -0.0009765625 -0.001422475106685633 -0.0009765625 -0.001422475106685633
0  0.86572265625 0.6024182076813656 0.0107421875 0.01849217638691323 -0.0009765625 -0.001422475106685633 -0.0009765625 -0.001422475106685633 -0.0009765625 -0.001422475106685633 -0.0009765625 -0.001422475106685633 -0.0009765625 -0.001422475106685633
0  0.15283203125 0.5163584637268848 0.0068359375 0.011379800853485065 -0.0009765625 -0.001422475106685633 -0.0009765625 -0.001422475106685633 -0.0009765625 -0.001422475106685633 -0.0009765625 -0.001422475106685633 -0.0009765625 -0.001422475106685633
0  0.08447265625 0.5576102418207681 0.0087890625 0.01422475106685633 -0.0009765625 -0.001422475106685633 -0.0009765625 -0.001422475106685633 -0.0009765625 -0.001422475106685633 -0.0009765625 -0.001422475106685633 -0.0009765625 -0.001422475106685633
0  0.302734375 0.5704125177809388 0.0078125 0.01422475106685633 -0.0009765625 -0.001422475106685633 -0.0009765625 -0.001422475106685633 -0.0009765625 -0.001422475106685633 -0.0009765625 -0.001422475106685633 -0.0009765625 -0.001422475106685633
0  0.2373046875 0.5682788051209103 0.009765625 0.01849217638691323 -0.0009765625 -0.001422475106685633 -0.0009765625 -0.001422475106685633 -0.0009765625 -0.001422475106685633 -0.0009765625 -0.001422475106685633 -0.0009765625 -0.001422475106685633
0  0.55908203125 0.5440967283072546 0.0107421875 0.015647226173541962 -0.0009765625 -0.001422475106685633 -0.0009765625 -0.001422475106685633 -0.0009765625 -0.001422475106685633 -0.0009765625 -0.001422475106685633 -0.0009765625 -0.001422475106685633
0  0.59619140625 0.5213371266002845 0.0068359375 0.00995732574679943 -0.0009765625 -0.001422475106685633 -0.0009765625 -0.001422475106685633 -0.0009765625 -0.001422475106685633 -0.0009765625 -0.001422475106685633 -0.0009765625 -0.001422475106685633
0  0.64599609375 0.5412517780938834 0.0068359375 0.00995732574679943 -0.0009765625 -0.001422475106685633 -0.0009765625 -0.001422475106685633 -0.0009765625 -0.001422475106685633 -0.0009765625 -0.001422475106685633 -0.0009765625 -0.001422475106685633
0  0.6435546875 0.5633001422475107 0.0078125 0.01422475106685633 -0.0009765625 -0.001422475106685633 -0.0009765625 -0.001422475106685633 -0.0009765625 -0.001422475106685633 -0.0009765625 -0.001422475106685633 -0.0009765625 -0.001422475106685633
0  0.64453125 0.5839260312944523 0.0078125 0.012802275960170697 -0.0009765625 -0.001422475106685633 -0.0009765625 -0.001422475106685633 -0.0009765625 -0.001422475106685633 -0.0009765625 -0.001422475106685633 -0.0009765625 -0.001422475106685633
0  0.63330078125 0.6038406827880513 0.0107421875 0.015647226173541962 -0.0009765625 -0.001422475106685633 -0.0009765625 -0.001422475106685633 -0.0009765625 -0.001422475106685633 -0.0009765625 -0.001422475106685633 -0.0009765625 -0.001422475106685633
0  0.3193359375 0.6116642958748222 0.009765625 0.01991465149359886 -0.0009765625 -0.001422475106685633 -0.0009765625 -0.001422475106685633 -0.0009765625 -0.001422475106685633 -0.0009765625 -0.001422475106685633 -0.0009765625 -0.001422475106685633
0  0.3310546875 0.5931721194879089 0.009765625 0.017069701280227598 -0.0009765625 -0.001422475106685633 -0.0009765625 -0.001422475106685633 -0.0009765625 -0.001422475106685633 -0.0009765625 -0.001422475106685633 -0.0009765625 -0.001422475106685633
0  0.36767578125 0.5761024182076814 0.0107421875 0.01991465149359886 -0.0009765625 -0.001422475106685633 -0.0009765625 -0.001422475106685633 -0.0009765625 -0.001422475106685633 -0.0009765625 -0.001422475106685633 -0.0009765625 -0.001422475106685633
0  0.02734375 0.5874822190611664 0.0078125 0.01991465149359886 -0.0009765625 -0.001422475106685633 -0.0009765625 -0.001422475106685633 -0.0009765625 -0.001422475106685633 -0.0009765625 -0.001422475106685633 -0.0009765625 -0.001422475106685633
0  0.509765625 0.8726884779516358 0.01953125 0.01849217638691323 -0.0009765625 -0.001422475106685633 -0.0009765625 -0.001422475106685633 -0.0009765625 -0.001422475106685633 -0.0009765625 -0.001422475106685633 -0.0009765625 -0.001422475106685633
0  0.01318359375 0.8250355618776671 0.0126953125 0.031294452347083924 -0.0009765625 -0.001422475106685633 -0.0009765625 -0.001422475106685633 -0.0009765625 -0.001422475106685633 -0.0009765625 -0.001422475106685633 -0.0009765625 -0.001422475106685633
0  0.00341796875 0.6194879089615932 0.0068359375 0.01849217638691323 -0.0009765625 -0.001422475106685633 -0.0009765625 -0.001422475106685633 -0.0009765625 -0.001422475106685633 -0.0009765625 -0.001422475106685633 -0.0009765625 -0.001422475106685633
0  0.14404296875 0.6799431009957326 0.0087890625 0.02275960170697013 -0.0009765625 -0.001422475106685633 -0.0009765625 -0.001422475106685633 -0.0009765625 -0.001422475106685633 -0.0009765625 -0.001422475106685633 -0.0009765625 -0.001422475106685633
0  0.97607421875 0.7261735419630156 0.0166015625 0.029871977240398292 -0.0009765625 -0.001422475106685633 -0.0009765625 -0.001422475106685633 -0.0009765625 -0.001422475106685633 -0.0009765625 -0.001422475106685633 -0.0009765625 -0.001422475106685633
