0  0.04150390625 0.5161290322580645 0.0146484375 0.03395585738539898 0.041015625 0.5116723259762309 0.0465087890625 0.5129456706281834 0.0445556640625 0.5184634974533107 0.0413818359375 0.5237691001697793 0.0455322265625 0.5248302207130731
0  0.0947265625 0.6018675721561969 0.015625 0.035653650254668934 0.09153515625 0.5966977928692699 0.0974814453125 0.5988132427843803 0.092751953125 0.602572156196944 0.0903193359375 0.607037351443124 0.096265625 0.6093870967741934
0  0.1328125 0.5636672325976231 0.015625 0.03395585738539898 0.1279296875 0.5602716468590832 0.1328125 0.5619694397283531 0.12890625 0.565365025466893 0.12890625 0.5738539898132428 0.1318359375 0.5738539898132428
0  0.1298828125 0.533106960950764 0.015625 0.027164685908319185 0.12796484375 0.5285585738539899 0.13382421875 0.5289235993208828 0.1309990234375 0.5334702886247877 0.1273369140625 0.5394736842105263 0.133509765625 0.5394736842105263
0  0.181640625 0.6171477079796265 0.015625 0.03225806451612903 0.1802109375 0.6119711375212225 0.1866845703125 0.6127894736842106 0.1836240234375 0.6197470288624788 0.180328125 0.6240441426146011 0.1848017578125 0.6240441426146011
0  0.19189453125 0.5365025466893039 0.0185546875 0.04074702886247878 0.1878046875 0.5304244482173175 0.1943271484375 0.5306808149405773 0.19121484375 0.5371239388794566 0.186916015625 0.5435670628183361 0.194919921875 0.5435670628183361
0  0.1376953125 0.5 0.0078125 0.011884550084889643 -0.0009765625 -0.001697792869269949 -0.0009765625 -0.001697792869269949 -0.0009765625 -0.001697792869269949 -0.0009765625 -0.001697792869269949 -0.0009765625 -0.001697792869269949
0  0.212890625 0.5730050933786078 0.015625 0.028862478777589132 0.2136015625 0.5656146010186757 0.21916015625 0.5663735144312394 0.2161083984375 0.573383701188455 0.2136015625 0.5788794567062818 0.217416015625 0.579258064516129
0  0.2685546875 0.533955857385399 0.017578125 0.03904923599320883 0.2661962890625 0.5272020373514431 0.2723828125 0.5269524617996605 0.269361328125 0.533955857385399 0.2661962890625 0.5417096774193548 0.2716630859375 0.5417096774193548
0  0.2685546875 0.41256366723259763 0.015625 0.027164685908319185 0.263671875 0.41086587436332767 0.267578125 0.41086587436332767 0.265625 0.41935483870967744 0.267578125 0.4227504244482173 0.2705078125 0.42105263157894735
0  0.30029296875 0.6561969439728353 0.0205078125 0.035653650254668934 0.297423828125 0.6451544991511036 0.3064794921875 0.6496179966044142 0.3002626953125 0.6571375212224109 0.2967490234375 0.6611307300509338 0.3025595703125 0.6637164685908319
0  0.25244140625 0.3531409168081494 0.0146484375 0.027164685908319185 0.2510810546875 0.3470780984719864 0.2563125 0.34980645161290325 0.2530693359375 0.3547181663837012 0.2498251953125 0.35835483870967744 0.2544296875 0.3603565365025467
0  0.27294921875 0.36502546689303905 0.0126953125 0.027164685908319185 0.269775390625 0.36029541595925296 0.27490234375 0.36011375212224106 0.2729140625 0.36520713073005096 0.2701943359375 0.36975551782682514 0.2739609375 0.36957385398981324
0  0.29052734375 0.3853989813242784 0.0146484375 0.030560271646859084 0.286412109375 0.38311035653650255 0.293212890625 0.3809422750424448 0.29015234375 0.38606621392190155 0.2891318359375 0.3919779286926995 0.292533203125 0.390597623089983
0  0.2880859375 0.35568760611205436 0.01171875 0.01867572156196944 0.287109375 0.3548387096774194 0.291015625 0.3548387096774194 0.2900390625 0.3599320882852292 0.287109375 0.3633276740237691 0.291015625 0.3633276740237691
0  0.31982421875 0.3607809847198642 0.0146484375 0.03225806451612903 0.31884765625 0.3558998302207131 0.3240966796875 0.3578098471986418 0.32080078125 0.3622665534804754 0.3160400390625 0.36608658743633277 0.3221435546875 0.36778438030560273
0  0.32861328125 0.34210526315789475 0.0126953125 0.028862478777589132 0.3242578125 0.33756536502546686 0.329162109375 0.33567062818336163 0.326111328125 0.3413548387096774 0.326111328125 0.3477979626485569 0.329271484375 0.34571307300509335
0  0.349609375 0.367572156196944 0.015625 0.028862478777589132 0.34375 0.366723259762309 0.349609375 0.366723259762309 0.345703125 0.3735144312393888 0.345703125 0.37860780984719866 0.3486328125 0.3769100169779287
0  0.3251953125 0.5254668930390493 0.015625 0.028862478777589132 0.322265625 0.5195246179966044 0.3291015625 0.5178268251273345 0.326171875 0.5263157894736842 0.3232421875 0.5314091680814941 0.3310546875 0.5297113752122241
0  0.33447265625 0.47283531409168084 0.0146484375 0.03225806451612903 0.33203125 0.4702886247877759 0.3388671875 0.47368421052631576 0.333984375 0.47877758913412566 0.330078125 0.47877758913412566 0.3359375 0.4838709677419355
0  0.37451171875 0.6434634974533107 0.0166015625 0.03735144312393888 0.370326171875 0.6374006791171477 0.3785576171875 0.634974533106961 0.375208984375 0.6458896434634974 0.37255859375 0.6512241086587437 0.3798134765625 0.648314091680815
0  0.4111328125 0.6782682512733447 0.015625 0.035653650254668934 0.40711328125 0.671962648556876 0.4139140625 0.6712801358234296 0.41012109375 0.6776468590831919 0.407244140625 0.683786078098472 0.41469921875 0.6831035653650255
0  0.48583984375 0.6222410865874364 0.0166015625 0.035653650254668934 0.4822958984375 0.6142529711375212 0.4901337890625 0.6130780984719865 0.486349609375 0.6208319185059423 0.4839169921875 0.6302292020373514 0.489052734375 0.6295246179966044
0  0.5458984375 0.6358234295415959 0.017578125 0.035653650254668934 0.539380859375 0.6311239388794567 0.546814453125 0.6304193548387097 0.5424892578125 0.6381731748726656 0.540732421875 0.6459269949066214 0.5462734375 0.6454567062818336
0  0.59375 0.6451612903225806 0.021484375 0.04074702886247878 0.587494140625 0.6371494057724958 0.5957333984375 0.6350271646859084 0.5917666015625 0.6445772495755518 0.589171875 0.6530662139219016 0.594666015625 0.6530662139219016
0  0.6298828125 0.6587436332767402 0.021484375 0.04074702886247878 0.622427734375 0.6497249575551782 0.6273193359375 0.6450848896434634 0.62376171875 0.6566825127334466 0.626875 0.6669898132427844 0.6319140625 0.6641561969439728
0  0.62939453125 0.49830220713073003 0.0146484375 0.03225806451612903 0.625375 0.49210186757215624 0.63161328125 0.4914889643463498 0.6277294921875 0.49967402376910014 0.62631640625 0.5051986417657046 0.6325556640625 0.5054040747028863
0  0.56494140625 0.5534804753820034 0.0166015625 0.03735144312393888 0.5603466796875 0.5458183361629881 0.5675087890625 0.5462869269949066 0.5629140625 0.5533361629881155 0.5611572265625 0.5610899830220714 0.5665634765625 0.5613259762308997
0  0.51123046875 0.5475382003395586 0.0166015625 0.042444821731748725 0.50777734375 0.54123259762309 0.5149970703125 0.54123259762309 0.51123046875 0.5505093378607809 0.508248046875 0.556239388794567 0.515625 0.5559660441426146
0  0.486328125 0.5466893039049237 0.015625 0.023769100169779286 0.483607421875 0.5374719864176571 0.490513671875 0.5374719864176571 0.487060546875 0.5458404074702886 0.48538671875 0.5522071307300509 0.4895712890625 0.5518438030560272
0  0.451171875 0.5611205432937182 0.013671875 0.028862478777589132 0.44779296875 0.5556247877758913 0.45455078125 0.5554363327674023 0.4508447265625 0.5628251273344652 0.4486650390625 0.5698370118845502 0.453896484375 0.5694584040747029
0  0.4189453125 0.5280135823429541 0.013671875 0.030560271646859084 0.4146728515625 0.5223140916808149 0.421970703125 0.5212903225806452 0.4190283203125 0.5296808149405773 0.4163203125 0.5374567062818336 0.421853515625 0.5366383701188455
0  0.392578125 0.46604414261460103 0.015625 0.03904923599320883 0.389125 0.46129202037351447 0.395599609375 0.46129202037351447 0.3924345703125 0.4687962648556876 0.38998828125 0.4737979626485569 0.3950234375 0.4737979626485569
0  0.361328125 0.48132427843803055 0.013671875 0.035653650254668934 0.3584853515625 0.4761544991511035 0.3646328125 0.47683701188455013 0.360708984375 0.4829762308998302 0.3591396484375 0.48934295415959256 0.3646328125 0.4884346349745331
0  0.48388671875 0.4830220713073005 0.0146484375 0.025466893039049237 0.484375 0.4770797962648557 0.4892578125 0.4770797962648557 0.48828125 0.4838709677419355 0.4853515625 0.48896434634974534 0.4892578125 0.4906621392190153
0  0.51953125 0.47283531409168084 0.013671875 0.03225806451612903 0.51611328125 0.46604414261460103 0.5220947265625 0.46625636672325976 0.51708984375 0.474320882852292 0.5155029296875 0.4798387096774194 0.5224609375 0.48026315789473684
0  0.5537109375 0.44142614601018676 0.015625 0.030560271646859084 0.5507158203125 0.43584040747028857 0.556056640625 0.4335670628183362 0.5539853515625 0.4411460101867572 0.5535498046875 0.44702037351443125 0.557037109375 0.4451256366723259
0  0.6005859375 0.4473684210526316 0.015625 0.03225806451612903 0.5957421875 0.4404108658743633 0.6028046875 0.4393870967741935 0.5989208984375 0.4485959252971138 0.5964482421875 0.45534974533106964 0.6019814453125 0.45534974533106964
0  0.67626953125 0.49151103565365023 0.0185546875 0.04584040747028863 0.671970703125 0.4886451612903226 0.6810830078125 0.4863412563667232 0.676609375 0.4952699490662139 0.6734619140625 0.5021833616298812 0.681580078125 0.5013191850594227
0  0.69921875 0.5271646859083192 0.017578125 0.042444821731748725 0.693080078125 0.5230407470288625 0.70045703125 0.5227691001697793 0.6966904296875 0.5295908319185059 0.6946494140625 0.5375025466893039 0.7020263671875 0.5369575551782682
0  0.79296875 0.5186757215619694 0.01953125 0.042444821731748725 0.7880859375 0.5127334465195246 0.796875 0.5110356536502547 0.7919921875 0.5212224108658744 0.7890625 0.5280135823429541 0.7958984375 0.5280135823429541
0  0.35107421875 0.33531409168081494 0.0126953125 0.028862478777589132 0.3487333984375 0.3317215619694397 0.3541826171875 0.331911714770798 0.3513486328125 0.3360797962648557 0.34960546875 0.3415755517826825 0.3532021484375 0.3415755517826825
0  0.3798828125 0.35144312393887944 0.013671875 0.030560271646859084 0.376255859375 0.34777419354838707 0.3820361328125 0.3473803056027165 0.3786357421875 0.35348896434634974 0.3780693359375 0.35743123938879456 0.3819228515625 0.35743123938879456
0  0.38671875 0.333616298811545 0.013671875 0.035653650254668934 0.3850185546875 0.32594567062818336 0.38946484375 0.32594567062818336 0.386849609375 0.32958404074702885 0.3852802734375 0.3336774193548387 0.3885498046875 0.33413242784380304
0  0.42529296875 0.33276740237691 0.0087890625 0.02037351443123939 -0.0009765625 -0.001697792869269949 -0.0009765625 -0.001697792869269949 -0.0009765625 -0.001697792869269949 -0.0009765625 -0.001697792869269949 -0.0009765625 -0.001697792869269949
0  0.4345703125 0.32088285229202035 0.013671875 0.030560271646859084 0.4323037109375 0.31674363327674027 0.438197265625 0.3175331069609507 0.4354775390625 0.3232478777589134 0.4326435546875 0.3279779286926995 0.437064453125 0.3283718166383701
0  0.46484375 0.41935483870967744 0.013671875 0.03395585738539898 0.461447265625 0.4152088285229202 0.46776953125 0.4152088285229202 0.4641025390625 0.42136332767402374 0.46157421875 0.4270780984719864 0.466251953125 0.4270780984719864
0  0.4765625 0.27419354838709675 0.01171875 0.03225806451612903 0.47385546875 0.27071477079796263 0.478798828125 0.27173853989813246 0.47573828125 0.2760356536502547 0.4729130859375 0.28135653650254666 0.4785634765625 0.28135653650254666
0  0.482421875 0.26485568760611206 0.01171875 0.03395585738539898 0.4739990234375 0.27143463497453313 0.4788818359375 0.27228353140916806 0.47607421875 0.27716468590831916 0.4735107421875 0.2811969439728353 0.4791259765625 0.2814091680814941
0  0.501953125 0.28862478777589134 0.01171875 0.027164685908319185 0.498046875 0.28522920203735147 0.5029296875 0.2869269949066214 0.5009765625 0.2903225806451613 0.4990234375 0.29541595925297115 0.5029296875 0.29541595925297115
0  0.5146484375 0.2733446519524618 0.01171875 0.023769100169779286 0.509765625 0.2733446519524618 0.515625 0.2699490662139219 0.5126953125 0.27504244482173174 0.51171875 0.2801358234295416 0.5146484375 0.2767402376910017
0  0.5576171875 0.27928692699490665 0.01171875 0.03225806451612903 0.554203125 0.2745195246179966 0.559265625 0.2767707979626486 0.55502734375 0.28147707979626485 0.552791015625 0.2853650254668931 0.5564404296875 0.28659422750424446
0  0.5673828125 0.2826825127334465 0.013671875 0.025466893039049237 0.5634765625 0.28862478777589134 0.5693359375 0.28862478777589134 0.56640625 0.2937181663837012 0.564453125 0.300509337860781 0.5693359375 0.300509337860781
0  0.58251953125 0.2894736842105263 0.0126953125 0.03225806451612903 0.5782470703125 0.28671477079796265 0.584228515625 0.2860780984719864 0.5811767578125 0.29159592529711376 0.57763671875 0.29605263157894735 0.5855712890625 0.29541595925297115
0  0.60107421875 0.26825127334465193 0.0146484375 0.030560271646859084 0.598484375 0.26310526315789473 0.603310546875 0.2637181663837012 0.6001328125 0.2698573853989813 0.598484375 0.27497453310696096 0.603193359375 0.27517826825127334
0  0.62353515625 0.267402376910017 0.0107421875 0.028862478777589132 0.6193154296875 0.2636434634974533 0.622767578125 0.2632784380305603 0.617955078125 0.26964516129032257 0.618896484375 0.27255687606112056 0.622349609375 0.2721918505942275
0  0.62255859375 0.37860780984719866 0.0126953125 0.030560271646859084 0.618974609375 0.37474193548387097 0.624869140625 0.37454499151103565 0.621921875 0.37927504244482174 0.6197685546875 0.3838064516129032 0.624302734375 0.3836095076400679
0  0.58837890625 0.3930390492359932 0.0126953125 0.028862478777589132 0.5853798828125 0.3892801358234295 0.591029296875 0.38909847198641767 0.5883095703125 0.39382682512733447 0.585693359375 0.39855687606112056 0.590296875 0.3987385398981324
0  0.5439453125 0.3862478777589134 0.013671875 0.035653650254668934 0.5384560546875 0.3831409168081494 0.5430517578125 0.3829049235993209 0.540078125 0.38971986417657045 0.5395380859375 0.39512393887945674 0.5418349609375 0.3948879456706282
0  0.51318359375 0.366723259762309 0.0146484375 0.03395585738539898 0.51092578125 0.3636757215619695 0.5175 0.36411544991511036 0.5139599609375 0.3718098471986418 0.51168359375 0.3746672325976231 0.5157294921875 0.37532597623089986
0  0.4970703125 0.4142614601018676 0.013671875 0.03395585738539898 0.49188671875 0.40989643463497455 0.4963115234375 0.40923599320882853 0.4926455078125 0.41648896434634974 0.4925185546875 0.42198471986417657 0.4978291015625 0.42000679117147705
0  0.63037109375 0.4074702886247878 0.0166015625 0.03735144312393888 0.62548828125 0.4035891341256367 0.6319052734375 0.4026196943972835 0.62841796875 0.4103803056027165 0.626185546875 0.4152308998302207 0.63232421875 0.414018675721562
0  0.65185546875 0.2894736842105263 0.0146484375 0.03225806451612903 0.6485595703125 0.2841680814940577 0.6531982421875 0.2841680814940577 0.6507568359375 0.29053480475382004 0.64892578125 0.2956281833616299 0.653564453125 0.29499151103565363
0  0.6708984375 0.28862478777589134 0.01171875 0.03395585738539898 0.666599609375 0.28535823429541596 0.672416015625 0.28382003395585736 0.668623046875 0.29107300509337863 0.668623046875 0.2954685908319185 0.67330078125 0.29414940577249576
0  0.64794921875 0.3862478777589134 0.0146484375 0.03225806451612903 0.64599609375 0.3807300509337861 0.6513671875 0.3788200339558574 0.6483154296875 0.3845500848896435 0.6463623046875 0.39134125636672323 0.653076171875 0.3894312393887946
0  0.69482421875 0.36587436332767403 0.0146484375 0.035653650254668934 0.69106640625 0.3609320882852292 0.69760546875 0.35934125636672326 0.69459765625 0.3672988115449915 0.690412109375 0.37389303904923604 0.6989140625 0.3725297113752122
0  0.6884765625 0.26570458404074704 0.015625 0.03225806451612903 0.6846923828125 0.2633701188455008 0.68994140625 0.2623089983022071 0.68701171875 0.267402376910017 0.68603515625 0.273981324278438 0.689453125 0.2733446519524618
0  0.70654296875 0.2911714770797963 0.0126953125 0.03225806451612903 0.70440625 0.2876926994906621 0.70946875 0.2874872665534805 0.7072314453125 0.2936264855687606 0.70523046875 0.29833446519524615 0.7101748046875 0.29792529711375215
0  0.73193359375 0.3030560271646859 0.0107421875 0.028862478777589132 0.732421875 0.300509337860781 0.736328125 0.298811544991511 0.7353515625 0.30560271646859083 0.7333984375 0.31069609507640067 0.73828125 0.3089983022071307
0  0.73828125 0.30220713073005095 0.01171875 0.030560271646859084 0.7319072265625 0.30094906621392187 0.7379111328125 0.2978794567062818 0.735673828125 0.3056553480475382 0.7335556640625 0.3101578947368421 0.7393232421875 0.30708828522920206
0  0.794921875 0.28183361629881154 0.013671875 0.023769100169779286 0.7919921875 0.2733446519524618 0.7998046875 0.2733446519524618 0.7958984375 0.27843803056027167 0.79296875 0.2835314091680815 0.798828125 0.2835314091680815
0  0.83203125 0.23089983022071306 0.015625 0.03395585738539898 0.8291015625 0.22750424448217318 0.8349609375 0.22750424448217318 0.83203125 0.23259762308998302 0.8291015625 0.23938879456706283 0.8349609375 0.23769100169779286
0  0.83349609375 0.38030560271646857 0.0166015625 0.03395585738539898 0.828595703125 0.3775772495755518 0.8346123046875 0.3775772495755518 0.8308193359375 0.3848539898132428 0.828857421875 0.38985568760611206 0.8357890625 0.3887181663837012
0  0.78515625 0.3684210526315789 0.015625 0.03395585738539898 0.7808837890625 0.3622665534804754 0.7886962890625 0.3626910016977929 0.7843017578125 0.3686332767402377 0.77978515625 0.37372665534804755 0.7872314453125 0.375
0  0.73876953125 0.3607809847198642 0.0146484375 0.035653650254668934 0.7352734375 0.35674872665534807 0.74155078125 0.3549303904923599 0.73854296875 0.3615246179966044 0.7368427734375 0.36879966044142615 0.7402431640625 0.3672088285229202
0  0.86376953125 0.2427843803056027 0.0126953125 0.030560271646859084 0.8603515625 0.24108658743633277 0.8662109375 0.23938879456706283 0.86328125 0.24787775891341257 0.861328125 0.2529711375212224 0.865234375 0.2529711375212224
0  0.87548828125 0.22241086587436332 0.0146484375 0.03735144312393888 0.872296875 0.21592359932088284 0.8789189453125 0.21521731748726655 0.8752705078125 0.2210916808149406 0.8732431640625 0.22884550084889643 0.8779736328125 0.22837521222410867
0  0.89794921875 0.22241086587436332 0.0166015625 0.03395585738539898 0.89569140625 0.21584719864176571 0.9030234375 0.2178251273344652 0.898978515625 0.222660441426146 0.8958173828125 0.22837521222410867 0.899736328125 0.22903565365025463
0  0.9453125 0.33446519524617996 0.01171875 0.030560271646859084 0.9444052734375 0.33000848896434637 0.9496201171875 0.3305993208828523 0.9473525390625 0.3355263157894737 0.9436123046875 0.3388760611205433 0.948939453125 0.33926994906621394
0  0.96337890625 0.33531409168081494 0.0126953125 0.028862478777589132 0.963923828125 0.3305772495755518 0.968501953125 0.3313344651952462 0.966103515625 0.33701867572156197 0.9637060546875 0.3419456706281834 0.9669755859375 0.3421358234295416
0  0.99658203125 0.4906621392190153 0.0068359375 0.01697792869269949 -0.0009765625 -0.001697792869269949 -0.0009765625 -0.001697792869269949 -0.0009765625 -0.001697792869269949 -0.0009765625 -0.001697792869269949 -0.0009765625 -0.001697792869269949
