0  0.34228515625 0.798828125 0.0107421875 0.016927083333333332 -0.0009765625 -0.0013020833333333333 -0.0009765625 -0.0013020833333333333 -0.0009765625 -0.0013020833333333333 -0.0009765625 -0.0013020833333333333 -0.0009765625 -0.0013020833333333333
0  0.37939453125 0.7994791666666666 0.0107421875 0.015625 -0.0009765625 -0.0013020833333333333 -0.0009765625 -0.0013020833333333333 -0.0009765625 -0.0013020833333333333 -0.0009765625 -0.0013020833333333333 -0.0009765625 -0.0013020833333333333
0  0.39892578125 0.810546875 0.0107421875 0.016927083333333332 -0.0009765625 -0.0013020833333333333 -0.0009765625 -0.0013020833333333333 -0.0009765625 -0.0013020833333333333 -0.0009765625 -0.0013020833333333333 -0.0009765625 -0.0013020833333333333
0  0.4384765625 0.7942708333333334 0.009765625 0.015625 -0.0009765625 -0.0013020833333333333 -0.0009765625 -0.0013020833333333333 -0.0009765625 -0.0013020833333333333 -0.0009765625 -0.0013020833333333333 -0.0009765625 -0.0013020833333333333
0  0.3251953125 0.9225260416666666 0.037109375 0.08463541666666667 0.3126748046875 0.90583203125 0.3142783203125 0.905296875 0.3138779296875 0.9240143229166667 0.320294921875 0.9405924479166666 0.3206962890625 0.9400572916666667
0  0.154296875 0.796875 0.013671875 0.0234375 0.15121875 0.7948111979166667 0.1571044921875 0.7938697916666667 0.153455078125 0.7988919270833333 0.1522783203125 0.8037578124999999 0.1580458984375 0.8028151041666667
0  0.19580078125 0.8046875 0.0146484375 0.020833333333333332 0.1945107421875 0.7998919270833333 0.200025390625 0.80029296875 0.194109375 0.8048385416666667 0.1940087890625 0.8091171875000001 0.198220703125 0.8097851562499999
0  0.22265625 0.7981770833333334 0.01171875 0.020833333333333332 0.2200751953125 0.7967239583333333 0.226091796875 0.7981940104166667 0.22228125 0.8015364583333334 0.22077734375 0.8064830729166667 0.223083984375 0.8068854166666667
0  0.23046875 0.8216145833333334 0.013671875 0.020833333333333332 -0.0009765625 -0.0013020833333333333 -0.0009765625 -0.0013020833333333333 -0.0009765625 -0.0013020833333333333 -0.0009765625 -0.0013020833333333333 -0.0009765625 -0.0013020833333333333
0  0.30615234375 0.8190104166666666 0.0107421875 0.015625 -0.0009765625 -0.0013020833333333333 -0.0009765625 -0.0013020833333333333 -0.0009765625 -0.0013020833333333333 -0.0009765625 -0.0013020833333333333 -0.0009765625 -0.0013020833333333333
