0  0.8955078125 0.6065359477124183 0.01953125 0.02875816993464052 0.8935546875 0.6039215686274509 0.9013671875 0.6013071895424836 0.900390625 0.6091503267973856 0.89453125 0.6169934640522876 0.9013671875 0.615686274509804
0  0.9814453125 0.7026143790849673 0.037109375 0.0718954248366013 0.98046875 0.6797385620915033 0.9970703125 0.6784313725490196 0.9970703125 0.6993464052287581 0.994140625 0.7189542483660131 0.998046875 0.7189542483660131
0  0.28125 0.5888888888888889 0.01953125 0.03529411764705882 0.2839921875 0.5825163398692811 0.2890927734375 0.5809228758169934 0.290962890625 0.589116339869281 0.2860322265625 0.5995856209150326 0.290453125 0.5975372549019607
0  0.3662109375 0.6300653594771242 0.01953125 0.03137254901960784 0.3625185546875 0.6265516339869281 0.371826171875 0.6253267973856209 0.366791015625 0.6332928104575163 0.364654296875 0.6386026143790849 0.3713681640625 0.6379895424836601
0  0.4765625 0.5980392156862745 0.009765625 0.01437908496732026 0.474609375 0.596078431372549 0.48046875 0.596078431372549 0.4775390625 0.6 0.4755859375 0.6026143790849673 0.48046875 0.6026143790849673
0  0.6640625 0.5588235294117647 0.0078125 0.01699346405228758 0.6611328125 0.5555555555555556 0.666015625 0.5555555555555556 0.662109375 0.5607843137254902 0.662109375 0.5633986928104575 0.666015625 0.5633986928104575
0  0.69873046875 0.5686274509803921 0.0166015625 0.023529411764705882 0.693359375 0.5647058823529412 0.6953125 0.5647058823529412 0.69140625 0.5738562091503268 0.6982421875 0.5777777777777777 0.6982421875 0.5777777777777777
0  0.76123046875 0.5771241830065359 0.0126953125 0.022222222222222223 0.7626953125 0.5712418300653594 0.7626953125 0.5712418300653594 0.767578125 0.5751633986928104 0.7626953125 0.5816993464052288 0.7666015625 0.5830065359477125
0  0.7900390625 0.5718954248366013 0.01171875 0.02483660130718954 0.787109375 0.5633986928104575 0.7890625 0.5633986928104575 0.794921875 0.5660130718954248 0.7900390625 0.5764705882352941 0.791015625 0.5751633986928104
0  0.82958984375 0.5699346405228758 0.0126953125 0.023529411764705882 0.8264599609375 0.5677176470588235 0.832013671875 0.5665032679738562 0.82929296875 0.5724209150326797 0.8275927734375 0.5781856209150327 0.8303134765625 0.5780339869281046
0  0.810546875 0.7058823529411765 0.04296875 0.06797385620915032 0.810546875 0.6980392156862745 0.8271484375 0.6941176470588235 0.8232421875 0.7071895424836602 0.8134765625 0.726797385620915 0.828125 0.7241830065359477
