0  0.07470703125 0.15816993464052287 0.0087890625 0.018300653594771243 0.0732421875 0.15555555555555556 0.078125 0.15555555555555556 0.0771484375 0.1607843137254902 0.07421875 0.16339869281045752 0.078125 0.16339869281045752
0  0.11572265625 0.169281045751634 0.0107421875 0.01699346405228758 0.1142578125 0.16732026143790849 0.12109375 0.16732026143790849 0.1162109375 0.17124183006535948 0.11328125 0.1738562091503268 0.1181640625 0.1738562091503268
0  0.9501953125 0.12679738562091503 0.0234375 0.04183006535947712 0.947265625 0.11895424836601307 0.9560546875 0.11895424836601307 0.951171875 0.12810457516339868 0.9453125 0.13594771241830064 0.9560546875 0.13594771241830064
0  0.0107421875 0.12352941176470589 0.0078125 0.022222222222222223 0.0078125 0.12549019607843137 0.0087890625 0.12549019607843137 0.0087890625 0.13071895424836602 0.009765625 0.134640522875817 0.0107421875 0.134640522875817
0  0.80810546875 0.22941176470588234 0.0087890625 0.01699346405228758 0.8056640625 0.2261437908496732 0.8095703125 0.22483660130718955 0.8076171875 0.22875816993464052 0.8056640625 0.23398692810457516 0.8095703125 0.23398692810457516
0  0.23974609375 0.1934640522875817 0.0146484375 0.023529411764705882 0.240234375 0.19477124183006536 0.2470703125 0.19215686274509805 0.244140625 0.2 0.2421875 0.20392156862745098 0.2470703125 0.20392156862745098
0  0.765625 0.238562091503268 0.0078125 0.01437908496732026 0.763671875 0.23921568627450981 0.767578125 0.23790849673202613 0.765625 0.24313725490196078 0.763671875 0.2457516339869281 0.767578125 0.2457516339869281
0  0.78564453125 0.234640522875817 0.0087890625 0.01437908496732026 -0.0009765625 -0.00130718954248366 -0.0009765625 -0.00130718954248366 -0.0009765625 -0.00130718954248366 -0.0009765625 -0.00130718954248366 -0.0009765625 -0.00130718954248366
0  0.3310546875 0.22091503267973855 0.0078125 0.01045751633986928 -0.0009765625 -0.00130718954248366 -0.0009765625 -0.00130718954248366 -0.0009765625 -0.00130718954248366 -0.0009765625 -0.00130718954248366 -0.0009765625 -0.00130718954248366
0  0.15625 0.16732026143790849 0.009765625 0.01568627450980392 0.1552734375 0.16601307189542483 0.1611328125 0.16601307189542483 0.1572265625 0.16993464052287582 0.1552734375 0.1738562091503268 0.1591796875 0.1738562091503268
0  0.00390625 0.1392156862745098 0.00390625 0.009150326797385621 -0.0009765625 -0.00130718954248366 -0.0009765625 -0.00130718954248366 -0.0009765625 -0.00130718954248366 -0.0009765625 -0.00130718954248366 -0.0009765625 -0.00130718954248366
