0  0.8818359375 0.7185064935064935 0.005859375 0.004545454545454545 -0.0009765625 -0.0006493506493506494 -0.0009765625 -0.0006493506493506494 -0.0009765625 -0.0006493506493506494 -0.0009765625 -0.0006493506493506494 -0.0009765625 -0.0006493506493506494
0  0.89453125 0.7246753246753247 0.00390625 0.003896103896103896 -0.0009765625 -0.0006493506493506494 -0.0009765625 -0.0006493506493506494 -0.0009765625 -0.0006493506493506494 -0.0009765625 -0.0006493506493506494 -0.0009765625 -0.0006493506493506494
0  0.7802734375 0.6857142857142857 0.017578125 0.015584415584415584 -0.0009765625 -0.0006493506493506494 -0.0009765625 -0.0006493506493506494 -0.0009765625 -0.0006493506493506494 -0.0009765625 -0.0006493506493506494 -0.0009765625 -0.0006493506493506494
0  0.7841796875 0.7220779220779221 0.025390625 0.02727272727272727 0.7754599609375 0.7190512987012987 0.7831767578125 0.7188805194805195 0.776232421875 0.7233272727272727 0.7757177734375 0.7274324675324676 0.782662109375 0.7270902597402598
0  0.82373046875 0.7344155844155844 0.0263671875 0.024675324675324677 0.814453125 0.7311688311688311 0.8212890625 0.7324675324675325 0.8154296875 0.7350649350649351 0.814453125 0.7402597402597403 0.8212890625 0.7396103896103896
0  0.6728515625 0.7568181818181818 0.02734375 0.025324675324675326 0.673828125 0.7540584415584416 0.682861328125 0.7537337662337662 0.680419921875 0.7592532467532468 0.673828125 0.763474025974026 0.68115234375 0.7633116883116883
0  0.23486328125 0.7584415584415585 0.0166015625 0.01948051948051948 -0.0009765625 -0.0006493506493506494 -0.0009765625 -0.0006493506493506494 -0.0009765625 -0.0006493506493506494 -0.0009765625 -0.0006493506493506494 -0.0009765625 -0.0006493506493506494
0  0.26953125 0.725 0.017578125 0.016233766233766232 -0.0009765625 -0.0006493506493506494 -0.0009765625 -0.0006493506493506494 -0.0009765625 -0.0006493506493506494 -0.0009765625 -0.0006493506493506494 -0.0009765625 -0.0006493506493506494
0  0.490234375 0.7275974025974026 0.009765625 0.00974025974025974 -0.0009765625 -0.0006493506493506494 -0.0009765625 -0.0006493506493506494 -0.0009765625 -0.0006493506493506494 -0.0009765625 -0.0006493506493506494 -0.0009765625 -0.0006493506493506494
0  0.51513671875 0.7538961038961038 0.0107421875 0.007792207792207792 -0.0009765625 -0.0006493506493506494 -0.0009765625 -0.0006493506493506494 -0.0009765625 -0.0006493506493506494 -0.0009765625 -0.0006493506493506494 -0.0009765625 -0.0006493506493506494
0  0.853515625 0.7204545454545455 0.00390625 0.007142857142857143 -0.0009765625 -0.0006493506493506494 -0.0009765625 -0.0006493506493506494 -0.0009765625 -0.0006493506493506494 -0.0009765625 -0.0006493506493506494 -0.0009765625 -0.0006493506493506494
