0  0.10693359375 0.6199442119944212 0.0302734375 0.06555090655509066 0.112775390625 0.6122914923291491 0.119494140625 0.6122914923291491 0.1215380859375 0.6235550906555091 0.114236328125 0.6348186889818689 0.1183251953125 0.6327336122733612
0  0.10498046875 0.7391910739191074 0.0341796875 0.08368200836820083 0.117615234375 0.7300878661087865 0.116115234375 0.7322301255230126 0.1217392578125 0.7386555090655509 0.116115234375 0.7627517433751744 0.114990234375 0.7643584379358437
0  0.18798828125 0.600418410041841 0.0126953125 0.05718270571827057 0.193787109375 0.5993598326359832 0.1960625 0.5968326359832635 0.1975791015625 0.6054993026499302 0.1935341796875 0.6170557880055788 0.194544921875 0.6156108786610879
0  0.2041015625 0.604602510460251 0.013671875 0.040446304044630406 0.201599609375 0.5989372384937238 0.2021484375 0.5994588563458857 0.198669921875 0.6025969316596932 0.2003173828125 0.6107043235704324 0.2010498046875 0.6112273361227336
0  0.32080078125 0.6262203626220363 0.0146484375 0.03905160390516039 0.323033203125 0.6226094839609484 0.3250732421875 0.6201813110181311 0.327453125 0.6255230125523012 0.3247333984375 0.636207810320781 0.3247333984375 0.636207810320781
0  0.291015625 0.5801952580195258 0.015625 0.03905160390516039 0.2939453125 0.5857740585774058 0.2978515625 0.5857740585774058 0.296875 0.5885634588563459 0.2919921875 0.5913528591352859 0.294921875 0.592747559274756
0  0.3212890625 0.5808926080892608 0.013671875 0.026499302649930265 0.321533203125 0.5782775453277545 0.327392578125 0.5767085076708508 0.32666015625 0.5821129707112971 0.3228759765625 0.5857740585774058 0.32763671875 0.5850767085076709
0  0.265625 0.7580195258019525 0.01953125 0.08507670850767085 0.26171875 0.7517433751743375 0.259765625 0.7489539748953975 0.2568359375 0.7629009762900977 0.2607421875 0.7782426778242678 0.263671875 0.7768479776847977
0  0.0263671875 0.595536959553696 0.0234375 0.08926080892608089 0.01881640625 0.5932956764295676 0.0168544921875 0.5932956764295676 0.0097919921875 0.606744769874477 0.0164619140625 0.6185118549511855 0.014892578125 0.6185118549511855
0  0.4853515625 0.6324965132496513 0.01953125 0.03765690376569038 0.47773046875 0.6256471408647141 0.4848544921875 0.6254114365411437 0.4780625 0.631089260808926 0.4783935546875 0.6398437935843794 0.48336328125 0.639370990237099
0  0.529296875 0.6178521617852162 0.013671875 0.030683403068340307 -0.0009765625 -0.001394700139470014 -0.0009765625 -0.001394700139470014 -0.0009765625 -0.001394700139470014 -0.0009765625 -0.001394700139470014 -0.0009765625 -0.001394700139470014
0  0.51611328125 0.7273361227336123 0.0224609375 0.07112970711297072 0.5135673828125 0.706863319386332 0.516392578125 0.7171743375174339 0.5057197265625 0.718071129707113 0.5069755859375 0.7306234309623431 0.5104287109375 0.7377963737796374
0  0.58740234375 0.7503486750348675 0.0419921875 0.09762900976290098 0.583892578125 0.7330083682008368 0.587345703125 0.7527336122733613 0.5696494140625 0.7416373779637379 0.568787109375 0.761979079497908 0.5735341796875 0.7730753138075314
0  0.68115234375 0.600418410041841 0.0087890625 0.03765690376569038 -0.0009765625 -0.001394700139470014 -0.0009765625 -0.001394700139470014 -0.0009765625 -0.001394700139470014 -0.0009765625 -0.001394700139470014 -0.0009765625 -0.001394700139470014
0  0.7177734375 0.606694560669456 0.013671875 0.03347280334728033 0.713283203125 0.6039428172942817 0.721138671875 0.6037308228730823 0.7166923828125 0.6096582984658299 0.7146171875 0.6143152022315203 0.7206943359375 0.6145271966527196
0  0.6494140625 0.601115760111576 0.009765625 0.019525801952580194 -0.0009765625 -0.001394700139470014 -0.0009765625 -0.001394700139470014 -0.0009765625 -0.001394700139470014 -0.0009765625 -0.001394700139470014 -0.0009765625 -0.001394700139470014
0  0.73828125 0.6387726638772664 0.0390625 0.05578800557880056 0.7233623046875 0.6293835425383543 0.7413154296875 0.6311882845188285 0.7281669921875 0.6409400278940027 0.7261435546875 0.6528563458856346 0.7385341796875 0.6546624825662483
0  0.84423828125 0.6610878661087866 0.0263671875 0.0502092050209205 0.8388583984375 0.6514993026499303 0.8428603515625 0.6559442119944212 0.831298828125 0.6572147838214784 0.8348564453125 0.669281729428173 0.837080078125 0.6715048814504881
0  0.8818359375 0.6143654114365411 0.033203125 0.05439330543933055 0.8798828125 0.606694560669456 0.892333984375 0.6094839609483961 0.88525390625 0.6164574616457462 0.87646484375 0.6244769874476988 0.888671875 0.6286610878661087
0  0.921875 0.600418410041841 0.0234375 0.03207810320781032 0.9204541015625 0.5959721059972106 0.930681640625 0.5959721059972106 0.927716796875 0.6023235704323571 0.921935546875 0.6090976290097629 0.92919921875 0.6082510460251046
0  0.78759765625 0.7252440725244073 0.0302734375 0.07531380753138076 -0.0009765625 -0.001394700139470014 -0.0009765625 -0.001394700139470014 -0.0009765625 -0.001394700139470014 -0.0009765625 -0.001394700139470014 -0.0009765625 -0.001394700139470014
0  0.970703125 0.7454672245467224 0.05859375 0.09902370990237098 0.955583984375 0.7329400278940028 0.97040625 0.742902370990237 0.9429404296875 0.7435244072524407 0.9503525390625 0.7709205020920502 0.9590712890625 0.7802594142259415
0  0.98193359375 0.5794979079497908 0.0302734375 0.043235704323570434 0.9755859375 0.5774058577405857 0.9873046875 0.5746164574616457 0.984375 0.5815899581589958 0.9755859375 0.5913528591352859 0.9892578125 0.5941422594142259
