0  0.525390625 0.2061711079943899 0.076171875 0.0785413744740533 0.5057373046875 0.19648176718092566 0.5426982421875 0.19992215988779805 0.51600390625 0.21515918653576438 0.5023154296875 0.2240063113604488 0.5331162109375 0.22695511921458625
0  0.10302734375 0.6949509116409537 0.0341796875 0.029453015427769985 0.10175390625 0.6927468443197756 0.11640234375 0.6918078541374474 0.1166640625 0.6976304347826087 0.1096015625 0.7042047685834503 0.1190185546875 0.7036416549789621
0  0.00830078125 0.697054698457223 0.0166015625 0.016830294530154277 0.0016787109375 0.6951697054698457 0.0138857421875 0.6936360448807855 0.0091552734375 0.6990049088359046 0.0044248046875 0.7033877980364656 0.0129697265625 0.7017447405329593
0  0.119140625 0.7037166900420757 0.021484375 0.020336605890603085 0.12109375 0.7012622720897616 0.1298828125 0.7019635343618513 0.1259765625 0.7054698457223001 0.12109375 0.7103786816269285 0.126953125 0.7103786816269285
0  0.138671875 0.6991584852734923 0.021484375 0.019635343618513323 0.13652734375 0.6958555399719495 0.1461796875 0.6955988779803647 0.1436767578125 0.6995778401122019 0.1399228515625 0.7027868162692847 0.1467158203125 0.7026584852734923
0  0.158203125 0.7019635343618513 0.01953125 0.019635343618513323 -0.0009765625 -0.0007012622720897616 -0.0009765625 -0.0007012622720897616 -0.0009765625 -0.0007012622720897616 -0.0009765625 -0.0007012622720897616 -0.0009765625 -0.0007012622720897616
0  0.17578125 0.7051192145862553 0.01953125 0.018934081346423562 -0.0009765625 -0.0007012622720897616 -0.0009765625 -0.0007012622720897616 -0.0009765625 -0.0007012622720897616 -0.0009765625 -0.0007012622720897616 -0.0009765625 -0.0007012622720897616
0  0.22216796875 0.7135343618513323 0.0244140625 0.018934081346423562 0.2220283203125 0.7100532959326787 0.232666015625 0.7114305750350631 0.2291787109375 0.7145610098176719 0.2225517578125 0.7180673211781207 0.2303994140625 0.7186935483870968
0  0.2802734375 0.7065217391304348 0.0234375 0.024544179523141654 0.28196484375 0.7033534361851332 0.2893759765625 0.7050757363253857 0.283708984375 0.7085189340813464 0.27760546875 0.7107103786816269 0.285234375 0.7124326788218793
0  0.34765625 0.7310659186535764 0.033203125 0.028751753155680224 0.34765625 0.7258127629733521 0.3597939453125 0.7249046283309958 0.3597939453125 0.7314417952314166 0.3552421875 0.7383415147265077 0.36181640625 0.7367075736325386
0  0.34033203125 0.7047685834502104 0.0166015625 0.0182328190743338 0.3369140625 0.7019635343618513 0.345703125 0.7012622720897616 0.341796875 0.7054698457223001 0.3388671875 0.708976157082749 0.345703125 0.7096774193548387
0  0.35595703125 0.7023141654978962 0.0166015625 0.018934081346423562 0.35546875 0.7012622720897616 0.3642578125 0.7019635343618513 0.36328125 0.7061711079943899 0.357421875 0.7110799438990182 0.36328125 0.7103786816269285
0  0.3720703125 0.7040673211781207 0.015625 0.016830294530154277 0.3720703125 0.7026647966339411 0.3798828125 0.7026647966339411 0.3779296875 0.7068723702664796 0.3740234375 0.7110799438990182 0.37890625 0.7103786816269285
0  0.39599609375 0.7103786816269285 0.0126953125 0.015427769985974754 0.392578125 0.7096774193548387 0.40234375 0.7082748948106592 0.404296875 0.7131837307152875 0.3974609375 0.7166900420757363 0.4033203125 0.717391304347826
0  0.94921875 0.7212482468443198 0.015625 0.01753155680224404 0.9404296875 0.7201963534361852 0.9501953125 0.7194950911640954 0.9453125 0.7244039270687237 0.943359375 0.7300140252454418 0.9501953125 0.7300140252454418
0  0.9375 0.7215988779803647 0.015625 0.016830294530154277 -0.0009765625 -0.0007012622720897616 -0.0009765625 -0.0007012622720897616 -0.0009765625 -0.0007012622720897616 -0.0009765625 -0.0007012622720897616 -0.0009765625 -0.0007012622720897616
0  0.9287109375 0.7321178120617111 0.017578125 0.015427769985974754 0.9248046875 0.7215988779803647 0.93359375 0.7215988779803647 0.9287109375 0.7258064516129032 0.9267578125 0.7321178120617111 0.9326171875 0.7314165497896213
0  0.9697265625 0.7114305750350631 0.017578125 0.021739130434782608 0.9638671875 0.7082748948106592 0.970703125 0.7082748948106592 0.9658203125 0.7138849929873773 0.9638671875 0.7166900420757363 0.9697265625 0.717391304347826
