0  0.3974609375 0.3367496339677892 0.01171875 0.02342606149341142 0.3974609375 0.33821376281112736 0.4013671875 0.3367496339677892 0.3994140625 0.3396778916544656 0.3984375 0.34260614934114203 0.4013671875 0.34260614934114203
0  0.47021484375 0.36383601756954614 0.0185546875 0.036603221083455345 0.4700400390625 0.35886822840409954 0.4767890625 0.3586325036603221 0.474591796875 0.36475109809663253 0.4712958984375 0.3708696925329429 0.476318359375 0.370398243045388
0  0.49560546875 0.3484626647144949 0.0185546875 0.032210834553440704 0.4932333984375 0.34469838945827236 0.5006279296875 0.34156076134699853 0.499232421875 0.3507628111273792 0.496302734375 0.358502196193265 0.50146484375 0.3566193265007321
0  0.5703125 0.3257686676427526 0.01171875 0.01903367496339678 0.569576171875 0.3238081991215227 0.5733857421875 0.32393265007320643 0.57148046875 0.32666471449487555 0.5699072265625 0.32889897510980964 0.5725576171875 0.32914787701317716
0  0.55859375 0.36530014641288433 0.021484375 0.03953147877013177 0.554853515625 0.35943777452415815 0.5640341796875 0.35943777452415815 0.55893359375 0.36580966325036607 0.5545126953125 0.372692532942899 0.56250390625 0.372692532942899
0  0.5771484375 0.36530014641288433 0.015625 0.036603221083455345 0.57493359375 0.3608038067349927 0.5807412109375 0.3605680819912152 0.578857421875 0.3702152269399707 0.575248046875 0.3746866764275256 0.5804267578125 0.3739809663250366
0  0.59912109375 0.3806734992679356 0.0107421875 0.020497803806734993 0.599609375 0.38653001464128844 0.6064453125 0.38653001464128844 0.603515625 0.39092240117130306 0.6005859375 0.3967789165446559 0.6064453125 0.3953147877013177
0  0.62109375 0.3162518301610542 0.009765625 0.020497803806734993 0.62109375 0.31478770131771594 0.625 0.31478770131771594 0.6240234375 0.31771595900439237 0.62109375 0.32210834553440704 0.625 0.32210834553440704
0  0.71484375 0.3235724743777452 0.005859375 0.014641288433382138 -0.0009765625 -0.0014641288433382138 -0.0009765625 -0.0014641288433382138 -0.0009765625 -0.0014641288433382138 -0.0009765625 -0.0014641288433382138 -0.0009765625 -0.0014641288433382138
0  0.77392578125 0.3623718887262079 0.0166015625 0.03074670571010249 0.7716806640625 0.3587247437774524 0.777626953125 0.3589267935578331 0.7751943359375 0.3648038067349927 0.7723564453125 0.3692606149341142 0.7770869140625 0.3694641288433382
0  0.77880859375 0.3213762811127379 0.0126953125 0.021961932650073207 0.7763671875 0.3162518301610542 0.78125 0.3191800878477306 0.7783203125 0.3206442166910688 0.7763671875 0.32650073206442165 0.7802734375 0.32650073206442165
0  0.70751953125 0.32503660322108346 0.0087890625 0.020497803806734993 -0.0009765625 -0.0014641288433382138 -0.0009765625 -0.0014641288433382138 -0.0009765625 -0.0014641288433382138 -0.0009765625 -0.0014641288433382138 -0.0009765625 -0.0014641288433382138
0  0.716796875 0.1581259150805271 0.005859375 0.01171303074670571 -0.0009765625 -0.0014641288433382138 -0.0009765625 -0.0014641288433382138 -0.0009765625 -0.0014641288433382138 -0.0009765625 -0.0014641288433382138 -0.0009765625 -0.0014641288433382138
0  0.314453125 0.19692532942898974 0.060546875 0.11859443631039532 0.3263896484375 0.16489751098096633 0.3368271484375 0.16340702781844801 0.3403056640625 0.19097803806734992 0.3179404296875 0.2170571010248902 0.325892578125 0.2140761346998536
