0  0.63623046875 0.3799705449189985 0.0693359375 0.12371134020618557 0.6227724609375 0.3557614138438881 0.651306640625 0.3534153166421208 0.6404111328125 0.3870574374079529 0.6227724609375 0.40270692194403535 0.6502685546875 0.4019234167893962
0  0.6904296875 0.4410898379970545 0.029296875 0.039764359351988215 -0.0009765625 -0.0014727540500736377 -0.0009765625 -0.0014727540500736377 -0.0009765625 -0.0014727540500736377 -0.0009765625 -0.0014727540500736377 -0.0009765625 -0.0014727540500736377
0  0.53662109375 0.4484536082474227 0.0322265625 0.045655375552282766 0.53298046875 0.43659204712812966 0.545275390625 0.43535640648011786 0.5372841796875 0.4480265095729013 0.531341796875 0.4557511045655375 0.542611328125 0.45544329896907215
0  0.49560546875 0.49852724594992637 0.0205078125 0.039764359351988215 0.4892578125 0.49189985272459497 0.5 0.49337260677466865 0.494140625 0.5007363770250368 0.4892578125 0.508100147275405 0.498046875 0.508100147275405
0  0.35791015625 0.4882179675994109 0.0146484375 0.022091310751104567 0.3544921875 0.4889543446244477 0.3603515625 0.4889543446244477 0.3564453125 0.4948453608247423 0.353515625 0.49779086892488955 0.3583984375 0.49779086892488955
0  0.17822265625 0.4786450662739323 0.0146484375 0.023564064801178203 0.1762958984375 0.4731222385861561 0.1783095703125 0.4731222385861561 0.1799404296875 0.478618556701031 0.176103515625 0.4838262150220913 0.1817626953125 0.484259204712813
0  0.25634765625 0.47643593519882177 0.0087890625 0.013254786450662739 0.2548828125 0.4742268041237113 0.259765625 0.4742268041237113 0.2568359375 0.47717231222385864 0.2548828125 0.4786450662739323 0.2587890625 0.4786450662739323
0  0.27197265625 0.4742268041237113 0.0107421875 0.014727540500736377 0.2685546875 0.4727540500736377 0.2734375 0.4727540500736377 0.2705078125 0.47569955817378495 0.2685546875 0.4786450662739323 0.2734375 0.4786450662739323
0  0.123046875 0.4646539027982327 0.005859375 0.007363770250368188 -0.0009765625 -0.0014727540500736377 -0.0009765625 -0.0014727540500736377 -0.0009765625 -0.0014727540500736377 -0.0009765625 -0.0014727540500736377 -0.0009765625 -0.0014727540500736377
0  0.044921875 0.4631811487481591 0.009765625 0.016200294550810016 0.044921875 0.4639175257731959 0.05078125 0.46244477172312226 0.048828125 0.4683357879234168 0.0458984375 0.47128129602356406 0.05078125 0.4698085419734904
