0  0.04443359375 0.3370967741935484 0.0302734375 0.06451612903225806 0.0388876953125 0.33375645161290324 0.0517841796875 0.33333870967741935 0.0464736328125 0.342108064516129 0.0411640625 0.3558903225806451 0.05153125 0.3554725806451613
0  0.07861328125 0.3395161290322581 0.0302734375 0.06612903225806452 0.076171875 0.33225806451612905 0.0859375 0.32903225806451614 0.08203125 0.3435483870967742 0.07421875 0.3580645161290323 0.0888671875 0.3564516129032258
0  0.10498046875 0.3411290322580645 0.0322265625 0.06290322580645161 0.102822265625 0.3320209677419355 0.1138525390625 0.3320209677419355 0.110015625 0.34231774193548387 0.1042607421875 0.3565741935483871 0.1128935546875 0.3561774193548387
0  0.138671875 0.3338709677419355 0.029296875 0.05806451612903226 0.1363701171875 0.32364677419354837 0.1467978515625 0.32514354838709675 0.141810546875 0.3345048387096774 0.1361435546875 0.3442403225806452 0.147251953125 0.34349032258064516
0  0.17236328125 0.31693548387096776 0.0322265625 0.06290322580645161 0.1669921875 0.3064516129032258 0.1826171875 0.3064516129032258 0.17578125 0.3161290322580645 0.1689453125 0.32903225806451614 0.1806640625 0.33225806451612905
0  0.21142578125 0.307258064516129 0.0283203125 0.05967741935483871 0.2125546875 0.2984806451612903 0.2201796875 0.29886290322580644 0.2204111328125 0.310691935483871 0.2111689453125 0.3229048387096774 0.222259765625 0.3229048387096774
0  0.24462890625 0.29193548387096774 0.0341796875 0.07419354838709677 0.2390400390625 0.27895967741935485 0.2520751953125 0.2813 0.248107421875 0.2887887096774194 0.240173828125 0.30563870967741935 0.25094140625 0.30610645161290323
0  0.28173828125 0.27661290322580645 0.0341796875 0.06935483870967742 0.280408203125 0.2640193548387097 0.2939716796875 0.26533709677419354 0.2891845703125 0.2741209677419355 0.2793447265625 0.2912516129032258 0.291578125 0.29256935483870966
0  0.33251953125 0.24838709677419354 0.0361328125 0.07096774193548387 0.328673828125 0.24213709677419354 0.3440546875 0.23986935483870966 0.3371884765625 0.25483870967741934 0.33087109375 0.2657258064516129 0.3393857421875 0.2657258064516129
0  0.38818359375 0.18951612903225806 0.0380859375 0.09193548387096774 0.3809853515625 0.18148709677419356 0.398642578125 0.18323709677419356 0.3912265625 0.19373548387096773 0.384517578125 0.21298225806451615 0.3982890625 0.21356612903225808
0  0.458984375 0.31048387096774194 0.015625 0.03387096774193549 -0.0009765625 -0.0016129032258064516 -0.0009765625 -0.0016129032258064516 -0.0009765625 -0.0016129032258064516 -0.0009765625 -0.0016129032258064516 -0.0009765625 -0.0016129032258064516
0  0.50439453125 0.27419354838709675 0.0361328125 0.07419354838709677 0.5014345703125 0.2680306451612903 0.516453125 0.2666258064516129 0.509369140625 0.27411451612903226 0.5022841796875 0.28909193548387097 0.516453125 0.2886225806451613
0  0.54638671875 0.2314516129032258 0.0361328125 0.07903225806451612 0.5421015625 0.2199016129032258 0.5571416015625 0.21890806451612904 0.5520283203125 0.2278516129032258 0.54541015625 0.2507064516129032 0.5553369140625 0.24921451612903225
0  0.5927734375 0.2911290322580645 0.03515625 0.06935483870967742 -0.0009765625 -0.0016129032258064516 -0.0009765625 -0.0016129032258064516 -0.0009765625 -0.0016129032258064516 -0.0009765625 -0.0016129032258064516 -0.0009765625 -0.0016129032258064516
0  0.65673828125 0.2717741935483871 0.0361328125 0.07258064516129033 0.654087890625 0.2594467741935484 0.6680380859375 0.2585258064516129 0.6621787109375 0.27142903225806453 0.6552041015625 0.2861758064516129 0.66748046875 0.28571451612903226
0  0.71435546875 0.24838709677419354 0.0380859375 0.08064516129032258 0.7123193359375 0.2383790322580645 0.7277958984375 0.2404225806451613 0.7231533203125 0.2516709677419355 0.7141767578125 0.268541935483871 0.7268671875 0.2690516129032258
0  0.74658203125 0.3024193548387097 0.0263671875 0.06612903225806452 0.7421875 0.3016129032258065 0.755859375 0.3 0.75 0.3096774193548387 0.7431640625 0.3225806451612903 0.755859375 0.3241935483870968
0  0.81201171875 0.2806451612903226 0.0361328125 0.08064516129032258 0.8115234375 0.27419354838709675 0.8251953125 0.27580645161290324 0.8203125 0.2903225806451613 0.810546875 0.3 0.8232421875 0.30483870967741933
0  0.89306640625 0.19112903225806452 0.0478515625 0.08548387096774193 0.8912529296875 0.17773548387096774 0.9098076171875 0.17828387096774193 0.9031806640625 0.18703870967741934 0.890921875 0.20838064516129032 0.9098076171875 0.20892903225806453
0  0.96435546875 0.2967741935483871 0.0322265625 0.08387096774193549 -0.0009765625 -0.0016129032258064516 -0.0009765625 -0.0016129032258064516 -0.0009765625 -0.0016129032258064516 -0.0009765625 -0.0016129032258064516 -0.0009765625 -0.0016129032258064516
