0  0.98974609375 0.4863883847549909 0.0185546875 0.047186932849364795 -0.0009765625 -0.0018148820326678765 -0.0009765625 -0.0018148820326678765 -0.0009765625 -0.0018148820326678765 -0.0009765625 -0.0018148820326678765 -0.0009765625 -0.0018148820326678765
0  0.25048828125 0.3938294010889292 0.0146484375 0.036297640653357534 0.2501220703125 0.39178765880217786 0.2557373046875 0.39133393829401086 0.2528076171875 0.3985934664246824 0.2501220703125 0.4033575317604356 0.2548828125 0.4033575317604356
0  0.33642578125 0.42558983666061706 0.0126953125 0.02722323049001815 0.3346474609375 0.42 0.3394599609375 0.42 0.33725390625 0.42745372050816693 0.3346474609375 0.430994555353902 0.3399619140625 0.430994555353902
0  0.4033203125 0.4455535390199637 0.017578125 0.034482758620689655 0.3985595703125 0.44033575317604357 0.4058837890625 0.4407894736842105 0.40185546875 0.4482758620689655 0.398681640625 0.4544010889292196 0.4049072265625 0.45530852994555354
0  0.46337890625 0.4745916515426497 0.0126953125 0.02722323049001815 0.4623154296875 0.4685154264972777 0.4673984375 0.46904900181488207 0.4643291015625 0.47707078039927403 0.4616435546875 0.4801016333938294 0.465671875 0.48170598911070783
0  0.46435546875 0.42558983666061706 0.0107421875 0.02722323049001815 0.46240234375 0.4186715063520871 0.467529296875 0.4185009074410163 0.4651484375 0.42598729582577133 0.4628603515625 0.4312613430127042 0.466705078125 0.43092196007259526
0  0.49609375 0.4056261343012704 0.01171875 0.023593466424682397 -0.0009765625 -0.0018148820326678765 -0.0009765625 -0.0018148820326678765 -0.0009765625 -0.0018148820326678765 -0.0009765625 -0.0018148820326678765 -0.0009765625 -0.0018148820326678765
0  0.39794921875 0.3366606170598911 0.0087890625 0.019963702359346643 -0.0009765625 -0.0018148820326678765 -0.0009765625 -0.0018148820326678765 -0.0009765625 -0.0018148820326678765 -0.0009765625 -0.0018148820326678765 -0.0009765625 -0.0018148820326678765
0  0.3798828125 0.3448275862068966 0.0078125 0.021778584392014518 -0.0009765625 -0.0018148820326678765 -0.0009765625 -0.0018148820326678765 -0.0009765625 -0.0018148820326678765 -0.0009765625 -0.0018148820326678765 -0.0009765625 -0.0018148820326678765
0  0.546875 0.4010889292196007 0.01171875 0.025408348457350273 -0.0009765625 -0.0018148820326678765 -0.0009765625 -0.0018148820326678765 -0.0009765625 -0.0018148820326678765 -0.0009765625 -0.0018148820326678765 -0.0009765625 -0.0018148820326678765
0  0.54150390625 0.4791288566243194 0.0166015625 0.036297640653357534 -0.0009765625 -0.0018148820326678765 -0.0009765625 -0.0018148820326678765 -0.0009765625 -0.0018148820326678765 -0.0009765625 -0.0018148820326678765 -0.0009765625 -0.0018148820326678765
0  0.59814453125 0.4101633393829401 0.0126953125 0.025408348457350273 0.59588671875 0.40551361161524496 0.60073828125 0.40551361161524496 0.598083984375 0.4104464609800363 0.596251953125 0.4141905626134301 0.5997314453125 0.41401996370235933
0  0.6162109375 0.4147005444646098 0.01171875 0.023593466424682397 -0.0009765625 -0.0018148820326678765 -0.0009765625 -0.0018148820326678765 -0.0009765625 -0.0018148820326678765 -0.0009765625 -0.0018148820326678765 -0.0009765625 -0.0018148820326678765
0  0.6376953125 0.40199637023593465 0.009765625 0.023593466424682397 -0.0009765625 -0.0018148820326678765 -0.0009765625 -0.0018148820326678765 -0.0009765625 -0.0018148820326678765 -0.0009765625 -0.0018148820326678765 -0.0009765625 -0.0018148820326678765
0  0.5732421875 0.46551724137931033 0.015625 0.038112522686025406 0.5695625 0.462 0.5745634765625 0.462 0.5725361328125 0.470540834845735 0.5706435546875 0.47405626134301265 0.5740224609375 0.47405626134301265
0  0.6201171875 0.48185117967332125 0.013671875 0.034482758620689655 0.6170654296875 0.4764065335753176 0.623046875 0.47708711433756806 0.6199951171875 0.48321234119782214 0.6170654296875 0.4916061705989111 0.6220703125 0.492513611615245
0  0.66015625 0.4927404718693285 0.017578125 0.030852994555353903 0.657095703125 0.48165698729582573 0.663669921875 0.48039201451905633 0.6603828125 0.4902940108892922 0.656755859375 0.4966134301270418 0.663103515625 0.4972450090744102
0  0.70849609375 0.4237749546279492 0.0146484375 0.030852994555353903 -0.0009765625 -0.0018148820326678765 -0.0009765625 -0.0018148820326678765 -0.0009765625 -0.0018148820326678765 -0.0009765625 -0.0018148820326678765 -0.0009765625 -0.0018148820326678765
0  0.76416015625 0.4401088929219601 0.0146484375 0.030852994555353903 -0.0009765625 -0.0018148820326678765 -0.0009765625 -0.0018148820326678765 -0.0009765625 -0.0018148820326678765 -0.0009765625 -0.0018148820326678765 -0.0009765625 -0.0018148820326678765
0  0.80224609375 0.4537205081669691 0.0146484375 0.039927404718693285 0.799595703125 0.4482359346642468 0.805271484375 0.4482359346642468 0.8028388671875 0.45526860254083484 0.799865234375 0.4612958257713249 0.803919921875 0.4615462794918331
0  0.77685546875 0.44283121597096187 0.0107421875 0.025408348457350273 0.7745361328125 0.4415825771324864 0.7788388671875 0.4415825771324864 0.77655078125 0.44634845735027223 0.775451171875 0.44923956442831214 0.7782900390625 0.44941016333938294
0  0.736328125 0.4319419237749546 0.01171875 0.025408348457350273 -0.0009765625 -0.0018148820326678765 -0.0009765625 -0.0018148820326678765 -0.0009765625 -0.0018148820326678765 -0.0009765625 -0.0018148820326678765 -0.0009765625 -0.0018148820326678765
0  0.8525390625 0.46551724137931033 0.017578125 0.034482758620689655 -0.0009765625 -0.0018148820326678765 -0.0009765625 -0.0018148820326678765 -0.0009765625 -0.0018148820326678765 -0.0009765625 -0.0018148820326678765 -0.0009765625 -0.0018148820326678765
0  0.9228515625 0.45644283121597096 0.015625 0.038112522686025406 -0.0009765625 -0.0018148820326678765 -0.0009765625 -0.0018148820326678765 -0.0009765625 -0.0018148820326678765 -0.0009765625 -0.0018148820326678765 -0.0009765625 -0.0018148820326678765
0  0.87939453125 0.38475499092558985 0.0087890625 0.025408348457350273 -0.0009765625 -0.0018148820326678765 -0.0009765625 -0.0018148820326678765 -0.0009765625 -0.0018148820326678765 -0.0009765625 -0.0018148820326678765 -0.0009765625 -0.0018148820326678765
0  0.85888671875 0.35208711433756806 0.0087890625 0.018148820326678767 -0.0009765625 -0.0018148820326678765 -0.0009765625 -0.0018148820326678765 -0.0009765625 -0.0018148820326678765 -0.0009765625 -0.0018148820326678765 -0.0009765625 -0.0018148820326678765
