0  0.09765625 0.43359375 0.01171875 0.05859375 0.1015625 0.421875 0.0986328125 0.421875 0.1025390625 0.439453125 0.1005859375 0.44921875 0.09765625 0.447265625
0  0.28173828125 0.4677734375 0.0146484375 0.037109375 0.275390625 0.4609375 0.2822265625 0.4609375 0.27734375 0.46875 0.2763671875 0.474609375 0.28125 0.474609375
0  0.32958984375 0.44921875 0.0166015625 0.04296875 0.3232421875 0.443359375 0.3291015625 0.443359375 0.3251953125 0.451171875 0.3232421875 0.458984375 0.3271484375 0.458984375
0  0.3837890625 0.4501953125 0.017578125 0.041015625 0.378623046875 0.44391796875 0.38483984375 0.4441875 0.379974609375 0.4509453125 0.3788935546875 0.45959375 0.384974609375 0.460134765625
0  0.4287109375 0.4326171875 0.01953125 0.048828125 0.4208984375 0.427001953125 0.427001953125 0.42791796875 0.422119140625 0.436767578125 0.4215087890625 0.4456171875 0.4263916015625 0.4456171875
0  0.50341796875 0.4384765625 0.0166015625 0.044921875 0.496974609375 0.432783203125 0.5038798828125 0.431919921875 0.4984130859375 0.438826171875 0.4984130859375 0.449470703125 0.503736328125 0.448609375
0  0.546875 0.4306640625 0.01953125 0.052734375 0.541015625 0.421875 0.5478515625 0.423828125 0.5419921875 0.4296875 0.5419921875 0.4375 0.5458984375 0.439453125
0  0.60693359375 0.4404296875 0.0205078125 0.044921875 0.6015625 0.435546875 0.607421875 0.43359375 0.603515625 0.443359375 0.6025390625 0.451171875 0.60546875 0.451171875
0  0.66162109375 0.443359375 0.0166015625 0.0390625 0.6575751953125 0.438337890625 0.663390625 0.437578125 0.65921875 0.44440625 0.6584599609375 0.4535078125 0.66162109375 0.45300390625
0  0.68505859375 0.404296875 0.0224609375 0.05078125 0.6789248046875 0.39622265625 0.686505859375 0.3968671875 0.681021484375 0.4042890625 0.679408203125 0.415580078125 0.685376953125 0.415580078125
0  0.76220703125 0.4150390625 0.0166015625 0.041015625 0.7568359375 0.408203125 0.76171875 0.408203125 0.7578125 0.416015625 0.7578125 0.423828125 0.76171875 0.423828125
0  0.8046875 0.396484375 0.025390625 0.0625 0.796779296875 0.391671875 0.806205078125 0.39126953125 0.79998828125 0.401296875 0.7975810546875 0.41252734375 0.8037978515625 0.4117265625
0  0.8486328125 0.392578125 0.021484375 0.05078125 0.8446005859375 0.38998828125 0.85298828125 0.38998828125 0.84750390625 0.39869921875 0.8460517578125 0.41837890625 0.851052734375 0.41837890625
0  0.88671875 0.4208984375 0.021484375 0.044921875 0.880994140625 0.41571875 0.8891953125 0.41341796875 0.8834404296875 0.42521484375 0.8817138671875 0.431544921875 0.887900390625 0.43010546875
