0  0.06005859375 0.26929982046678635 0.0380859375 0.09694793536804308 0.046478515625 0.23631059245960503 0.061583984375 0.23569299820466788 0.0495 0.2535906642728905 0.045806640625 0.27704129263913824 0.0558779296875 0.2788940754039497
0  0.12158203125 0.22621184919210055 0.0458984375 0.10412926391382406 -0.0009765625 -0.0017953321364452424 -0.0009765625 -0.0017953321364452424 -0.0009765625 -0.0017953321364452424 -0.0009765625 -0.0017953321364452424 -0.0009765625 -0.0017953321364452424
0  0.166015625 0.17594254937163376 0.056640625 0.11131059245960502 -0.0009765625 -0.0017953321364452424 -0.0009765625 -0.0017953321364452424 -0.0009765625 -0.0017953321364452424 -0.0009765625 -0.0017953321364452424 -0.0009765625 -0.0017953321364452424
0  0.27490234375 0.27827648114901254 0.0458984375 0.10053859964093358 -0.0009765625 -0.0017953321364452424 -0.0009765625 -0.0017953321364452424 -0.0009765625 -0.0017953321364452424 -0.0009765625 -0.0017953321364452424 -0.0009765625 -0.0017953321364452424
0  0.33740234375 0.3258527827648115 0.0419921875 0.0807899461400359 -0.0009765625 -0.0017953321364452424 -0.0009765625 -0.0017953321364452424 -0.0009765625 -0.0017953321364452424 -0.0009765625 -0.0017953321364452424 -0.0009765625 -0.0017953321364452424
0  0.38818359375 0.2253141831238779 0.0498046875 0.1059245960502693 -0.0009765625 -0.0017953321364452424 -0.0009765625 -0.0017953321364452424 -0.0009765625 -0.0017953321364452424 -0.0009765625 -0.0017953321364452424 -0.0009765625 -0.0017953321364452424
0  0.57275390625 0.14991023339317774 0.0537109375 0.12746858168761221 0.5619072265625 0.11716876122082587 0.5657919921875 0.11637522441651706 0.549822265625 0.13938599640933574 0.5558642578125 0.16874506283662477 0.5588857421875 0.16874506283662477
0  0.72314453125 0.3213644524236984 0.0419921875 0.10053859964093358 0.7073017578125 0.2926068222621185 0.7248662109375 0.2983052064631957 0.71074609375 0.31350269299820466 0.710056640625 0.3362962298025135 0.7207333984375 0.33566247755834827
0  0.677734375 0.35727109515260325 0.033203125 0.08976660682226212 -0.0009765625 -0.0017953321364452424 -0.0009765625 -0.0017953321364452424 -0.0009765625 -0.0017953321364452424 -0.0009765625 -0.0017953321364452424 -0.0009765625 -0.0017953321364452424
0  0.81005859375 0.26840215439856374 0.0478515625 0.10951526032315978 0.7928115234375 0.23510771992818674 0.81118359375 0.2357971274685817 0.796935546875 0.25992280071813284 0.7954365234375 0.28197845601436267 0.80893359375 0.28197845601436267
0  0.96044921875 0.2989228007181329 0.0419921875 0.09515260323159784 0.946228515625 0.27789228007181327 0.9625771484375 0.27488689407540395 0.9468818359375 0.2983303411131059 0.947208984375 0.3193680430879713 0.9586533203125 0.3157612208258528
