0  0.1640625 0.9032738095238095 0.0546875 0.06101190476190476 0.1530458984375 0.889531994047619 0.182125 0.8906778273809524 0.167083984375 0.9017559523809524 0.157056640625 0.9147433035714285 0.176609375 0.9147433035714285
0  0.12109375 0.7872023809523809 0.06640625 0.0625 0.10919140625 0.770624255952381 0.13980078125 0.7714144345238095 0.12319921875 0.7872254464285714 0.1117861328125 0.8010602678571429 0.1315 0.8006651785714286
0  0.1220703125 0.7101934523809523 0.064453125 0.057291666666666664 0.1013359375 0.6994181547619048 0.1328818359375 0.7026465773809524 0.1112236328125 0.71484375 0.102748046875 0.7216599702380952 0.1248779296875 0.7248883928571429
0  0.07421875 0.6153273809523809 0.060546875 0.050595238095238096 0.076171875 0.6049107142857143 0.0966796875 0.6056547619047619 0.1005859375 0.6138392857142857 0.08203125 0.6257440476190477 0.099609375 0.6302083333333334
0  0.33203125 0.8121279761904762 0.05859375 0.058779761904761904 0.31396484375 0.8031994047619048 0.34521484375 0.8046875 0.32373046875 0.8136160714285714 0.3154296875 0.8255208333333334 0.3388671875 0.8258928571428571
0  0.484375 0.8433779761904762 0.07421875 0.06919642857142858 0.4798583984375 0.8280982142857143 0.5092080078125 0.8368675595238095 0.497123046875 0.8421287202380952 0.4746787109375 0.8544055059523809 0.4959716796875 0.8601056547619047
0  0.6796875 0.8668154761904762 0.056640625 0.06101190476190476 0.6546328125 0.854983630952381 0.6731826171875 0.8530736607142857 0.6516240234375 0.8641517857142857 0.65613671875 0.8801949404761904 0.6716787109375 0.8775208333333333
0  0.927734375 0.8991815476190477 0.064453125 0.05133928571428571 0.914001953125 0.8877418154761905 0.944763671875 0.8887187500000001 0.931091796875 0.9007626488095238 0.9169921875 0.9105282738095238 0.939208984375 0.9111793154761905
0  0.83984375 0.7924107142857143 0.064453125 0.05505952380952381 0.830658203125 0.7808779761904762 0.860412109375 0.7822730654761905 0.8462216796875 0.7895974702380952 0.8338623046875 0.8028504464285714 0.85400390625 0.8038973214285715
0  0.568359375 0.7492559523809523 0.0703125 0.0625 0.5654296875 0.7410714285714286 0.5908203125 0.7395833333333334 0.583984375 0.7566964285714286 0.5634765625 0.765625 0.58984375 0.7663690476190477
0  0.72998046875 0.6681547619047619 0.0732421875 0.0625 0.708740234375 0.6610632440476191 0.7357177734375 0.6531577380952381 0.7206728515625 0.6665967261904762 0.72119140625 0.6828035714285714 0.74090625 0.6776644345238095
0  0.005859375 0.9494047619047619 0.01171875 0.049107142857142856 -0.0009765625 -0.000744047619047619 -0.0009765625 -0.000744047619047619 -0.0009765625 -0.000744047619047619 -0.0009765625 -0.000744047619047619 -0.0009765625 -0.000744047619047619
0  0.36767578125 0.7596726190476191 0.0673828125 0.05654761904761905 0.3634560546875 0.7493489583333334 0.3919111328125 0.7472165178571428 0.3835146484375 0.7536138392857142 0.3746513671875 0.7692522321428571 0.390978515625 0.7685416666666667
0  0.49951171875 0.7470238095238095 0.0654296875 0.06101190476190476 0.489498046875 0.7462700892857143 0.5135625 0.7344278273809524 0.50604296875 0.7523816964285714 0.50905078125 0.7642232142857143 0.52358984375 0.7573474702380952
0  0.94580078125 0.6953125 0.0556640625 0.057291666666666664 0.9486083984375 0.6841785714285714 0.9674423828125 0.6838199404761904 0.97262109375 0.6927879464285714 0.9575546875 0.7089315476190476 0.973091796875 0.7071376488095238
0  0.25 0.5907738095238095 0.064453125 0.0625 0.240173828125 0.5813102678571428 0.267150390625 0.5813102678571428 0.256775390625 0.5927738095238095 0.2463984375 0.6077938988095238 0.264556640625 0.6058177083333334
0  0.4892578125 0.5777529761904762 0.064453125 0.060267857142857144 0.4723681640625 0.5660208333333333 0.50566796875 0.565642113095238 0.492248046875 0.5785171130952381 0.4788291015625 0.5910126488095239 0.49920703125 0.5902559523809524
0  0.67529296875 0.49776785714285715 0.0654296875 0.05505952380952381 0.664734375 0.49111755952380953 0.688080078125 0.49007142857142855 0.67205859375 0.5005349702380952 0.6642763671875 0.5106488095238095 0.6825869140625 0.5103005952380952
0  0.9111328125 0.5186011904761905 0.0546875 0.052083333333333336 0.9033076171875 0.5077061011904762 0.933087890625 0.5093504464285714 0.9210029296875 0.5185580357142857 0.907623046875 0.5294099702380952 0.9253193359375 0.5297388392857143
0  0.46826171875 0.5074404761904762 0.0595703125 0.03869047619047619 -0.0009765625 -0.000744047619047619 -0.0009765625 -0.000744047619047619 -0.0009765625 -0.000744047619047619 -0.0009765625 -0.000744047619047619 -0.0009765625 -0.000744047619047619
0  0.306640625 0.47098214285714285 0.05859375 0.049107142857142856 0.296421875 0.4604159226190476 0.3203427734375 0.45979836309523814 0.308990234375 0.46690327380952384 0.2968271484375 0.4808043154761905 0.31791015625 0.48049553571428566
0  0.25244140625 0.3861607142857143 0.0458984375 0.06398809523809523 0.2614482421875 0.3733288690476191 0.2603935546875 0.3733288690476191 0.27621875 0.3845825892857143 0.2556455078125 0.39945386904761904 0.2551181640625 0.3998556547619047
0  0.1337890625 0.31287202380952384 0.0625 0.057291666666666664 0.120587890625 0.2988683035714286 0.1497802734375 0.2995855654761905 0.138951171875 0.3085535714285714 0.1300048828125 0.32146874999999997 0.1431884765625 0.32182738095238095
0  0.70654296875 0.3679315476190476 0.0693359375 0.05580357142857143 0.68941796875 0.35453199404761904 0.7194560546875 0.353828125 0.705130859375 0.36439062499999997 0.69542578125 0.3770662202380952 0.71668359375 0.37636160714285716
0  0.8232421875 0.3013392857142857 0.064453125 0.05505952380952381 0.8122255859375 0.2905044642857143 0.8401484375 0.29015550595238093 0.8282470703125 0.30166517857142855 0.813140625 0.31456919642857145 0.8406064453125 0.31282589285714285
0  0.98779296875 0.050967261904761904 0.0244140625 0.046875 0.9860400390625 0.04162648809523809 1.0131142578125 0.04102901785714286 1.0017353515625 0.050595238095238096 0.991533203125 0.06345014880952381 1.009974609375 0.06345014880952381
0  0.83154296875 0.05505952380952381 0.0517578125 0.047619047619047616 0.818359375 0.04389880952380952 0.8525390625 0.046875 0.8388671875 0.052083333333333336 0.82421875 0.06101190476190476 0.84375 0.06398809523809523
0  0.91259765625 0.1558779761904762 0.0537109375 0.05133928571428571 0.900146484375 0.14378720238095238 0.9313359375 0.14476339285714288 0.9189453125 0.15583184523809523 0.908263671875 0.16755059523809523 0.925353515625 0.16722470238095238
0  0.8251953125 0.22061011904761904 0.060546875 0.046875 0.8050888671875 0.21366145833333333 0.83176953125 0.20977529761904762 0.81764453125 0.21844419642857144 0.8125439453125 0.23309300595238094 0.8305927734375 0.23040252976190476
0  0.58935546875 0.25595238095238093 0.0556640625 0.050595238095238096 0.5771484375 0.24553571428571427 0.6044921875 0.2425595238095238 0.5927734375 0.2537202380952381 0.580078125 0.2663690476190476 0.6044921875 0.265625
0  0.61328125 0.1949404761904762 0.064453125 0.05803571428571429 0.6006953125 0.18498214285714287 0.6340859375 0.18608854166666666 0.619083984375 0.19714955357142858 0.60408203125 0.20894791666666668 0.6263427734375 0.21226636904761906
0  0.6357421875 0.07142857142857142 0.05078125 0.047619047619047616 0.6146240234375 0.06259300595238096 0.635650390625 0.05987276785714285 0.616607421875 0.07287053571428571 0.6205751953125 0.08405431547619047 0.63525390625 0.08103125
0  0.40576171875 0.2700892857142857 0.0537109375 0.05803571428571429 0.420275390625 0.2579188988095238 0.4217265625 0.2575498511904762 0.4338251953125 0.27340401785714286 0.4144677734375 0.2807782738095238 0.419791015625 0.2822529761904762
0  0.42626953125 0.21763392857142858 0.0615234375 0.057291666666666664 0.4150390625 0.20684523809523808 0.4404296875 0.20386904761904762 0.431640625 0.21279761904761904 0.4228515625 0.23288690476190477 0.4404296875 0.22991071428571427
0  0.45166015625 0.06733630952380952 0.0517578125 0.05133928571428571 0.437072265625 0.05850074404761905 0.466125 0.06240699404761905 0.44775390625 0.06956845238095238 0.4375 0.07835714285714286 0.4567265625 0.08128720238095238
0  0.39013671875 0.08035714285714286 0.0419921875 0.047619047619047616 0.401947265625 0.06638318452380952 0.399962890625 0.06789434523809523 0.4102783203125 0.079078125 0.40313671875 0.08844866071428571 0.40155078125 0.08995982142857144
0  0.39794921875 0.1558779761904762 0.0576171875 0.05431547619047619 0.387939453125 0.14514211309523808 0.4124228515625 0.144796875 0.4019951171875 0.15757886904761906 0.3892998046875 0.17001488095238096 0.40426171875 0.17139657738095238
0  0.10546875 0.07068452380952381 0.0546875 0.049107142857142856 0.087951171875 0.06228050595238095 0.117955078125 0.060118303571428576 0.103763671875 0.0703125 0.0988984375 0.08112425595238096 0.1134951171875 0.08050669642857142
0  0.14404296875 0.15029761904761904 0.0595703125 0.05654761904761905 0.12947265625 0.14110863095238096 0.15712890625 0.13959821428571428 0.1434765625 0.15184523809523812 0.134072265625 0.16401041666666666 0.155625 0.1628125
0  0.19482421875 0.19270833333333334 0.0673828125 0.05505952380952381 0.1796875 0.18291964285714285 0.2121884765625 0.18291964285714285 0.1975400390625 0.19477752976190477 0.1865537109375 0.20489211309523808 0.2071533203125 0.20593824404761904
