0  0.0966796875 0.3404947916666667 0.09375 0.12109375 0.0744921875 0.31076822916666663 0.118017578125 0.3025 0.099775390625 0.34013020833333335 0.08333984375 0.3675 0.121025390625 0.36039062499999996
0  0.32421875 0.361328125 0.099609375 0.15494791666666666 0.297802734375 0.33889322916666664 0.345810546875 0.33334635416666664 0.323544921875 0.37592447916666666 0.302763671875 0.394296875 0.3483203125 0.38968749999999996
0  0.46728515625 0.5403645833333334 0.0908203125 0.13020833333333334 0.444052734375 0.5159453125 0.4864677734375 0.5126666666666667 0.466796875 0.56512109375 0.4538876953125 0.57495703125 0.4883115234375 0.5683997395833333
0  0.5732421875 0.5944010416666666 0.1015625 0.13411458333333334 0.5419921875 0.5612786458333333 0.5862119140625 0.5570065104166667 0.5592958984375 0.5928958333333333 0.547119140625 0.6193854166666667 0.587494140625 0.6125494791666667
0  0.68701171875 0.5833333333333334 0.1240234375 0.15885416666666666 0.648498046875 0.5681966145833334 0.698939453125 0.5392252604166666 0.6834189453125 0.5992369791666666 0.6702265625 0.6271744791666667 0.72066796875 0.6002721354166667
0  0.869140625 0.5358072916666666 0.146484375 0.19401041666666666 0.8355361328125 0.5008138020833334 0.9026884765625 0.4799635416666667 0.8833701171875 0.54496875 0.85761328125 0.5829908854166667 0.9137265625 0.5658190104166666
0  0.64501953125 0.3763020833333333 0.0712890625 0.109375 0.625166015625 0.35865885416666665 0.661044921875 0.354921875 0.64376953125 0.3790494791666667 0.630849609375 0.4034244791666666 0.660185546875 0.400078125
0  0.544921875 0.4518229166666667 0.072265625 0.09895833333333333 0.5318388671875 0.435 0.567291015625 0.43748828125 0.559361328125 0.4524153645833333 0.547232421875 0.4779166666666667 0.5686904296875 0.47480729166666663
0  0.47021484375 0.3385416666666667 0.0537109375 0.08072916666666667 0.456451171875 0.32625911458333334 0.4803466796875 0.32423567708333334 0.467830078125 0.33991406249999995 0.45834765625 0.35457942708333334 0.4788291015625 0.35457942708333334
0  0.59716796875 0.416015625 0.0537109375 0.08203125 -0.0009765625 -0.0013020833333333333 -0.0009765625 -0.0013020833333333333 -0.0009765625 -0.0013020833333333333 -0.0009765625 -0.0013020833333333333 -0.0009765625 -0.0013020833333333333
0  0.73046875 0.412109375 0.029296875 0.037760416666666664 0.7262314453125 0.4032096354166667 0.739916015625 0.40270963541666666 0.7348544921875 0.4127083333333333 0.72904296875 0.42170703125 0.740478515625 0.4219557291666667
0  0.79052734375 0.3951822916666667 0.0751953125 0.10546875 -0.0009765625 -0.0013020833333333333 -0.0009765625 -0.0013020833333333333 -0.0009765625 -0.0013020833333333333 -0.0009765625 -0.0013020833333333333 -0.0009765625 -0.0013020833333333333
0  0.58251953125 0.3567708333333333 0.0419921875 0.059895833333333336 -0.0009765625 -0.0013020833333333333 -0.0009765625 -0.0013020833333333333 -0.0009765625 -0.0013020833333333333 -0.0009765625 -0.0013020833333333333 -0.0009765625 -0.0013020833333333333
0  0.38525390625 0.427734375 0.0654296875 0.08984375 0.369384765625 0.4219557291666667 0.3975830078125 0.4139817708333333 0.38262890625 0.4219557291666667 0.374939453125 0.4498697916666667 0.39971875 0.44702083333333337
0  0.982421875 0.4674479166666667 0.03515625 0.11197916666666667 -0.0009765625 -0.0013020833333333333 -0.0009765625 -0.0013020833333333333 -0.0009765625 -0.0013020833333333333 -0.0009765625 -0.0013020833333333333 -0.0009765625 -0.0013020833333333333
0  0.04345703125 0.388671875 0.0654296875 0.11328125 0.0279453125 0.3773828125 0.059326171875 0.3717096354166667 0.046029296875 0.3993671875 0.0306044921875 0.4213515625 0.062517578125 0.41284114583333337
0  0.71923828125 0.4055989583333333 0.0322265625 0.048177083333333336 0.7263486328125 0.40344270833333334 0.73951953125 0.40313411458333337 0.7348984375 0.4142252604166667 0.7291220703125 0.42161979166666663 0.7399814453125 0.42131119791666666
