0  0.00341796875 0.5710102489019033 0.0068359375 0.020497803806734993 -0.0009765625 -0.0014641288433382138 -0.0009765625 -0.0014641288433382138 -0.0009765625 -0.0014641288433382138 -0.0009765625 -0.0014641288433382138 -0.0009765625 -0.0014641288433382138
0  0.095703125 0.6339677891654466 0.013671875 0.02342606149341142 0.092005859375 0.6285812591508053 0.0970283203125 0.6285812591508053 0.093994140625 0.63501317715959 0.0926337890625 0.6398770131771596 0.09671484375 0.6398770131771596
0  0.23388671875 0.4751098096632504 0.0126953125 0.01903367496339678 0.2311533203125 0.4711625183016105 0.2370341796875 0.47066471449487557 0.2335556640625 0.47575695461200584 0.2323955078125 0.480103953147877 0.2367861328125 0.48060029282576866
0  0.25341796875 0.4992679355783309 0.0087890625 0.017569546120058566 -0.0009765625 -0.0014641288433382138 -0.0009765625 -0.0014641288433382138 -0.0009765625 -0.0014641288433382138 -0.0009765625 -0.0014641288433382138 -0.0009765625 -0.0014641288433382138
0  0.3017578125 0.4685212298682284 0.009765625 0.017569546120058566 -0.0009765625 -0.0014641288433382138 -0.0009765625 -0.0014641288433382138 -0.0009765625 -0.0014641288433382138 -0.0009765625 -0.0014641288433382138 -0.0009765625 -0.0014641288433382138
0  0.29296875 0.4773060029282577 0.009765625 0.017569546120058566 -0.0009765625 -0.0014641288433382138 -0.0009765625 -0.0014641288433382138 -0.0009765625 -0.0014641288433382138 -0.0009765625 -0.0014641288433382138 -0.0009765625 -0.0014641288433382138
0  0.28466796875 0.48755490483162517 0.0068359375 0.020497803806734993 -0.0009765625 -0.0014641288433382138 -0.0009765625 -0.0014641288433382138 -0.0009765625 -0.0014641288433382138 -0.0009765625 -0.0014641288433382138 -0.0009765625 -0.0014641288433382138
0  0.18212890625 0.5578330893118595 0.0107421875 0.017569546120058566 0.1814052734375 0.5549575402635432 0.1861923828125 0.5566046852122987 0.1832099609375 0.5595461200585652 0.180306640625 0.5629575402635432 0.1836806640625 0.5644875549048316
0  0.14501953125 0.5878477306002928 0.0107421875 0.027818448023426062 -0.0009765625 -0.0014641288433382138 -0.0009765625 -0.0014641288433382138 -0.0009765625 -0.0014641288433382138 -0.0009765625 -0.0014641288433382138 -0.0009765625 -0.0014641288433382138
0  0.22705078125 0.5893118594436311 0.0126953125 0.024890190336749635 0.221888671875 0.5877950219619327 0.2278525390625 0.5849721815519766 0.224818359375 0.5904626647144948 0.2247138671875 0.5973645680819912 0.228271484375 0.5954816983894583
0  0.26123046875 0.582723279648609 0.0126953125 0.02635431918008785 0.2578994140625 0.5802269399707174 0.2629609375 0.5816383601756955 0.2590771484375 0.5848155197657393 0.2573115234375 0.5888740849194729 0.2608427734375 0.5904626647144948
0  0.29931640625 0.5344070278184481 0.0087890625 0.020497803806734993 -0.0009765625 -0.0014641288433382138 -0.0009765625 -0.0014641288433382138 -0.0009765625 -0.0014641288433382138 -0.0009765625 -0.0014641288433382138 -0.0009765625 -0.0014641288433382138
0  0.32861328125 0.5366032210834554 0.0126953125 0.024890190336749635 0.32632421875 0.5336691068814056 0.3298125 0.5341581259150805 0.3255615234375 0.5384070278184481 0.325779296875 0.5424919472913616 0.3288310546875 0.5428199121522693
0  0.32421875 0.5746705710102489 0.01171875 0.024890190336749635 0.319876953125 0.5725783308931186 0.3246376953125 0.5725783308931186 0.321236328125 0.5776778916544656 0.320669921875 0.582095168374817 0.3247509765625 0.5822664714494875
0  0.28515625 0.5871156661786238 0.009765625 0.020497803806734993 -0.0009765625 -0.0014641288433382138 -0.0009765625 -0.0014641288433382138 -0.0009765625 -0.0014641288433382138 -0.0009765625 -0.0014641288433382138 -0.0009765625 -0.0014641288433382138
0  0.1806640625 0.5885797950219619 0.009765625 0.02635431918008785 0.178375 0.5822913616398243 0.1788115234375 0.5822913616398243 0.1769580078125 0.5894816983894583 0.1806640625 0.5940571010248902 0.181099609375 0.5938931185944364
0  0.16357421875 0.6354319180087847 0.0146484375 0.02342606149341142 -0.0009765625 -0.0014641288433382138 -0.0009765625 -0.0014641288433382138 -0.0009765625 -0.0014641288433382138 -0.0009765625 -0.0014641288433382138 -0.0009765625 -0.0014641288433382138
0  0.24853515625 0.6405563689604685 0.0146484375 0.024890190336749635 -0.0009765625 -0.0014641288433382138 -0.0009765625 -0.0014641288433382138 -0.0009765625 -0.0014641288433382138 -0.0009765625 -0.0014641288433382138 -0.0009765625 -0.0014641288433382138
0  0.2939453125 0.6200585651537335 0.015625 0.03074670571010249 -0.0009765625 -0.0014641288433382138 -0.0009765625 -0.0014641288433382138 -0.0009765625 -0.0014641288433382138 -0.0009765625 -0.0014641288433382138 -0.0009765625 -0.0014641288433382138
0  0.3330078125 0.6332357247437774 0.01171875 0.03367496339677892 -0.0009765625 -0.0014641288433382138 -0.0009765625 -0.0014641288433382138 -0.0009765625 -0.0014641288433382138 -0.0009765625 -0.0014641288433382138 -0.0009765625 -0.0014641288433382138
0  0.2158203125 0.513177159590044 0.013671875 0.027818448023426062 -0.0009765625 -0.0014641288433382138 -0.0009765625 -0.0014641288433382138 -0.0009765625 -0.0014641288433382138 -0.0009765625 -0.0014641288433382138 -0.0009765625 -0.0014641288433382138
0  0.2265625 0.6281112737920937 0.01171875 0.02342606149341142 -0.0009765625 -0.0014641288433382138 -0.0009765625 -0.0014641288433382138 -0.0009765625 -0.0014641288433382138 -0.0009765625 -0.0014641288433382138 -0.0009765625 -0.0014641288433382138
0  0.05517578125 0.7218155197657394 0.0166015625 0.032210834553440704 0.0533056640625 0.7165534407027818 0.0604990234375 0.7169853587115667 0.057189453125 0.7245344070278185 0.053880859375 0.7303587115666178 0.059060546875 0.7307891654465594
0  0.06201171875 0.7642752562225475 0.0224609375 0.03806734992679356 0.0626748046875 0.766537335285505 0.0689697265625 0.7692693997071741 0.06283984375 0.7757262079062958 0.0567099609375 0.776471449487555 0.060189453125 0.779203513909224
0  0.02783203125 0.8235724743777453 0.0263671875 0.04538799414348463 0.022740234375 0.8127745241581259 0.0346328125 0.8139253294289897 0.0240830078125 0.8208272327964861 0.0196708984375 0.832619326500732 0.02926171875 0.8340571010248901
0  0.181640625 0.7349926793557833 0.01953125 0.032210834553440704 -0.0009765625 -0.0014641288433382138 -0.0009765625 -0.0014641288433382138 -0.0009765625 -0.0014641288433382138 -0.0009765625 -0.0014641288433382138 -0.0009765625 -0.0014641288433382138
0  0.26123046875 0.7474377745241582 0.0185546875 0.036603221083455345 0.2581572265625 0.7445358711566618 0.2671904296875 0.7464699853587116 0.2615439453125 0.7532415812591509 0.2573505859375 0.7588038067349927 0.2628349609375 0.7592884333821377
0  0.29150390625 0.7576866764275256 0.0205078125 0.0424597364568082 0.28857421875 0.753385065885798 0.29864453125 0.7542093704245973 0.293884765625 0.7596998535871157 0.289490234375 0.7676603221083456 0.2962646484375 0.7690336749633968
0  0.12158203125 0.7591508052708639 0.0166015625 0.03367496339677892 -0.0009765625 -0.0014641288433382138 -0.0009765625 -0.0014641288433382138 -0.0009765625 -0.0014641288433382138 -0.0009765625 -0.0014641288433382138 -0.0009765625 -0.0014641288433382138
0  0.1318359375 0.7554904831625183 0.013671875 0.02635431918008785 -0.0009765625 -0.0014641288433382138 -0.0009765625 -0.0014641288433382138 -0.0009765625 -0.0014641288433382138 -0.0009765625 -0.0014641288433382138 -0.0009765625 -0.0014641288433382138
0  0.423828125 0.3103953147877013 0.005859375 0.01171303074670571 -0.0009765625 -0.0014641288433382138 -0.0009765625 -0.0014641288433382138 -0.0009765625 -0.0014641288433382138 -0.0009765625 -0.0014641288433382138 -0.0009765625 -0.0014641288433382138
0  0.46484375 0.29209370424597364 0.0078125 0.016105417276720352 -0.0009765625 -0.0014641288433382138 -0.0009765625 -0.0014641288433382138 -0.0009765625 -0.0014641288433382138 -0.0009765625 -0.0014641288433382138 -0.0009765625 -0.0014641288433382138
0  0.43115234375 0.35505124450951686 0.0087890625 0.016105417276720352 -0.0009765625 -0.0014641288433382138 -0.0009765625 -0.0014641288433382138 -0.0009765625 -0.0014641288433382138 -0.0009765625 -0.0014641288433382138 -0.0009765625 -0.0014641288433382138
0  0.45947265625 0.37701317715959004 0.0087890625 0.016105417276720352 -0.0009765625 -0.0014641288433382138 -0.0009765625 -0.0014641288433382138 -0.0009765625 -0.0014641288433382138 -0.0009765625 -0.0014641288433382138 -0.0009765625 -0.0014641288433382138
0  0.5458984375 0.35651537335285505 0.005859375 0.013177159590043924 -0.0009765625 -0.0014641288433382138 -0.0009765625 -0.0014641288433382138 -0.0009765625 -0.0014641288433382138 -0.0009765625 -0.0014641288433382138 -0.0009765625 -0.0014641288433382138
0  0.529296875 0.3623718887262079 0.005859375 0.016105417276720352 -0.0009765625 -0.0014641288433382138 -0.0009765625 -0.0014641288433382138 -0.0009765625 -0.0014641288433382138 -0.0009765625 -0.0014641288433382138 -0.0009765625 -0.0014641288433382138
0  0.51904296875 0.349194729136164 0.0068359375 0.013177159590043924 -0.0009765625 -0.0014641288433382138 -0.0009765625 -0.0014641288433382138 -0.0009765625 -0.0014641288433382138 -0.0009765625 -0.0014641288433382138 -0.0009765625 -0.0014641288433382138
0  0.50244140625 0.35505124450951686 0.0068359375 0.013177159590043924 -0.0009765625 -0.0014641288433382138 -0.0009765625 -0.0014641288433382138 -0.0009765625 -0.0014641288433382138 -0.0009765625 -0.0014641288433382138 -0.0009765625 -0.0014641288433382138
0  0.50390625 0.37701317715959004 0.0078125 0.013177159590043924 -0.0009765625 -0.0014641288433382138 -0.0009765625 -0.0014641288433382138 -0.0009765625 -0.0014641288433382138 -0.0009765625 -0.0014641288433382138 -0.0009765625 -0.0014641288433382138
0  0.494140625 0.37481698389458273 0.005859375 0.014641288433382138 -0.0009765625 -0.0014641288433382138 -0.0009765625 -0.0014641288433382138 -0.0009765625 -0.0014641288433382138 -0.0009765625 -0.0014641288433382138 -0.0009765625 -0.0014641288433382138
0  0.4970703125 0.43191800878477304 0.0078125 0.014641288433382138 -0.0009765625 -0.0014641288433382138 -0.0009765625 -0.0014641288433382138 -0.0009765625 -0.0014641288433382138 -0.0009765625 -0.0014641288433382138 -0.0009765625 -0.0014641288433382138
0  0.4853515625 0.4136163982430454 0.009765625 0.016105417276720352 0.4818984375 0.41026354319180086 0.486197265625 0.4099297218155198 0.4828623046875 0.41437481698389456 0.48197265625 0.41692972181551974 0.48456640625 0.41748609077598825
0  0.47607421875 0.3916544655929722 0.0087890625 0.016105417276720352 -0.0009765625 -0.0014641288433382138 -0.0009765625 -0.0014641288433382138 -0.0009765625 -0.0014641288433382138 -0.0009765625 -0.0014641288433382138 -0.0009765625 -0.0014641288433382138
0  0.46435546875 0.4143484626647145 0.0087890625 0.014641288433382138 -0.0009765625 -0.0014641288433382138 -0.0009765625 -0.0014641288433382138 -0.0009765625 -0.0014641288433382138 -0.0009765625 -0.0014641288433382138 -0.0009765625 -0.0014641288433382138
0  0.44091796875 0.40263543191800877 0.0087890625 0.014641288433382138 -0.0009765625 -0.0014641288433382138 -0.0009765625 -0.0014641288433382138 -0.0009765625 -0.0014641288433382138 -0.0009765625 -0.0014641288433382138 -0.0009765625 -0.0014641288433382138
0  0.44580078125 0.42020497803806733 0.0087890625 0.014641288433382138 -0.0009765625 -0.0014641288433382138 -0.0009765625 -0.0014641288433382138 -0.0009765625 -0.0014641288433382138 -0.0009765625 -0.0014641288433382138 -0.0009765625 -0.0014641288433382138
0  0.45263671875 0.4428989751098097 0.0087890625 0.016105417276720352 -0.0009765625 -0.0014641288433382138 -0.0009765625 -0.0014641288433382138 -0.0009765625 -0.0014641288433382138 -0.0009765625 -0.0014641288433382138 -0.0009765625 -0.0014641288433382138
0  0.47900390625 0.4582723279648609 0.0107421875 0.020497803806734993 -0.0009765625 -0.0014641288433382138 -0.0009765625 -0.0014641288433382138 -0.0009765625 -0.0014641288433382138 -0.0009765625 -0.0014641288433382138 -0.0009765625 -0.0014641288433382138
0  0.42041015625 0.42020497803806733 0.0087890625 0.020497803806734993 0.41673046875 0.4188975109809664 0.4205673828125 0.41876720351390917 0.4180380859375 0.4230805270863836 0.41673046875 0.42530307467057105 0.4210029296875 0.42543338213762816
0  0.40869140625 0.4494875549048316 0.0126953125 0.020497803806734993 -0.0009765625 -0.0014641288433382138 -0.0009765625 -0.0014641288433382138 -0.0009765625 -0.0014641288433382138 -0.0009765625 -0.0014641288433382138 -0.0009765625 -0.0014641288433382138
0  0.43408203125 0.4480234260614934 0.0126953125 0.020497803806734993 -0.0009765625 -0.0014641288433382138 -0.0009765625 -0.0014641288433382138 -0.0009765625 -0.0014641288433382138 -0.0009765625 -0.0014641288433382138 -0.0009765625 -0.0014641288433382138
0  0.3740234375 0.4685212298682284 0.01171875 0.020497803806734993 -0.0009765625 -0.0014641288433382138 -0.0009765625 -0.0014641288433382138 -0.0009765625 -0.0014641288433382138 -0.0009765625 -0.0014641288433382138 -0.0009765625 -0.0014641288433382138
0  0.39794921875 0.4751098096632504 0.0107421875 0.021961932650073207 -0.0009765625 -0.0014641288433382138 -0.0009765625 -0.0014641288433382138 -0.0009765625 -0.0014641288433382138 -0.0009765625 -0.0014641288433382138 -0.0009765625 -0.0014641288433382138
0  0.3857421875 0.5439238653001464 0.01171875 0.021961932650073207 -0.0009765625 -0.0014641288433382138 -0.0009765625 -0.0014641288433382138 -0.0009765625 -0.0014641288433382138 -0.0009765625 -0.0014641288433382138 -0.0009765625 -0.0014641288433382138
0  0.419921875 0.49267935578330896 0.01171875 0.024890190336749635 -0.0009765625 -0.0014641288433382138 -0.0009765625 -0.0014641288433382138 -0.0009765625 -0.0014641288433382138 -0.0009765625 -0.0014641288433382138 -0.0009765625 -0.0014641288433382138
0  0.4228515625 0.4670571010248902 0.01171875 0.02342606149341142 -0.0009765625 -0.0014641288433382138 -0.0009765625 -0.0014641288433382138 -0.0009765625 -0.0014641288433382138 -0.0009765625 -0.0014641288433382138 -0.0009765625 -0.0014641288433382138
0  0.44384765625 0.49633967789165445 0.0087890625 0.017569546120058566 -0.0009765625 -0.0014641288433382138 -0.0009765625 -0.0014641288433382138 -0.0009765625 -0.0014641288433382138 -0.0009765625 -0.0014641288433382138 -0.0009765625 -0.0014641288433382138
0  0.47119140625 0.493411420204978 0.0107421875 0.02342606149341142 0.468505859375 0.49137188872620796 0.4722724609375 0.49137188872620796 0.4695517578125 0.49513762811127376 0.469029296875 0.5014114202049781 0.4717490234375 0.5014114202049781
0  0.4521484375 0.5380673499267935 0.015625 0.024890190336749635 -0.0009765625 -0.0014641288433382138 -0.0009765625 -0.0014641288433382138 -0.0009765625 -0.0014641288433382138 -0.0009765625 -0.0014641288433382138 -0.0009765625 -0.0014641288433382138
0  0.4208984375 0.5329428989751098 0.009765625 0.02635431918008785 -0.0009765625 -0.0014641288433382138 -0.0009765625 -0.0014641288433382138 -0.0009765625 -0.0014641288433382138 -0.0009765625 -0.0014641288433382138 -0.0009765625 -0.0014641288433382138
0  0.4248046875 0.5797950219619327 0.013671875 0.029282576866764276 0.42026171875 0.5790102489019033 0.4264091796875 0.5805797950219619 0.4218310546875 0.5850893118594436 0.4194775390625 0.588619326500732 0.4240546875 0.58999121522694
0  0.45458984375 0.5871156661786238 0.0126953125 0.02635431918008785 0.4496025390625 0.5858213762811127 0.45515625 0.5856515373352855 0.451982421875 0.5890497803806736 0.4503955078125 0.5931288433382138 0.4535693359375 0.5931288433382138
0  0.4404296875 0.6354319180087847 0.013671875 0.032210834553440704 0.43588671875 0.6290263543191801 0.441158203125 0.6298374816983894 0.4362919921875 0.6351054172767203 0.435076171875 0.6403733528550513 0.4388603515625 0.6405754026354319
0  0.482421875 0.582723279648609 0.013671875 0.02635431918008785 0.478986328125 0.58000439238653 0.4842001953125 0.5798345534407028 0.48125390625 0.5854421669106882 0.4797802734375 0.5896910688140556 0.4835205078125 0.5895212298682284
0  0.53173828125 0.5973645680819912 0.0185546875 0.032210834553440704 0.529576171875 0.5911156661786238 0.5361982421875 0.591723279648609 0.530927734375 0.5957759882869693 0.5287646484375 0.6046910688140557 0.533900390625 0.6042869692532943
0  0.50341796875 0.657393850658858 0.0185546875 0.03513909224011713 0.49984765625 0.6518579795021961 0.50701953125 0.6513997071742313 0.5032041015625 0.6575768667642753 0.5004580078125 0.6653557833089312 0.5056455078125 0.6653557833089312
0  0.5390625 0.6588579795021962 0.017578125 0.040995607613469986 0.5366904296875 0.6533674963396779 0.5372138671875 0.6528448023426061 0.5323310546875 0.6627803806734992 0.53616796875 0.6698389458272328 0.536865234375 0.669316251830161
0  0.61572265625 0.6559297218155198 0.0185546875 0.03806734992679356 0.6118427734375 0.6496354319180088 0.6189404296875 0.6484260614934114 0.615068359375 0.6559238653001463 0.6136171875 0.6648711566617863 0.618294921875 0.6641464128843338
0  0.6455078125 0.6061493411420205 0.01171875 0.02635431918008785 -0.0009765625 -0.0014641288433382138 -0.0009765625 -0.0014641288433382138 -0.0009765625 -0.0014641288433382138 -0.0009765625 -0.0014641288433382138 -0.0009765625 -0.0014641288433382138
0  0.5634765625 0.2430453879941435 0.005859375 0.01171303074670571 -0.0009765625 -0.0014641288433382138 -0.0009765625 -0.0014641288433382138 -0.0009765625 -0.0014641288433382138 -0.0009765625 -0.0014641288433382138 -0.0009765625 -0.0014641288433382138
0  0.58544921875 0.22767203513909223 0.0068359375 0.013177159590043924 -0.0009765625 -0.0014641288433382138 -0.0009765625 -0.0014641288433382138 -0.0009765625 -0.0014641288433382138 -0.0009765625 -0.0014641288433382138 -0.0009765625 -0.0014641288433382138
0  0.6123046875 0.232796486090776 0.0078125 0.014641288433382138 -0.0009765625 -0.0014641288433382138 -0.0009765625 -0.0014641288433382138 -0.0009765625 -0.0014641288433382138 -0.0009765625 -0.0014641288433382138 -0.0009765625 -0.0014641288433382138
0  0.66162109375 0.24743777452415813 0.0068359375 0.01171303074670571 -0.0009765625 -0.0014641288433382138 -0.0009765625 -0.0014641288433382138 -0.0009765625 -0.0014641288433382138 -0.0009765625 -0.0014641288433382138 -0.0009765625 -0.0014641288433382138
0  0.56591796875 0.34773060029282576 0.0068359375 0.013177159590043924 -0.0009765625 -0.0014641288433382138 -0.0009765625 -0.0014641288433382138 -0.0009765625 -0.0014641288433382138 -0.0009765625 -0.0014641288433382138 -0.0009765625 -0.0014641288433382138
0  0.56396484375 0.37554904831625185 0.0087890625 0.016105417276720352 -0.0009765625 -0.0014641288433382138 -0.0009765625 -0.0014641288433382138 -0.0009765625 -0.0014641288433382138 -0.0009765625 -0.0014641288433382138 -0.0009765625 -0.0014641288433382138
0  0.59130859375 0.3462664714494876 0.0087890625 0.016105417276720352 -0.0009765625 -0.0014641288433382138 -0.0009765625 -0.0014641288433382138 -0.0009765625 -0.0014641288433382138 -0.0009765625 -0.0014641288433382138 -0.0009765625 -0.0014641288433382138
0  0.60595703125 0.33601756954612005 0.0068359375 0.013177159590043924 -0.0009765625 -0.0014641288433382138 -0.0009765625 -0.0014641288433382138 -0.0009765625 -0.0014641288433382138 -0.0009765625 -0.0014641288433382138 -0.0009765625 -0.0014641288433382138
0  0.6142578125 0.3294289897510981 0.005859375 0.008784773060029283 -0.0009765625 -0.0014641288433382138 -0.0009765625 -0.0014641288433382138 -0.0009765625 -0.0014641288433382138 -0.0009765625 -0.0014641288433382138 -0.0009765625 -0.0014641288433382138
0  0.62939453125 0.3140556368960469 0.0068359375 0.016105417276720352 -0.0009765625 -0.0014641288433382138 -0.0009765625 -0.0014641288433382138 -0.0009765625 -0.0014641288433382138 -0.0009765625 -0.0014641288433382138 -0.0009765625 -0.0014641288433382138
0  0.6240234375 0.34260614934114203 0.00390625 0.01171303074670571 -0.0009765625 -0.0014641288433382138 -0.0009765625 -0.0014641288433382138 -0.0009765625 -0.0014641288433382138 -0.0009765625 -0.0014641288433382138 -0.0009765625 -0.0014641288433382138
0  0.634765625 0.3404099560761347 0.0078125 0.016105417276720352 -0.0009765625 -0.0014641288433382138 -0.0009765625 -0.0014641288433382138 -0.0009765625 -0.0014641288433382138 -0.0009765625 -0.0014641288433382138 -0.0009765625 -0.0014641288433382138
0  0.705078125 0.5973645680819912 0.01953125 0.032210834553440704 0.6981728515625 0.5925534407027818 0.705287109375 0.5933909224011713 0.699009765625 0.5977833089311859 0.6992880859375 0.6065680819912153 0.7041708984375 0.6063587115666178
0  0.61962890625 0.33601756954612005 0.0048828125 0.010248901903367497 -0.0009765625 -0.0014641288433382138 -0.0009765625 -0.0014641288433382138 -0.0009765625 -0.0014641288433382138 -0.0009765625 -0.0014641288433382138 -0.0009765625 -0.0014641288433382138
0  0.65380859375 0.3191800878477306 0.0048828125 0.014641288433382138 -0.0009765625 -0.0014641288433382138 -0.0009765625 -0.0014641288433382138 -0.0009765625 -0.0014641288433382138 -0.0009765625 -0.0014641288433382138 -0.0009765625 -0.0014641288433382138
0  0.673828125 0.328696925329429 0.005859375 0.010248901903367497 -0.0009765625 -0.0014641288433382138 -0.0009765625 -0.0014641288433382138 -0.0009765625 -0.0014641288433382138 -0.0009765625 -0.0014641288433382138 -0.0009765625 -0.0014641288433382138
0  0.6826171875 0.33455344070278187 0.0078125 0.016105417276720352 -0.0009765625 -0.0014641288433382138 -0.0009765625 -0.0014641288433382138 -0.0009765625 -0.0014641288433382138 -0.0009765625 -0.0014641288433382138 -0.0009765625 -0.0014641288433382138
0  0.69140625 0.30234260614934116 0.005859375 0.010248901903367497 -0.0009765625 -0.0014641288433382138 -0.0009765625 -0.0014641288433382138 -0.0009765625 -0.0014641288433382138 -0.0009765625 -0.0014641288433382138 -0.0009765625 -0.0014641288433382138
0  0.6982421875 0.3184480234260615 0.005859375 0.010248901903367497 -0.0009765625 -0.0014641288433382138 -0.0009765625 -0.0014641288433382138 -0.0009765625 -0.0014641288433382138 -0.0009765625 -0.0014641288433382138 -0.0009765625 -0.0014641288433382138
0  0.70849609375 0.33455344070278187 0.0068359375 0.013177159590043924 -0.0009765625 -0.0014641288433382138 -0.0009765625 -0.0014641288433382138 -0.0009765625 -0.0014641288433382138 -0.0009765625 -0.0014641288433382138 -0.0009765625 -0.0014641288433382138
0  0.7021484375 0.3557833089311859 0.005859375 0.014641288433382138 -0.0009765625 -0.0014641288433382138 -0.0009765625 -0.0014641288433382138 -0.0009765625 -0.0014641288433382138 -0.0009765625 -0.0014641288433382138 -0.0009765625 -0.0014641288433382138
0  0.7197265625 0.3535871156661786 0.0078125 0.016105417276720352 -0.0009765625 -0.0014641288433382138 -0.0009765625 -0.0014641288433382138 -0.0009765625 -0.0014641288433382138 -0.0009765625 -0.0014641288433382138 -0.0009765625 -0.0014641288433382138
0  0.72607421875 0.33455344070278187 0.0087890625 0.013177159590043924 -0.0009765625 -0.0014641288433382138 -0.0009765625 -0.0014641288433382138 -0.0009765625 -0.0014641288433382138 -0.0009765625 -0.0014641288433382138 -0.0009765625 -0.0014641288433382138
0  0.72705078125 0.3096632503660322 0.0048828125 0.010248901903367497 -0.0009765625 -0.0014641288433382138 -0.0009765625 -0.0014641288433382138 -0.0009765625 -0.0014641288433382138 -0.0009765625 -0.0014641288433382138 -0.0009765625 -0.0014641288433382138
0  0.73779296875 0.2979502196193265 0.0068359375 0.013177159590043924 -0.0009765625 -0.0014641288433382138 -0.0009765625 -0.0014641288433382138 -0.0009765625 -0.0014641288433382138 -0.0009765625 -0.0014641288433382138 -0.0009765625 -0.0014641288433382138
0  0.71044921875 0.3513909224011713 0.0068359375 0.008784773060029283 -0.0009765625 -0.0014641288433382138 -0.0009765625 -0.0014641288433382138 -0.0009765625 -0.0014641288433382138 -0.0009765625 -0.0014641288433382138 -0.0009765625 -0.0014641288433382138
0  0.7490234375 0.31478770131771594 0.005859375 0.014641288433382138 -0.0009765625 -0.0014641288433382138 -0.0009765625 -0.0014641288433382138 -0.0009765625 -0.0014641288433382138 -0.0009765625 -0.0014641288433382138 -0.0009765625 -0.0014641288433382138
0  0.76611328125 0.3191800878477306 0.0087890625 0.014641288433382138 -0.0009765625 -0.0014641288433382138 -0.0009765625 -0.0014641288433382138 -0.0009765625 -0.0014641288433382138 -0.0009765625 -0.0014641288433382138 -0.0009765625 -0.0014641288433382138
0  0.57421875 0.4253294289897511 0.0078125 0.01903367496339678 -0.0009765625 -0.0014641288433382138 -0.0009765625 -0.0014641288433382138 -0.0009765625 -0.0014641288433382138 -0.0009765625 -0.0014641288433382138 -0.0009765625 -0.0014641288433382138
0  0.56787109375 0.4458272327964861 0.0107421875 0.01903367496339678 -0.0009765625 -0.0014641288433382138 -0.0009765625 -0.0014641288433382138 -0.0009765625 -0.0014641288433382138 -0.0009765625 -0.0014641288433382138 -0.0009765625 -0.0014641288433382138
0  0.556640625 0.4816983894582723 0.013671875 0.020497803806734993 -0.0009765625 -0.0014641288433382138 -0.0009765625 -0.0014641288433382138 -0.0009765625 -0.0014641288433382138 -0.0009765625 -0.0014641288433382138 -0.0009765625 -0.0014641288433382138
0  0.5703125 0.5395314787701317 0.013671875 0.03074670571010249 -0.0009765625 -0.0014641288433382138 -0.0009765625 -0.0014641288433382138 -0.0009765625 -0.0014641288433382138 -0.0009765625 -0.0014641288433382138 -0.0009765625 -0.0014641288433382138
0  0.6005859375 0.4970717423133236 0.013671875 0.024890190336749635 -0.0009765625 -0.0014641288433382138 -0.0009765625 -0.0014641288433382138 -0.0009765625 -0.0014641288433382138 -0.0009765625 -0.0014641288433382138 -0.0009765625 -0.0014641288433382138
0  0.60888671875 0.5439238653001464 0.0126953125 0.03367496339677892 -0.0009765625 -0.0014641288433382138 -0.0009765625 -0.0014641288433382138 -0.0009765625 -0.0014641288433382138 -0.0009765625 -0.0014641288433382138 -0.0009765625 -0.0014641288433382138
0  0.62255859375 0.48096632503660325 0.0126953125 0.024890190336749635 -0.0009765625 -0.0014641288433382138 -0.0009765625 -0.0014641288433382138 -0.0009765625 -0.0014641288433382138 -0.0009765625 -0.0014641288433382138 -0.0009765625 -0.0014641288433382138
0  0.65673828125 0.4216691068814056 0.0107421875 0.020497803806734993 -0.0009765625 -0.0014641288433382138 -0.0009765625 -0.0014641288433382138 -0.0009765625 -0.0014641288433382138 -0.0009765625 -0.0014641288433382138 -0.0009765625 -0.0014641288433382138
0  0.64599609375 0.44363103953147875 0.0146484375 0.02635431918008785 0.641619140625 0.4390424597364568 0.647966796875 0.4390424597364568 0.6441123046875 0.4453308931185944 0.642185546875 0.45127818448023427 0.6463798828125 0.4511083455344071
0  0.68505859375 0.4143484626647145 0.0107421875 0.020497803806734993 -0.0009765625 -0.0014641288433382138 -0.0009765625 -0.0014641288433382138 -0.0009765625 -0.0014641288433382138 -0.0009765625 -0.0014641288433382138 -0.0009765625 -0.0014641288433382138
0  0.6923828125 0.4377745241581259 0.013671875 0.02635431918008785 0.68802734375 0.4335124450951684 0.693794921875 0.4328067349926794 0.690734375 0.4377481698389459 0.6887333984375 0.44427818448023426 0.69403125 0.4441010248901904
0  0.77587890625 0.39970717423133234 0.0107421875 0.020497803806734993 -0.0009765625 -0.0014641288433382138 -0.0009765625 -0.0014641288433382138 -0.0009765625 -0.0014641288433382138 -0.0009765625 -0.0014641288433382138 -0.0009765625 -0.0014641288433382138
0  0.75439453125 0.4084919472913616 0.0126953125 0.020497803806734993 -0.0009765625 -0.0014641288433382138 -0.0009765625 -0.0014641288433382138 -0.0009765625 -0.0014641288433382138 -0.0009765625 -0.0014641288433382138 -0.0009765625 -0.0014641288433382138
0  0.76806640625 0.4333821376281113 0.0146484375 0.029282576866764276 0.76416015625 0.4291727672035139 0.7686767578125 0.43100292825768666 0.76416015625 0.4333821376281113 0.7635498046875 0.4396046852122987 0.76708984375 0.4407027818448023
0  0.72607421875 0.4341142020497804 0.0126953125 0.024890190336749635 -0.0009765625 -0.0014641288433382138 -0.0009765625 -0.0014641288433382138 -0.0009765625 -0.0014641288433382138 -0.0009765625 -0.0014641288433382138 -0.0009765625 -0.0014641288433382138
0  0.7421875 0.438506588579795 0.01171875 0.021961932650073207 -0.0009765625 -0.0014641288433382138 -0.0009765625 -0.0014641288433382138 -0.0009765625 -0.0014641288433382138 -0.0009765625 -0.0014641288433382138 -0.0009765625 -0.0014641288433382138
0  0.67822265625 0.4882869692532943 0.0146484375 0.027818448023426062 -0.0009765625 -0.0014641288433382138 -0.0009765625 -0.0014641288433382138 -0.0009765625 -0.0014641288433382138 -0.0009765625 -0.0014641288433382138 -0.0009765625 -0.0014641288433382138
0  0.65673828125 0.4765739385065886 0.0126953125 0.024890190336749635 0.65298046875 0.4724948755490483 0.6598466796875 0.4723323572474378 0.65505078125 0.4772342606149341 0.65178125 0.4813191800878477 0.657994140625 0.48148316251830164
0  0.6416015625 0.4992679355783309 0.009765625 0.02635431918008785 -0.0009765625 -0.0014641288433382138 -0.0009765625 -0.0014641288433382138 -0.0009765625 -0.0014641288433382138 -0.0009765625 -0.0014641288433382138 -0.0009765625 -0.0014641288433382138
0  0.65673828125 0.5483162518301611 0.0166015625 0.03367496339677892 0.6522216796875 0.5481464128843339 0.6589833984375 0.5483616398243045 0.6545234375 0.5533235724743778 0.653373046875 0.5584992679355784 0.6586953125 0.5578521229868229
0  0.75 0.48316251830161056 0.013671875 0.02635431918008785 0.746599609375 0.47897950219619323 0.7519267578125 0.47965885797950225 0.747052734375 0.48509663250366036 0.746826171875 0.490705710102489 0.75 0.4903660322108346
0  0.720703125 0.49633967789165445 0.01171875 0.029282576866764276 0.71691015625 0.49352269399707177 0.7185537109375 0.49371156661786236 0.7158984375 0.4984509516837482 0.717921875 0.5043265007320644 0.719185546875 0.5041376281112738
0  0.72998046875 0.5512445095168375 0.0146484375 0.03074670571010249 -0.0009765625 -0.0014641288433382138 -0.0009765625 -0.0014641288433382138 -0.0009765625 -0.0014641288433382138 -0.0009765625 -0.0014641288433382138 -0.0009765625 -0.0014641288433382138
0  0.69384765625 0.5519765739385066 0.0166015625 0.029282576866764276 -0.0009765625 -0.0014641288433382138 -0.0009765625 -0.0014641288433382138 -0.0009765625 -0.0014641288433382138 -0.0009765625 -0.0014641288433382138 -0.0009765625 -0.0014641288433382138
0  0.48388671875 0.5307467057101025 0.0126953125 0.024890190336749635 -0.0009765625 -0.0014641288433382138 -0.0009765625 -0.0014641288433382138 -0.0009765625 -0.0014641288433382138 -0.0009765625 -0.0014641288433382138 -0.0009765625 -0.0014641288433382138
0  0.705078125 0.2232796486090776 0.0078125 0.016105417276720352 -0.0009765625 -0.0014641288433382138 -0.0009765625 -0.0014641288433382138 -0.0009765625 -0.0014641288433382138 -0.0009765625 -0.0014641288433382138 -0.0009765625 -0.0014641288433382138
0  0.724609375 0.22913616398243045 0.0078125 0.016105417276720352 -0.0009765625 -0.0014641288433382138 -0.0009765625 -0.0014641288433382138 -0.0009765625 -0.0014641288433382138 -0.0009765625 -0.0014641288433382138 -0.0009765625 -0.0014641288433382138
0  0.744140625 0.21815519765739386 0.0078125 0.014641288433382138 -0.0009765625 -0.0014641288433382138 -0.0009765625 -0.0014641288433382138 -0.0009765625 -0.0014641288433382138 -0.0009765625 -0.0014641288433382138 -0.0009765625 -0.0014641288433382138
0  0.77490234375 0.22840409956076135 0.0068359375 0.01171303074670571 -0.0009765625 -0.0014641288433382138 -0.0009765625 -0.0014641288433382138 -0.0009765625 -0.0014641288433382138 -0.0009765625 -0.0014641288433382138 -0.0009765625 -0.0014641288433382138
0  0.73876953125 0.2540263543191801 0.0068359375 0.013177159590043924 -0.0009765625 -0.0014641288433382138 -0.0009765625 -0.0014641288433382138 -0.0009765625 -0.0014641288433382138 -0.0009765625 -0.0014641288433382138 -0.0009765625 -0.0014641288433382138
0  0.81591796875 0.20717423133235724 0.0087890625 0.013177159590043924 -0.0009765625 -0.0014641288433382138 -0.0009765625 -0.0014641288433382138 -0.0009765625 -0.0014641288433382138 -0.0009765625 -0.0014641288433382138 -0.0009765625 -0.0014641288433382138
0  0.80712890625 0.2635431918008785 0.0068359375 0.014641288433382138 -0.0009765625 -0.0014641288433382138 -0.0009765625 -0.0014641288433382138 -0.0009765625 -0.0014641288433382138 -0.0009765625 -0.0014641288433382138 -0.0009765625 -0.0014641288433382138
0  0.82470703125 0.30380673499267935 0.0087890625 0.016105417276720352 -0.0009765625 -0.0014641288433382138 -0.0009765625 -0.0014641288433382138 -0.0009765625 -0.0014641288433382138 -0.0009765625 -0.0014641288433382138 -0.0009765625 -0.0014641288433382138
0  0.8349609375 0.3323572474377745 0.009765625 0.020497803806734993 -0.0009765625 -0.0014641288433382138 -0.0009765625 -0.0014641288433382138 -0.0009765625 -0.0014641288433382138 -0.0009765625 -0.0014641288433382138 -0.0009765625 -0.0014641288433382138
0  0.79931640625 0.3389458272327965 0.0107421875 0.01903367496339678 0.7979912109375 0.3351215226939971 0.80171875 0.3348740849194729 0.8000615234375 0.3404626647144949 0.7986533203125 0.34331918008784773 0.8018017578125 0.34331918008784773
0  0.81494140625 0.36603221083455345 0.0087890625 0.014641288433382138 -0.0009765625 -0.0014641288433382138 -0.0009765625 -0.0014641288433382138 -0.0009765625 -0.0014641288433382138 -0.0009765625 -0.0014641288433382138 -0.0009765625 -0.0014641288433382138
0  0.79052734375 0.3609077598828697 0.0107421875 0.01903367496339678 -0.0009765625 -0.0014641288433382138 -0.0009765625 -0.0014641288433382138 -0.0009765625 -0.0014641288433382138 -0.0009765625 -0.0014641288433382138 -0.0009765625 -0.0014641288433382138
0  0.88671875 0.17496339677891654 0.0078125 0.013177159590043924 -0.0009765625 -0.0014641288433382138 -0.0009765625 -0.0014641288433382138 -0.0009765625 -0.0014641288433382138 -0.0009765625 -0.0014641288433382138 -0.0009765625 -0.0014641288433382138
0  0.86572265625 0.21595900439238652 0.0087890625 0.013177159590043924 -0.0009765625 -0.0014641288433382138 -0.0009765625 -0.0014641288433382138 -0.0009765625 -0.0014641288433382138 -0.0009765625 -0.0014641288433382138 -0.0009765625 -0.0014641288433382138
0  0.9287109375 0.16398243045387995 0.0078125 0.014641288433382138 -0.0009765625 -0.0014641288433382138 -0.0009765625 -0.0014641288433382138 -0.0009765625 -0.0014641288433382138 -0.0009765625 -0.0014641288433382138 -0.0009765625 -0.0014641288433382138
0  0.96875 0.16398243045387995 0.0078125 0.017569546120058566 -0.0009765625 -0.0014641288433382138 -0.0009765625 -0.0014641288433382138 -0.0009765625 -0.0014641288433382138 -0.0009765625 -0.0014641288433382138 -0.0009765625 -0.0014641288433382138
0  0.9052734375 0.23572474377745242 0.0078125 0.014641288433382138 0.9042275390625 0.23489458272327965 0.9069736328125 0.2349926793557833 0.905142578125 0.2381303074670571 0.9038349609375 0.24009077598828696 0.90677734375 0.23989458272327968
0  0.92919921875 0.23572474377745242 0.0087890625 0.014641288433382138 -0.0009765625 -0.0014641288433382138 -0.0009765625 -0.0014641288433382138 -0.0009765625 -0.0014641288433382138 -0.0009765625 -0.0014641288433382138 -0.0009765625 -0.0014641288433382138
0  0.94677734375 0.246705710102489 0.0087890625 0.016105417276720352 -0.0009765625 -0.0014641288433382138 -0.0009765625 -0.0014641288433382138 -0.0009765625 -0.0014641288433382138 -0.0009765625 -0.0014641288433382138 -0.0009765625 -0.0014641288433382138
0  0.97705078125 0.2452415812591508 0.0087890625 0.013177159590043924 -0.0009765625 -0.0014641288433382138 -0.0009765625 -0.0014641288433382138 -0.0009765625 -0.0014641288433382138 -0.0009765625 -0.0014641288433382138 -0.0009765625 -0.0014641288433382138
0  0.9892578125 0.26207906295754024 0.009765625 0.014641288433382138 -0.0009765625 -0.0014641288433382138 -0.0009765625 -0.0014641288433382138 -0.0009765625 -0.0014641288433382138 -0.0009765625 -0.0014641288433382138 -0.0009765625 -0.0014641288433382138
0  0.95751953125 0.27232796486090777 0.0087890625 0.014641288433382138 -0.0009765625 -0.0014641288433382138 -0.0009765625 -0.0014641288433382138 -0.0009765625 -0.0014641288433382138 -0.0009765625 -0.0014641288433382138 -0.0009765625 -0.0014641288433382138
0  0.9716796875 0.29502196193265007 0.009765625 0.016105417276720352 0.969447265625 0.29209370424597364 0.9741904296875 0.2916749633967789 0.971888671875 0.29617276720351393 0.9697265625 0.29889165446559296 0.9739814453125 0.29815959004392384
0  0.994140625 0.3484626647144949 0.01171875 0.020497803806734993 0.991455078125 0.3449853587115666 0.996765625 0.3451229868228404 0.99429296875 0.34869106881405565 0.992095703125 0.3544568081991215 0.996490234375 0.35431918008784774
0  0.96337890625 0.32503660322108346 0.0107421875 0.020497803806734993 0.9614951171875 0.320696925329429 0.9667275390625 0.320696925329429 0.9641982421875 0.32422547584187406 0.9618447265625 0.32801756954612005 0.966552734375 0.32801756954612005
0  0.900390625 0.2540263543191801 0.0078125 0.016105417276720352 -0.0009765625 -0.0014641288433382138 -0.0009765625 -0.0014641288433382138 -0.0009765625 -0.0014641288433382138 -0.0009765625 -0.0014641288433382138 -0.0009765625 -0.0014641288433382138
0  0.9208984375 0.2562225475841874 0.0078125 0.014641288433382138 -0.0009765625 -0.0014641288433382138 -0.0009765625 -0.0014641288433382138 -0.0009765625 -0.0014641288433382138 -0.0009765625 -0.0014641288433382138 -0.0009765625 -0.0014641288433382138
0  0.935546875 0.2745241581259151 0.005859375 0.013177159590043924 -0.0009765625 -0.0014641288433382138 -0.0009765625 -0.0014641288433382138 -0.0009765625 -0.0014641288433382138 -0.0009765625 -0.0014641288433382138 -0.0009765625 -0.0014641288433382138
0  0.90966796875 0.27379209370424595 0.0087890625 0.014641288433382138 0.9085693359375 0.2689428989751098 0.91229296875 0.2685768667642752 0.9111328125 0.27324304538799415 0.910095703125 0.27717715959004396 0.912537109375 0.27699560761347
0  0.9267578125 0.2913616398243045 0.009765625 0.017569546120058566 -0.0009765625 -0.0014641288433382138 -0.0009765625 -0.0014641288433382138 -0.0009765625 -0.0014641288433382138 -0.0009765625 -0.0014641288433382138 -0.0009765625 -0.0014641288433382138
0  0.89453125 0.2979502196193265 0.009765625 0.016105417276720352 -0.0009765625 -0.0014641288433382138 -0.0009765625 -0.0014641288433382138 -0.0009765625 -0.0014641288433382138 -0.0009765625 -0.0014641288433382138 -0.0009765625 -0.0014641288433382138
0  0.86376953125 0.2935578330893119 0.0107421875 0.01903367496339678 -0.0009765625 -0.0014641288433382138 -0.0009765625 -0.0014641288433382138 -0.0009765625 -0.0014641288433382138 -0.0009765625 -0.0014641288433382138 -0.0009765625 -0.0014641288433382138
0  0.85498046875 0.3103953147877013 0.0087890625 0.014641288433382138 -0.0009765625 -0.0014641288433382138 -0.0009765625 -0.0014641288433382138 -0.0009765625 -0.0014641288433382138 -0.0009765625 -0.0014641288433382138 -0.0009765625 -0.0014641288433382138
0  0.8701171875 0.3484626647144949 0.01171875 0.020497803806734993 0.8691708984375 0.3432005856515373 0.8735654296875 0.3436134699853587 0.871642578125 0.34773060029282576 0.86962890625 0.3522606149341142 0.87319921875 0.3522606149341142
0  0.89794921875 0.3535871156661786 0.0107421875 0.01903367496339678 0.8948935546875 0.3498609077598829 0.900443359375 0.35035871156661785 0.8967978515625 0.352592972181552 0.894478515625 0.3583060029282577 0.8979580078125 0.35867935578330895
0  0.91455078125 0.3213762811127379 0.0126953125 0.01903367496339678 -0.0009765625 -0.0014641288433382138 -0.0009765625 -0.0014641288433382138 -0.0009765625 -0.0014641288433382138 -0.0009765625 -0.0014641288433382138 -0.0009765625 -0.0014641288433382138
0  0.953125 0.3609077598828697 0.01171875 0.021961932650073207 -0.0009765625 -0.0014641288433382138 -0.0009765625 -0.0014641288433382138 -0.0009765625 -0.0014641288433382138 -0.0009765625 -0.0014641288433382138 -0.0009765625 -0.0014641288433382138
0  0.93505859375 0.2972181551976574 0.0087890625 0.017569546120058566 -0.0009765625 -0.0014641288433382138 -0.0009765625 -0.0014641288433382138 -0.0009765625 -0.0014641288433382138 -0.0009765625 -0.0014641288433382138 -0.0009765625 -0.0014641288433382138
0  0.81103515625 0.31112737920937045 0.0107421875 0.021961932650073207 -0.0009765625 -0.0014641288433382138 -0.0009765625 -0.0014641288433382138 -0.0009765625 -0.0014641288433382138 -0.0009765625 -0.0014641288433382138 -0.0009765625 -0.0014641288433382138
0  0.81396484375 0.3931185944363104 0.0087890625 0.01903367496339678 0.811994140625 0.3914714494875549 0.81565625 0.3913411420204978 0.813912109375 0.3935636896046852 0.8126044921875 0.39787701317715957 0.815482421875 0.39787701317715957
0  0.83984375 0.39970717423133234 0.01171875 0.020497803806734993 -0.0009765625 -0.0014641288433382138 -0.0009765625 -0.0014641288433382138 -0.0009765625 -0.0014641288433382138 -0.0009765625 -0.0014641288433382138 -0.0009765625 -0.0014641288433382138
0  0.8828125 0.390190336749634 0.009765625 0.01903367496339678 -0.0009765625 -0.0014641288433382138 -0.0009765625 -0.0014641288433382138 -0.0009765625 -0.0014641288433382138 -0.0009765625 -0.0014641288433382138 -0.0009765625 -0.0014641288433382138
0  0.892578125 0.3814055636896047 0.009765625 0.01903367496339678 -0.0009765625 -0.0014641288433382138 -0.0009765625 -0.0014641288433382138 -0.0009765625 -0.0014641288433382138 -0.0009765625 -0.0014641288433382138 -0.0009765625 -0.0014641288433382138
0  0.92236328125 0.40995607613469986 0.0166015625 0.02635431918008785 0.9166953125 0.4079882869692533 0.9238759765625 0.4055183016105417 0.9203447265625 0.41081259150805266 0.91916796875 0.41751830161054176 0.9230517578125 0.4162825768667643
0  0.9658203125 0.4172767203513909 0.013671875 0.032210834553440704 0.9615654296875 0.41518448023426063 0.967005859375 0.41246559297218155 0.9649130859375 0.4191595900439239 0.9647744140625 0.4260614934114202 0.9688193359375 0.4248067349926793
0  0.98291015625 0.4260614934114202 0.0185546875 0.029282576866764276 -0.0009765625 -0.0014641288433382138 -0.0009765625 -0.0014641288433382138 -0.0009765625 -0.0014641288433382138 -0.0009765625 -0.0014641288433382138 -0.0009765625 -0.0014641288433382138
0  0.865234375 0.42093704245973645 0.015625 0.024890190336749635 0.8612021484375 0.4183221083455344 0.866978515625 0.41521815519765737 0.8643623046875 0.42093704245973645 0.863490234375 0.429597364568082 0.8683955078125 0.42632942898975107
0  0.826171875 0.42752562225475843 0.01171875 0.02635431918008785 0.823900390625 0.4253821376281113 0.8289619140625 0.42608784773060027 0.8257841796875 0.4294407027818448 0.823546875 0.43420497803806735 0.82778515625 0.4347349926793557
0  0.83642578125 0.4458272327964861 0.0146484375 0.024890190336749635 -0.0009765625 -0.0014641288433382138 -0.0009765625 -0.0014641288433382138 -0.0009765625 -0.0014641288433382138 -0.0009765625 -0.0014641288433382138 -0.0009765625 -0.0014641288433382138
0  0.90625 0.4260614934114202 0.01171875 0.02342606149341142 -0.0009765625 -0.0014641288433382138 -0.0009765625 -0.0014641288433382138 -0.0009765625 -0.0014641288433382138 -0.0009765625 -0.0014641288433382138 -0.0009765625 -0.0014641288433382138
0  0.92822265625 0.4341142020497804 0.0126953125 0.024890190336749635 -0.0009765625 -0.0014641288433382138 -0.0009765625 -0.0014641288433382138 -0.0009765625 -0.0014641288433382138 -0.0009765625 -0.0014641288433382138 -0.0009765625 -0.0014641288433382138
0  0.97119140625 0.4816983894582723 0.0205078125 0.032210834553440704 0.9669365234375 0.47835139092240114 0.973912109375 0.4785607613469986 0.970423828125 0.4848360175695461 0.9676337890625 0.49090190336749634 0.9736328125 0.49131918008784775
0  0.8515625 0.4743777452415813 0.017578125 0.02635431918008785 0.84708984375 0.47399853587115665 0.854623046875 0.47205710102489024 0.851091796875 0.47805710102489013 0.8487373046875 0.48246998535871155 0.85426953125 0.48282284040995604
0  0.90966796875 0.479502196193265 0.0146484375 0.027818448023426062 0.9046630859375 0.47840409956076135 0.9095458984375 0.4778550512445095 0.9052734375 0.48279648609077597 0.9044189453125 0.48792093704245976 0.907958984375 0.488103953147877
0  0.8046875 0.4289897510980966 0.013671875 0.02342606149341142 0.8008505859375 0.4239692532942899 0.808384765625 0.4239692532942899 0.8043037109375 0.42867642752562224 0.801060546875 0.43495021961932656 0.8081748046875 0.43416691068814056
0  0.80859375 0.4890190336749634 0.015625 0.029282576866764276 -0.0009765625 -0.0014641288433382138 -0.0009765625 -0.0014641288433382138 -0.0009765625 -0.0014641288433382138 -0.0009765625 -0.0014641288433382138 -0.0009765625 -0.0014641288433382138
0  0.84619140625 0.5329428989751098 0.0166015625 0.03513909224011713 0.839521484375 0.5302767203513908 0.8469326171875 0.5300541727672035 0.84100390625 0.537610541727672 0.84085546875 0.5442767203513909 0.8470810546875 0.5438330893118595
0  0.8984375 0.5300146412884333 0.01953125 0.03513909224011713 0.89276171875 0.5286808199121523 0.9016552734375 0.5273484626647145 0.8972080078125 0.533792093704246 0.8958740234375 0.5397935578330892 0.901951171875 0.5389033674963397
0  0.88623046875 0.5702781844802343 0.0224609375 0.048316251830161056 0.880541015625 0.5647481698389458 0.892630859375 0.5641346998535871 0.8864833984375 0.5733499267935579 0.882384765625 0.5828740849194729 0.891810546875 0.5828740849194729
0  0.83056640625 0.5929721815519766 0.0205078125 0.032210834553440704 0.825212890625 0.5900117130307467 0.8338623046875 0.5857554904831626 0.831294921875 0.5934553440702781 0.8296728515625 0.6027759882869693 0.836294921875 0.5995344070278185
0  0.8017578125 0.5717423133235725 0.02734375 0.048316251830161056 0.796966796875 0.5649838945827234 0.8092607421875 0.5649838945827234 0.803318359375 0.5729707174231332 0.798400390625 0.5840307467057101 0.807826171875 0.583108345534407
0  0.7822265625 0.5900439238653001 0.013671875 0.02342606149341142 -0.0009765625 -0.0014641288433382138 -0.0009765625 -0.0014641288433382138 -0.0009765625 -0.0014641288433382138 -0.0009765625 -0.0014641288433382138 -0.0009765625 -0.0014641288433382138
0  0.2431640625 0.7510980966325037 0.015625 0.02342606149341142 -0.0009765625 -0.0014641288433382138 -0.0009765625 -0.0014641288433382138 -0.0009765625 -0.0014641288433382138 -0.0009765625 -0.0014641288433382138 -0.0009765625 -0.0014641288433382138
0  0.81103515625 0.5373352855051244 0.0185546875 0.029282576866764276 -0.0009765625 -0.0014641288433382138 -0.0009765625 -0.0014641288433382138 -0.0009765625 -0.0014641288433382138 -0.0009765625 -0.0014641288433382138 -0.0009765625 -0.0014641288433382138
0  0.95751953125 0.527086383601757 0.0185546875 0.032210834553440704 0.9522177734375 0.522484626647145 0.9598916015625 0.5229033674963396 0.954869140625 0.5279224011713031 0.95263671875 0.5344070278184481 0.9583564453125 0.5339882869692533
0  0.94482421875 0.6200585651537335 0.0166015625 0.0424597364568082 -0.0009765625 -0.0014641288433382138 -0.0009765625 -0.0014641288433382138 -0.0009765625 -0.0014641288433382138 -0.0009765625 -0.0014641288433382138 -0.0009765625 -0.0014641288433382138
0  0.74853515625 0.6559297218155198 0.0126953125 0.032210834553440704 -0.0009765625 -0.0014641288433382138 -0.0009765625 -0.0014641288433382138 -0.0009765625 -0.0014641288433382138 -0.0009765625 -0.0014641288433382138 -0.0009765625 -0.0014641288433382138
0  0.66259765625 0.3616398243045388 0.0068359375 0.014641288433382138 -0.0009765625 -0.0014641288433382138 -0.0009765625 -0.0014641288433382138 -0.0009765625 -0.0014641288433382138 -0.0009765625 -0.0014641288433382138 -0.0009765625 -0.0014641288433382138
0  0.6025390625 0.44143484626647145 0.0078125 0.016105417276720352 -0.0009765625 -0.0014641288433382138 -0.0009765625 -0.0014641288433382138 -0.0009765625 -0.0014641288433382138 -0.0009765625 -0.0014641288433382138 -0.0009765625 -0.0014641288433382138
0  0.6484375 0.390190336749634 0.01171875 0.01903367496339678 -0.0009765625 -0.0014641288433382138 -0.0009765625 -0.0014641288433382138 -0.0009765625 -0.0014641288433382138 -0.0009765625 -0.0014641288433382138 -0.0009765625 -0.0014641288433382138
0  0.68017578125 0.30234260614934116 0.0048828125 0.013177159590043924 -0.0009765625 -0.0014641288433382138 -0.0009765625 -0.0014641288433382138 -0.0009765625 -0.0014641288433382138 -0.0009765625 -0.0014641288433382138 -0.0009765625 -0.0014641288433382138
0  0.533203125 0.4538799414348463 0.0078125 0.014641288433382138 -0.0009765625 -0.0014641288433382138 -0.0009765625 -0.0014641288433382138 -0.0009765625 -0.0014641288433382138 -0.0009765625 -0.0014641288433382138 -0.0009765625 -0.0014641288433382138
0  0.5361328125 0.4978038067349927 0.0078125 0.017569546120058566 -0.0009765625 -0.0014641288433382138 -0.0009765625 -0.0014641288433382138 -0.0009765625 -0.0014641288433382138 -0.0009765625 -0.0014641288433382138 -0.0009765625 -0.0014641288433382138
0  0.55078125 0.5490483162518301 0.0078125 0.017569546120058566 -0.0009765625 -0.0014641288433382138 -0.0009765625 -0.0014641288433382138 -0.0009765625 -0.0014641288433382138 -0.0009765625 -0.0014641288433382138 -0.0009765625 -0.0014641288433382138
0  0.2216796875 0.5490483162518301 0.009765625 0.017569546120058566 -0.0009765625 -0.0014641288433382138 -0.0009765625 -0.0014641288433382138 -0.0009765625 -0.0014641288433382138 -0.0009765625 -0.0014641288433382138 -0.0009765625 -0.0014641288433382138
0  0.1201171875 0.636896046852123 0.009765625 0.017569546120058566 -0.0009765625 -0.0014641288433382138 -0.0009765625 -0.0014641288433382138 -0.0009765625 -0.0014641288433382138 -0.0009765625 -0.0014641288433382138 -0.0009765625 -0.0014641288433382138
0  0.88330078125 0.43484626647144947 0.0166015625 0.02635431918008785 0.87657421875 0.4309897510980966 0.8846962890625 0.4327540263543192 0.8786923828125 0.43910834553440703 0.8772802734375 0.4417554904831625 0.8812822265625 0.4424612005856516
0  0.55078125 0.3484626647144949 0.0078125 0.01171303074670571 -0.0009765625 -0.0014641288433382138 -0.0009765625 -0.0014641288433382138 -0.0009765625 -0.0014641288433382138 -0.0009765625 -0.0014641288433382138 -0.0009765625 -0.0014641288433382138
0  0.599609375 0.33162518301610544 0.0078125 0.016105417276720352 -0.0009765625 -0.0014641288433382138 -0.0009765625 -0.0014641288433382138 -0.0009765625 -0.0014641288433382138 -0.0009765625 -0.0014641288433382138 -0.0009765625 -0.0014641288433382138
0  0.49365234375 0.4019033674963397 0.0087890625 0.01903367496339678 0.4935693359375 0.3985768667642753 0.49804296875 0.3988243045387994 0.4969658203125 0.4035446559297218 0.4943974609375 0.40714494875549045 0.497876953125 0.40714494875549045
0  0.94189453125 0.6705710102489019 0.0185546875 0.03806734992679356 0.9405869140625 0.663891654465593 0.947544921875 0.6656295754026355 0.94257421875 0.6696032210834554 0.94008984375 0.6760614934114202 0.9458876953125 0.6763103953147878
0  0.787109375 0.527086383601757 0.013671875 0.017569546120058566 -0.0009765625 -0.0014641288433382138 -0.0009765625 -0.0014641288433382138 -0.0009765625 -0.0014641288433382138 -0.0009765625 -0.0014641288433382138 -0.0009765625 -0.0014641288433382138
0  0.99169921875 0.24011713030746706 0.0087890625 0.014641288433382138 -0.0009765625 -0.0014641288433382138 -0.0009765625 -0.0014641288433382138 -0.0009765625 -0.0014641288433382138 -0.0009765625 -0.0014641288433382138 -0.0009765625 -0.0014641288433382138
0  0.96484375 0.2554904831625183 0.005859375 0.013177159590043924 -0.0009765625 -0.0014641288433382138 -0.0009765625 -0.0014641288433382138 -0.0009765625 -0.0014641288433382138 -0.0009765625 -0.0014641288433382138 -0.0009765625 -0.0014641288433382138
0  0.884765625 0.2840409956076135 0.0078125 0.01171303074670571 -0.0009765625 -0.0014641288433382138 -0.0009765625 -0.0014641288433382138 -0.0009765625 -0.0014641288433382138 -0.0009765625 -0.0014641288433382138 -0.0009765625 -0.0014641288433382138
0  0.3603515625 0.48975109809663253 0.0078125 0.016105417276720352 -0.0009765625 -0.0014641288433382138 -0.0009765625 -0.0014641288433382138 -0.0009765625 -0.0014641288433382138 -0.0009765625 -0.0014641288433382138 -0.0009765625 -0.0014641288433382138
0  0.49755859375 0.29502196193265007 0.0087890625 0.013177159590043924 -0.0009765625 -0.0014641288433382138 -0.0009765625 -0.0014641288433382138 -0.0009765625 -0.0014641288433382138 -0.0009765625 -0.0014641288433382138 -0.0009765625 -0.0014641288433382138
0  0.751953125 0.3323572474377745 0.009765625 0.014641288433382138 -0.0009765625 -0.0014641288433382138 -0.0009765625 -0.0014641288433382138 -0.0009765625 -0.0014641288433382138 -0.0009765625 -0.0014641288433382138 -0.0009765625 -0.0014641288433382138
0  0.71533203125 0.40702781844802344 0.0107421875 0.020497803806734993 -0.0009765625 -0.0014641288433382138 -0.0009765625 -0.0014641288433382138 -0.0009765625 -0.0014641288433382138 -0.0009765625 -0.0014641288433382138 -0.0009765625 -0.0014641288433382138
0  0.7138671875 0.4575402635431918 0.015625 0.021961932650073207 -0.0009765625 -0.0014641288433382138 -0.0009765625 -0.0014641288433382138 -0.0009765625 -0.0014641288433382138 -0.0009765625 -0.0014641288433382138 -0.0009765625 -0.0014641288433382138
0  0.0810546875 0.8235724743777453 0.017578125 0.03074670571010249 -0.0009765625 -0.0014641288433382138 -0.0009765625 -0.0014641288433382138 -0.0009765625 -0.0014641288433382138 -0.0009765625 -0.0014641288433382138 -0.0009765625 -0.0014641288433382138
