0  0.91748046875 0.33007953723788863 0.0380859375 0.0368763557483731 -0.0009765625 -0.0007230657989877079 -0.0009765625 -0.0007230657989877079 -0.0009765625 -0.0007230657989877079 -0.0009765625 -0.0007230657989877079 -0.0009765625 -0.0007230657989877079
0  0.85400390625 0.32935647143890096 0.0380859375 0.0368763557483731 -0.0009765625 -0.0007230657989877079 -0.0009765625 -0.0007230657989877079 -0.0009765625 -0.0007230657989877079 -0.0009765625 -0.0007230657989877079 -0.0009765625 -0.0007230657989877079
0  0.8525390625 0.1601590744757773 0.037109375 0.038322487346348515 0.8491083984375 0.15580477223427333 0.8664375 0.1577411424439624 0.8589169921875 0.1652465654374548 0.8477998046875 0.1700882140274765 0.8621865234375 0.17081489515545914
0  0.74853515625 0.18655097613882862 0.0615234375 0.033261026753434564 0.754185546875 0.18257411424439624 0.76761328125 0.1893919016630513 0.7515 0.19620896601590745 0.7338515625 0.19507302964569775 0.7396064453125 0.2033109182935647
0  0.77392578125 0.13955169920462762 0.0302734375 0.0274765003615329 -0.0009765625 -0.0007230657989877079 -0.0009765625 -0.0007230657989877079 -0.0009765625 -0.0007230657989877079 -0.0009765625 -0.0007230657989877079 -0.0009765625 -0.0007230657989877079
0  0.7080078125 0.1540130151843818 0.033203125 0.03181489515545915 0.7042763671875 0.14948734634851774 0.7196826171875 0.14848662328271872 0.714546875 0.15469125090383223 0.70616796875 0.15889370932754882 0.719953125 0.15809327548806942
0  0.6533203125 0.1789587852494577 0.060546875 0.02964569775849602 -0.0009765625 -0.0007230657989877079 -0.0009765625 -0.0007230657989877079 -0.0009765625 -0.0007230657989877079 -0.0009765625 -0.0007230657989877079 -0.0009765625 -0.0007230657989877079
0  0.58935546875 0.1413593637020969 0.0380859375 0.035430224150397684 -0.0009765625 -0.0007230657989877079 -0.0009765625 -0.0007230657989877079 -0.0009765625 -0.0007230657989877079 -0.0009765625 -0.0007230657989877079 -0.0009765625 -0.0007230657989877079
0  0.53125 0.11966738973246566 0.0390625 0.0368763557483731 0.5212138671875 0.11588069414316703 0.5387177734375 0.1125820679681851 0.5291708984375 0.12059363702096891 0.526306640625 0.13072668112798264 0.535853515625 0.12954808387563269
0  0.53369140625 0.1890817064352856 0.0556640625 0.02964569775849602 -0.0009765625 -0.0007230657989877079 -0.0009765625 -0.0007230657989877079 -0.0009765625 -0.0007230657989877079 -0.0009765625 -0.0007230657989877079 -0.0009765625 -0.0007230657989877079
0  0.5009765625 0.1467823571945047 0.046875 0.033261026753434564 -0.0009765625 -0.0007230657989877079 -0.0009765625 -0.0007230657989877079 -0.0009765625 -0.0007230657989877079 -0.0009765625 -0.0007230657989877079 -0.0009765625 -0.0007230657989877079
0  0.43798828125 0.11677512653651483 0.0322265625 0.04121475054229935 0.44858203125 0.11494504699927693 0.4528203125 0.1157295733911786 0.4535263671875 0.12409616775126536 0.44505078125 0.13010990600144615 0.4475224609375 0.1303716558206797
0  0.416015625 0.18582791033984092 0.0546875 0.018799710773680405 -0.0009765625 -0.0007230657989877079 -0.0009765625 -0.0007230657989877079 -0.0009765625 -0.0007230657989877079 -0.0009765625 -0.0007230657989877079 -0.0009765625 -0.0007230657989877079
0  0.103515625 0.09797541576283442 0.037109375 0.0455531453362256 -0.0009765625 -0.0007230657989877079 -0.0009765625 -0.0007230657989877079 -0.0009765625 -0.0007230657989877079 -0.0009765625 -0.0007230657989877079 -0.0009765625 -0.0007230657989877079
0  0.06689453125 0.15039768618944324 0.0361328125 0.04193781634128706 -0.0009765625 -0.0007230657989877079 -0.0009765625 -0.0007230657989877079 -0.0009765625 -0.0007230657989877079 -0.0009765625 -0.0007230657989877079 -0.0009765625 -0.0007230657989877079
0  0.0869140625 0.146059291395517 0.025390625 0.036153289949385395 -0.0009765625 -0.0007230657989877079 -0.0009765625 -0.0007230657989877079 -0.0009765625 -0.0007230657989877079 -0.0009765625 -0.0007230657989877079 -0.0009765625 -0.0007230657989877079
0  0.1259765625 0.3127259580621837 0.044921875 0.0368763557483731 -0.0009765625 -0.0007230657989877079 -0.0009765625 -0.0007230657989877079 -0.0009765625 -0.0007230657989877079 -0.0009765625 -0.0007230657989877079 -0.0009765625 -0.0007230657989877079
0  0.302734375 0.19956616052060738 0.029296875 0.03181489515545915 -0.0009765625 -0.0007230657989877079 -0.0009765625 -0.0007230657989877079 -0.0009765625 -0.0007230657989877079 -0.0009765625 -0.0007230657989877079 -0.0009765625 -0.0007230657989877079
0  0.47216796875 0.9081706435285611 0.0556640625 0.04772234273318872 0.464791015625 0.9007722342733189 0.4873310546875 0.8965242227042661 0.483642578125 0.9068409255242228 0.4713486328125 0.9177642805495301 0.4934775390625 0.9126059291395517
0  0.77490234375 0.9428778018799711 0.0439453125 0.046276211135213303 0.7708828125 0.9337295733911786 0.7908935546875 0.9316963123644252 0.7901083984375 0.9424454085321765 0.777552734375 0.9546471438900941 0.789716796875 0.9543564714389009
0  0.529296875 0.9793926247288504 0.046875 0.04121475054229935 0.536560546875 0.9742407809110629 0.5374755859375 0.9740144613159797 0.549376953125 0.9785336225596528 0.54052734375 0.9927693420101229 0.546326171875 0.9907360809833695
