0  0.80224609375 0.5379362670713201 0.0556640625 0.10773899848254932 0.7877158203125 0.5213657056145675 0.811052734375 0.5186297420333839 0.798283203125 0.5459969650986343 0.7938798828125 0.5596813353566009 0.815896484375 0.5589969650986343
0  0.68017578125 0.5386949924127465 0.0302734375 0.054628224582701064 0.67379296875 0.533763277693475 0.6849013671875 0.5330591805766313 0.6778740234375 0.5492625189681335 0.670392578125 0.5524339908952959 0.683087890625 0.5513763277693475
0  0.62646484375 0.4552352048558422 0.0224609375 0.03945371775417299 -0.0009765625 -0.0015174506828528073 -0.0009765625 -0.0015174506828528073 -0.0009765625 -0.0015174506828528073 -0.0009765625 -0.0015174506828528073 -0.0009765625 -0.0015174506828528073
0  0.388671875 0.563732928679818 0.03125 0.05311077389984825 0.3807197265625 0.5578937784522002 0.3922734375 0.554845220030349 0.387259765625 0.5700880121396055 0.3850791015625 0.578555386949924 0.395978515625 0.5772003034901366
0  0.1416015625 0.5720789074355084 0.025390625 0.04552352048558422 0.138619140625 0.564599393019727 0.1390029296875 0.5648983308042488 0.1343994140625 0.5818877086494689 0.1441826171875 0.5839742033383915 0.1443740234375 0.5839742033383915
0  0.958984375 0.23899848254931716 0.01171875 0.025796661608497723 -0.0009765625 -0.0015174506828528073 -0.0009765625 -0.0015174506828528073 -0.0009765625 -0.0015174506828528073 -0.0009765625 -0.0015174506828528073 -0.0009765625 -0.0015174506828528073
0  0.94384765625 0.21396054628224584 0.0068359375 0.015174506828528073 -0.0009765625 -0.0015174506828528073 -0.0009765625 -0.0015174506828528073 -0.0009765625 -0.0015174506828528073 -0.0009765625 -0.0015174506828528073 -0.0009765625 -0.0015174506828528073
0  0.91015625 0.2306525037936267 0.0078125 0.015174506828528073 -0.0009765625 -0.0015174506828528073 -0.0009765625 -0.0015174506828528073 -0.0009765625 -0.0015174506828528073 -0.0009765625 -0.0015174506828528073 -0.0009765625 -0.0015174506828528073
0  0.88671875 0.2496206373292868 0.009765625 0.019726858877086494 -0.0009765625 -0.0015174506828528073 -0.0009765625 -0.0015174506828528073 -0.0009765625 -0.0015174506828528073 -0.0009765625 -0.0015174506828528073 -0.0009765625 -0.0015174506828528073
0  0.8857421875 0.295144157814871 0.009765625 0.019726858877086494 -0.0009765625 -0.0015174506828528073 -0.0009765625 -0.0015174506828528073 -0.0009765625 -0.0015174506828528073 -0.0009765625 -0.0015174506828528073 -0.0009765625 -0.0015174506828528073
0  0.8359375 0.29893778452200304 0.009765625 0.024279210925644917 -0.0009765625 -0.0015174506828528073 -0.0009765625 -0.0015174506828528073 -0.0009765625 -0.0015174506828528073 -0.0009765625 -0.0015174506828528073 -0.0009765625 -0.0015174506828528073
0  0.81640625 0.29969650986342944 0.009765625 0.02276176024279211 -0.0009765625 -0.0015174506828528073 -0.0009765625 -0.0015174506828528073 -0.0009765625 -0.0015174506828528073 -0.0009765625 -0.0015174506828528073 -0.0009765625 -0.0015174506828528073
0  0.77685546875 0.2830045523520486 0.0126953125 0.01669195751138088 -0.0009765625 -0.0015174506828528073 -0.0009765625 -0.0015174506828528073 -0.0009765625 -0.0015174506828528073 -0.0009765625 -0.0015174506828528073 -0.0009765625 -0.0015174506828528073
0  0.6923828125 0.29817905918057663 0.009765625 0.019726858877086494 -0.0009765625 -0.0015174506828528073 -0.0009765625 -0.0015174506828528073 -0.0009765625 -0.0015174506828528073 -0.0009765625 -0.0015174506828528073 -0.0009765625 -0.0015174506828528073
0  0.662109375 0.33687405159332323 0.01171875 0.024279210925644917 -0.0009765625 -0.0015174506828528073 -0.0009765625 -0.0015174506828528073 -0.0009765625 -0.0015174506828528073 -0.0009765625 -0.0015174506828528073 -0.0009765625 -0.0015174506828528073
0  0.708984375 0.2905918057663126 0.009765625 0.019726858877086494 -0.0009765625 -0.0015174506828528073 -0.0009765625 -0.0015174506828528073 -0.0009765625 -0.0015174506828528073 -0.0009765625 -0.0015174506828528073 -0.0009765625 -0.0015174506828528073
0  0.66015625 0.2723823975720789 0.009765625 0.02276176024279211 -0.0009765625 -0.0015174506828528073 -0.0009765625 -0.0015174506828528073 -0.0009765625 -0.0015174506828528073 -0.0009765625 -0.0015174506828528073 -0.0009765625 -0.0015174506828528073
0  0.658203125 0.38543247344461307 0.01953125 0.030349013657056147 -0.0009765625 -0.0015174506828528073 -0.0009765625 -0.0015174506828528073 -0.0009765625 -0.0015174506828528073 -0.0009765625 -0.0015174506828528073 -0.0009765625 -0.0015174506828528073
0  0.55224609375 0.34446130500758726 0.0146484375 0.030349013657056147 0.5519013671875 0.3376130500758725 0.557970703125 0.3348619119878604 0.5572119140625 0.34134446130500756 0.55544140625 0.350185128983308 0.5596142578125 0.3486145675265554
0  0.5927734375 0.33915022761760244 0.013671875 0.025796661608497723 -0.0009765625 -0.0015174506828528073 -0.0009765625 -0.0015174506828528073 -0.0009765625 -0.0015174506828528073 -0.0009765625 -0.0015174506828528073 -0.0009765625 -0.0015174506828528073
0  0.50439453125 0.3262518968133536 0.0146484375 0.024279210925644917 -0.0009765625 -0.0015174506828528073 -0.0009765625 -0.0015174506828528073 -0.0009765625 -0.0015174506828528073 -0.0009765625 -0.0015174506828528073 -0.0009765625 -0.0015174506828528073
0  0.32763671875 0.3535660091047041 0.0087890625 0.018209408194233688 -0.0009765625 -0.0015174506828528073 -0.0009765625 -0.0015174506828528073 -0.0009765625 -0.0015174506828528073 -0.0009765625 -0.0015174506828528073 -0.0009765625 -0.0015174506828528073
0  0.416015625 0.3558421851289833 0.01171875 0.02276176024279211 -0.0009765625 -0.0015174506828528073 -0.0009765625 -0.0015174506828528073 -0.0009765625 -0.0015174506828528073 -0.0009765625 -0.0015174506828528073 -0.0009765625 -0.0015174506828528073
0  0.39111328125 0.37860394537177544 0.0146484375 0.025796661608497723 -0.0009765625 -0.0015174506828528073 -0.0009765625 -0.0015174506828528073 -0.0009765625 -0.0015174506828528073 -0.0009765625 -0.0015174506828528073 -0.0009765625 -0.0015174506828528073
0  0.35498046875 0.4006069802731411 0.0126953125 0.024279210925644917 -0.0009765625 -0.0015174506828528073 -0.0009765625 -0.0015174506828528073 -0.0009765625 -0.0015174506828528073 -0.0009765625 -0.0015174506828528073 -0.0009765625 -0.0015174506828528073
0  0.31982421875 0.38088012139605465 0.0126953125 0.024279210925644917 -0.0009765625 -0.0015174506828528073 -0.0009765625 -0.0015174506828528073 -0.0009765625 -0.0015174506828528073 -0.0009765625 -0.0015174506828528073 -0.0009765625 -0.0015174506828528073
0  0.24853515625 0.3550834597875569 0.0107421875 0.018209408194233688 -0.0009765625 -0.0015174506828528073 -0.0009765625 -0.0015174506828528073 -0.0009765625 -0.0015174506828528073 -0.0009765625 -0.0015174506828528073 -0.0009765625 -0.0015174506828528073
0  0.2265625 0.34673748103186647 0.009765625 0.01669195751138088 -0.0009765625 -0.0015174506828528073 -0.0009765625 -0.0015174506828528073 -0.0009765625 -0.0015174506828528073 -0.0009765625 -0.0015174506828528073 -0.0009765625 -0.0015174506828528073
0  0.23681640625 0.3573596358118361 0.0068359375 0.01669195751138088 -0.0009765625 -0.0015174506828528073 -0.0009765625 -0.0015174506828528073 -0.0009765625 -0.0015174506828528073 -0.0009765625 -0.0015174506828528073 -0.0009765625 -0.0015174506828528073
0  0.236328125 0.40743550834597875 0.01171875 0.025796661608497723 -0.0009765625 -0.0015174506828528073 -0.0009765625 -0.0015174506828528073 -0.0009765625 -0.0015174506828528073 -0.0009765625 -0.0015174506828528073 -0.0009765625 -0.0015174506828528073
0  0.19580078125 0.41047040971168436 0.0126953125 0.025796661608497723 -0.0009765625 -0.0015174506828528073 -0.0009765625 -0.0015174506828528073 -0.0009765625 -0.0015174506828528073 -0.0009765625 -0.0015174506828528073 -0.0009765625 -0.0015174506828528073
0  0.193359375 0.3626707132018209 0.009765625 0.018209408194233688 -0.0009765625 -0.0015174506828528073 -0.0009765625 -0.0015174506828528073 -0.0009765625 -0.0015174506828528073 -0.0009765625 -0.0015174506828528073 -0.0009765625 -0.0015174506828528073
0  0.1650390625 0.36494688922610014 0.0078125 0.01669195751138088 -0.0009765625 -0.0015174506828528073 -0.0009765625 -0.0015174506828528073 -0.0009765625 -0.0015174506828528073 -0.0009765625 -0.0015174506828528073 -0.0009765625 -0.0015174506828528073
0  0.05615234375 0.4309559939301973 0.0107421875 0.021244309559939303 -0.0009765625 -0.0015174506828528073 -0.0009765625 -0.0015174506828528073 -0.0009765625 -0.0015174506828528073 -0.0009765625 -0.0015174506828528073 -0.0009765625 -0.0015174506828528073
0  0.05859375 0.36798179059180575 0.0078125 0.01669195751138088 -0.0009765625 -0.0015174506828528073 -0.0009765625 -0.0015174506828528073 -0.0009765625 -0.0015174506828528073 -0.0009765625 -0.0015174506828528073 -0.0009765625 -0.0015174506828528073
