0  0.02685546875 0.4700520833333333 0.0087890625 0.020833333333333332 -0.0009765625 -0.0013020833333333333 -0.0009765625 -0.0013020833333333333 -0.0009765625 -0.0013020833333333333 -0.0009765625 -0.0013020833333333333 -0.0009765625 -0.0013020833333333333
0  0.04541015625 0.4544270833333333 0.0205078125 0.03125 0.037841796875 0.45031770833333334 0.04379296875 0.4501145833333333 0.0386044921875 0.456625 0.0372314453125 0.46130338541666666 0.042724609375 0.46252473958333334
0  0.08203125 0.4661458333333333 0.013671875 0.028645833333333332 0.0767998046875 0.46335546875000005 0.0829384765625 0.4635416666666667 0.07861328125 0.47023828124999995 0.0780556640625 0.4748880208333333 0.08251953125 0.47581901041666663
0  0.08740234375 0.431640625 0.0205078125 0.045572916666666664 0.0848388671875 0.42492708333333334 0.085052734375 0.42492708333333334 0.078857421875 0.43090885416666663 0.085052734375 0.44087760416666666 0.084625 0.44030729166666666
0  0.07275390625 0.5950520833333334 0.0126953125 0.0234375 -0.0009765625 -0.0013020833333333333 -0.0009765625 -0.0013020833333333333 -0.0009765625 -0.0013020833333333333 -0.0009765625 -0.0013020833333333333 -0.0009765625 -0.0013020833333333333
0  0.20654296875 0.4615885416666667 0.0166015625 0.032552083333333336 0.200892578125 0.45842578125000005 0.2046591796875 0.4586354166666667 0.1988525390625 0.4644947916666667 0.1996376953125 0.47223828124999995 0.2015205078125 0.47223828124999995
0  0.326171875 0.4563802083333333 0.01953125 0.037760416666666664 0.3201904296875 0.451578125 0.323669921875 0.4506015625 0.3187255859375 0.4571940104166667 0.3201904296875 0.4645182291666667 0.322205078125 0.4635416666666667
0  0.41064453125 0.4440104166666667 0.0205078125 0.036458333333333336 -0.0009765625 -0.0013020833333333333 -0.0009765625 -0.0013020833333333333 -0.0009765625 -0.0013020833333333333 -0.0009765625 -0.0013020833333333333 -0.0009765625 -0.0013020833333333333
0  0.24560546875 0.4752604166666667 0.0205078125 0.033854166666666664 0.24015625 0.46976171875 0.2486044921875 0.47064453125 0.2433037109375 0.4772721354166667 0.2393271484375 0.4830143229166666 0.247279296875 0.4832356770833333
0  0.568359375 0.4680989583333333 0.02734375 0.045572916666666664 0.5576259765625 0.46221614583333337 0.5648193359375 0.46366927083333337 0.5582802734375 0.4703541666666667 0.5569716796875 0.47849218750000005 0.562203125 0.47907421874999995
0  0.6650390625 0.4791666666666667 0.01953125 0.0390625 0.6605224609375 0.4755859375 0.6612900390625 0.4755859375 0.6561103515625 0.48095703125 0.6607138671875 0.4896536458333333 0.6614814453125 0.4899088541666667
0  0.69970703125 0.4557291666666667 0.0126953125 0.028645833333333332 -0.0009765625 -0.0013020833333333333 -0.0009765625 -0.0013020833333333333 -0.0009765625 -0.0013020833333333333 -0.0009765625 -0.0013020833333333333 -0.0009765625 -0.0013020833333333333
0  0.7490234375 0.4680989583333333 0.009765625 0.014322916666666666 -0.0009765625 -0.0013020833333333333 -0.0009765625 -0.0013020833333333333 -0.0009765625 -0.0013020833333333333 -0.0009765625 -0.0013020833333333333 -0.0009765625 -0.0013020833333333333
0  0.8349609375 0.4322916666666667 0.029296875 0.052083333333333336 0.8277626953125 0.4230260416666667 0.8287568359375 0.4226940104166667 0.822544921875 0.43462239583333334 0.82925390625 0.44721354166666666 0.8317392578125 0.4468815104166666
0  0.88134765625 0.4069010416666667 0.0244140625 0.037760416666666664 -0.0009765625 -0.0013020833333333333 -0.0009765625 -0.0013020833333333333 -0.0009765625 -0.0013020833333333333 -0.0009765625 -0.0013020833333333333 -0.0009765625 -0.0013020833333333333
0  0.91015625 0.4446614583333333 0.017578125 0.029947916666666668 -0.0009765625 -0.0013020833333333333 -0.0009765625 -0.0013020833333333333 -0.0009765625 -0.0013020833333333333 -0.0009765625 -0.0013020833333333333 -0.0009765625 -0.0013020833333333333
0  0.95361328125 0.4498697916666667 0.0126953125 0.02734375 -0.0009765625 -0.0013020833333333333 -0.0009765625 -0.0013020833333333333 -0.0009765625 -0.0013020833333333333 -0.0009765625 -0.0013020833333333333 -0.0009765625 -0.0013020833333333333
0  0.9736328125 0.4479166666666667 0.01171875 0.0234375 -0.0009765625 -0.0013020833333333333 -0.0009765625 -0.0013020833333333333 -0.0009765625 -0.0013020833333333333 -0.0009765625 -0.0013020833333333333 -0.0009765625 -0.0013020833333333333
