0  0.1982421875 0.36743515850144093 0.021484375 0.0893371757925072 0.19294921875 0.3587521613832853 0.200796875 0.36569740634005765 0.195892578125 0.3819077809798271 0.1913798828125 0.3848040345821325 0.2002080078125 0.3929077809798271
0  0.23291015625 0.42219020172910665 0.0185546875 0.06628242074927954 0.227673828125 0.409028818443804 0.235298828125 0.41157636887608073 0.2306953125 0.42770893371757923 0.22825 0.43620172910662824 0.235443359375 0.4391729106628242
0  0.06396484375 0.2896253602305475 0.0048828125 0.020172910662824207 -0.0009765625 -0.002881844380403458 -0.0009765625 -0.002881844380403458 -0.0009765625 -0.002881844380403458 -0.0009765625 -0.002881844380403458 -0.0009765625 -0.002881844380403458
0  0.07861328125 0.2723342939481268 0.0107421875 0.03170028818443804 -0.0009765625 -0.002881844380403458 -0.0009765625 -0.002881844380403458 -0.0009765625 -0.002881844380403458 -0.0009765625 -0.002881844380403458 -0.0009765625 -0.002881844380403458
0  0.078125 0.33285302593659943 0.015625 0.06628242074927954 0.0723349609375 0.3235907780979827 0.074986328125 0.3248242074927954 0.070521484375 0.3371757925072046 0.0723349609375 0.3507608069164265 0.075404296875 0.3515850144092219
0  0.11962890625 0.2723342939481268 0.0068359375 0.020172910662824207 0.1170302734375 0.26964553314121037 0.1197158203125 0.26936311239193084 0.1179892578125 0.27587319884726225 0.1172705078125 0.2802593659942363 0.11933203125 0.2796945244956772
0  0.12890625 0.35014409221902015 0.017578125 0.06051873198847262 -0.0009765625 -0.002881844380403458 -0.0009765625 -0.002881844380403458 -0.0009765625 -0.002881844380403458 -0.0009765625 -0.002881844380403458 -0.0009765625 -0.002881844380403458
0  0.1474609375 0.30835734870317005 0.009765625 0.040345821325648415 0.1428525390625 0.2988126801152738 0.147888671875 0.2952997118155619 0.14569140625 0.3082680115273775 0.1451416015625 0.31637175792507205 0.14825390625 0.31475216138328527
0  0.18017578125 0.3069164265129683 0.0146484375 0.05475504322766571 0.1773505859375 0.2954524495677234 0.1830009765625 0.29580115273775215 0.1793515625 0.30761095100864555 0.17746875 0.3183804034582132 0.18194140625 0.31872622478386164
0  0.224609375 0.29250720461095103 0.005859375 0.025936599423631124 -0.0009765625 -0.002881844380403458 -0.0009765625 -0.002881844380403458 -0.0009765625 -0.002881844380403458 -0.0009765625 -0.002881844380403458 -0.0009765625 -0.002881844380403458
0  0.23388671875 0.3256484149855908 0.0126953125 0.040345821325648415 0.2303466796875 0.31484149855907784 0.2359267578125 0.3158703170028818 0.2322646484375 0.3266772334293948 0.2306083984375 0.33568299711815563 0.234357421875 0.33568299711815563
0  0.05517578125 0.24639769452449567 0.0029296875 0.008645533141210375 -0.0009765625 -0.002881844380403458 -0.0009765625 -0.002881844380403458 -0.0009765625 -0.002881844380403458 -0.0009765625 -0.002881844380403458 -0.0009765625 -0.002881844380403458
0  0.3466796875 0.43948126801152737 0.01953125 0.07780979827089338 0.340728515625 0.43007780979827087 0.3483798828125 0.4325850144092219 0.34344921875 0.44864265129682995 0.3425986328125 0.46469740634005763 0.3480400390625 0.4657002881844381
0  0.31689453125 0.28530259365994237 0.0068359375 0.01729106628242075 -0.0009765625 -0.002881844380403458 -0.0009765625 -0.002881844380403458 -0.0009765625 -0.002881844380403458 -0.0009765625 -0.002881844380403458 -0.0009765625 -0.002881844380403458
0  0.361328125 0.29971181556195964 0.009765625 0.0345821325648415 0.361685546875 0.2896512968299712 0.365609375 0.2894207492795389 0.364353515625 0.2982190201729107 0.361763671875 0.3042391930835735 0.3649033203125 0.3042391930835735
0  0.37744140625 0.26368876080691644 0.0068359375 0.020172910662824207 -0.0009765625 -0.002881844380403458 -0.0009765625 -0.002881844380403458 -0.0009765625 -0.002881844380403458 -0.0009765625 -0.002881844380403458 -0.0009765625 -0.002881844380403458
0  0.38134765625 0.37319884726224783 0.0146484375 0.06628242074927954 0.3834228515625 0.3511988472622478 0.3850537109375 0.3490115273775216 0.388017578125 0.3643227665706052 0.3809033203125 0.3927550432276657 0.3843125 0.39100576368876083
0  0.4208984375 0.2824207492795389 0.013671875 0.05763688760806916 0.4237060546875 0.2788184438040346 0.4251708984375 0.2770172910662824 0.42724609375 0.28206051873198845 0.424072265625 0.2989913544668588 0.4248046875 0.2979106628242075
0  0.4638671875 0.15994236311239193 0.021484375 0.08357348703170028 0.4604365234375 0.13912680115273776 0.4691943359375 0.14123631123919309 0.465083984375 0.16127953890489913 0.4591845703125 0.1734121037463977 0.468658203125 0.17710374639769452
0  0.53173828125 0.24927953890489912 0.0400390625 0.1642651296829971 0.54296875 0.20769740634005762 0.54541015625 0.21078674351585014 0.5506416015625 0.2632766570605187 0.5377373046875 0.2910662824207493 0.5401787109375 0.2941527377521614
0  0.56689453125 0.3184438040345821 0.0068359375 0.020172910662824207 -0.0009765625 -0.002881844380403458 -0.0009765625 -0.002881844380403458 -0.0009765625 -0.002881844380403458 -0.0009765625 -0.002881844380403458 -0.0009765625 -0.002881844380403458
0  0.6259765625 0.3112391930835735 0.005859375 0.023054755043227664 0.62308203125 0.3065043227665706 0.6268486328125 0.3065043227665706 0.6243896484375 0.31113544668587895 0.6229775390625 0.3159221902017291 0.6251220703125 0.3162305475504323
0  0.642578125 0.29394812680115273 0.00390625 0.01729106628242075 -0.0009765625 -0.002881844380403458 -0.0009765625 -0.002881844380403458 -0.0009765625 -0.002881844380403458 -0.0009765625 -0.002881844380403458 -0.0009765625 -0.002881844380403458
0  0.72802734375 0.35446685878962536 0.0107421875 0.040345821325648415 0.72735546875 0.3468242074927954 0.73080859375 0.34427665706051874 0.7301376953125 0.35588184438040343 0.72869921875 0.3649394812680115 0.731384765625 0.3632420749279539
0  0.7509765625 0.3227665706051873 0.0078125 0.0345821325648415 -0.0009765625 -0.002881844380403458 -0.0009765625 -0.002881844380403458 -0.0009765625 -0.002881844380403458 -0.0009765625 -0.002881844380403458 -0.0009765625 -0.002881844380403458
0  0.66943359375 0.34438040345821325 0.0087890625 0.025936599423631124 -0.0009765625 -0.002881844380403458 -0.0009765625 -0.002881844380403458 -0.0009765625 -0.002881844380403458 -0.0009765625 -0.002881844380403458 -0.0009765625 -0.002881844380403458
0  0.6796875 0.3703170028818444 0.01171875 0.043227665706051875 0.676138671875 0.3623659942363112 0.6801669921875 0.3643487031700288 0.676330078125 0.3736887608069164 0.677673828125 0.3827435158501441 0.6808388671875 0.38472622478386165
0  0.703125 0.361671469740634 0.01171875 0.043227665706051875 0.698408203125 0.35655043227665706 0.7015732421875 0.35824783861671466 0.698599609375 0.3670230547550432 0.69955859375 0.3763631123919309 0.7015732421875 0.3757982708933717
0  0.71630859375 0.39337175792507206 0.0126953125 0.043227665706051875 0.7135625 0.383463976945245 0.7187802734375 0.3829250720461095 0.7151181640625 0.39427089337175797 0.71466015625 0.4050778097982709 0.717865234375 0.40453890489913547
0  0.763671875 0.34870317002881845 0.01171875 0.0345821325648415 -0.0009765625 -0.002881844380403458 -0.0009765625 -0.002881844380403458 -0.0009765625 -0.002881844380403458 -0.0009765625 -0.002881844380403458 -0.0009765625 -0.002881844380403458
0  0.76123046875 0.4250720461095101 0.0126953125 0.043227665706051875 0.756896484375 0.41921902017291063 0.7607421875 0.41867723342939483 0.758453125 0.430835734870317 0.758361328125 0.438671469740634 0.76156640625 0.4389394812680116
0  0.6806640625 0.2968299711815562 0.005859375 0.01729106628242075 -0.0009765625 -0.002881844380403458 -0.0009765625 -0.002881844380403458 -0.0009765625 -0.002881844380403458 -0.0009765625 -0.002881844380403458 -0.0009765625 -0.002881844380403458
0  0.69580078125 0.30835734870317005 0.0068359375 0.023054755043227664 -0.0009765625 -0.002881844380403458 -0.0009765625 -0.002881844380403458 -0.0009765625 -0.002881844380403458 -0.0009765625 -0.002881844380403458 -0.0009765625 -0.002881844380403458
0  0.7001953125 0.26945244956772335 0.00390625 0.008645533141210375 -0.0009765625 -0.002881844380403458 -0.0009765625 -0.002881844380403458 -0.0009765625 -0.002881844380403458 -0.0009765625 -0.002881844380403458 -0.0009765625 -0.002881844380403458
0  0.70068359375 0.2838616714697406 0.0048828125 0.01440922190201729 -0.0009765625 -0.002881844380403458 -0.0009765625 -0.002881844380403458 -0.0009765625 -0.002881844380403458 -0.0009765625 -0.002881844380403458 -0.0009765625 -0.002881844380403458
0  0.6884765625 0.2737752161383285 0.00390625 0.011527377521613832 -0.0009765625 -0.002881844380403458 -0.0009765625 -0.002881844380403458 -0.0009765625 -0.002881844380403458 -0.0009765625 -0.002881844380403458 -0.0009765625 -0.002881844380403458
0  0.79052734375 0.3530259365994236 0.0087890625 0.03170028818443804 -0.0009765625 -0.002881844380403458 -0.0009765625 -0.002881844380403458 -0.0009765625 -0.002881844380403458 -0.0009765625 -0.002881844380403458 -0.0009765625 -0.002881844380403458
0  0.80859375 0.3314121037463977 0.0078125 0.02881844380403458 -0.0009765625 -0.002881844380403458 -0.0009765625 -0.002881844380403458 -0.0009765625 -0.002881844380403458 -0.0009765625 -0.002881844380403458 -0.0009765625 -0.002881844380403458
0  0.783203125 0.3314121037463977 0.0078125 0.02881844380403458 -0.0009765625 -0.002881844380403458 -0.0009765625 -0.002881844380403458 -0.0009765625 -0.002881844380403458 -0.0009765625 -0.002881844380403458 -0.0009765625 -0.002881844380403458
0  0.828125 0.29250720461095103 0.005859375 0.01440922190201729 -0.0009765625 -0.002881844380403458 -0.0009765625 -0.002881844380403458 -0.0009765625 -0.002881844380403458 -0.0009765625 -0.002881844380403458 -0.0009765625 -0.002881844380403458
0  0.82080078125 0.3184438040345821 0.0068359375 0.020172910662824207 -0.0009765625 -0.002881844380403458 -0.0009765625 -0.002881844380403458 -0.0009765625 -0.002881844380403458 -0.0009765625 -0.002881844380403458 -0.0009765625 -0.002881844380403458
0  0.84326171875 0.3069164265129683 0.0048828125 0.01440922190201729 -0.0009765625 -0.002881844380403458 -0.0009765625 -0.002881844380403458 -0.0009765625 -0.002881844380403458 -0.0009765625 -0.002881844380403458 -0.0009765625 -0.002881844380403458
0  0.859375 0.31988472622478387 0.005859375 0.023054755043227664 -0.0009765625 -0.002881844380403458 -0.0009765625 -0.002881844380403458 -0.0009765625 -0.002881844380403458 -0.0009765625 -0.002881844380403458 -0.0009765625 -0.002881844380403458
0  0.8681640625 0.30979827089337175 0.0078125 0.025936599423631124 -0.0009765625 -0.002881844380403458 -0.0009765625 -0.002881844380403458 -0.0009765625 -0.002881844380403458 -0.0009765625 -0.002881844380403458 -0.0009765625 -0.002881844380403458
0  0.85302734375 0.3314121037463977 0.0048828125 0.01729106628242075 -0.0009765625 -0.002881844380403458 -0.0009765625 -0.002881844380403458 -0.0009765625 -0.002881844380403458 -0.0009765625 -0.002881844380403458 -0.0009765625 -0.002881844380403458
0  0.8681640625 0.22046109510086456 0.00390625 0.01440922190201729 -0.0009765625 -0.002881844380403458 -0.0009765625 -0.002881844380403458 -0.0009765625 -0.002881844380403458 -0.0009765625 -0.002881844380403458 -0.0009765625 -0.002881844380403458
0  0.8740234375 0.39913544668587897 0.013671875 0.043227665706051875 0.8697861328125 0.3889193083573487 0.872087890625 0.3906195965417867 0.8688271484375 0.40193948126801154 0.87045703125 0.4087319884726225 0.8709365234375 0.40844956772334295
0  0.96826171875 0.3170028818443804 0.0068359375 0.023054755043227664 -0.0009765625 -0.002881844380403458 -0.0009765625 -0.002881844380403458 -0.0009765625 -0.002881844380403458 -0.0009765625 -0.002881844380403458 -0.0009765625 -0.002881844380403458
0  0.99267578125 0.33429394812680113 0.0068359375 0.023054755043227664 -0.0009765625 -0.002881844380403458 -0.0009765625 -0.002881844380403458 -0.0009765625 -0.002881844380403458 -0.0009765625 -0.002881844380403458 -0.0009765625 -0.002881844380403458
0  0.96728515625 0.2723342939481268 0.0029296875 0.01440922190201729 -0.0009765625 -0.002881844380403458 -0.0009765625 -0.002881844380403458 -0.0009765625 -0.002881844380403458 -0.0009765625 -0.002881844380403458 -0.0009765625 -0.002881844380403458
0  0.92578125 0.25360230547550433 0.001953125 0.005763688760806916 -0.0009765625 -0.002881844380403458 -0.0009765625 -0.002881844380403458 -0.0009765625 -0.002881844380403458 -0.0009765625 -0.002881844380403458 -0.0009765625 -0.002881844380403458
0  0.8037109375 0.38760806916426516 0.009765625 0.037463976945244955 -0.0009765625 -0.002881844380403458 -0.0009765625 -0.002881844380403458 -0.0009765625 -0.002881844380403458 -0.0009765625 -0.002881844380403458 -0.0009765625 -0.002881844380403458
0  0.82861328125 0.3659942363112392 0.0068359375 0.023054755043227664 -0.0009765625 -0.002881844380403458 -0.0009765625 -0.002881844380403458 -0.0009765625 -0.002881844380403458 -0.0009765625 -0.002881844380403458 -0.0009765625 -0.002881844380403458
0  0.01708984375 0.29827089337175794 0.0048828125 0.025936599423631124 -0.0009765625 -0.002881844380403458 -0.0009765625 -0.002881844380403458 -0.0009765625 -0.002881844380403458 -0.0009765625 -0.002881844380403458 -0.0009765625 -0.002881844380403458
0  0.04052734375 0.24927953890489912 0.0048828125 0.01440922190201729 -0.0009765625 -0.002881844380403458 -0.0009765625 -0.002881844380403458 -0.0009765625 -0.002881844380403458 -0.0009765625 -0.002881844380403458 -0.0009765625 -0.002881844380403458
0  0.03369140625 0.2780979827089337 0.0048828125 0.020172910662824207 -0.0009765625 -0.002881844380403458 -0.0009765625 -0.002881844380403458 -0.0009765625 -0.002881844380403458 -0.0009765625 -0.002881844380403458 -0.0009765625 -0.002881844380403458
0  0.02294921875 0.27521613832853026 0.0048828125 0.025936599423631124 -0.0009765625 -0.002881844380403458 -0.0009765625 -0.002881844380403458 -0.0009765625 -0.002881844380403458 -0.0009765625 -0.002881844380403458 -0.0009765625 -0.002881844380403458
0  0.1376953125 0.28097982708933716 0.005859375 0.025936599423631124 -0.0009765625 -0.002881844380403458 -0.0009765625 -0.002881844380403458 -0.0009765625 -0.002881844380403458 -0.0009765625 -0.002881844380403458 -0.0009765625 -0.002881844380403458
0  0.09765625 0.31988472622478387 0.009765625 0.04610951008645533 -0.0009765625 -0.002881844380403458 -0.0009765625 -0.002881844380403458 -0.0009765625 -0.002881844380403458 -0.0009765625 -0.002881844380403458 -0.0009765625 -0.002881844380403458
0  0.2109375 0.2824207492795389 0.005859375 0.01729106628242075 -0.0009765625 -0.002881844380403458 -0.0009765625 -0.002881844380403458 -0.0009765625 -0.002881844380403458 -0.0009765625 -0.002881844380403458 -0.0009765625 -0.002881844380403458
0  0.0556640625 0.6829971181556196 0.048828125 0.14985590778097982 0.0351259765625 0.6599538904899135 0.05040234375 0.7069135446685879 0.031306640625 0.69564265129683 0.037990234375 0.7181844380403458 0.0424453125 0.7313314121037464
0  0.65576171875 0.3256484149855908 0.0068359375 0.01729106628242075 -0.0009765625 -0.002881844380403458 -0.0009765625 -0.002881844380403458 -0.0009765625 -0.002881844380403458 -0.0009765625 -0.002881844380403458 -0.0009765625 -0.002881844380403458
0  0.40771484375 0.28097982708933716 0.0087890625 0.03170028818443804 -0.0009765625 -0.002881844380403458 -0.0009765625 -0.002881844380403458 -0.0009765625 -0.002881844380403458 -0.0009765625 -0.002881844380403458 -0.0009765625 -0.002881844380403458
0  0.5703125 0.2780979827089337 0.00390625 0.01440922190201729 -0.0009765625 -0.002881844380403458 -0.0009765625 -0.002881844380403458 -0.0009765625 -0.002881844380403458 -0.0009765625 -0.002881844380403458 -0.0009765625 -0.002881844380403458
0  0.822265625 0.26368876080691644 0.00390625 0.01440922190201729 -0.0009765625 -0.002881844380403458 -0.0009765625 -0.002881844380403458 -0.0009765625 -0.002881844380403458 -0.0009765625 -0.002881844380403458 -0.0009765625 -0.002881844380403458
0  0.92236328125 0.2579250720461095 0.0029296875 0.008645533141210375 -0.0009765625 -0.002881844380403458 -0.0009765625 -0.002881844380403458 -0.0009765625 -0.002881844380403458 -0.0009765625 -0.002881844380403458 -0.0009765625 -0.002881844380403458
0  0.95458984375 0.2521613832853026 0.0029296875 0.01440922190201729 -0.0009765625 -0.002881844380403458 -0.0009765625 -0.002881844380403458 -0.0009765625 -0.002881844380403458 -0.0009765625 -0.002881844380403458 -0.0009765625 -0.002881844380403458
0  0.94677734375 0.24639769452449567 0.0048828125 0.008645533141210375 -0.0009765625 -0.002881844380403458 -0.0009765625 -0.002881844380403458 -0.0009765625 -0.002881844380403458 -0.0009765625 -0.002881844380403458 -0.0009765625 -0.002881844380403458
0  0.24267578125 0.3170028818443804 0.0068359375 0.02881844380403458 -0.0009765625 -0.002881844380403458 -0.0009765625 -0.002881844380403458 -0.0009765625 -0.002881844380403458 -0.0009765625 -0.002881844380403458 -0.0009765625 -0.002881844380403458
0  0.34326171875 0.3242074927953891 0.0048828125 0.01440922190201729 -0.0009765625 -0.002881844380403458 -0.0009765625 -0.002881844380403458 -0.0009765625 -0.002881844380403458 -0.0009765625 -0.002881844380403458 -0.0009765625 -0.002881844380403458
0  0.32666015625 0.3804034582132565 0.0068359375 0.0345821325648415 -0.0009765625 -0.002881844380403458 -0.0009765625 -0.002881844380403458 -0.0009765625 -0.002881844380403458 -0.0009765625 -0.002881844380403458 -0.0009765625 -0.002881844380403458
0  0.24609375 0.27953890489913547 0.005859375 0.023054755043227664 -0.0009765625 -0.002881844380403458 -0.0009765625 -0.002881844380403458 -0.0009765625 -0.002881844380403458 -0.0009765625 -0.002881844380403458 -0.0009765625 -0.002881844380403458
0  0.11572265625 0.4423631123919308 0.0322265625 0.11815561959654179 0.1069072265625 0.42525072046109513 0.1185390625 0.41853602305475507 0.1134814453125 0.4521152737752161 0.1079189453125 0.4737550432276657 0.12233203125 0.46778386167146974
0  0.1728515625 0.2953890489913545 0.0078125 0.025936599423631124 -0.0009765625 -0.002881844380403458 -0.0009765625 -0.002881844380403458 -0.0009765625 -0.002881844380403458 -0.0009765625 -0.002881844380403458 -0.0009765625 -0.002881844380403458
0  0.21630859375 0.29250720461095103 0.0048828125 0.020172910662824207 -0.0009765625 -0.002881844380403458 -0.0009765625 -0.002881844380403458 -0.0009765625 -0.002881844380403458 -0.0009765625 -0.002881844380403458 -0.0009765625 -0.002881844380403458
