0  0.0244140625 0.283661119515885 0.048828125 0.09531013615733737 0.0258046875 0.2728411497730711 0.0436533203125 0.27404387291981847 0.037056640625 0.2992889561270802 0.019984375 0.31491830559757944 0.039384765625 0.3185249621785174
0  0.04638671875 0.3275340393343419 0.0166015625 0.037821482602118005 -0.0009765625 -0.0015128593040847202 -0.0009765625 -0.0015128593040847202 -0.0009765625 -0.0015128593040847202 -0.0009765625 -0.0015128593040847202 -0.0009765625 -0.0015128593040847202
0  0.119140625 0.2957639939485628 0.046875 0.08925869894099848 0.1181640625 0.2723146747352496 0.139404296875 0.2751512859304085 0.1331787109375 0.29444024205748864 0.1251220703125 0.3148638426626324 0.1353759765625 0.3154311649016641
0  0.2041015625 0.31089258698940997 0.041015625 0.08018154311649017 0.205248046875 0.29772314674735245 0.221923828125 0.29924205748865357 0.2183271484375 0.31899697428139184 0.20590234375 0.33064750378214824 0.213095703125 0.3341936459909228
0  0.263671875 0.28819969742813917 0.02734375 0.059001512859304085 0.2587890625 0.2692889561270802 0.2705078125 0.26777609682299547 0.2763671875 0.28895612708018154 0.265625 0.3040847201210287 0.2724609375 0.30559757942511345
0  0.29638671875 0.30786686838124055 0.0263671875 0.049924357034795766 -0.0009765625 -0.0015128593040847202 -0.0009765625 -0.0015128593040847202 -0.0009765625 -0.0015128593040847202 -0.0009765625 -0.0015128593040847202 -0.0009765625 -0.0015128593040847202
0  0.3447265625 0.2897125567322239 0.041015625 0.07715582450832073 0.34375 0.27685325264750377 0.3623046875 0.27685325264750377 0.361328125 0.29652042360060515 0.3515625 0.31316187594553707 0.3623046875 0.31164901664145234
0  0.44091796875 0.30257186081694404 0.0341796875 0.06656580937972768 -0.0009765625 -0.0015128593040847202 -0.0009765625 -0.0015128593040847202 -0.0009765625 -0.0015128593040847202 -0.0009765625 -0.0015128593040847202 -0.0009765625 -0.0015128593040847202
0  0.52880859375 0.291981845688351 0.0302734375 0.06959152798789713 -0.0009765625 -0.0015128593040847202 -0.0009765625 -0.0015128593040847202 -0.0009765625 -0.0015128593040847202 -0.0009765625 -0.0015128593040847202 -0.0009765625 -0.0015128593040847202
0  0.58642578125 0.2934947049924357 0.0341796875 0.06959152798789713 0.5891025390625 0.28262027231467474 0.5954326171875 0.2835128593040847 0.599173828125 0.3013434190620272 0.5876640625 0.31516036308623296 0.589390625 0.31471558245083203
0  0.61767578125 0.3093797276853253 0.0224609375 0.0529500756429652 0.61887890625 0.3028819969742814 0.627380859375 0.30457034795763993 0.624982421875 0.316052950075643 0.617134765625 0.3255083207261725 0.624328125 0.3282087745839637
0  0.638671875 0.31391830559757944 0.017578125 0.04084720121028744 -0.0009765625 -0.0015128593040847202 -0.0009765625 -0.0015128593040847202 -0.0009765625 -0.0015128593040847202 -0.0009765625 -0.0015128593040847202 -0.0009765625 -0.0015128593040847202
0  0.67236328125 0.31316187594553707 0.0380859375 0.05446293494704992 0.665169921875 0.3038623298033283 0.6829140625 0.3038623298033283 0.6740419921875 0.3153767019667171 0.667087890625 0.32540695915279877 0.680515625 0.3257776096822995
0  0.73583984375 0.3555219364599092 0.0283203125 0.060514372163388806 0.73659375 0.3462965204236006 0.74380078125 0.3470665658093797 0.74504296875 0.36131013615733737 0.7358486328125 0.37093494704992436 0.739576171875 0.372089258698941
0  0.787109375 0.3426626323751891 0.029296875 0.06202723146747353 0.7912509765625 0.34035249621785174 0.79999609375 0.34154765506807866 0.799224609375 0.3523071104387292 0.789193359375 0.3606747352496218 0.795109375 0.36147201210287444
0  0.85107421875 0.3146747352496218 0.0322265625 0.05446293494704992 0.8548544921875 0.3018623298033283 0.8639697265625 0.3004856278366112 0.8624140625 0.3084069591527988 0.8588564453125 0.3211512859304085 0.86508203125 0.3187413010590015
0  0.93359375 0.3207261724659607 0.02734375 0.057488653555219364 0.9354599609375 0.31160816944024206 0.94534765625 0.30978517397882 0.9434638671875 0.3236444780635401 0.937578125 0.3353146747352496 0.9429931640625 0.33567927382753404
0  0.99365234375 0.3373676248108926 0.0126953125 0.05143721633888049 -0.0009765625 -0.0015128593040847202 -0.0009765625 -0.0015128593040847202 -0.0009765625 -0.0015128593040847202 -0.0009765625 -0.0015128593040847202 -0.0009765625 -0.0015128593040847202
