0  0.97119140625 0.7076822916666666 0.0537109375 0.08984375 0.9671630859375 0.6990559895833334 0.989806640625 0.693359375 0.983826171875 0.7229817708333334 0.9688720703125 0.7320963541666666 0.991943359375 0.728109375
0  0.8447265625 0.5631510416666666 0.01953125 0.03515625 0.847560546875 0.5538854166666667 0.847560546875 0.5538854166666667 0.8523642578125 0.5616158854166667 0.849216796875 0.5697890625 0.849216796875 0.5697890625
0  0.79638671875 0.61328125 0.0244140625 0.046875 -0.0009765625 -0.0013020833333333333 -0.0009765625 -0.0013020833333333333 -0.0009765625 -0.0013020833333333333 -0.0009765625 -0.0013020833333333333 -0.0009765625 -0.0013020833333333333
0  0.7626953125 0.6432291666666666 0.046875 0.07291666666666667 -0.0009765625 -0.0013020833333333333 -0.0009765625 -0.0013020833333333333 -0.0009765625 -0.0013020833333333333 -0.0009765625 -0.0013020833333333333 -0.0009765625 -0.0013020833333333333
0  0.76953125 0.56640625 0.01171875 0.0234375 0.7713447265625 0.5645 0.7717978515625 0.5645 0.7753125 0.5693359375 0.771912109375 0.5734166666666667 0.772591796875 0.573265625
0  0.7109375 0.5904947916666666 0.015625 0.04296875 -0.0009765625 -0.0013020833333333333 -0.0009765625 -0.0013020833333333333 -0.0009765625 -0.0013020833333333333 -0.0009765625 -0.0013020833333333333 -0.0009765625 -0.0013020833333333333
0  0.71923828125 0.71875 0.0771484375 0.13020833333333334 0.70166015625 0.6995442708333334 0.7333984375 0.6946614583333334 0.7181396484375 0.72314453125 0.710205078125 0.7540690104166666 0.73583984375 0.74755859375
0  0.66162109375 0.609375 0.0146484375 0.033854166666666664 -0.0009765625 -0.0013020833333333333 -0.0009765625 -0.0013020833333333333 -0.0009765625 -0.0013020833333333333 -0.0009765625 -0.0013020833333333333 -0.0009765625 -0.0013020833333333333
0  0.6533203125 0.5735677083333334 0.01171875 0.01953125 -0.0009765625 -0.0013020833333333333 -0.0009765625 -0.0013020833333333333 -0.0009765625 -0.0013020833333333333 -0.0009765625 -0.0013020833333333333 -0.0009765625 -0.0013020833333333333
0  0.59326171875 0.6484375 0.0400390625 0.057291666666666664 0.5856328125 0.6357018229166667 0.6018369140625 0.6357018229166667 0.594421875 0.6459557291666667 0.5872802734375 0.6591393229166667 0.6032109375 0.6580403645833334
0  0.6005859375 0.58984375 0.021484375 0.026041666666666668 0.5955029296875 0.5804739583333333 0.6037470703125 0.5793919270833333 0.60009765625 0.5860598958333333 0.59739453125 0.59110546875 0.6038818359375 0.5902044270833333
0  0.634765625 0.5716145833333334 0.017578125 0.0234375 -0.0009765625 -0.0013020833333333333 -0.0009765625 -0.0013020833333333333 -0.0009765625 -0.0013020833333333333 -0.0009765625 -0.0013020833333333333 -0.0009765625 -0.0013020833333333333
0  0.5712890625 0.5598958333333334 0.021484375 0.033854166666666664 0.57196875 0.5515247395833334 0.5784296875 0.5513046875 0.576607421875 0.5577096354166667 0.5734599609375 0.5643372395833334 0.57958984375 0.5647786458333334
0  0.53564453125 0.607421875 0.0224609375 0.037760416666666664 0.538064453125 0.6006380208333334 0.5443203125 0.5999231770833333 0.5448564453125 0.6082643229166667 0.540923828125 0.615890625 0.5459287109375 0.615890625
0  0.49658203125 0.576171875 0.0185546875 0.024739583333333332 0.49609375 0.5703125 0.5029296875 0.5704752604166666 0.500732421875 0.57666015625 0.4957275390625 0.580078125 0.50244140625 0.5799153645833334
0  0.47607421875 0.5729166666666666 0.0126953125 0.020833333333333332 -0.0009765625 -0.0013020833333333333 -0.0009765625 -0.0013020833333333333 -0.0009765625 -0.0013020833333333333 -0.0009765625 -0.0013020833333333333 -0.0009765625 -0.0013020833333333333
0  0.45263671875 0.5885416666666666 0.0185546875 0.026041666666666668 0.4529248046875 0.5809791666666667 0.4600048828125 0.5821588541666667 0.457728515625 0.58890234375 0.4538095703125 0.5951393229166667 0.4593720703125 0.5949713541666667
0  0.45947265625 0.63671875 0.0166015625 0.033854166666666664 -0.0009765625 -0.0013020833333333333 -0.0009765625 -0.0013020833333333333 -0.0009765625 -0.0013020833333333333 -0.0009765625 -0.0013020833333333333 -0.0009765625 -0.0013020833333333333
0  0.416015625 0.5579427083333334 0.013671875 0.022135416666666668 -0.0009765625 -0.0013020833333333333 -0.0009765625 -0.0013020833333333333 -0.0009765625 -0.0013020833333333333 -0.0009765625 -0.0013020833333333333 -0.0009765625 -0.0013020833333333333
0  0.3876953125 0.556640625 0.015625 0.024739583333333332 0.38720703125 0.5536588541666666 0.3934453125 0.5520885416666667 0.3917978515625 0.5577395833333333 0.3882666015625 0.56291796875 0.3934453125 0.5618203125
0  0.35302734375 0.5885416666666666 0.0224609375 0.0390625 0.3492783203125 0.5838919270833333 0.3577138671875 0.5801419270833333 0.3569638671875 0.589890625 0.35208984375 0.6001380208333333 0.3590263671875 0.5983880208333333
0  0.306640625 0.6100260416666666 0.037109375 0.06380208333333333 0.293640625 0.5987955729166666 0.307068359375 0.600015625 0.300353515625 0.6105963541666667 0.2957763671875 0.619140625 0.30340625 0.619546875
0  0.25390625 0.57421875 0.017578125 0.041666666666666664 -0.0009765625 -0.0013020833333333333 -0.0009765625 -0.0013020833333333333 -0.0009765625 -0.0013020833333333333 -0.0009765625 -0.0013020833333333333 -0.0009765625 -0.0013020833333333333
0  0.015625 0.6106770833333334 0.01171875 0.020833333333333332 -0.0009765625 -0.0013020833333333333 -0.0009765625 -0.0013020833333333333 -0.0009765625 -0.0013020833333333333 -0.0009765625 -0.0013020833333333333 -0.0009765625 -0.0013020833333333333
0  0.26806640625 0.6927083333333334 0.0673828125 0.11458333333333333 0.244873046875 0.6690611979166667 0.2756875 0.66545703125 0.252982421875 0.6964518229166666 0.250279296875 0.7187968749999999 0.2735244140625 0.7180755208333333
0  0.38720703125 0.6061197916666666 0.0400390625 0.06901041666666667 0.377236328125 0.59565625 0.398490234375 0.5987083333333333 0.3844296875 0.6008880208333334 0.3759287109375 0.6205065104166666 0.3919501953125 0.6226861979166667
0  0.13427734375 0.7311197916666666 0.0654296875 0.07421875 0.117806640625 0.7057760416666666 0.126412109375 0.7112395833333333 0.103462890625 0.7254466145833334 0.1149375 0.7440247395833333 0.1239541015625 0.74948828125
0  0.5048828125 0.7037760416666666 0.0390625 0.06640625 0.5006279296875 0.6934986979166666 0.5182060546875 0.69140625 0.514125 0.7018697916666666 0.502197265625 0.7198658854166666 0.519775390625 0.71442578125
0  0.8095703125 0.8828125 0.12109375 0.19791666666666666 0.79705859375 0.8625833333333334 0.84773046875 0.8557135416666667 0.84171875 0.888921875 0.812517578125 0.9335820312499999 0.8537421875 0.9278567708333334
0  0.37158203125 0.9811197916666666 0.1142578125 0.03515625 -0.0009765625 -0.0013020833333333333 -0.0009765625 -0.0013020833333333333 -0.0009765625 -0.0013020833333333333 -0.0009765625 -0.0013020833333333333 -0.0009765625 -0.0013020833333333333
0  0.0068359375 0.572265625 0.013671875 0.055989583333333336 0.009896484375 0.5670625 0.010162109375 0.5670625 0.013619140625 0.5777005208333333 0.009630859375 0.5858567708333333 0.010162109375 0.5862109375
0  0.9326171875 0.634765625 0.04296875 0.055989583333333336 -0.0009765625 -0.0013020833333333333 -0.0009765625 -0.0013020833333333333 -0.0009765625 -0.0013020833333333333 -0.0009765625 -0.0013020833333333333 -0.0009765625 -0.0013020833333333333
0  0.037109375 0.5572916666666666 0.013671875 0.018229166666666668 -0.0009765625 -0.0013020833333333333 -0.0009765625 -0.0013020833333333333 -0.0009765625 -0.0013020833333333333 -0.0009765625 -0.0013020833333333333 -0.0009765625 -0.0013020833333333333
