0  0.1708984375 0.10980966325036604 0.01171875 0.02342606149341142 -0.0009765625 -0.0014641288433382138 -0.0009765625 -0.0014641288433382138 -0.0009765625 -0.0014641288433382138 -0.0009765625 -0.0014641288433382138 -0.0009765625 -0.0014641288433382138
0  0.07568359375 0.09736456808199122 0.0126953125 0.024890190336749635 -0.0009765625 -0.0014641288433382138 -0.0009765625 -0.0014641288433382138 -0.0009765625 -0.0014641288433382138 -0.0009765625 -0.0014641288433382138 -0.0009765625 -0.0014641288433382138
0  0.06982421875 0.07540263543191801 0.0146484375 0.024890190336749635 -0.0009765625 -0.0014641288433382138 -0.0009765625 -0.0014641288433382138 -0.0009765625 -0.0014641288433382138 -0.0009765625 -0.0014641288433382138 -0.0009765625 -0.0014641288433382138
0  0.28515625 0.18667642752562225 0.01171875 0.024890190336749635 -0.0009765625 -0.0014641288433382138 -0.0009765625 -0.0014641288433382138 -0.0009765625 -0.0014641288433382138 -0.0009765625 -0.0014641288433382138 -0.0009765625 -0.0014641288433382138
0  0.294921875 0.26500732064421667 0.015625 0.032210834553440704 -0.0009765625 -0.0014641288433382138 -0.0009765625 -0.0014641288433382138 -0.0009765625 -0.0014641288433382138 -0.0009765625 -0.0014641288433382138 -0.0009765625 -0.0014641288433382138
0  0.3232421875 0.2957540263543192 0.01953125 0.032210834553440704 0.3202431640625 0.2903162518301611 0.3290322265625 0.2903162518301611 0.3248466796875 0.2957540263543192 0.3213583984375 0.3047481698389458 0.3281943359375 0.3049575402635432
0  0.40087890625 0.2767203513909224 0.0205078125 0.040995607613469986 0.393763671875 0.27227525622254756 0.40283203125 0.2735827232796486 0.396728515625 0.2811654465592972 0.394810546875 0.2853484626647145 0.3989951171875 0.28587115666178625
0  0.39013671875 0.24158125915080528 0.0146484375 0.02635431918008785 -0.0009765625 -0.0014641288433382138 -0.0009765625 -0.0014641288433382138 -0.0009765625 -0.0014641288433382138 -0.0009765625 -0.0014641288433382138 -0.0009765625 -0.0014641288433382138
0  0.4150390625 0.1815519765739385 0.015625 0.029282576866764276 0.414171875 0.1779765739385066 0.4215048828125 0.17835578330893118 0.417837890625 0.18385212298682282 0.4155625 0.18934992679355783 0.420240234375 0.18934992679355783
0  0.29931640625 0.20351390922401172 0.0185546875 0.029282576866764276 0.29590234375 0.20088579795021963 0.3042470703125 0.20334992679355784 0.2996953125 0.2075212298682284 0.2957763671875 0.21036456808199122 0.302603515625 0.21131185944363104
0  0.2626953125 0.21888726207906295 0.013671875 0.024890190336749635 0.2568662109375 0.21414787701317717 0.2629697265625 0.2159458272327965 0.256103515625 0.221502196193265 0.257193359375 0.2270571010248902 0.2612265625 0.22820204978038067
0  0.2685546875 0.31332357247437775 0.021484375 0.03806734992679356 0.26243359375 0.30910102489019037 0.27369921875 0.30934992679355783 0.2685634765625 0.31878770131771594 0.2647529296875 0.32599121522693997 0.2722080078125 0.32599121522693997
0  0.37841796875 0.3733528550512445 0.0224609375 0.04685212298682284 0.3738056640625 0.36967935578330896 0.3826337890625 0.36673792093704244 0.377533203125 0.37350366032210836 0.3759638671875 0.3843865300146413 0.3834189453125 0.3817393850658858
0  0.36669921875 0.3733528550512445 0.0009765625 0.0 -0.0009765625 -0.0014641288433382138 -0.0009765625 -0.0014641288433382138 -0.0009765625 -0.0014641288433382138 -0.0009765625 -0.0014641288433382138 -0.0009765625 -0.0014641288433382138
0  0.3359375 0.4172767203513909 0.021484375 0.043923865300146414 0.33582421875 0.4114860907759883 0.343884765625 0.4114860907759883 0.343322265625 0.42019912152269395 0.3384482421875 0.4283484626647145 0.345009765625 0.4263821376281113
0  0.384765625 0.4546120058565154 0.025390625 0.0424597364568082 0.374939453125 0.44838945827232796 0.385009765625 0.44784040995607616 0.3780517578125 0.45525329428989747 0.376220703125 0.4634875549048316 0.383361328125 0.4634875549048316
0  0.38232421875 0.5065885797950219 0.0224609375 0.0527086383601757 0.37872265625 0.5035226939970717 0.3880615234375 0.5005226939970718 0.386283203125 0.513190336749634 0.3809462890625 0.5208579795021961 0.391173828125 0.5175241581259151
0  0.494140625 0.39751098096632503 0.025390625 0.05124450951683748 0.4863583984375 0.39217715959004396 0.4976982421875 0.39251098096632503 0.49102734375 0.4028448023426061 0.487248046875 0.4131786237188873 0.4979208984375 0.4128448023426062
0  0.42822265625 0.4143484626647145 0.0224609375 0.055636896046852125 -0.0009765625 -0.0014641288433382138 -0.0009765625 -0.0014641288433382138 -0.0009765625 -0.0014641288433382138 -0.0009765625 -0.0014641288433382138 -0.0009765625 -0.0014641288433382138
0  0.43359375 0.3389458272327965 0.0234375 0.04538799414348463 0.4266708984375 0.3370366032210835 0.435494140625 0.33473645680819913 0.43069921875 0.34508931185944364 0.428205078125 0.3517042459736457 0.4364541015625 0.3502664714494875
0  0.42724609375 0.2796486090775988 0.0185546875 0.03513909224011713 -0.0009765625 -0.0014641288433382138 -0.0009765625 -0.0014641288433382138 -0.0009765625 -0.0014641288433382138 -0.0009765625 -0.0014641288433382138 -0.0009765625 -0.0014641288433382138
0  0.50732421875 0.2913616398243045 0.0166015625 0.03806734992679356 0.508767578125 0.2862767203513909 0.515703125 0.2874860907759883 0.514251953125 0.2957086383601757 0.5089287109375 0.3056237188872621 0.5152197265625 0.3044143484626647
0  0.51416015625 0.22693997071742314 0.0126953125 0.032210834553440704 0.516322265625 0.2240117130307467 0.518275390625 0.22547584187408493 0.51953125 0.2367701317715959 0.510462890625 0.23781698389458272 0.512974609375 0.23802489019033674
0  0.63916015625 0.21669106881405564 0.0146484375 0.032210834553440704 -0.0009765625 -0.0014641288433382138 -0.0009765625 -0.0014641288433382138 -0.0009765625 -0.0014641288433382138 -0.0009765625 -0.0014641288433382138 -0.0009765625 -0.0014641288433382138
0  0.60009765625 0.2225475841874085 0.0146484375 0.029282576866764276 0.593919921875 0.21499121522693998 0.6016318359375 0.21480234260614936 0.596828125 0.2206778916544656 0.5960693359375 0.22901903367496337 0.601126953125 0.22807027818448022
0  0.56689453125 0.23060029282576866 0.0166015625 0.027818448023426062 -0.0009765625 -0.0014641288433382138 -0.0009765625 -0.0014641288433382138 -0.0009765625 -0.0014641288433382138 -0.0009765625 -0.0014641288433382138 -0.0009765625 -0.0014641288433382138
0  0.5361328125 0.16251830161054173 0.015625 0.029282576866764276 0.5306220703125 0.15951098096632504 0.5377021484375 0.1593221083455344 0.5335302734375 0.16462957540263543 0.530875 0.17164275256222547 0.53808203125 0.17012591508052707
0  0.47998046875 0.21815519765739386 0.0146484375 0.029282576866764276 -0.0009765625 -0.0014641288433382138 -0.0009765625 -0.0014641288433382138 -0.0009765625 -0.0014641288433382138 -0.0009765625 -0.0014641288433382138 -0.0009765625 -0.0014641288433382138
0  0.4697265625 0.1822840409956076 0.015625 0.03953147877013177 -0.0009765625 -0.0014641288433382138 -0.0009765625 -0.0014641288433382138 -0.0009765625 -0.0014641288433382138 -0.0009765625 -0.0014641288433382138 -0.0009765625 -0.0014641288433382138
0  0.42724609375 0.1259150805270864 0.0146484375 0.02635431918008785 -0.0009765625 -0.0014641288433382138 -0.0009765625 -0.0014641288433382138 -0.0009765625 -0.0014641288433382138 -0.0009765625 -0.0014641288433382138 -0.0009765625 -0.0014641288433382138
0  0.5 0.1720351390922401 0.01171875 0.03074670571010249 -0.0009765625 -0.0014641288433382138 -0.0009765625 -0.0014641288433382138 -0.0009765625 -0.0014641288433382138 -0.0009765625 -0.0014641288433382138 -0.0009765625 -0.0014641288433382138
0  0.55859375 0.13469985358711567 0.013671875 0.032210834553440704 -0.0009765625 -0.0014641288433382138 -0.0009765625 -0.0014641288433382138 -0.0009765625 -0.0014641288433382138 -0.0009765625 -0.0014641288433382138 -0.0009765625 -0.0014641288433382138
0  0.66162109375 0.16325036603221083 0.0166015625 0.03367496339677892 0.6571044921875 0.16346559297218155 0.6645859375 0.1636822840409956 0.6609892578125 0.16842752562225477 0.657392578125 0.17425036603221083 0.664154296875 0.17425036603221083
0  0.728515625 0.16910688140556368 0.017578125 0.036603221083455345 0.729640625 0.16838067349926794 0.7341572265625 0.16886530014641288 0.733189453125 0.17539531478770132 0.7301240234375 0.18071595900439238 0.7336728515625 0.18023133235724745
0  0.7109375 0.20937042459736457 0.015625 0.032210834553440704 -0.0009765625 -0.0014641288433382138 -0.0009765625 -0.0014641288433382138 -0.0009765625 -0.0014641288433382138 -0.0009765625 -0.0014641288433382138 -0.0009765625 -0.0014641288433382138
0  0.78076171875 0.3089311859443631 0.0166015625 0.029282576866764276 0.7763544921875 0.3083879941434846 0.784572265625 0.308199121522694 0.7805263671875 0.3172972181551977 0.7777451171875 0.3218462664714495 0.7834345703125 0.32203660322108346
0  0.73974609375 0.363103953147877 0.0205078125 0.043923865300146414 -0.0009765625 -0.0014641288433382138 -0.0009765625 -0.0014641288433382138 -0.0009765625 -0.0014641288433382138 -0.0009765625 -0.0014641288433382138 -0.0009765625 -0.0014641288433382138
0  0.78369140625 0.26281112737920936 0.0185546875 0.0424597364568082 0.7776484375 0.2596076134699854 0.7855224609375 0.26070571010248905 0.7803955078125 0.2664714494875549 0.77655078125 0.2736090775988287 0.784607421875 0.2749809663250366
0  0.80078125 0.36603221083455345 0.0234375 0.04685212298682284 0.7980390625 0.35977013177159595 0.8080791015625 0.3591566617862372 0.804390625 0.36745095168374814 0.800498046875 0.3775885797950219 0.8088984375 0.3769736456808199
0  0.7880859375 0.40702781844802344 0.025390625 0.04685212298682284 0.7828984375 0.4010541727672035 0.795130859375 0.3974450951683748 0.791521484375 0.4091713030746706 0.7887138671875 0.41969546120058565 0.796935546875 0.416688140556369
0  0.8447265625 0.36603221083455345 0.015625 0.03513909224011713 0.8376767578125 0.36438506588579794 0.848205078125 0.3639267935578331 0.8422548828125 0.3696471449487555 0.83935546875 0.37605270863836016 0.845154296875 0.37605270863836016
0  0.8994140625 0.35651537335285505 0.017578125 0.03953147877013177 0.89960546875 0.3519926793557833 0.9067470703125 0.3530117130307467 0.9040263671875 0.3614245973645681 0.9001162109375 0.36703221083455345 0.90538671875 0.3680512445095168
0  0.890625 0.3989751098096633 0.0234375 0.04538799414348463 0.8812080078125 0.39479209370424595 0.892525390625 0.3970922401171303 0.88446875 0.4039956076134699 0.8810166015625 0.4100351390922401 0.888689453125 0.4134860907759883
0  0.92236328125 0.44143484626647145 0.0244140625 0.03953147877013177 -0.0009765625 -0.0014641288433382138 -0.0009765625 -0.0014641288433382138 -0.0009765625 -0.0014641288433382138 -0.0009765625 -0.0014641288433382138 -0.0009765625 -0.0014641288433382138
0  0.978515625 0.39092240117130306 0.0234375 0.04685212298682284 -0.0009765625 -0.0014641288433382138 -0.0009765625 -0.0014641288433382138 -0.0009765625 -0.0014641288433382138 -0.0009765625 -0.0014641288433382138 -0.0009765625 -0.0014641288433382138
0  0.8603515625 0.2342606149341142 0.017578125 0.03513909224011713 0.8543701171875 0.22837774524158125 0.862845703125 0.22931918008784774 0.858607421875 0.2366134699853587 0.854056640625 0.24532064421669106 0.86158984375 0.2450849194729136
0  0.92529296875 0.3191800878477306 0.0166015625 0.032210834553440704 0.922083984375 0.3183440702781845 0.9297568359375 0.3183440702781845 0.9264091796875 0.32671010248901905 0.9225029296875 0.333402635431918 0.92919921875 0.33298535871156665
0  0.72998046875 0.3294289897510981 0.0205078125 0.040995607613469986 0.7271904296875 0.33214787701317716 0.733642578125 0.33110248901903366 0.73050390625 0.3381610541727672 0.7264931640625 0.3449590043923865 0.7338173828125 0.3444363103953148
0  0.841796875 0.19765739385065886 0.015625 0.03513909224011713 0.8378994140625 0.19552708638360175 0.8389365234375 0.19530453879941434 0.8364169921875 0.20241581259150807 0.838640625 0.20619326500732066 0.839677734375 0.20597218155197658
0  0.7138671875 0.42825768667642755 0.025390625 0.048316251830161056 0.7049775390625 0.41934846266471454 0.715427734375 0.41934846266471454 0.7084609375 0.42825768667642755 0.70620703125 0.4393177159590044 0.7150185546875 0.4393177159590044
0  0.76416015625 0.43923865300146414 0.0224609375 0.055636896046852125 0.76247265625 0.4320351390922401 0.7730234375 0.4334729136163983 0.7715849609375 0.4424612005856516 0.762712890625 0.4525270863836018 0.7703857421875 0.4525270863836018
0  0.49658203125 0.5212298682284041 0.0263671875 0.05856515373352855 0.48876953125 0.5080527086383602 0.50048828125 0.510614934114202 0.490478515625 0.5197657393850659 0.4873046875 0.5325768667642753 0.494140625 0.5358711566617862
0  0.55419921875 0.4882869692532943 0.0224609375 0.04538799414348463 0.5548623046875 0.4820907759882869 0.563494140625 0.4792152269399707 0.5623427734375 0.4895680819912152 0.558314453125 0.5007847730600293 0.5633017578125 0.49877159590043924
0  0.61767578125 0.4612005856515373 0.0224609375 0.04685212298682284 0.6158974609375 0.45522693997071745 0.624119140625 0.45462518301610544 0.6221142578125 0.4639458272327965 0.6156962890625 0.4720644216691069 0.6239189453125 0.4714626647144949
0  0.62744140625 0.4150805270863836 0.0244140625 0.04538799414348463 -0.0009765625 -0.0014641288433382138 -0.0009765625 -0.0014641288433382138 -0.0009765625 -0.0014641288433382138 -0.0009765625 -0.0014641288433382138 -0.0009765625 -0.0014641288433382138
0  0.55517578125 0.41800878477306 0.0244140625 0.03953147877013177 0.5543037109375 0.40995607613469986 0.5630234375 0.41649194729136163 0.559361328125 0.4253821376281113 0.5494208984375 0.4266896046852123 0.5553505859375 0.43034992679355777
0  0.65283203125 0.4978038067349927 0.0224609375 0.04978038067349927 0.6429267578125 0.4924699853587116 0.654017578125 0.4924699853587116 0.6460654296875 0.5012547584187409 0.6441826171875 0.5109809663250366 0.6504599609375 0.5116090775988287
0  0.73974609375 0.5336749633967789 0.0244140625 0.0424597364568082 0.734619140625 0.5233352855051244 0.745421875 0.5249809663250367 0.7366328125 0.5351390922401171 0.73388671875 0.5439238653001464 0.7423095703125 0.5447467057101025
0  0.53271484375 0.3923865300146413 0.0224609375 0.04685212298682284 0.52812890625 0.38276573938506586 0.537955078125 0.38276573938506586 0.533744140625 0.3932884333821376 0.530333984375 0.40200732064421674 0.53594921875 0.40200732064421674
0  0.57421875 0.3118594436310395 0.015625 0.032210834553440704 -0.0009765625 -0.0014641288433382138 -0.0009765625 -0.0014641288433382138 -0.0009765625 -0.0014641288433382138 -0.0009765625 -0.0014641288433382138 -0.0009765625 -0.0014641288433382138
0  0.52490234375 0.2869692532942899 0.0166015625 0.029282576866764276 -0.0009765625 -0.0014641288433382138 -0.0009765625 -0.0014641288433382138 -0.0009765625 -0.0014641288433382138 -0.0009765625 -0.0014641288433382138 -0.0009765625 -0.0014641288433382138
0  0.73779296875 0.4216691068814056 0.0244140625 0.04978038067349927 0.7289345703125 0.4170673499267936 0.7379326171875 0.417380673499268 0.732701171875 0.4261654465592973 0.728724609375 0.43871595900439236 0.734583984375 0.4393426061493412
0  0.79150390625 0.48462664714494874 0.0263671875 0.0527086383601757 0.787013671875 0.49389458272327963 0.79657421875 0.49222840409956076 0.7916826171875 0.5045622254758418 0.79079296875 0.5105622254758418 0.7974638671875 0.5085622254758418
0  0.81396484375 0.48535871156661786 0.0224609375 0.05124450951683748 0.8037197265625 0.4813587115666178 0.8109130859375 0.48331918008784774 0.802193359375 0.4947584187408492 0.8043740234375 0.5019472913616398 0.808951171875 0.5022752562225475
0  0.84375 0.4992679355783309 0.0234375 0.04978038067349927 -0.0009765625 -0.0014641288433382138 -0.0009765625 -0.0014641288433382138 -0.0009765625 -0.0014641288433382138 -0.0009765625 -0.0014641288433382138 -0.0009765625 -0.0014641288433382138
0  0.919921875 0.5161054172767203 0.025390625 0.04538799414348463 0.9112939453125 0.5066998535871157 0.9236533203125 0.5066998535871157 0.9171796875 0.5166998535871157 0.912275390625 0.5246412884333821 0.9234580078125 0.5246412884333821
0  0.87548828125 0.493411420204978 0.0205078125 0.040995607613469986 0.8673486328125 0.49701317715959004 0.875169921875 0.4990527086383602 0.8707490234375 0.5041508052708638 0.8758505859375 0.507718887262079 0.8758505859375 0.507718887262079
0  0.939453125 0.5029282576866764 0.017578125 0.0424597364568082 -0.0009765625 -0.0014641288433382138 -0.0009765625 -0.0014641288433382138 -0.0009765625 -0.0014641288433382138 -0.0009765625 -0.0014641288433382138 -0.0009765625 -0.0014641288433382138
0  0.92431640625 0.3733528550512445 0.0205078125 0.03513909224011713 0.916521484375 0.3653528550512445 0.927787109375 0.3651303074670571 0.9199306640625 0.3733528550512445 0.9174111328125 0.3815754026354319 0.9255634765625 0.3815754026354319
0  0.923828125 0.4128843338213763 0.0234375 0.040995607613469986 -0.0009765625 -0.0014641288433382138 -0.0009765625 -0.0014641288433382138 -0.0009765625 -0.0014641288433382138 -0.0009765625 -0.0014641288433382138 -0.0009765625 -0.0014641288433382138
0  0.83642578125 0.4480234260614934 0.0185546875 0.03513909224011713 0.8391416015625 0.4440878477306003 0.84326171875 0.4440878477306003 0.8453984375 0.45095168374816985 0.841888671875 0.46033089311859443 0.8450927734375 0.45941581259150804
0  0.35888671875 0.650805270863836 0.0205078125 0.048316251830161056 0.356837890625 0.6431244509516838 0.3556083984375 0.6428184480234261 0.3504853515625 0.6538770131771596 0.356837890625 0.6618653001464129 0.356017578125 0.6615578330893118
0  0.380859375 0.6420204978038068 0.033203125 0.06588579795021962 0.3722099609375 0.6320849194729136 0.3875556640625 0.632922401171303 0.3794638671875 0.6446354319180088 0.3744423828125 0.6588579795021962 0.384765625 0.6596939970717424
0  0.59423828125 0.6471449487554904 0.0322265625 0.06734992679355783 0.58326171875 0.6413323572474378 0.597744140625 0.6436163982430454 0.587578125 0.6542459736456808 0.58314453125 0.6662664714494876 0.593583984375 0.6681551976573938
0  0.0751953125 0.18960468521229867 0.021484375 0.03367496339677892 0.0687216796875 0.18313323572474377 0.0740439453125 0.18313323572474377 0.069296875 0.18917276720351392 0.068865234375 0.19672327964860906 0.073181640625 0.19693850658857978
0  0.05517578125 0.2840409956076135 0.0224609375 0.040995607613469986 0.0498134765625 0.2803616398243045 0.0591083984375 0.2806295754026354 0.0535673828125 0.28974084919472914 0.0505283203125 0.2964407027818448 0.056962890625 0.29617276720351393
0  0.08837890625 0.3367496339677892 0.0205078125 0.040995607613469986 0.078857421875 0.3284875549048316 0.0870537109375 0.32874963396778917 0.0809501953125 0.3376383601756955 0.080078125 0.3462664714494876 0.0853095703125 0.3465285505124451
0  0.0791015625 0.40922401171303074 0.02734375 0.05124450951683748 0.06967578125 0.4018901903367496 0.0819052734375 0.4015563689604685 0.0745673828125 0.4132240117130308 0.0703427734375 0.4238916544655929 0.0803486328125 0.42422547584187403
0  0.1181640625 0.4033674963396779 0.021484375 0.04538799414348463 0.108455078125 0.39543191800878474 0.1184609375 0.39631478770131773 0.1112021484375 0.40719765739385066 0.110220703125 0.4154333821376281 0.1161064453125 0.4157276720351391
0  0.14501953125 0.36676427525622257 0.0205078125 0.04538799414348463 0.1395439453125 0.3622928257686676 0.1493271484375 0.36143045387994144 0.1433798828125 0.37178477306002927 0.1405029296875 0.37983748169838943 0.1458740234375 0.37954904831625186
0  0.17578125 0.3689604685212299 0.021484375 0.040995607613469986 0.166486328125 0.3631361639824304 0.1772109375 0.36206442166910685 0.1697041015625 0.3671566617862372 0.16755859375 0.37546412884333824 0.174708984375 0.3749282576866765
0  0.26513671875 0.44363103953147875 0.0244140625 0.04978038067349927 0.265416015625 0.4417481698389458 0.2748330078125 0.43923865300146414 0.2754599609375 0.45021961932650073 0.2664619140625 0.4605724743777453 0.2750419921875 0.45900439238653
0  0.041015625 0.1581259150805271 0.013671875 0.02635431918008785 0.0389970703125 0.15439385065885797 0.045470703125 0.15315812591508052 0.044529296875 0.16004099560761348 0.0417041015625 0.16639385065885798 0.04747265625 0.16339385065885798
0  0.1025390625 0.18960468521229867 0.015625 0.024890190336749635 -0.0009765625 -0.0014641288433382138 -0.0009765625 -0.0014641288433382138 -0.0009765625 -0.0014641288433382138 -0.0009765625 -0.0014641288433382138 -0.0009765625 -0.0014641288433382138
0  0.0517578125 0.23792093704245973 0.01953125 0.03367496339677892 0.0446513671875 0.23727379209370422 0.05371484375 0.23835285505124448 0.048248046875 0.24633382137628113 0.0443642578125 0.2521566617862372 0.0515576171875 0.252588579795022
0  0.0224609375 0.3740849194729136 0.0234375 0.04538799414348463 0.0128525390625 0.36438506588579794 0.0238388671875 0.36673792093704244 0.0150107421875 0.37615080527086386 0.0134404296875 0.3837979502196193 0.0216806640625 0.38526793557833083
0  0.13525390625 0.4868228404099561 0.0224609375 0.0424597364568082 0.1280517578125 0.4778550512445095 0.1328125 0.47840409956076135 0.12420703125 0.48471742313323574 0.126404296875 0.4959736456808199 0.12841796875 0.4956983894582723
0  0.9013671875 0.7166910688140556 0.033203125 0.0629575402635432 0.887634765625 0.7110966325036603 0.895203125 0.7151478770131772 0.886552734375 0.7264948755490483 0.89276953125 0.7398682284040995 0.8979052734375 0.7406793557833089
0  0.20849609375 0.308199121522694 0.0244140625 0.048316251830161056 0.203294921875 0.2990541727672035 0.2137451171875 0.3002840409956076 0.207802734375 0.3076559297218155 0.2043193359375 0.31779502196193266 0.210876953125 0.3190234260614934
0  0.12255859375 0.11566617862371889 0.0146484375 0.03513909224011713 -0.0009765625 -0.0014641288433382138 -0.0009765625 -0.0014641288433382138 -0.0009765625 -0.0014641288433382138 -0.0009765625 -0.0014641288433382138 -0.0009765625 -0.0014641288433382138
0  0.19970703125 0.11273792093704246 0.0146484375 0.029282576866764276 -0.0009765625 -0.0014641288433382138 -0.0009765625 -0.0014641288433382138 -0.0009765625 -0.0014641288433382138 -0.0009765625 -0.0014641288433382138 -0.0009765625 -0.0014641288433382138
0  0.88330078125 0.34333821376281115 0.0146484375 0.027818448023426062 -0.0009765625 -0.0014641288433382138 -0.0009765625 -0.0014641288433382138 -0.0009765625 -0.0014641288433382138 -0.0009765625 -0.0014641288433382138 -0.0009765625 -0.0014641288433382138
0  0.87451171875 0.28330893118594436 0.0146484375 0.01903367496339678 -0.0009765625 -0.0014641288433382138 -0.0009765625 -0.0014641288433382138 -0.0009765625 -0.0014641288433382138 -0.0009765625 -0.0014641288433382138 -0.0009765625 -0.0014641288433382138
0  0.81689453125 0.3784773060029283 0.0205078125 0.036603221083455345 -0.0009765625 -0.0014641288433382138 -0.0009765625 -0.0014641288433382138 -0.0009765625 -0.0014641288433382138 -0.0009765625 -0.0014641288433382138 -0.0009765625 -0.0014641288433382138
0  0.86962890625 0.1822840409956076 0.0107421875 0.021961932650073207 -0.0009765625 -0.0014641288433382138 -0.0009765625 -0.0014641288433382138 -0.0009765625 -0.0014641288433382138 -0.0009765625 -0.0014641288433382138 -0.0009765625 -0.0014641288433382138
0  0.970703125 0.3096632503660322 0.01171875 0.03074670571010249 -0.0009765625 -0.0014641288433382138 -0.0009765625 -0.0014641288433382138 -0.0009765625 -0.0014641288433382138 -0.0009765625 -0.0014641288433382138 -0.0009765625 -0.0014641288433382138
0  0.99267578125 0.05124450951683748 0.0146484375 0.029282576866764276 -0.0009765625 -0.0014641288433382138 -0.0009765625 -0.0014641288433382138 -0.0009765625 -0.0014641288433382138 -0.0009765625 -0.0014641288433382138 -0.0009765625 -0.0014641288433382138
0  0.99755859375 0.5292825768667643 0.0048828125 0.024890190336749635 -0.0009765625 -0.0014641288433382138 -0.0009765625 -0.0014641288433382138 -0.0009765625 -0.0014641288433382138 -0.0009765625 -0.0014641288433382138 -0.0009765625 -0.0014641288433382138
0  0.947265625 0.6874084919472914 0.03125 0.060029282576866766 0.940185546875 0.6798521229868228 0.9540927734375 0.6870556368960469 0.9424609375 0.6912254758418741 0.9356337890625 0.6999443631039531 0.945748046875 0.7048740849194729
0  0.994140625 0.465592972181552 0.009765625 0.02342606149341142 -0.0009765625 -0.0014641288433382138 -0.0009765625 -0.0014641288433382138 -0.0009765625 -0.0014641288433382138 -0.0009765625 -0.0014641288433382138 -0.0009765625 -0.0014641288433382138
0  0.99267578125 0.014641288433382138 0.0087890625 0.017569546120058566 -0.0009765625 -0.0014641288433382138 -0.0009765625 -0.0014641288433382138 -0.0009765625 -0.0014641288433382138 -0.0009765625 -0.0014641288433382138 -0.0009765625 -0.0014641288433382138
0  0.97412109375 0.017569546120058566 0.0068359375 0.01171303074670571 -0.0009765625 -0.0014641288433382138 -0.0009765625 -0.0014641288433382138 -0.0009765625 -0.0014641288433382138 -0.0009765625 -0.0014641288433382138 -0.0009765625 -0.0014641288433382138
0  0.8583984375 0.15300146412884333 0.013671875 0.024890190336749635 -0.0009765625 -0.0014641288433382138 -0.0009765625 -0.0014641288433382138 -0.0009765625 -0.0014641288433382138 -0.0009765625 -0.0014641288433382138 -0.0009765625 -0.0014641288433382138
0  0.83154296875 0.021961932650073207 0.0087890625 0.01171303074670571 -0.0009765625 -0.0014641288433382138 -0.0009765625 -0.0014641288433382138 -0.0009765625 -0.0014641288433382138 -0.0009765625 -0.0014641288433382138 -0.0009765625 -0.0014641288433382138
0  0.7607421875 0.17715959004392387 0.013671875 0.02342606149341142 -0.0009765625 -0.0014641288433382138 -0.0009765625 -0.0014641288433382138 -0.0009765625 -0.0014641288433382138 -0.0009765625 -0.0014641288433382138 -0.0009765625 -0.0014641288433382138
0  0.74755859375 0.006588579795021962 0.0068359375 0.010248901903367497 -0.0009765625 -0.0014641288433382138 -0.0009765625 -0.0014641288433382138 -0.0009765625 -0.0014641288433382138 -0.0009765625 -0.0014641288433382138 -0.0009765625 -0.0014641288433382138
0  0.69775390625 0.008784773060029283 0.0107421875 0.017569546120058566 -0.0009765625 -0.0014641288433382138 -0.0009765625 -0.0014641288433382138 -0.0009765625 -0.0014641288433382138 -0.0009765625 -0.0014641288433382138 -0.0009765625 -0.0014641288433382138
0  0.650390625 0.040995607613469986 0.01171875 0.014641288433382138 -0.0009765625 -0.0014641288433382138 -0.0009765625 -0.0014641288433382138 -0.0009765625 -0.0014641288433382138 -0.0009765625 -0.0014641288433382138 -0.0009765625 -0.0014641288433382138
0  0.6572265625 0.036603221083455345 0.0078125 0.014641288433382138 -0.0009765625 -0.0014641288433382138 -0.0009765625 -0.0014641288433382138 -0.0009765625 -0.0014641288433382138 -0.0009765625 -0.0014641288433382138 -0.0009765625 -0.0014641288433382138
0  0.65234375 0.022693997071742314 0.005859375 0.007320644216691069 -0.0009765625 -0.0014641288433382138 -0.0009765625 -0.0014641288433382138 -0.0009765625 -0.0014641288433382138 -0.0009765625 -0.0014641288433382138 -0.0009765625 -0.0014641288433382138
0  0.66162109375 0.0739385065885798 0.0068359375 0.016105417276720352 -0.0009765625 -0.0014641288433382138 -0.0009765625 -0.0014641288433382138 -0.0009765625 -0.0014641288433382138 -0.0009765625 -0.0014641288433382138 -0.0009765625 -0.0014641288433382138
0  0.66015625 0.10468521229868229 0.01171875 0.01903367496339678 -0.0009765625 -0.0014641288433382138 -0.0009765625 -0.0014641288433382138 -0.0009765625 -0.0014641288433382138 -0.0009765625 -0.0014641288433382138 -0.0009765625 -0.0014641288433382138
0  0.64697265625 0.09077598828696926 0.0087890625 0.014641288433382138 -0.0009765625 -0.0014641288433382138 -0.0009765625 -0.0014641288433382138 -0.0009765625 -0.0014641288433382138 -0.0009765625 -0.0014641288433382138 -0.0009765625 -0.0014641288433382138
0  0.4423828125 0.23133235724743778 0.013671875 0.02635431918008785 -0.0009765625 -0.0014641288433382138 -0.0009765625 -0.0014641288433382138 -0.0009765625 -0.0014641288433382138 -0.0009765625 -0.0014641288433382138 -0.0009765625 -0.0014641288433382138
0  0.24853515625 0.5505124450951684 0.0283203125 0.040995607613469986 0.238341796875 0.5489575402635432 0.2542724609375 0.5462108345534408 0.245849609375 0.5604860907759883 0.24365234375 0.5640556368960469 0.253173828125 0.5637803806734993
0  0.16845703125 0.7415812591508053 0.0224609375 0.0424597364568082 0.1690673828125 0.734809663250366 0.178955078125 0.7331625183016105 0.177306640625 0.7441434846266471 0.1705322265625 0.7537510980966325 0.17694140625 0.7537510980966325
0  0.06689453125 0.6244509516837482 0.0283203125 0.05710102489019034 0.0587333984375 0.6122020497803807 0.0728798828125 0.6122020497803807 0.0632890625 0.6233469985358712 0.059212890625 0.6366471449487555 0.0688037109375 0.6366471449487555
0  0.208984375 0.4670571010248902 0.021484375 0.043923865300146414 0.201599609375 0.4535139092240117 0.205810546875 0.45488726207906294 0.2003173828125 0.46449487554904834 0.2047119140625 0.4743777452415813 0.2076416015625 0.4743777452415813
0  0.2255859375 0.37042459736456806 0.02734375 0.04978038067349927 0.2166572265625 0.3689604685212299 0.2283759765625 0.36613616398243043 0.22314453125 0.37774524158125916 0.220005859375 0.38778477306002934 0.2275390625 0.38590190336749636
0  0.25 0.35212298682284043 0.01953125 0.05124450951683748 0.24384375 0.3458345534407028 0.25278125 0.3455080527086384 0.247986328125 0.35531332357247436 0.2447158203125 0.36511713030746706 0.2506015625 0.36511713030746706
0  0.2724609375 0.3821376281112738 0.01953125 0.032210834553440704 0.26291796875 0.371882869692533 0.270080078125 0.3722869692532943 0.263728515625 0.3814055636896047 0.2648095703125 0.3891054172767204 0.2703505859375 0.3899150805270864
0  0.30712890625 0.3411420204978038 0.0166015625 0.03806734992679356 -0.0009765625 -0.0014641288433382138 -0.0009765625 -0.0014641288433382138 -0.0009765625 -0.0014641288433382138 -0.0009765625 -0.0014641288433382138 -0.0009765625 -0.0014641288433382138
0  0.32373046875 0.3535871156661786 0.0244140625 0.0424597364568082 0.31622265625 0.3380307467057101 0.327392578125 0.33912884333821375 0.320251953125 0.3465417276720351 0.31658984375 0.35999267935578333 0.324279296875 0.3602664714494876
0  0.142578125 0.44216691068814057 0.021484375 0.03806734992679356 0.1375732421875 0.4286178623718887 0.14321875 0.4312767203513909 0.133541015625 0.43611420204978035 0.133541015625 0.44433674963396785 0.137734375 0.44554612005856514
0  0.08837890625 0.2891654465592972 0.0146484375 0.036603221083455345 -0.0009765625 -0.0014641288433382138 -0.0009765625 -0.0014641288433382138 -0.0009765625 -0.0014641288433382138 -0.0009765625 -0.0014641288433382138 -0.0009765625 -0.0014641288433382138
0  0.1015625 0.25329428989751096 0.013671875 0.02342606149341142 -0.0009765625 -0.0014641288433382138 -0.0009765625 -0.0014641288433382138 -0.0009765625 -0.0014641288433382138 -0.0009765625 -0.0014641288433382138 -0.0009765625 -0.0014641288433382138
0  0.1025390625 0.22035139092240116 0.01953125 0.027818448023426062 0.0996484375 0.22113616398243047 0.1092568359375 0.21905124450951682 0.106349609375 0.22625329428989752 0.1038203125 0.23402489019033676 0.1088779296875 0.23156076134699854
0  0.076171875 0.1493411420204978 0.01171875 0.017569546120058566 -0.0009765625 -0.0014641288433382138 -0.0009765625 -0.0014641288433382138 -0.0009765625 -0.0014641288433382138 -0.0009765625 -0.0014641288433382138 -0.0009765625 -0.0014641288433382138
0  0.18701171875 0.08565153733528551 0.0107421875 0.016105417276720352 -0.0009765625 -0.0014641288433382138 -0.0009765625 -0.0014641288433382138 -0.0009765625 -0.0014641288433382138 -0.0009765625 -0.0014641288433382138 -0.0009765625 -0.0014641288433382138
0  0.45751953125 0.31259150805270863 0.0166015625 0.021961932650073207 -0.0009765625 -0.0014641288433382138 -0.0009765625 -0.0014641288433382138 -0.0009765625 -0.0014641288433382138 -0.0009765625 -0.0014641288433382138 -0.0009765625 -0.0014641288433382138
0  0.48046875 0.3953147877013177 0.01953125 0.055636896046852125 0.47480078125 0.3857847730600293 0.4780966796875 0.38754904831625187 0.4722119140625 0.3928433382137628 0.4757431640625 0.40519765739385066 0.47833203125 0.4066090775988287
0  0.42333984375 0.22620790629575402 0.0107421875 0.01903367496339678 -0.0009765625 -0.0014641288433382138 -0.0009765625 -0.0014641288433382138 -0.0009765625 -0.0014641288433382138 -0.0009765625 -0.0014641288433382138 -0.0009765625 -0.0014641288433382138
0  0.38525390625 0.18521229868228403 0.0146484375 0.027818448023426062 -0.0009765625 -0.0014641288433382138 -0.0009765625 -0.0014641288433382138 -0.0009765625 -0.0014641288433382138 -0.0009765625 -0.0014641288433382138 -0.0009765625 -0.0014641288433382138
0  0.2548828125 0.1493411420204978 0.0078125 0.017569546120058566 -0.0009765625 -0.0014641288433382138 -0.0009765625 -0.0014641288433382138 -0.0009765625 -0.0014641288433382138 -0.0009765625 -0.0014641288433382138 -0.0009765625 -0.0014641288433382138
0  0.2685546875 0.116398243045388 0.01171875 0.03074670571010249 -0.0009765625 -0.0014641288433382138 -0.0009765625 -0.0014641288433382138 -0.0009765625 -0.0014641288433382138 -0.0009765625 -0.0014641288433382138 -0.0009765625 -0.0014641288433382138
0  0.27294921875 0.09443631039531479 0.0087890625 0.016105417276720352 -0.0009765625 -0.0014641288433382138 -0.0009765625 -0.0014641288433382138 -0.0009765625 -0.0014641288433382138 -0.0009765625 -0.0014641288433382138 -0.0009765625 -0.0014641288433382138
0  0.2841796875 0.11859443631039532 0.0078125 0.020497803806734993 -0.0009765625 -0.0014641288433382138 -0.0009765625 -0.0014641288433382138 -0.0009765625 -0.0014641288433382138 -0.0009765625 -0.0014641288433382138 -0.0009765625 -0.0014641288433382138
0  0.30078125 0.11054172767203514 0.009765625 0.024890190336749635 -0.0009765625 -0.0014641288433382138 -0.0009765625 -0.0014641288433382138 -0.0009765625 -0.0014641288433382138 -0.0009765625 -0.0014641288433382138 -0.0009765625 -0.0014641288433382138
0  0.62939453125 0.09150805270863836 0.0087890625 0.01903367496339678 -0.0009765625 -0.0014641288433382138 -0.0009765625 -0.0014641288433382138 -0.0009765625 -0.0014641288433382138 -0.0009765625 -0.0014641288433382138 -0.0009765625 -0.0014641288433382138
0  0.62548828125 0.06588579795021962 0.0107421875 0.020497803806734993 -0.0009765625 -0.0014641288433382138 -0.0009765625 -0.0014641288433382138 -0.0009765625 -0.0014641288433382138 -0.0009765625 -0.0014641288433382138 -0.0009765625 -0.0014641288433382138
0  0.6318359375 0.03733528550512445 0.0078125 0.013177159590043924 -0.0009765625 -0.0014641288433382138 -0.0009765625 -0.0014641288433382138 -0.0009765625 -0.0014641288433382138 -0.0009765625 -0.0014641288433382138 -0.0009765625 -0.0014641288433382138
0  0.6279296875 0.014641288433382138 0.0078125 0.01171303074670571 -0.0009765625 -0.0014641288433382138 -0.0009765625 -0.0014641288433382138 -0.0009765625 -0.0014641288433382138 -0.0009765625 -0.0014641288433382138 -0.0009765625 -0.0014641288433382138
0  0.58984375 0.0314787701317716 0.0078125 0.013177159590043924 -0.0009765625 -0.0014641288433382138 -0.0009765625 -0.0014641288433382138 -0.0009765625 -0.0014641288433382138 -0.0009765625 -0.0014641288433382138 -0.0009765625 -0.0014641288433382138
0  0.60009765625 0.05197657393850659 0.0087890625 0.016105417276720352 -0.0009765625 -0.0014641288433382138 -0.0009765625 -0.0014641288433382138 -0.0009765625 -0.0014641288433382138 -0.0009765625 -0.0014641288433382138 -0.0009765625 -0.0014641288433382138
0  0.5986328125 0.06881405563689605 0.005859375 0.008784773060029283 -0.0009765625 -0.0014641288433382138 -0.0009765625 -0.0014641288433382138 -0.0009765625 -0.0014641288433382138 -0.0009765625 -0.0014641288433382138 -0.0009765625 -0.0014641288433382138
0  0.53857421875 0.038799414348462666 0.0087890625 0.016105417276720352 -0.0009765625 -0.0014641288433382138 -0.0009765625 -0.0014641288433382138 -0.0009765625 -0.0014641288433382138 -0.0009765625 -0.0014641288433382138 -0.0009765625 -0.0014641288433382138
0  0.5458984375 0.03806734992679356 0.0078125 0.020497803806734993 -0.0009765625 -0.0014641288433382138 -0.0009765625 -0.0014641288433382138 -0.0009765625 -0.0014641288433382138 -0.0009765625 -0.0014641288433382138 -0.0009765625 -0.0014641288433382138
0  0.56396484375 0.008052708638360176 0.0126953125 0.016105417276720352 -0.0009765625 -0.0014641288433382138 -0.0009765625 -0.0014641288433382138 -0.0009765625 -0.0014641288433382138 -0.0009765625 -0.0014641288433382138 -0.0009765625 -0.0014641288433382138
0  0.5439453125 0.1281112737920937 0.009765625 0.024890190336749635 -0.0009765625 -0.0014641288433382138 -0.0009765625 -0.0014641288433382138 -0.0009765625 -0.0014641288433382138 -0.0009765625 -0.0014641288433382138 -0.0009765625 -0.0014641288433382138
0  0.52783203125 0.1478770131771596 0.0126953125 0.020497803806734993 -0.0009765625 -0.0014641288433382138 -0.0009765625 -0.0014641288433382138 -0.0009765625 -0.0014641288433382138 -0.0009765625 -0.0014641288433382138 -0.0009765625 -0.0014641288433382138
0  0.5908203125 0.22913616398243045 0.013671875 0.024890190336749635 -0.0009765625 -0.0014641288433382138 -0.0009765625 -0.0014641288433382138 -0.0009765625 -0.0014641288433382138 -0.0009765625 -0.0014641288433382138 -0.0009765625 -0.0014641288433382138
0  0.59326171875 0.26500732064421667 0.0146484375 0.020497803806734993 -0.0009765625 -0.0014641288433382138 -0.0009765625 -0.0014641288433382138 -0.0009765625 -0.0014641288433382138 -0.0009765625 -0.0014641288433382138 -0.0009765625 -0.0014641288433382138
0  0.63818359375 0.13469985358711567 0.0107421875 0.02342606149341142 -0.0009765625 -0.0014641288433382138 -0.0009765625 -0.0014641288433382138 -0.0009765625 -0.0014641288433382138 -0.0009765625 -0.0014641288433382138 -0.0009765625 -0.0014641288433382138
0  0.67822265625 0.4568081991215227 0.0166015625 0.02635431918008785 -0.0009765625 -0.0014641288433382138 -0.0009765625 -0.0014641288433382138 -0.0009765625 -0.0014641288433382138 -0.0009765625 -0.0014641288433382138 -0.0009765625 -0.0014641288433382138
0  0.61328125 0.17423133235724744 0.015625 0.02635431918008785 -0.0009765625 -0.0014641288433382138 -0.0009765625 -0.0014641288433382138 -0.0009765625 -0.0014641288433382138 -0.0009765625 -0.0014641288433382138 -0.0009765625 -0.0014641288433382138
0  0.50439453125 0.1171303074670571 0.0126953125 0.02635431918008785 -0.0009765625 -0.0014641288433382138 -0.0009765625 -0.0014641288433382138 -0.0009765625 -0.0014641288433382138 -0.0009765625 -0.0014641288433382138 -0.0009765625 -0.0014641288433382138
0  0.48291015625 0.11566617862371889 0.0087890625 0.02342606149341142 -0.0009765625 -0.0014641288433382138 -0.0009765625 -0.0014641288433382138 -0.0009765625 -0.0014641288433382138 -0.0009765625 -0.0014641288433382138 -0.0009765625 -0.0014641288433382138
0  0.6103515625 0.11346998535871157 0.009765625 0.01903367496339678 -0.0009765625 -0.0014641288433382138 -0.0009765625 -0.0014641288433382138 -0.0009765625 -0.0014641288433382138 -0.0009765625 -0.0014641288433382138 -0.0009765625 -0.0014641288433382138
0  0.50439453125 0.03294289897510981 0.0107421875 0.021961932650073207 -0.0009765625 -0.0014641288433382138 -0.0009765625 -0.0014641288433382138 -0.0009765625 -0.0014641288433382138 -0.0009765625 -0.0014641288433382138 -0.0009765625 -0.0014641288433382138
0  0.513671875 0.03367496339677892 0.009765625 0.014641288433382138 -0.0009765625 -0.0014641288433382138 -0.0009765625 -0.0014641288433382138 -0.0009765625 -0.0014641288433382138 -0.0009765625 -0.0014641288433382138 -0.0009765625 -0.0014641288433382138
0  0.54296875 0.00951683748169839 0.005859375 0.010248901903367497 -0.0009765625 -0.0014641288433382138 -0.0009765625 -0.0014641288433382138 -0.0009765625 -0.0014641288433382138 -0.0009765625 -0.0014641288433382138 -0.0009765625 -0.0014641288433382138
0  0.46533203125 0.038799414348462666 0.0087890625 0.01903367496339678 -0.0009765625 -0.0014641288433382138 -0.0009765625 -0.0014641288433382138 -0.0009765625 -0.0014641288433382138 -0.0009765625 -0.0014641288433382138 -0.0009765625 -0.0014641288433382138
0  0.48291015625 0.043923865300146414 0.0087890625 0.020497803806734993 -0.0009765625 -0.0014641288433382138 -0.0009765625 -0.0014641288433382138 -0.0009765625 -0.0014641288433382138 -0.0009765625 -0.0014641288433382138 -0.0009765625 -0.0014641288433382138
0  0.466796875 0.09150805270863836 0.01171875 0.027818448023426062 -0.0009765625 -0.0014641288433382138 -0.0009765625 -0.0014641288433382138 -0.0009765625 -0.0014641288433382138 -0.0009765625 -0.0014641288433382138 -0.0009765625 -0.0014641288433382138
0  0.45166015625 0.10175695461200586 0.0107421875 0.01903367496339678 -0.0009765625 -0.0014641288433382138 -0.0009765625 -0.0014641288433382138 -0.0009765625 -0.0014641288433382138 -0.0009765625 -0.0014641288433382138 -0.0009765625 -0.0014641288433382138
0  0.458984375 0.06734992679355783 0.0078125 0.01171303074670571 -0.0009765625 -0.0014641288433382138 -0.0009765625 -0.0014641288433382138 -0.0009765625 -0.0014641288433382138 -0.0009765625 -0.0014641288433382138 -0.0009765625 -0.0014641288433382138
0  0.419921875 0.057833089311859445 0.015625 0.027818448023426062 -0.0009765625 -0.0014641288433382138 -0.0009765625 -0.0014641288433382138 -0.0009765625 -0.0014641288433382138 -0.0009765625 -0.0014641288433382138 -0.0009765625 -0.0014641288433382138
0  0.40673828125 0.03513909224011713 0.0068359375 0.01171303074670571 -0.0009765625 -0.0014641288433382138 -0.0009765625 -0.0014641288433382138 -0.0009765625 -0.0014641288433382138 -0.0009765625 -0.0014641288433382138 -0.0009765625 -0.0014641288433382138
0  0.39697265625 0.017569546120058566 0.0087890625 0.020497803806734993 -0.0009765625 -0.0014641288433382138 -0.0009765625 -0.0014641288433382138 -0.0009765625 -0.0014641288433382138 -0.0009765625 -0.0014641288433382138 -0.0009765625 -0.0014641288433382138
0  0.42578125 0.01683748169838946 0.0078125 0.01903367496339678 -0.0009765625 -0.0014641288433382138 -0.0009765625 -0.0014641288433382138 -0.0009765625 -0.0014641288433382138 -0.0009765625 -0.0014641288433382138 -0.0009765625 -0.0014641288433382138
0  0.44921875 0.010248901903367497 0.0078125 0.017569546120058566 -0.0009765625 -0.0014641288433382138 -0.0009765625 -0.0014641288433382138 -0.0009765625 -0.0014641288433382138 -0.0009765625 -0.0014641288433382138 -0.0009765625 -0.0014641288433382138
0  0.49658203125 0.007320644216691069 0.0146484375 0.014641288433382138 -0.0009765625 -0.0014641288433382138 -0.0009765625 -0.0014641288433382138 -0.0009765625 -0.0014641288433382138 -0.0009765625 -0.0014641288433382138 -0.0009765625 -0.0014641288433382138
0  0.40185546875 0.07906295754026355 0.0068359375 0.01171303074670571 -0.0009765625 -0.0014641288433382138 -0.0009765625 -0.0014641288433382138 -0.0009765625 -0.0014641288433382138 -0.0009765625 -0.0014641288433382138 -0.0009765625 -0.0014641288433382138
0  0.41748046875 0.095900439238653 0.0107421875 0.01903367496339678 -0.0009765625 -0.0014641288433382138 -0.0009765625 -0.0014641288433382138 -0.0009765625 -0.0014641288433382138 -0.0009765625 -0.0014641288433382138 -0.0009765625 -0.0014641288433382138
0  0.404296875 0.1281112737920937 0.009765625 0.01903367496339678 -0.0009765625 -0.0014641288433382138 -0.0009765625 -0.0014641288433382138 -0.0009765625 -0.0014641288433382138 -0.0009765625 -0.0014641288433382138 -0.0009765625 -0.0014641288433382138
0  0.40576171875 0.17496339677891654 0.0146484375 0.03074670571010249 -0.0009765625 -0.0014641288433382138 -0.0009765625 -0.0014641288433382138 -0.0009765625 -0.0014641288433382138 -0.0009765625 -0.0014641288433382138 -0.0009765625 -0.0014641288433382138
0  0.3828125 0.11346998535871157 0.013671875 0.021961932650073207 -0.0009765625 -0.0014641288433382138 -0.0009765625 -0.0014641288433382138 -0.0009765625 -0.0014641288433382138 -0.0009765625 -0.0014641288433382138 -0.0009765625 -0.0014641288433382138
0  0.36083984375 0.053440702781844804 0.0068359375 0.013177159590043924 -0.0009765625 -0.0014641288433382138 -0.0009765625 -0.0014641288433382138 -0.0009765625 -0.0014641288433382138 -0.0009765625 -0.0014641288433382138 -0.0009765625 -0.0014641288433382138
0  0.3564453125 0.0212298682284041 0.009765625 0.013177159590043924 -0.0009765625 -0.0014641288433382138 -0.0009765625 -0.0014641288433382138 -0.0009765625 -0.0014641288433382138 -0.0009765625 -0.0014641288433382138 -0.0009765625 -0.0014641288433382138
0  0.392578125 0.04978038067349927 0.01171875 0.020497803806734993 -0.0009765625 -0.0014641288433382138 -0.0009765625 -0.0014641288433382138 -0.0009765625 -0.0014641288433382138 -0.0009765625 -0.0014641288433382138 -0.0009765625 -0.0014641288433382138
0  0.3486328125 0.2005856515373353 0.017578125 0.03806734992679356 -0.0009765625 -0.0014641288433382138 -0.0009765625 -0.0014641288433382138 -0.0009765625 -0.0014641288433382138 -0.0009765625 -0.0014641288433382138 -0.0009765625 -0.0014641288433382138
0  0.55859375 0.3389458272327965 0.01953125 0.03367496339677892 -0.0009765625 -0.0014641288433382138 -0.0009765625 -0.0014641288433382138 -0.0009765625 -0.0014641288433382138 -0.0009765625 -0.0014641288433382138 -0.0009765625 -0.0014641288433382138
0  0.28662109375 0.07174231332357248 0.0087890625 0.014641288433382138 -0.0009765625 -0.0014641288433382138 -0.0009765625 -0.0014641288433382138 -0.0009765625 -0.0014641288433382138 -0.0009765625 -0.0014641288433382138 -0.0009765625 -0.0014641288433382138
0  0.259765625 0.04465592972181552 0.005859375 0.013177159590043924 -0.0009765625 -0.0014641288433382138 -0.0009765625 -0.0014641288433382138 -0.0009765625 -0.0014641288433382138 -0.0009765625 -0.0014641288433382138 -0.0009765625 -0.0014641288433382138
0  0.2685546875 0.050512445095168376 0.0078125 0.013177159590043924 -0.0009765625 -0.0014641288433382138 -0.0009765625 -0.0014641288433382138 -0.0009765625 -0.0014641288433382138 -0.0009765625 -0.0014641288433382138 -0.0009765625 -0.0014641288433382138
0  0.208984375 0.06076134699853587 0.01171875 0.013177159590043924 -0.0009765625 -0.0014641288433382138 -0.0009765625 -0.0014641288433382138 -0.0009765625 -0.0014641288433382138 -0.0009765625 -0.0014641288433382138 -0.0009765625 -0.0014641288433382138
0  0.2099609375 0.09370424597364568 0.01171875 0.017569546120058566 -0.0009765625 -0.0014641288433382138 -0.0009765625 -0.0014641288433382138 -0.0009765625 -0.0014641288433382138 -0.0009765625 -0.0014641288433382138 -0.0009765625 -0.0014641288433382138
0  0.212890625 0.11859443631039532 0.009765625 0.014641288433382138 -0.0009765625 -0.0014641288433382138 -0.0009765625 -0.0014641288433382138 -0.0009765625 -0.0014641288433382138 -0.0009765625 -0.0014641288433382138 -0.0009765625 -0.0014641288433382138
0  0.23681640625 0.1398243045387994 0.0087890625 0.01903367496339678 -0.0009765625 -0.0014641288433382138 -0.0009765625 -0.0014641288433382138 -0.0009765625 -0.0014641288433382138 -0.0009765625 -0.0014641288433382138 -0.0009765625 -0.0014641288433382138
0  0.22021484375 0.048316251830161056 0.0068359375 0.020497803806734993 -0.0009765625 -0.0014641288433382138 -0.0009765625 -0.0014641288433382138 -0.0009765625 -0.0014641288433382138 -0.0009765625 -0.0014641288433382138 -0.0009765625 -0.0014641288433382138
0  0.16064453125 0.034407027818448024 0.0068359375 0.013177159590043924 -0.0009765625 -0.0014641288433382138 -0.0009765625 -0.0014641288433382138 -0.0009765625 -0.0014641288433382138 -0.0009765625 -0.0014641288433382138 -0.0009765625 -0.0014641288433382138
0  0.189453125 0.02342606149341142 0.005859375 0.01171303074670571 -0.0009765625 -0.0014641288433382138 -0.0009765625 -0.0014641288433382138 -0.0009765625 -0.0014641288433382138 -0.0009765625 -0.0014641288433382138 -0.0009765625 -0.0014641288433382138
0  0.3037109375 0.05124450951683748 0.01171875 0.02342606149341142 -0.0009765625 -0.0014641288433382138 -0.0009765625 -0.0014641288433382138 -0.0009765625 -0.0014641288433382138 -0.0009765625 -0.0014641288433382138 -0.0009765625 -0.0014641288433382138
0  0.31787109375 0.036603221083455345 0.0087890625 0.017569546120058566 -0.0009765625 -0.0014641288433382138 -0.0009765625 -0.0014641288433382138 -0.0009765625 -0.0014641288433382138 -0.0009765625 -0.0014641288433382138 -0.0009765625 -0.0014641288433382138
0  0.33154296875 0.03513909224011713 0.0087890625 0.017569546120058566 -0.0009765625 -0.0014641288433382138 -0.0009765625 -0.0014641288433382138 -0.0009765625 -0.0014641288433382138 -0.0009765625 -0.0014641288433382138 -0.0009765625 -0.0014641288433382138
0  0.06494140625 0.03953147877013177 0.0107421875 0.017569546120058566 -0.0009765625 -0.0014641288433382138 -0.0009765625 -0.0014641288433382138 -0.0009765625 -0.0014641288433382138 -0.0009765625 -0.0014641288433382138 -0.0009765625 -0.0014641288433382138
0  0.0537109375 0.036603221083455345 0.0078125 0.017569546120058566 -0.0009765625 -0.0014641288433382138 -0.0009765625 -0.0014641288433382138 -0.0009765625 -0.0014641288433382138 -0.0009765625 -0.0014641288433382138 -0.0009765625 -0.0014641288433382138
0  0.04150390625 0.050512445095168376 0.0107421875 0.01903367496339678 -0.0009765625 -0.0014641288433382138 -0.0009765625 -0.0014641288433382138 -0.0009765625 -0.0014641288433382138 -0.0009765625 -0.0014641288433382138 -0.0009765625 -0.0014641288433382138
0  0.0986328125 0.053440702781844804 0.009765625 0.016105417276720352 -0.0009765625 -0.0014641288433382138 -0.0009765625 -0.0014641288433382138 -0.0009765625 -0.0014641288433382138 -0.0009765625 -0.0014641288433382138 -0.0009765625 -0.0014641288433382138
0  0.14111328125 0.10175695461200586 0.0107421875 0.027818448023426062 -0.0009765625 -0.0014641288433382138 -0.0009765625 -0.0014641288433382138 -0.0009765625 -0.0014641288433382138 -0.0009765625 -0.0014641288433382138 -0.0009765625 -0.0014641288433382138
0  0.15625 0.116398243045388 0.009765625 0.027818448023426062 -0.0009765625 -0.0014641288433382138 -0.0009765625 -0.0014641288433382138 -0.0009765625 -0.0014641288433382138 -0.0009765625 -0.0014641288433382138 -0.0009765625 -0.0014641288433382138
0  0.16015625 0.06661786237188873 0.0078125 0.021961932650073207 -0.0009765625 -0.0014641288433382138 -0.0009765625 -0.0014641288433382138 -0.0009765625 -0.0014641288433382138 -0.0009765625 -0.0014641288433382138 -0.0009765625 -0.0014641288433382138
0  0.17333984375 0.05929721815519766 0.0126953125 0.021961932650073207 -0.0009765625 -0.0014641288433382138 -0.0009765625 -0.0014641288433382138 -0.0009765625 -0.0014641288433382138 -0.0009765625 -0.0014641288433382138 -0.0009765625 -0.0014641288433382138
0  0.88818359375 0.3169838945827233 0.0185546875 0.03074670571010249 -0.0009765625 -0.0014641288433382138 -0.0009765625 -0.0014641288433382138 -0.0009765625 -0.0014641288433382138 -0.0009765625 -0.0014641288433382138 -0.0009765625 -0.0014641288433382138
0  0.89990234375 0.2247437774524158 0.0166015625 0.027818448023426062 -0.0009765625 -0.0014641288433382138 -0.0009765625 -0.0014641288433382138 -0.0009765625 -0.0014641288433382138 -0.0009765625 -0.0014641288433382138 -0.0009765625 -0.0014641288433382138
0  0.92138671875 0.22986822840409957 0.0166015625 0.029282576866764276 -0.0009765625 -0.0014641288433382138 -0.0009765625 -0.0014641288433382138 -0.0009765625 -0.0014641288433382138 -0.0009765625 -0.0014641288433382138 -0.0009765625 -0.0014641288433382138
0  0.78857421875 0.04978038067349927 0.0146484375 0.02342606149341142 -0.0009765625 -0.0014641288433382138 -0.0009765625 -0.0014641288433382138 -0.0009765625 -0.0014641288433382138 -0.0009765625 -0.0014641288433382138 -0.0009765625 -0.0014641288433382138
0  0.68310546875 0.10322108345534407 0.0107421875 0.021961932650073207 -0.0009765625 -0.0014641288433382138 -0.0009765625 -0.0014641288433382138 -0.0009765625 -0.0014641288433382138 -0.0009765625 -0.0014641288433382138 -0.0009765625 -0.0014641288433382138
0  0.70166015625 0.08784773060029283 0.0107421875 0.02342606149341142 -0.0009765625 -0.0014641288433382138 -0.0009765625 -0.0014641288433382138 -0.0009765625 -0.0014641288433382138 -0.0009765625 -0.0014641288433382138 -0.0009765625 -0.0014641288433382138
0  0.70751953125 0.25329428989751096 0.0146484375 0.032210834553440704 -0.0009765625 -0.0014641288433382138 -0.0009765625 -0.0014641288433382138 -0.0009765625 -0.0014641288433382138 -0.0009765625 -0.0014641288433382138 -0.0009765625 -0.0014641288433382138
0  0.8251953125 0.11054172767203514 0.015625 0.03074670571010249 -0.0009765625 -0.0014641288433382138 -0.0009765625 -0.0014641288433382138 -0.0009765625 -0.0014641288433382138 -0.0009765625 -0.0014641288433382138 -0.0009765625 -0.0014641288433382138
0  0.84326171875 0.27013177159590046 0.0185546875 0.036603221083455345 0.8379296875 0.26940556368960467 0.8440595703125 0.2703733528550512 0.8409951171875 0.2766617862371889 0.8382529296875 0.2812562225475842 0.8429306640625 0.28174084919472914
0  0.8515625 0.2891654465592972 0.01953125 0.036603221083455345 -0.0009765625 -0.0014641288433382138 -0.0009765625 -0.0014641288433382138 -0.0009765625 -0.0014641288433382138 -0.0009765625 -0.0014641288433382138 -0.0009765625 -0.0014641288433382138
0  0.033203125 0.19838945827232796 0.01953125 0.027818448023426062 -0.0009765625 -0.0014641288433382138 -0.0009765625 -0.0014641288433382138 -0.0009765625 -0.0014641288433382138 -0.0009765625 -0.0014641288433382138 -0.0009765625 -0.0014641288433382138
0  0.57373046875 0.07101024890190337 0.0107421875 0.021961932650073207 -0.0009765625 -0.0014641288433382138 -0.0009765625 -0.0014641288433382138 -0.0009765625 -0.0014641288433382138 -0.0009765625 -0.0014641288433382138 -0.0009765625 -0.0014641288433382138
0  0.72900390625 0.04685212298682284 0.0107421875 0.02342606149341142 -0.0009765625 -0.0014641288433382138 -0.0009765625 -0.0014641288433382138 -0.0009765625 -0.0014641288433382138 -0.0009765625 -0.0014641288433382138 -0.0009765625 -0.0014641288433382138
0  0.8212890625 0.27379209370424595 0.01953125 0.040995607613469986 -0.0009765625 -0.0014641288433382138 -0.0009765625 -0.0014641288433382138 -0.0009765625 -0.0014641288433382138 -0.0009765625 -0.0014641288433382138 -0.0009765625 -0.0014641288433382138
0  0.98388671875 0.13103953147877012 0.0146484375 0.024890190336749635 -0.0009765625 -0.0014641288433382138 -0.0009765625 -0.0014641288433382138 -0.0009765625 -0.0014641288433382138 -0.0009765625 -0.0014641288433382138 -0.0009765625 -0.0014641288433382138
0  0.9462890625 0.06076134699853587 0.01171875 0.01903367496339678 -0.0009765625 -0.0014641288433382138 -0.0009765625 -0.0014641288433382138 -0.0009765625 -0.0014641288433382138 -0.0009765625 -0.0014641288433382138 -0.0009765625 -0.0014641288433382138
0  0.9677734375 0.07833089311859444 0.01171875 0.021961932650073207 -0.0009765625 -0.0014641288433382138 -0.0009765625 -0.0014641288433382138 -0.0009765625 -0.0014641288433382138 -0.0009765625 -0.0014641288433382138 -0.0009765625 -0.0014641288433382138
0  0.95703125 0.08857979502196194 0.01171875 0.027818448023426062 -0.0009765625 -0.0014641288433382138 -0.0009765625 -0.0014641288433382138 -0.0009765625 -0.0014641288433382138 -0.0009765625 -0.0014641288433382138 -0.0009765625 -0.0014641288433382138
0  0.8720703125 0.07906295754026355 0.009765625 0.020497803806734993 -0.0009765625 -0.0014641288433382138 -0.0009765625 -0.0014641288433382138 -0.0009765625 -0.0014641288433382138 -0.0009765625 -0.0014641288433382138 -0.0009765625 -0.0014641288433382138
0  0.861328125 0.06808199121522694 0.01171875 0.024890190336749635 -0.0009765625 -0.0014641288433382138 -0.0009765625 -0.0014641288433382138 -0.0009765625 -0.0014641288433382138 -0.0009765625 -0.0014641288433382138 -0.0009765625 -0.0014641288433382138
0  0.02978515625 0.09443631039531479 0.0126953125 0.021961932650073207 -0.0009765625 -0.0014641288433382138 -0.0009765625 -0.0014641288433382138 -0.0009765625 -0.0014641288433382138 -0.0009765625 -0.0014641288433382138 -0.0009765625 -0.0014641288433382138
