0  0.1201171875 0.3622704507512521 0.025390625 0.05342237061769616 0.1173359375 0.3533572621035058 0.12796484375 0.3533572621035058 0.1225498046875 0.3608998330550918 0.1157314453125 0.37324040066777964 0.12796484375 0.37392654424040067
0  0.18701171875 0.330550918196995 0.0185546875 0.04340567612687813 -0.0009765625 -0.001669449081803005 -0.0009765625 -0.001669449081803005 -0.0009765625 -0.001669449081803005 -0.0009765625 -0.001669449081803005 -0.0009765625 -0.001669449081803005
0  0.2216796875 0.34557595993322204 0.021484375 0.04340567612687813 0.219421875 0.34170784641068447 0.2278095703125 0.3425358931552588 0.2242607421875 0.35301335559265445 0.22006640625 0.35990818030050087 0.2270029296875 0.3604590984974958
0  0.296875 0.3656093489148581 0.021484375 0.05008347245409015 0.2935009765625 0.36060767946577627 0.3043740234375 0.3625308848080134 0.29875 0.3650951585976628 0.2936884765625 0.37759432387312186 0.3019365234375 0.3798363939899833
0  0.31591796875 0.35141903171953254 0.0185546875 0.038397328881469114 -0.0009765625 -0.001669449081803005 -0.0009765625 -0.001669449081803005 -0.0009765625 -0.001669449081803005 -0.0009765625 -0.001669449081803005 -0.0009765625 -0.001669449081803005
0  0.33447265625 0.3597662771285476 0.0087890625 0.03171953255425709 -0.0009765625 -0.001669449081803005 -0.0009765625 -0.001669449081803005 -0.0009765625 -0.001669449081803005 -0.0009765625 -0.001669449081803005 -0.0009765625 -0.001669449081803005
0  0.37646484375 0.3781302170283806 0.0087890625 0.038397328881469114 -0.0009765625 -0.001669449081803005 -0.0009765625 -0.001669449081803005 -0.0009765625 -0.001669449081803005 -0.0009765625 -0.001669449081803005 -0.0009765625 -0.001669449081803005
0  0.41015625 0.3747913188647746 0.01953125 0.038397328881469114 0.4031064453125 0.37085642737896496 0.410587890625 0.36913522537562604 0.4061279296875 0.38118530884808016 0.40756640625 0.3865959933222037 0.4104443359375 0.3856126878130217
0  0.4609375 0.4515859766277129 0.0234375 0.05509181969949917 0.4525361328125 0.44808347245409014 0.462986328125 0.44352921535893153 0.4564296875 0.45824207011686147 0.45683984375 0.4676994991652754 0.463806640625 0.46664774624373956
0  0.44384765625 0.3564273789649416 0.0185546875 0.041736227045075125 0.440451171875 0.3492570951585977 0.448033203125 0.34898163606010013 0.4446455078125 0.35946076794657766 0.442064453125 0.36718196994991653 0.4473876953125 0.36718196994991653
0  0.45947265625 0.3656093489148581 0.0166015625 0.0333889816360601 -0.0009765625 -0.001669449081803005 -0.0009765625 -0.001669449081803005 -0.0009765625 -0.001669449081803005 -0.0009765625 -0.001669449081803005 -0.0009765625 -0.001669449081803005
0  0.4833984375 0.35392320534223703 0.017578125 0.03672787979966611 0.4828408203125 0.34819866444073455 0.490234375 0.34819866444073455 0.4874443359375 0.3558313856427379 0.4838173828125 0.3634624373956594 0.488560546875 0.36298664440734557
0  0.4970703125 0.39148580968280466 0.021484375 0.041736227045075125 0.4894892578125 0.3887278797996661 0.4922314453125 0.3887278797996661 0.48771484375 0.39893155258764607 0.491908203125 0.40499833055091816 0.4930380859375 0.4052737896494157
0  0.5390625 0.3739565943238731 0.01953125 0.03672787979966611 0.5338310546875 0.3696644407345576 0.544154296875 0.36918697829716196 0.53955078125 0.3772954924874791 0.5370400390625 0.38397328881469117 0.543177734375 0.3834958263772955
0  0.59521484375 0.4065108514190317 0.0166015625 0.038397328881469114 0.59179296875 0.402330550918197 0.5995615234375 0.402330550918197 0.59596484375 0.41069115191986644 0.5927998046875 0.41807011686143575 0.598986328125 0.4178247078464107
0  0.60986328125 0.3981636060100167 0.0166015625 0.038397328881469114 0.6084248046875 0.38955592654424037 0.6147548828125 0.38980133555926544 0.61158984375 0.3959499165275459 0.609 0.40652587646076793 0.61403515625 0.40652587646076793
0  0.6015625 0.35308848080133554 0.017578125 0.035058430717863104 0.5989638671875 0.3480050083472454 0.6058564453125 0.3480050083472454 0.602748046875 0.3565542570951586 0.5988291015625 0.36394657762938226 0.604640625 0.36371619365609353
0  0.6416015625 0.4332220367278798 0.013671875 0.018363939899833055 -0.0009765625 -0.001669449081803005 -0.0009765625 -0.001669449081803005 -0.0009765625 -0.001669449081803005 -0.0009765625 -0.001669449081803005 -0.0009765625 -0.001669449081803005
0  0.65771484375 0.42070116861435725 0.0205078125 0.0333889816360601 0.6554169921875 0.4148731218697829 0.6628505859375 0.4139482470784641 0.6593369140625 0.42319031719532557 0.6579853515625 0.43058430717863105 0.6621748046875 0.43035225375626046
0  0.68017578125 0.36978297161936563 0.0126953125 0.028380634390651086 -0.0009765625 -0.001669449081803005 -0.0009765625 -0.001669449081803005 -0.0009765625 -0.001669449081803005 -0.0009765625 -0.001669449081803005 -0.0009765625 -0.001669449081803005
0  0.701171875 0.4023372287145242 0.013671875 0.03005008347245409 -0.0009765625 -0.001669449081803005 -0.0009765625 -0.001669449081803005 -0.0009765625 -0.001669449081803005 -0.0009765625 -0.001669449081803005 -0.0009765625 -0.001669449081803005
0  0.70751953125 0.41569282136894825 0.0087890625 0.02671118530884808 -0.0009765625 -0.001669449081803005 -0.0009765625 -0.001669449081803005 -0.0009765625 -0.001669449081803005 -0.0009765625 -0.001669449081803005 -0.0009765625 -0.001669449081803005
0  0.708984375 0.4307178631051753 0.015625 0.04674457429048414 -0.0009765625 -0.001669449081803005 -0.0009765625 -0.001669449081803005 -0.0009765625 -0.001669449081803005 -0.0009765625 -0.001669449081803005 -0.0009765625 -0.001669449081803005
0  0.74658203125 0.4549248747913189 0.0185546875 0.035058430717863104 -0.0009765625 -0.001669449081803005 -0.0009765625 -0.001669449081803005 -0.0009765625 -0.001669449081803005 -0.0009765625 -0.001669449081803005 -0.0009765625 -0.001669449081803005
0  0.76708984375 0.4574290484140234 0.0205078125 0.03672787979966611 0.762416015625 0.45051252086811355 0.7706474609375 0.45051252086811355 0.767578125 0.4598146911519198 0.7646484375 0.46649248747913186 0.7693916015625 0.4657762938230384
0  0.7744140625 0.44574290484140233 0.015625 0.03672787979966611 -0.0009765625 -0.001669449081803005 -0.0009765625 -0.001669449081803005 -0.0009765625 -0.001669449081803005 -0.0009765625 -0.001669449081803005 -0.0009765625 -0.001669449081803005
0  0.79638671875 0.4666110183639399 0.0107421875 0.018363939899833055 -0.0009765625 -0.001669449081803005 -0.0009765625 -0.001669449081803005 -0.0009765625 -0.001669449081803005 -0.0009765625 -0.001669449081803005 -0.0009765625 -0.001669449081803005
0  0.72998046875 0.3772954924874791 0.0126953125 0.0333889816360601 -0.0009765625 -0.001669449081803005 -0.0009765625 -0.001669449081803005 -0.0009765625 -0.001669449081803005 -0.0009765625 -0.001669449081803005 -0.0009765625 -0.001669449081803005
0  0.78369140625 0.3589315525876461 0.0146484375 0.03005008347245409 0.7829765625 0.354355592654424 0.788984375 0.354355592654424 0.787056640625 0.3624941569282137 0.783203125 0.36675792988313854 0.7881904296875 0.3665626043405676
0  0.8017578125 0.3823038397328882 0.013671875 0.02671118530884808 -0.0009765625 -0.001669449081803005 -0.0009765625 -0.001669449081803005 -0.0009765625 -0.001669449081803005 -0.0009765625 -0.001669449081803005 -0.0009765625 -0.001669449081803005
0  0.77392578125 0.4056761268781302 0.0107421875 0.02671118530884808 -0.0009765625 -0.001669449081803005 -0.0009765625 -0.001669449081803005 -0.0009765625 -0.001669449081803005 -0.0009765625 -0.001669449081803005 -0.0009765625 -0.001669449081803005
0  0.8056640625 0.41736227045075125 0.015625 0.03672787979966611 -0.0009765625 -0.001669449081803005 -0.0009765625 -0.001669449081803005 -0.0009765625 -0.001669449081803005 -0.0009765625 -0.001669449081803005 -0.0009765625 -0.001669449081803005
0  0.84228515625 0.44156928213689484 0.0185546875 0.041736227045075125 0.8419541015625 0.4340267111853089 0.850115234375 0.43510016694490816 0.84525 0.4426126878130217 0.840541015625 0.44905175292153593 0.8471328125 0.450661101836394
0  0.8388671875 0.4040066777963272 0.01953125 0.02671118530884808 0.8376201171875 0.4007946577629382 0.845458984375 0.40057762938230385 0.8424248046875 0.40684641068447414 0.8391376953125 0.41678797996661104 0.8455849609375 0.41614023372287146
0  0.86279296875 0.4373956594323873 0.0166015625 0.0333889816360601 -0.0009765625 -0.001669449081803005 -0.0009765625 -0.001669449081803005 -0.0009765625 -0.001669449081803005 -0.0009765625 -0.001669449081803005 -0.0009765625 -0.001669449081803005
0  0.82666015625 0.3989983305509182 0.0166015625 0.0333889816360601 -0.0009765625 -0.001669449081803005 -0.0009765625 -0.001669449081803005 -0.0009765625 -0.001669449081803005 -0.0009765625 -0.001669449081803005 -0.0009765625 -0.001669449081803005
0  0.8779296875 0.41068447412353926 0.015625 0.0333889816360601 0.8761767578125 0.40552754590984974 0.88363671875 0.40617529215358933 0.879716796875 0.4148213689482471 0.8776943359375 0.4206560934891486 0.8818662109375 0.4206560934891486
0  0.83642578125 0.34056761268781305 0.0146484375 0.02671118530884808 -0.0009765625 -0.001669449081803005 -0.0009765625 -0.001669449081803005 -0.0009765625 -0.001669449081803005 -0.0009765625 -0.001669449081803005 -0.0009765625 -0.001669449081803005
0  0.86767578125 0.36894824707846413 0.0166015625 0.02671118530884808 -0.0009765625 -0.001669449081803005 -0.0009765625 -0.001669449081803005 -0.0009765625 -0.001669449081803005 -0.0009765625 -0.001669449081803005 -0.0009765625 -0.001669449081803005
0  0.9384765625 0.4040066777963272 0.013671875 0.02671118530884808 0.936583984375 0.4004290484140234 0.942099609375 0.4004290484140234 0.9394921875 0.4069432387312187 0.9370859375 0.41345742904841404 0.9418984375 0.4132854757929883
0  0.9287109375 0.35141903171953254 0.015625 0.025041736227045076 -0.0009765625 -0.001669449081803005 -0.0009765625 -0.001669449081803005 -0.0009765625 -0.001669449081803005 -0.0009765625 -0.001669449081803005 -0.0009765625 -0.001669449081803005
0  0.95361328125 0.35308848080133554 0.0126953125 0.025041736227045076 -0.0009765625 -0.001669449081803005 -0.0009765625 -0.001669449081803005 -0.0009765625 -0.001669449081803005 -0.0009765625 -0.001669449081803005 -0.0009765625 -0.001669449081803005
0  0.9853515625 0.31552587646076796 0.009765625 0.02003338898163606 -0.0009765625 -0.001669449081803005 -0.0009765625 -0.001669449081803005 -0.0009765625 -0.001669449081803005 -0.0009765625 -0.001669449081803005 -0.0009765625 -0.001669449081803005
0  0.98388671875 0.2896494156928214 0.0107421875 0.021702838063439065 -0.0009765625 -0.001669449081803005 -0.0009765625 -0.001669449081803005 -0.0009765625 -0.001669449081803005 -0.0009765625 -0.001669449081803005 -0.0009765625 -0.001669449081803005
0  0.93408203125 0.2896494156928214 0.0126953125 0.021702838063439065 0.9330361328125 0.28747245409015026 0.938267578125 0.2868764607679466 0.936087890625 0.2914974958263773 0.9338203125 0.29731051752921533 0.938267578125 0.29641736227045073
0  0.88720703125 0.3113522537562604 0.0146484375 0.025041736227045076 -0.0009765625 -0.001669449081803005 -0.0009765625 -0.001669449081803005 -0.0009765625 -0.001669449081803005 -0.0009765625 -0.001669449081803005 -0.0009765625 -0.001669449081803005
0  0.84814453125 0.3055091819699499 0.0126953125 0.02671118530884808 0.8471328125 0.300440734557596 0.850376953125 0.300440734557596 0.849330078125 0.3063439065108514 0.8466103515625 0.31081636060100165 0.850376953125 0.31099499165275457
0  0.86474609375 0.28213689482470783 0.0126953125 0.02671118530884808 -0.0009765625 -0.001669449081803005 -0.0009765625 -0.001669449081803005 -0.0009765625 -0.001669449081803005 -0.0009765625 -0.001669449081803005 -0.0009765625 -0.001669449081803005
0  0.8798828125 0.27629382303839733 0.013671875 0.028380634390651086 -0.0009765625 -0.001669449081803005 -0.0009765625 -0.001669449081803005 -0.0009765625 -0.001669449081803005 -0.0009765625 -0.001669449081803005 -0.0009765625 -0.001669449081803005
0  0.88916015625 0.2679465776293823 0.0107421875 0.025041736227045076 -0.0009765625 -0.001669449081803005 -0.0009765625 -0.001669449081803005 -0.0009765625 -0.001669449081803005 -0.0009765625 -0.001669449081803005 -0.0009765625 -0.001669449081803005
0  0.892578125 0.2604340567612688 0.009765625 0.03005008347245409 -0.0009765625 -0.001669449081803005 -0.0009765625 -0.001669449081803005 -0.0009765625 -0.001669449081803005 -0.0009765625 -0.001669449081803005 -0.0009765625 -0.001669449081803005
0  0.9091796875 0.2921535893155259 0.005859375 0.01335559265442404 -0.0009765625 -0.001669449081803005 -0.0009765625 -0.001669449081803005 -0.0009765625 -0.001669449081803005 -0.0009765625 -0.001669449081803005 -0.0009765625 -0.001669449081803005
0  0.90283203125 0.2621035058430718 0.0087890625 0.02003338898163606 -0.0009765625 -0.001669449081803005 -0.0009765625 -0.001669449081803005 -0.0009765625 -0.001669449081803005 -0.0009765625 -0.001669449081803005 -0.0009765625 -0.001669449081803005
0  0.9189453125 0.21452420701168615 0.0078125 0.018363939899833055 -0.0009765625 -0.001669449081803005 -0.0009765625 -0.001669449081803005 -0.0009765625 -0.001669449081803005 -0.0009765625 -0.001669449081803005 -0.0009765625 -0.001669449081803005
0  0.97900390625 0.24040066777963273 0.0107421875 0.01669449081803005 -0.0009765625 -0.001669449081803005 -0.0009765625 -0.001669449081803005 -0.0009765625 -0.001669449081803005 -0.0009765625 -0.001669449081803005 -0.0009765625 -0.001669449081803005
0  0.9716796875 0.22203672787979967 0.0078125 0.01669449081803005 -0.0009765625 -0.001669449081803005 -0.0009765625 -0.001669449081803005 -0.0009765625 -0.001669449081803005 -0.0009765625 -0.001669449081803005 -0.0009765625 -0.001669449081803005
0  0.978515625 0.21118530884808012 0.009765625 0.018363939899833055 -0.0009765625 -0.001669449081803005 -0.0009765625 -0.001669449081803005 -0.0009765625 -0.001669449081803005 -0.0009765625 -0.001669449081803005 -0.0009765625 -0.001669449081803005
0  0.962890625 0.2020033388981636 0.009765625 0.01669449081803005 -0.0009765625 -0.001669449081803005 -0.0009765625 -0.001669449081803005 -0.0009765625 -0.001669449081803005 -0.0009765625 -0.001669449081803005 -0.0009765625 -0.001669449081803005
0  0.93994140625 0.2287145242070117 0.0107421875 0.01669449081803005 -0.0009765625 -0.001669449081803005 -0.0009765625 -0.001669449081803005 -0.0009765625 -0.001669449081803005 -0.0009765625 -0.001669449081803005 -0.0009765625 -0.001669449081803005
0  0.9404296875 0.21035058430717862 0.0078125 0.01335559265442404 -0.0009765625 -0.001669449081803005 -0.0009765625 -0.001669449081803005 -0.0009765625 -0.001669449081803005 -0.0009765625 -0.001669449081803005 -0.0009765625 -0.001669449081803005
0  0.8974609375 0.20868113522537562 0.015625 0.02671118530884808 -0.0009765625 -0.001669449081803005 -0.0009765625 -0.001669449081803005 -0.0009765625 -0.001669449081803005 -0.0009765625 -0.001669449081803005 -0.0009765625 -0.001669449081803005
0  0.8896484375 0.21953255425709517 0.0078125 0.015025041736227046 -0.0009765625 -0.001669449081803005 -0.0009765625 -0.001669449081803005 -0.0009765625 -0.001669449081803005 -0.0009765625 -0.001669449081803005 -0.0009765625 -0.001669449081803005
0  0.93359375 0.17362270450751252 0.009765625 0.01669449081803005 -0.0009765625 -0.001669449081803005 -0.0009765625 -0.001669449081803005 -0.0009765625 -0.001669449081803005 -0.0009765625 -0.001669449081803005 -0.0009765625 -0.001669449081803005
0  0.9140625 0.17278797996661102 0.0078125 0.018363939899833055 -0.0009765625 -0.001669449081803005 -0.0009765625 -0.001669449081803005 -0.0009765625 -0.001669449081803005 -0.0009765625 -0.001669449081803005 -0.0009765625 -0.001669449081803005
0  0.99755859375 0.11769616026711185 0.0048828125 0.021702838063439065 -0.0009765625 -0.001669449081803005 -0.0009765625 -0.001669449081803005 -0.0009765625 -0.001669449081803005 -0.0009765625 -0.001669449081803005 -0.0009765625 -0.001669449081803005
0  0.91650390625 0.1335559265442404 0.0087890625 0.02337228714524207 -0.0009765625 -0.001669449081803005 -0.0009765625 -0.001669449081803005 -0.0009765625 -0.001669449081803005 -0.0009765625 -0.001669449081803005 -0.0009765625 -0.001669449081803005
0  0.9072265625 0.1318864774624374 0.0078125 0.01669449081803005 -0.0009765625 -0.001669449081803005 -0.0009765625 -0.001669449081803005 -0.0009765625 -0.001669449081803005 -0.0009765625 -0.001669449081803005 -0.0009765625 -0.001669449081803005
0  0.921875 0.12020033388981637 0.0078125 0.01669449081803005 -0.0009765625 -0.001669449081803005 -0.0009765625 -0.001669449081803005 -0.0009765625 -0.001669449081803005 -0.0009765625 -0.001669449081803005 -0.0009765625 -0.001669449081803005
0  0.9404296875 0.13606010016694492 0.005859375 0.015025041736227046 -0.0009765625 -0.001669449081803005 -0.0009765625 -0.001669449081803005 -0.0009765625 -0.001669449081803005 -0.0009765625 -0.001669449081803005 -0.0009765625 -0.001669449081803005
0  0.9501953125 0.11602671118530884 0.009765625 0.015025041736227046 -0.0009765625 -0.001669449081803005 -0.0009765625 -0.001669449081803005 -0.0009765625 -0.001669449081803005 -0.0009765625 -0.001669449081803005 -0.0009765625 -0.001669449081803005
0  0.9375 0.13606010016694492 0.00390625 0.011686143572621035 -0.0009765625 -0.001669449081803005 -0.0009765625 -0.001669449081803005 -0.0009765625 -0.001669449081803005 -0.0009765625 -0.001669449081803005 -0.0009765625 -0.001669449081803005
0  0.96240234375 0.18196994991652754 0.0087890625 0.01669449081803005 -0.0009765625 -0.001669449081803005 -0.0009765625 -0.001669449081803005 -0.0009765625 -0.001669449081803005 -0.0009765625 -0.001669449081803005 -0.0009765625 -0.001669449081803005
0  0.93359375 0.09265442404006678 0.0078125 0.011686143572621035 -0.0009765625 -0.001669449081803005 -0.0009765625 -0.001669449081803005 -0.0009765625 -0.001669449081803005 -0.0009765625 -0.001669449081803005 -0.0009765625 -0.001669449081803005
0  0.96923828125 0.07011686143572621 0.0087890625 0.01669449081803005 -0.0009765625 -0.001669449081803005 -0.0009765625 -0.001669449081803005 -0.0009765625 -0.001669449081803005 -0.0009765625 -0.001669449081803005 -0.0009765625 -0.001669449081803005
0  0.994140625 0.0651085141903172 0.0078125 0.01335559265442404 -0.0009765625 -0.001669449081803005 -0.0009765625 -0.001669449081803005 -0.0009765625 -0.001669449081803005 -0.0009765625 -0.001669449081803005 -0.0009765625 -0.001669449081803005
0  0.97509765625 0.055926544240400666 0.0068359375 0.011686143572621035 -0.0009765625 -0.001669449081803005 -0.0009765625 -0.001669449081803005 -0.0009765625 -0.001669449081803005 -0.0009765625 -0.001669449081803005 -0.0009765625 -0.001669449081803005
0  0.98388671875 0.05843071786310518 0.0048828125 0.01001669449081803 -0.0009765625 -0.001669449081803005 -0.0009765625 -0.001669449081803005 -0.0009765625 -0.001669449081803005 -0.0009765625 -0.001669449081803005 -0.0009765625 -0.001669449081803005
0  0.97119140625 0.03672787979966611 0.0068359375 0.01669449081803005 -0.0009765625 -0.001669449081803005 -0.0009765625 -0.001669449081803005 -0.0009765625 -0.001669449081803005 -0.0009765625 -0.001669449081803005 -0.0009765625 -0.001669449081803005
0  0.95849609375 0.015025041736227046 0.0087890625 0.01001669449081803 -0.0009765625 -0.001669449081803005 -0.0009765625 -0.001669449081803005 -0.0009765625 -0.001669449081803005 -0.0009765625 -0.001669449081803005 -0.0009765625 -0.001669449081803005
0  0.94140625 0.03005008347245409 0.009765625 0.02003338898163606 -0.0009765625 -0.001669449081803005 -0.0009765625 -0.001669449081803005 -0.0009765625 -0.001669449081803005 -0.0009765625 -0.001669449081803005 -0.0009765625 -0.001669449081803005
0  0.95556640625 0.04257095158597663 0.0068359375 0.015025041736227046 -0.0009765625 -0.001669449081803005 -0.0009765625 -0.001669449081803005 -0.0009765625 -0.001669449081803005 -0.0009765625 -0.001669449081803005 -0.0009765625 -0.001669449081803005
0  0.95068359375 0.06343906510851419 0.0068359375 0.01335559265442404 -0.0009765625 -0.001669449081803005 -0.0009765625 -0.001669449081803005 -0.0009765625 -0.001669449081803005 -0.0009765625 -0.001669449081803005 -0.0009765625 -0.001669449081803005
0  0.939453125 0.0709515859766277 0.005859375 0.011686143572621035 -0.0009765625 -0.001669449081803005 -0.0009765625 -0.001669449081803005 -0.0009765625 -0.001669449081803005 -0.0009765625 -0.001669449081803005 -0.0009765625 -0.001669449081803005
0  0.92236328125 0.0659432387312187 0.0068359375 0.011686143572621035 -0.0009765625 -0.001669449081803005 -0.0009765625 -0.001669449081803005 -0.0009765625 -0.001669449081803005 -0.0009765625 -0.001669449081803005 -0.0009765625 -0.001669449081803005
0  0.861328125 0.10350584307178631 0.009765625 0.01669449081803005 -0.0009765625 -0.001669449081803005 -0.0009765625 -0.001669449081803005 -0.0009765625 -0.001669449081803005 -0.0009765625 -0.001669449081803005 -0.0009765625 -0.001669449081803005
0  0.8828125 0.05843071786310518 0.005859375 0.01335559265442404 -0.0009765625 -0.001669449081803005 -0.0009765625 -0.001669449081803005 -0.0009765625 -0.001669449081803005 -0.0009765625 -0.001669449081803005 -0.0009765625 -0.001669449081803005
0  0.9130859375 0.02587646076794658 0.005859375 0.011686143572621035 -0.0009765625 -0.001669449081803005 -0.0009765625 -0.001669449081803005 -0.0009765625 -0.001669449081803005 -0.0009765625 -0.001669449081803005 -0.0009765625 -0.001669449081803005
0  0.86279296875 0.03171953255425709 0.0087890625 0.01669449081803005 -0.0009765625 -0.001669449081803005 -0.0009765625 -0.001669449081803005 -0.0009765625 -0.001669449081803005 -0.0009765625 -0.001669449081803005 -0.0009765625 -0.001669449081803005
0  0.84375 0.03589315525876461 0.005859375 0.011686143572621035 -0.0009765625 -0.001669449081803005 -0.0009765625 -0.001669449081803005 -0.0009765625 -0.001669449081803005 -0.0009765625 -0.001669449081803005 -0.0009765625 -0.001669449081803005
0  0.87353515625 0.0659432387312187 0.0087890625 0.015025041736227046 -0.0009765625 -0.001669449081803005 -0.0009765625 -0.001669449081803005 -0.0009765625 -0.001669449081803005 -0.0009765625 -0.001669449081803005 -0.0009765625 -0.001669449081803005
0  0.8857421875 0.08931552587646077 0.0078125 0.011686143572621035 -0.0009765625 -0.001669449081803005 -0.0009765625 -0.001669449081803005 -0.0009765625 -0.001669449081803005 -0.0009765625 -0.001669449081803005 -0.0009765625 -0.001669449081803005
