0  0.18896484375 0.36486486486486486 0.0205078125 0.05405405405405406 0.19043359375 0.360012012012012 0.1957705078125 0.35932732732732736 0.1982158203125 0.36855855855855857 0.19087890625 0.3812072072072072 0.1944365234375 0.38018168168168165
0  0.34033203125 0.487987987987988 0.0458984375 0.1021021021021021 0.3453408203125 0.475533033033033 0.3516845703125 0.4696816816816817 0.3605654296875 0.48788738738738735 0.344072265625 0.5132447447447448 0.3483017578125 0.5093438438438439
0  0.40869140625 0.35435435435435436 0.0146484375 0.036036036036036036 -0.0009765625 -0.0015015015015015015 -0.0009765625 -0.0015015015015015015 -0.0009765625 -0.0015015015015015015 -0.0009765625 -0.0015015015015015015 -0.0009765625 -0.0015015015015015015
0  0.47021484375 0.35135135135135137 0.0126953125 0.03003003003003003 -0.0009765625 -0.0015015015015015015 -0.0009765625 -0.0015015015015015015 -0.0009765625 -0.0015015015015015015 -0.0009765625 -0.0015015015015015015 -0.0009765625 -0.0015015015015015015
0  0.22607421875 0.34534534534534533 0.0146484375 0.024024024024024024 -0.0009765625 -0.0015015015015015015 -0.0009765625 -0.0015015015015015015 -0.0009765625 -0.0015015015015015015 -0.0009765625 -0.0015015015015015015 -0.0009765625 -0.0015015015015015015
0  0.21044921875 0.3385885885885886 0.0107421875 0.01951951951951952 -0.0009765625 -0.0015015015015015015 -0.0009765625 -0.0015015015015015015 -0.0009765625 -0.0015015015015015015 -0.0009765625 -0.0015015015015015015 -0.0009765625 -0.0015015015015015015
0  0.26904296875 0.34984984984984985 0.0107421875 0.03003003003003003 -0.0009765625 -0.0015015015015015015 -0.0009765625 -0.0015015015015015015 -0.0009765625 -0.0015015015015015015 -0.0009765625 -0.0015015015015015015 -0.0009765625 -0.0015015015015015015
0  0.76904296875 0.39714714714714716 0.0185546875 0.03753753753753754 0.7614921875 0.39494894894894894 0.7621201171875 0.3947072072072072 0.7596083984375 0.40363513513513516 0.7630615234375 0.4106336336336337 0.763689453125 0.4106336336336337
0  0.6171875 0.3761261261261261 0.017578125 0.03753753753753754 -0.0009765625 -0.0015015015015015015 -0.0009765625 -0.0015015015015015015 -0.0009765625 -0.0015015015015015015 -0.0009765625 -0.0015015015015015015 -0.0009765625 -0.0015015015015015015
0  0.70556640625 0.3911411411411411 0.0146484375 0.03453453453453453 -0.0009765625 -0.0015015015015015015 -0.0009765625 -0.0015015015015015015 -0.0009765625 -0.0015015015015015015 -0.0009765625 -0.0015015015015015015 -0.0009765625 -0.0015015015015015015
0  0.82421875 0.4084084084084084 0.009765625 0.03003003003003003 0.821310546875 0.40513063063063065 0.8216904296875 0.4057132132132132 0.819541015625 0.41212912912912913 0.8206787109375 0.4156276276276276 0.8208046875 0.41523873873873873
0  0.80126953125 0.3993993993993994 0.0146484375 0.02702702702702703 0.7957939453125 0.3963288288288288 0.80157421875 0.3972012012012012 0.796927734375 0.4034744744744745 0.798287109375 0.40835435435435435 0.80157421875 0.40870270270270276
0  0.66015625 0.3888888888888889 0.01171875 0.024024024024024024 -0.0009765625 -0.0015015015015015015 -0.0009765625 -0.0015015015015015015 -0.0009765625 -0.0015015015015015015 -0.0009765625 -0.0015015015015015015 -0.0009765625 -0.0015015015015015015
0  0.560546875 0.3506006006006006 0.01171875 0.03153153153153153 -0.0009765625 -0.0015015015015015015 -0.0009765625 -0.0015015015015015015 -0.0009765625 -0.0015015015015015015 -0.0009765625 -0.0015015015015015015 -0.0009765625 -0.0015015015015015015
0  0.59619140625 0.40015015015015015 0.0107421875 0.028528528528528527 -0.0009765625 -0.0015015015015015015 -0.0009765625 -0.0015015015015015015 -0.0009765625 -0.0015015015015015015 -0.0009765625 -0.0015015015015015015 -0.0009765625 -0.0015015015015015015
0  0.5322265625 0.3588588588588589 0.01171875 0.024024024024024024 0.5299599609375 0.35832282282282285 0.5352958984375 0.35977027027027025 0.533203125 0.36427477477477477 0.52828515625 0.37135285285285285 0.533935546875 0.37264114114114116
0  0.30224609375 0.3506006006006006 0.0107421875 0.025525525525525526 0.3008857421875 0.34775225225225226 0.3048095703125 0.3475840840840841 0.30295703125 0.3522762762762763 0.3009951171875 0.35596246246246244 0.3039375 0.3561306306306306
0  0.1591796875 0.3280780780780781 0.01171875 0.02252252252252252 0.1594677734375 0.3254099099099099 0.16522265625 0.3243783783783784 0.16387890625 0.3283603603603603 0.16004296875 0.3342582582582583 0.1633037109375 0.33396396396396394
0  0.97412109375 0.4016516516516517 0.0126953125 0.028528528528528527 -0.0009765625 -0.0015015015015015015 -0.0009765625 -0.0015015015015015015 -0.0009765625 -0.0015015015015015015 -0.0009765625 -0.0015015015015015015 -0.0009765625 -0.0015015015015015015
0  0.85888671875 0.40540540540540543 0.0126953125 0.021021021021021023 -0.0009765625 -0.0015015015015015015 -0.0009765625 -0.0015015015015015015 -0.0009765625 -0.0015015015015015015 -0.0009765625 -0.0015015015015015015 -0.0009765625 -0.0015015015015015015
0  0.41357421875 0.36786786786786785 0.0087890625 0.012012012012012012 -0.0009765625 -0.0015015015015015015 -0.0009765625 -0.0015015015015015015 -0.0009765625 -0.0015015015015015015 -0.0009765625 -0.0015015015015015015 -0.0009765625 -0.0015015015015015015
0  0.57080078125 0.3716216216216216 0.0126953125 0.025525525525525526 -0.0009765625 -0.0015015015015015015 -0.0009765625 -0.0015015015015015015 -0.0009765625 -0.0015015015015015015 -0.0009765625 -0.0015015015015015015 -0.0009765625 -0.0015015015015015015
0  0.36474609375 0.3490990990990991 0.0068359375 0.013513513513513514 -0.0009765625 -0.0015015015015015015 -0.0009765625 -0.0015015015015015015 -0.0009765625 -0.0015015015015015015 -0.0009765625 -0.0015015015015015015 -0.0009765625 -0.0015015015015015015
0  0.38134765625 0.3566066066066066 0.0048828125 0.013513513513513514 -0.0009765625 -0.0015015015015015015 -0.0009765625 -0.0015015015015015015 -0.0009765625 -0.0015015015015015015 -0.0009765625 -0.0015015015015015015 -0.0009765625 -0.0015015015015015015
0  0.43212890625 0.37012012012012013 0.0087890625 0.016516516516516516 -0.0009765625 -0.0015015015015015015 -0.0009765625 -0.0015015015015015015 -0.0009765625 -0.0015015015015015015 -0.0009765625 -0.0015015015015015015 -0.0009765625 -0.0015015015015015015
0  0.01953125 0.3566066066066066 0.0078125 0.01951951951951952 -0.0009765625 -0.0015015015015015015 -0.0009765625 -0.0015015015015015015 -0.0009765625 -0.0015015015015015015 -0.0009765625 -0.0015015015015015015 -0.0009765625 -0.0015015015015015015
0  0.74951171875 0.40615615615615613 0.0107421875 0.028528528528528527 -0.0009765625 -0.0015015015015015015 -0.0009765625 -0.0015015015015015015 -0.0009765625 -0.0015015015015015015 -0.0009765625 -0.0015015015015015015 -0.0009765625 -0.0015015015015015015
0  0.87744140625 0.4024024024024024 0.0087890625 0.021021021021021023 -0.0009765625 -0.0015015015015015015 -0.0009765625 -0.0015015015015015015 -0.0009765625 -0.0015015015015015015 -0.0009765625 -0.0015015015015015015 -0.0009765625 -0.0015015015015015015
0  0.45947265625 0.3731231231231231 0.0126953125 0.025525525525525526 -0.0009765625 -0.0015015015015015015 -0.0009765625 -0.0015015015015015015 -0.0009765625 -0.0015015015015015015 -0.0009765625 -0.0015015015015015015 -0.0009765625 -0.0015015015015015015
0  0.51953125 0.3566066066066066 0.01171875 0.02252252252252252 -0.0009765625 -0.0015015015015015015 -0.0009765625 -0.0015015015015015015 -0.0009765625 -0.0015015015015015015 -0.0009765625 -0.0015015015015015015 -0.0009765625 -0.0015015015015015015
0  0.35302734375 0.3588588588588589 0.0068359375 0.012012012012012012 -0.0009765625 -0.0015015015015015015 -0.0009765625 -0.0015015015015015015 -0.0009765625 -0.0015015015015015015 -0.0009765625 -0.0015015015015015015 -0.0009765625 -0.0015015015015015015
0  0.33642578125 0.3686186186186186 0.0146484375 0.03453453453453453 -0.0009765625 -0.0015015015015015015 -0.0009765625 -0.0015015015015015015 -0.0009765625 -0.0015015015015015015 -0.0009765625 -0.0015015015015015015 -0.0009765625 -0.0015015015015015015
