0  0.13232421875 0.2713864306784661 0.0634765625 0.10914454277286136 0.130919921875 0.2505988200589971 0.1487734375 0.2423023598820059 0.1629638671875 0.27134070796460175 0.1423642578125 0.3052182890855457 0.155181640625 0.29830383480825956
0  0.205078125 0.25442477876106195 0.056640625 0.10766961651917405 0.2059501953125 0.23314306784660765 0.226806640625 0.23314306784660765 0.2240859375 0.2557418879056047 0.210484375 0.2790250737463127 0.2258994140625 0.27697050147492625
0  0.73974609375 0.41224188790560473 0.0341796875 0.05752212389380531 -0.0009765625 -0.0014749262536873156 -0.0009765625 -0.0014749262536873156 -0.0009765625 -0.0014749262536873156 -0.0009765625 -0.0014749262536873156 -0.0009765625 -0.0014749262536873156
0  0.6982421875 0.18952802359882007 0.0234375 0.03982300884955752 -0.0009765625 -0.0014749262536873156 -0.0009765625 -0.0014749262536873156 -0.0009765625 -0.0014749262536873156 -0.0009765625 -0.0014749262536873156 -0.0009765625 -0.0014749262536873156
0  0.794921875 0.13938053097345132 0.015625 0.03392330383480826 -0.0009765625 -0.0014749262536873156 -0.0009765625 -0.0014749262536873156 -0.0009765625 -0.0014749262536873156 -0.0009765625 -0.0014749262536873156 -0.0009765625 -0.0014749262536873156
0  0.89892578125 0.1607669616519174 0.0185546875 0.029498525073746312 0.8921337890625 0.157165191740413 0.89971875 0.15601917404129795 0.8949150390625 0.16461209439528024 0.894283203125 0.16900442477876104 0.90073046875 0.1688126843657817
0  0.92578125 0.12684365781710916 0.0234375 0.04129793510324484 0.9202353515625 0.11983775811209439 0.92093359375 0.11957374631268436 0.916748046875 0.13037315634218288 0.9238974609375 0.1372212389380531 0.9242470703125 0.13669469026548672
0  0.8896484375 0.12536873156342182 0.013671875 0.032448377581120944 -0.0009765625 -0.0014749262536873156 -0.0009765625 -0.0014749262536873156 -0.0009765625 -0.0014749262536873156 -0.0009765625 -0.0014749262536873156 -0.0009765625 -0.0014749262536873156
0  0.99560546875 0.1275811209439528 0.0087890625 0.016224188790560472 -0.0009765625 -0.0014749262536873156 -0.0009765625 -0.0014749262536873156 -0.0009765625 -0.0014749262536873156 -0.0009765625 -0.0014749262536873156 -0.0009765625 -0.0014749262536873156
0  0.81787109375 0.14970501474926254 0.0068359375 0.016224188790560472 -0.0009765625 -0.0014749262536873156 -0.0009765625 -0.0014749262536873156 -0.0009765625 -0.0014749262536873156 -0.0009765625 -0.0014749262536873156 -0.0009765625 -0.0014749262536873156
0  0.76611328125 0.1430678466076696 0.0087890625 0.029498525073746312 -0.0009765625 -0.0014749262536873156 -0.0009765625 -0.0014749262536873156 -0.0009765625 -0.0014749262536873156 -0.0009765625 -0.0014749262536873156 -0.0009765625 -0.0014749262536873156
0  0.57666015625 0.1747787610619469 0.0087890625 0.025073746312684365 -0.0009765625 -0.0014749262536873156 -0.0009765625 -0.0014749262536873156 -0.0009765625 -0.0014749262536873156 -0.0009765625 -0.0014749262536873156 -0.0009765625 -0.0014749262536873156
0  0.6279296875 0.1762536873156342 0.01171875 0.019174041297935103 -0.0009765625 -0.0014749262536873156 -0.0009765625 -0.0014749262536873156 -0.0009765625 -0.0014749262536873156 -0.0009765625 -0.0014749262536873156 -0.0009765625 -0.0014749262536873156
0  0.4921875 0.2079646017699115 0.01171875 0.02064896755162242 0.489685546875 0.20639823008849556 0.4948125 0.20598230088495575 0.492615234375 0.21123746312684366 0.491515625 0.21441740412979352 0.4944453125 0.21414159292035395
0  0.32470703125 0.23156342182890854 0.0087890625 0.017699115044247787 -0.0009765625 -0.0014749262536873156 -0.0009765625 -0.0014749262536873156 -0.0009765625 -0.0014749262536873156 -0.0009765625 -0.0014749262536873156 -0.0009765625 -0.0014749262536873156
0  0.33251953125 0.24926253687315633 0.0087890625 0.017699115044247787 0.3327724609375 0.24695870206489673 0.3352177734375 0.24718141592920354 0.3339580078125 0.2521076696165192 0.33180859375 0.2545693215339233 0.33499609375 0.2545693215339233
