0  0.87353515625 0.07692307692307693 0.0341796875 0.03978779840848806 0.878060546875 0.0715238726790451 0.883509765625 0.07448408488063661 0.8811123046875 0.0836604774535809 0.872611328125 0.08573342175066313 0.8743544921875 0.08721352785145889
0  0.712890625 0.08156498673740054 0.03125 0.05968169761273209 0.71728515625 0.07142838196286472 0.7223076171875 0.06953448275862069 0.7264931640625 0.08090185676392574 0.7184013671875 0.09416445623342175 0.723423828125 0.09340716180371353
0  0.49267578125 0.05106100795755968 0.0361328125 0.0649867374005305 0.5008544921875 0.04293766578249337 0.50634765625 0.044180371352785144 0.507263671875 0.05702917771883289 0.49688671875 0.06822015915119364 0.5020751953125 0.06863395225464192
0  0.39697265625 0.028514588859416445 0.0224609375 0.04376657824933687 0.398978515625 0.01537002652519894 0.40358203125 0.01693368700265252 0.407994140625 0.02709416445623342 0.4007041015625 0.03725331564986737 0.4056923828125 0.038816976127320955
0  0.546875 0.21087533156498675 0.03125 0.0610079575596817 0.5458984375 0.20159151193633953 0.556640625 0.1989389920424403 0.5546875 0.21485411140583555 0.55078125 0.22811671087533156 0.5595703125 0.22413793103448276
0  0.90234375 0.3812997347480106 0.0234375 0.05172413793103448 0.9091796875 0.376657824933687 0.91015625 0.3687002652519894 0.9140625 0.376657824933687 0.9111328125 0.39655172413793105 0.9140625 0.38992042440318303
0  0.625 0.40251989389920423 0.05078125 0.08090185676392574 0.612283203125 0.3886114058355437 0.6374814453125 0.39012201591511936 0.6248818359375 0.407736074270557 0.6156181640625 0.4248474801061008 0.634146484375 0.42333687002652526
0  0.42578125 0.4482758620689655 0.0546875 0.09549071618037135 0.420353515625 0.4390742705570292 0.4432548828125 0.43724535809018567 0.4378662109375 0.45859018567639254 0.4225986328125 0.4738355437665782 0.4432548828125 0.47078647214854114
0  0.34814453125 0.2937665782493369 0.0361328125 0.0649867374005305 0.3526572265625 0.28508620689655173 0.3571689453125 0.2805928381962865 0.364087890625 0.2936657824933687 0.3562666015625 0.3157267904509284 0.361080078125 0.3100079575596817
0  0.11572265625 0.4416445623342175 0.0458984375 0.07957559681697612 0.11226953125 0.4339363395225464 0.1311689453125 0.43594827586206897 0.1237578125 0.4455106100795756 0.1144931640625 0.460106100795756 0.12598046875 0.46211936339522547
0  0.19677734375 0.5921750663129973 0.0498046875 0.08885941644562334 0.2061240234375 0.5981909814323607 0.2143203125 0.5942944297082229 0.2139111328125 0.6115477453580902 0.20489453125 0.6254615384615385 0.2114521484375 0.6210092838196286
