0  0.96533203125 0.6530014641288433 0.0322265625 0.07320644216691069 0.95489453125 0.64101317715959 0.9762578125 0.6446734992679356 0.96923828125 0.6597730600292826 0.955505859375 0.6707540263543191 0.9671015625 0.6734992679355783
0  0.68310546875 0.7950219619326501 0.0556640625 0.1054172767203514 0.6826171875 0.786367496339678 0.7028720703125 0.7824070278184481 0.699349609375 0.8134348462664714 0.6839384765625 0.8259780380673499 0.7019912109375 0.8233367496339679
0  0.72412109375 0.6200585651537335 0.0283203125 0.05710102489019034 0.7181181640625 0.6178755490483163 0.73106640625 0.6193133235724744 0.7241123046875 0.6268623718887262 0.7181181640625 0.6340527086383602 0.7284287109375 0.6362093704245974
0  0.79833984375 0.58199121522694 0.0224609375 0.0424597364568082 0.7989716796875 0.5794553440702781 0.807373046875 0.5781156661786238 0.8030830078125 0.5888345534407028 0.7989716796875 0.5982137628111274 0.805228515625 0.5976778916544656
0  0.701171875 0.5497803806734992 0.017578125 0.03074670571010249 0.700255859375 0.5482635431918009 0.7067958984375 0.5464992679355783 0.70391796875 0.5572840409956076 0.70091015625 0.5598330893118594 0.705357421875 0.5602254758418741
0  0.82177734375 0.5102489019033675 0.0146484375 0.036603221083455345 0.8256396484375 0.5083016105417277 0.827091796875 0.5083016105417277 0.824349609375 0.5167657393850659 0.8201552734375 0.5230541727672035 0.8209619140625 0.5230541727672035
0  0.6591796875 0.4868228404099561 0.013671875 0.024890190336749635 0.6578896484375 0.48499267935578333 0.6632255859375 0.484207906295754 0.6610283203125 0.4896983894582723 0.6585166015625 0.4937774524158126 0.662388671875 0.49362079062957537
0  0.61767578125 0.5322108345534406 0.0185546875 0.03367496339677892 0.6189228515625 0.5294787701317716 0.623814453125 0.5310336749633968 0.620552734375 0.5374787701317716 0.615513671875 0.540367496339678 0.6201083984375 0.5423689604685212
0  0.6201171875 0.49267935578330896 0.013671875 0.027818448023426062 -0.0009765625 -0.0014641288433382138 -0.0009765625 -0.0014641288433382138 -0.0009765625 -0.0014641288433382138 -0.0009765625 -0.0014641288433382138 -0.0009765625 -0.0014641288433382138
0  0.75146484375 0.46193265007320644 0.0087890625 0.021961932650073207 -0.0009765625 -0.0014641288433382138 -0.0009765625 -0.0014641288433382138 -0.0009765625 -0.0014641288433382138 -0.0009765625 -0.0014641288433382138 -0.0009765625 -0.0014641288433382138
0  0.8095703125 0.4428989751098097 0.009765625 0.016105417276720352 -0.0009765625 -0.0014641288433382138 -0.0009765625 -0.0014641288433382138 -0.0009765625 -0.0014641288433382138 -0.0009765625 -0.0014641288433382138 -0.0009765625 -0.0014641288433382138
0  0.697265625 0.5014641288433382 0.013671875 0.024890190336749635 -0.0009765625 -0.0014641288433382138 -0.0009765625 -0.0014641288433382138 -0.0009765625 -0.0014641288433382138 -0.0009765625 -0.0014641288433382138 -0.0009765625 -0.0014641288433382138
0  0.94287109375 0.4743777452415813 0.0126953125 0.020497803806734993 0.942138671875 0.4707628111273792 0.9468994140625 0.471311859443631 0.9447939453125 0.4773513909224012 0.941498046875 0.4817437774524158 0.945984375 0.48229282576866767
0  0.7744140625 0.4568081991215227 0.009765625 0.020497803806734993 0.7730888671875 0.45508199121522697 0.776837890625 0.45495168374816986 0.7767509765625 0.4599194729136164 0.77422265625 0.46253440702781845 0.7757041015625 0.46227232796486095
0  0.71484375 0.4685212298682284 0.01171875 0.02635431918008785 0.71503515625 0.4676720351390923 0.7194560546875 0.4676720351390923 0.7191162109375 0.47226061493411414 0.7166220703125 0.4771888726207906 0.7185498046875 0.47701903367496334
0  0.6767578125 0.44216691068814057 0.0078125 0.017569546120058566 0.6746826171875 0.4415783308931186 0.6786064453125 0.4422840409956076 0.67672265625 0.446402635431918 0.675232421875 0.44863836017569547 0.6775078125 0.44887262079062956
0  0.69921875 0.445095168374817 0.0078125 0.017569546120058566 -0.0009765625 -0.0014641288433382138 -0.0009765625 -0.0014641288433382138 -0.0009765625 -0.0014641288433382138 -0.0009765625 -0.0014641288433382138 -0.0009765625 -0.0014641288433382138
0  0.71728515625 0.4238653001464129 0.0068359375 0.013177159590043924 -0.0009765625 -0.0014641288433382138 -0.0009765625 -0.0014641288433382138 -0.0009765625 -0.0014641288433382138 -0.0009765625 -0.0014641288433382138 -0.0009765625 -0.0014641288433382138
0  0.6904296875 0.4670571010248902 0.0078125 0.017569546120058566 0.691052734375 0.4651024890190337 0.6937216796875 0.4643250366032211 0.6932021484375 0.46854758418740844 0.691275390625 0.4733250366032211 0.6924609375 0.4731024890190337
0  0.6240234375 0.45900439238653 0.0078125 0.016105417276720352 -0.0009765625 -0.0014641288433382138 -0.0009765625 -0.0014641288433382138 -0.0009765625 -0.0014641288433382138 -0.0009765625 -0.0014641288433382138 -0.0009765625 -0.0014641288433382138
0  0.6171875 0.4267935578330893 0.005859375 0.013177159590043924 -0.0009765625 -0.0014641288433382138 -0.0009765625 -0.0014641288433382138 -0.0009765625 -0.0014641288433382138 -0.0009765625 -0.0014641288433382138 -0.0009765625 -0.0014641288433382138
0  0.66259765625 0.41654465592972184 0.0068359375 0.013177159590043924 -0.0009765625 -0.0014641288433382138 -0.0009765625 -0.0014641288433382138 -0.0009765625 -0.0014641288433382138 -0.0009765625 -0.0014641288433382138 -0.0009765625 -0.0014641288433382138
0  0.97314453125 0.5644216691068814 0.0107421875 0.036603221083455345 -0.0009765625 -0.0014641288433382138 -0.0009765625 -0.0014641288433382138 -0.0009765625 -0.0014641288433382138 -0.0009765625 -0.0014641288433382138 -0.0009765625 -0.0014641288433382138
0  0.451171875 0.6339677891654466 0.02734375 0.0527086383601757 0.448638671875 0.6345695461200586 0.46108984375 0.6289019033674964 0.456865234375 0.6435695461200586 0.448861328125 0.6525695461200586 0.4622021484375 0.6455695461200586
0  0.3115234375 0.5468521229868228 0.0234375 0.05124450951683748 0.3073291015625 0.5418711566617862 0.318228515625 0.5402371888726208 0.3143046875 0.5493879941434847 0.3090732421875 0.5582122986822841 0.3195361328125 0.5555973645680821
0  0.33740234375 0.5219619326500732 0.0166015625 0.027818448023426062 -0.0009765625 -0.0014641288433382138 -0.0009765625 -0.0014641288433382138 -0.0009765625 -0.0014641288433382138 -0.0009765625 -0.0014641288433382138 -0.0009765625 -0.0014641288433382138
0  0.38720703125 0.5051244509516838 0.0126953125 0.02342606149341142 0.3856162109375 0.505896046852123 0.39062890625 0.5042415812591508 0.389125 0.5093528550512445 0.387921875 0.5135622254758418 0.3909296875 0.5125109809663251
0  0.3984375 0.541727672035139 0.015625 0.029282576866764276 0.396484375 0.5378843338213762 0.402099609375 0.5364202049780381 0.4000244140625 0.542276720351391 0.398193359375 0.5499633967789166 0.402587890625 0.5481332357247438
0  0.4541015625 0.46046852122986826 0.013671875 0.024890190336749635 0.4522529296875 0.4570702781844802 0.4580078125 0.4558140556368961 0.456333984375 0.4617759882869692 0.4546591796875 0.4667950219619327 0.459681640625 0.46616837481698387
0  0.4306640625 0.47144948755490484 0.009765625 0.017569546120058566 -0.0009765625 -0.0014641288433382138 -0.0009765625 -0.0014641288433382138 -0.0009765625 -0.0014641288433382138 -0.0009765625 -0.0014641288433382138 -0.0009765625 -0.0014641288433382138
0  0.39306640625 0.4707174231332357 0.0107421875 0.01903367496339678 0.391169921875 0.4691024890190337 0.3973828125 0.4691024890190337 0.39456640625 0.474194729136164 0.391998046875 0.4781683748169839 0.3965537109375 0.4780439238653002
0  0.33203125 0.47364568081991215 0.01171875 0.021961932650073207 -0.0009765625 -0.0014641288433382138 -0.0009765625 -0.0014641288433382138 -0.0009765625 -0.0014641288433382138 -0.0009765625 -0.0014641288433382138 -0.0009765625 -0.0014641288433382138
0  0.29248046875 0.486090775988287 0.0107421875 0.020497803806734993 -0.0009765625 -0.0014641288433382138 -0.0009765625 -0.0014641288433382138 -0.0009765625 -0.0014641288433382138 -0.0009765625 -0.0014641288433382138 -0.0009765625 -0.0014641288433382138
0  0.24658203125 0.4802342606149341 0.0166015625 0.029282576866764276 0.2415419921875 0.47988140556368963 0.248875 0.4791229868228404 0.24571484375 0.4863265007320644 0.2434384765625 0.49258125915080525 0.249380859375 0.4908755490483162
0  0.43212890625 0.4560761346998536 0.0087890625 0.016105417276720352 -0.0009765625 -0.0014641288433382138 -0.0009765625 -0.0014641288433382138 -0.0009765625 -0.0014641288433382138 -0.0009765625 -0.0014641288433382138 -0.0009765625 -0.0014641288433382138
0  0.4267578125 0.43997071742313326 0.0078125 0.013177159590043924 -0.0009765625 -0.0014641288433382138 -0.0009765625 -0.0014641288433382138 -0.0009765625 -0.0014641288433382138 -0.0009765625 -0.0014641288433382138 -0.0009765625 -0.0014641288433382138
0  0.31201171875 0.46412884333821375 0.0068359375 0.014641288433382138 -0.0009765625 -0.0014641288433382138 -0.0009765625 -0.0014641288433382138 -0.0009765625 -0.0014641288433382138 -0.0009765625 -0.0014641288433382138 -0.0009765625 -0.0014641288433382138
0  0.2646484375 0.43923865300146414 0.0078125 0.014641288433382138 -0.0009765625 -0.0014641288433382138 -0.0009765625 -0.0014641288433382138 -0.0009765625 -0.0014641288433382138 -0.0009765625 -0.0014641288433382138 -0.0009765625 -0.0014641288433382138
0  0.30419921875 0.4333821376281113 0.0068359375 0.014641288433382138 -0.0009765625 -0.0014641288433382138 -0.0009765625 -0.0014641288433382138 -0.0009765625 -0.0014641288433382138 -0.0009765625 -0.0014641288433382138 -0.0009765625 -0.0014641288433382138
0  0.498046875 0.4267935578330893 0.009765625 0.01903367496339678 -0.0009765625 -0.0014641288433382138 -0.0009765625 -0.0014641288433382138 -0.0009765625 -0.0014641288433382138 -0.0009765625 -0.0014641288433382138 -0.0009765625 -0.0014641288433382138
0  0.4765625 0.43191800878477304 0.0078125 0.014641288433382138 -0.0009765625 -0.0014641288433382138 -0.0009765625 -0.0014641288433382138 -0.0009765625 -0.0014641288433382138 -0.0009765625 -0.0014641288433382138 -0.0009765625 -0.0014641288433382138
0  0.451171875 0.42020497803806733 0.00390625 0.008784773060029283 -0.0009765625 -0.0014641288433382138 -0.0009765625 -0.0014641288433382138 -0.0009765625 -0.0014641288433382138 -0.0009765625 -0.0014641288433382138 -0.0009765625 -0.0014641288433382138
0  0.56103515625 0.4890190336749634 0.0146484375 0.02342606149341142 -0.0009765625 -0.0014641288433382138 -0.0009765625 -0.0014641288433382138 -0.0009765625 -0.0014641288433382138 -0.0009765625 -0.0014641288433382138 -0.0009765625 -0.0014641288433382138
0  0.58544921875 0.4838945827232797 0.0107421875 0.021961932650073207 0.5827548828125 0.4828755490483162 0.586015625 0.4833060029282577 0.5844814453125 0.48790775988286966 0.584193359375 0.49193411420204974 0.58687890625 0.49193411420204974
0  0.380859375 0.424597364568082 0.005859375 0.01171303074670571 -0.0009765625 -0.0014641288433382138 -0.0009765625 -0.0014641288433382138 -0.0009765625 -0.0014641288433382138 -0.0009765625 -0.0014641288433382138 -0.0009765625 -0.0014641288433382138
0  0.50146484375 0.5073206442166911 0.0146484375 0.027818448023426062 -0.0009765625 -0.0014641288433382138 -0.0009765625 -0.0014641288433382138 -0.0009765625 -0.0014641288433382138 -0.0009765625 -0.0014641288433382138 -0.0009765625 -0.0014641288433382138
0  0.5546875 0.5204978038067349 0.01953125 0.0424597364568082 0.5562744140625 0.5167467057101025 0.5625 0.517294289897511 0.5599365234375 0.527727672035139 0.554626953125 0.5329428989751098 0.5614013671875 0.5365124450951684
0  0.54052734375 0.47144948755490484 0.0107421875 0.02342606149341142 -0.0009765625 -0.0014641288433382138 -0.0009765625 -0.0014641288433382138 -0.0009765625 -0.0014641288433382138 -0.0009765625 -0.0014641288433382138 -0.0009765625 -0.0014641288433382138
0  0.54296875 0.4333821376281113 0.0078125 0.017569546120058566 -0.0009765625 -0.0014641288433382138 -0.0009765625 -0.0014641288433382138 -0.0009765625 -0.0014641288433382138 -0.0009765625 -0.0014641288433382138 -0.0009765625 -0.0014641288433382138
0  0.583984375 0.4363103953147877 0.005859375 0.01171303074670571 -0.0009765625 -0.0014641288433382138 -0.0009765625 -0.0014641288433382138 -0.0009765625 -0.0014641288433382138 -0.0009765625 -0.0014641288433382138 -0.0009765625 -0.0014641288433382138
0  0.18994140625 0.5351390922401171 0.0166015625 0.03367496339677892 0.187783203125 0.5321200585651538 0.1952646484375 0.5312562225475842 0.1926748046875 0.5375124450951684 0.189509765625 0.5435519765739385 0.194544921875 0.5431200585651538
0  0.08984375 0.5739385065885798 0.029296875 0.0527086383601757 0.0815732421875 0.5678726207906296 0.09469140625 0.5648726207906296 0.0875771484375 0.5765402635431918 0.0846865234375 0.5872064421669108 0.0955810546875 0.5832064421669106
0  0.04541015625 0.49194729136163984 0.0263671875 0.04685212298682284 0.04060546875 0.4879795021961933 0.051591796875 0.48709809663250364 0.04747265625 0.4970980966325036 0.043548828125 0.5065095168374817 0.0513955078125 0.505922401171303
0  0.056640625 0.42752562225475843 0.0078125 0.017569546120058566 0.0549755859375 0.4261142020497804 0.0595263671875 0.4261142020497804 0.0572509765625 0.43011420204978035 0.0558388671875 0.4324670571010249 0.0587421875 0.4321142020497804
0  0.00390625 0.4707174231332357 0.0078125 0.016105417276720352 -0.0009765625 -0.0014641288433382138 -0.0009765625 -0.0014641288433382138 -0.0009765625 -0.0014641288433382138 -0.0009765625 -0.0014641288433382138 -0.0009765625 -0.0014641288433382138
0  0.03955078125 0.43045387994143486 0.0087890625 0.014641288433382138 -0.0009765625 -0.0014641288433382138 -0.0009765625 -0.0014641288433382138 -0.0009765625 -0.0014641288433382138 -0.0009765625 -0.0014641288433382138 -0.0009765625 -0.0014641288433382138
0  0.13671875 0.43997071742313326 0.005859375 0.010248901903367497 -0.0009765625 -0.0014641288433382138 -0.0009765625 -0.0014641288433382138 -0.0009765625 -0.0014641288433382138 -0.0009765625 -0.0014641288433382138 -0.0009765625 -0.0014641288433382138
0  0.12109375 0.4216691068814056 0.005859375 0.01171303074670571 -0.0009765625 -0.0014641288433382138 -0.0009765625 -0.0014641288433382138 -0.0009765625 -0.0014641288433382138 -0.0009765625 -0.0014641288433382138 -0.0009765625 -0.0014641288433382138
0  0.22705078125 0.4216691068814056 0.0068359375 0.01171303074670571 -0.0009765625 -0.0014641288433382138 -0.0009765625 -0.0014641288433382138 -0.0009765625 -0.0014641288433382138 -0.0009765625 -0.0014641288433382138 -0.0009765625 -0.0014641288433382138
0  0.111328125 0.5043923865300146 0.025390625 0.0424597364568082 -0.0009765625 -0.0014641288433382138 -0.0009765625 -0.0014641288433382138 -0.0009765625 -0.0014641288433382138 -0.0009765625 -0.0014641288433382138 -0.0009765625 -0.0014641288433382138
0  0.11962890625 0.47364568081991215 0.0126953125 0.03074670571010249 -0.0009765625 -0.0014641288433382138 -0.0009765625 -0.0014641288433382138 -0.0009765625 -0.0014641288433382138 -0.0009765625 -0.0014641288433382138 -0.0009765625 -0.0014641288433382138
0  0.462890625 0.46412884333821375 0.009765625 0.020497803806734993 -0.0009765625 -0.0014641288433382138 -0.0009765625 -0.0014641288433382138 -0.0009765625 -0.0014641288433382138 -0.0009765625 -0.0014641288433382138 -0.0009765625 -0.0014641288433382138
0  0.5517578125 0.4538799414348463 0.005859375 0.014641288433382138 -0.0009765625 -0.0014641288433382138 -0.0009765625 -0.0014641288433382138 -0.0009765625 -0.0014641288433382138 -0.0009765625 -0.0014641288433382138 -0.0009765625 -0.0014641288433382138
0  0.552734375 0.4341142020497804 0.005859375 0.013177159590043924 -0.0009765625 -0.0014641288433382138 -0.0009765625 -0.0014641288433382138 -0.0009765625 -0.0014641288433382138 -0.0009765625 -0.0014641288433382138 -0.0009765625 -0.0014641288433382138
