0  0.90966796875 0.4084158415841584 0.0615234375 0.09158415841584158 -0.0009765625 -0.0012376237623762376 -0.0009765625 -0.0012376237623762376 -0.0009765625 -0.0012376237623762376 -0.0009765625 -0.0012376237623762376 -0.0009765625 -0.0012376237623762376
0  0.95556640625 0.32301980198019803 0.0244140625 0.04950495049504951 -0.0009765625 -0.0012376237623762376 -0.0009765625 -0.0012376237623762376 -0.0009765625 -0.0012376237623762376 -0.0009765625 -0.0012376237623762376 -0.0009765625 -0.0012376237623762376
0  0.98291015625 0.3248762376237624 0.0205078125 0.03341584158415842 -0.0009765625 -0.0012376237623762376 -0.0009765625 -0.0012376237623762376 -0.0009765625 -0.0012376237623762376 -0.0009765625 -0.0012376237623762376 -0.0009765625 -0.0012376237623762376
0  0.73681640625 0.48205445544554454 0.0732421875 0.10272277227722772 0.710845703125 0.4678329207920792 0.7434912109375 0.46524752475247527 0.7215576171875 0.4794690594059406 0.7174765625 0.5008007425742574 0.7343095703125 0.5020940594059407
0  0.80712890625 0.6986386138613861 0.1533203125 0.2438118811881188 0.8216201171875 0.6557858910891089 0.851810546875 0.6282376237623762 0.87837890625 0.684865099009901 0.8361123046875 0.7598564356435644 0.8614716796875 0.7414913366336634
0  0.7626953125 0.30816831683168316 0.017578125 0.027227722772277228 -0.0009765625 -0.0012376237623762376 -0.0009765625 -0.0012376237623762376 -0.0009765625 -0.0012376237623762376 -0.0009765625 -0.0012376237623762376 -0.0009765625 -0.0012376237623762376
0  0.6728515625 0.3756188118811881 0.029296875 0.04579207920792079 0.66365234375 0.3702264851485148 0.6801318359375 0.3672425742574258 0.6730693359375 0.3791769801980198 0.6669482421875 0.39140965346534656 0.6813095703125 0.38842574257425744
0  0.61572265625 0.19245049504950495 0.0068359375 0.011138613861386138 -0.0009765625 -0.0012376237623762376 -0.0009765625 -0.0012376237623762376 -0.0009765625 -0.0012376237623762376 -0.0009765625 -0.0012376237623762376 -0.0009765625 -0.0012376237623762376
0  0.59814453125 0.35705445544554454 0.0205078125 0.04084158415841584 0.5962216796875 0.35140222772277224 0.604212890625 0.35140222772277224 0.5995 0.35867326732673266 0.5968369140625 0.3675024752475248 0.6054423828125 0.3685408415841584
0  0.48388671875 0.34467821782178215 0.0302734375 0.050742574257425746 0.484427734375 0.3437660891089109 0.4990888671875 0.3405061881188119 0.4934296875 0.34767821782178215 0.4887998046875 0.3574579207920792 0.4990888671875 0.35615346534653464
0  0.51318359375 0.33910891089108913 0.0224609375 0.03712871287128713 0.507080078125 0.3334628712871287 0.5153203125 0.33392574257425744 0.511291015625 0.3406559405940594 0.506896484375 0.3450643564356436 0.51385546875 0.3466893564356436
0  0.46728515625 0.5488861386138614 0.0966796875 0.16955445544554457 0.4477978515625 0.5158292079207921 0.492392578125 0.5179616336633663 0.4688330078125 0.5435544554455446 0.4503212890625 0.584075495049505 0.4856611328125 0.584075495049505
0  0.44873046875 0.4034653465346535 0.0576171875 0.09405940594059406 0.452884765625 0.38629331683168316 0.47667578125 0.3975259900990099 0.47341015625 0.40698514851485146 0.4556845703125 0.4229467821782178 0.4720107421875 0.42472029702970293
0  0.51611328125 0.42264851485148514 0.0283203125 0.04579207920792079 -0.0009765625 -0.0012376237623762376 -0.0009765625 -0.0012376237623762376 -0.0009765625 -0.0012376237623762376 -0.0009765625 -0.0012376237623762376 -0.0009765625 -0.0012376237623762376
0  0.2138671875 0.43316831683168316 0.0390625 0.06930693069306931 0.205962890625 0.4222561881188119 0.2246787109375 0.4164381188118812 0.2215009765625 0.4303118811881188 0.21337890625 0.4477660891089109 0.2250322265625 0.44373762376237624
0  0.34326171875 0.4931930693069307 0.0615234375 0.1051980198019802 -0.0009765625 -0.0012376237623762376 -0.0009765625 -0.0012376237623762376 -0.0009765625 -0.0012376237623762376 -0.0009765625 -0.0012376237623762376 -0.0009765625 -0.0012376237623762376
0  0.1552734375 0.46163366336633666 0.052734375 0.09900990099009901 -0.0009765625 -0.0012376237623762376 -0.0009765625 -0.0012376237623762376 -0.0009765625 -0.0012376237623762376 -0.0009765625 -0.0012376237623762376 -0.0009765625 -0.0012376237623762376
0  0.15283203125 0.3966584158415842 0.0498046875 0.07054455445544554 0.1548154296875 0.38323267326732674 0.17353125 0.384575495049505 0.1763564453125 0.3993440594059406 0.1608193359375 0.4073997524752475 0.175296875 0.4114269801980198
0  0.20166015625 0.35767326732673266 0.0126953125 0.019801980198019802 0.2003349609375 0.35409282178217827 0.205357421875 0.35409282178217827 0.203892578125 0.35740841584158417 0.200962890625 0.3623143564356436 0.205775390625 0.36204950495049504
