0  0.9833984375 0.28983516483516486 0.017578125 0.03021978021978022 0.9767763671875 0.2845865384615385 0.979884765625 0.2845865384615385 0.976505859375 0.29009890109890113 0.9797490234375 0.2952321428571429 0.982587890625 0.2959917582417582
0  0.951171875 0.30357142857142855 0.017578125 0.027472527472527472 0.9462890625 0.3008241758241758 0.9521484375 0.3008241758241758 0.94921875 0.30631868131868134 0.9482421875 0.3118131868131868 0.9541015625 0.31043956043956045
0  0.923828125 0.30425824175824173 0.015625 0.028846153846153848 0.9217705078125 0.30210027472527473 0.9283095703125 0.2997087912087912 0.926740234375 0.30798626373626375 0.9245166015625 0.31313736263736264 0.9285712890625 0.31166620879120877
0  0.97607421875 0.23351648351648352 0.0087890625 0.013736263736263736 -0.0009765625 -0.0013736263736263737 -0.0009765625 -0.0013736263736263737 -0.0009765625 -0.0013736263736263737 -0.0009765625 -0.0013736263736263737 -0.0009765625 -0.0013736263736263737
0  0.8876953125 0.34546703296703296 0.021484375 0.03708791208791209 -0.0009765625 -0.0013736263736263737 -0.0009765625 -0.0013736263736263737 -0.0009765625 -0.0013736263736263737 -0.0009765625 -0.0013736263736263737 -0.0009765625 -0.0013736263736263737
0  0.830078125 0.3949175824175824 0.01953125 0.028846153846153848 -0.0009765625 -0.0013736263736263737 -0.0009765625 -0.0013736263736263737 -0.0009765625 -0.0013736263736263737 -0.0009765625 -0.0013736263736263737 -0.0009765625 -0.0013736263736263737
0  0.8232421875 0.42857142857142855 0.025390625 0.04945054945054945 0.820033203125 0.42251236263736264 0.8313681640625 0.4190054945054945 0.8304619140625 0.4279340659340659 0.8243408203125 0.4400508241758242 0.8334091796875 0.4375
0  0.7666015625 0.41277472527472525 0.02734375 0.04532967032967033 0.7557724609375 0.41039560439560435 0.762791015625 0.4075741758241758 0.758580078125 0.42026785714285714 0.7657998046875 0.42590934065934066 0.7666015625 0.42562774725274727
0  0.89990234375 0.41964285714285715 0.0185546875 0.034340659340659344 0.894548828125 0.41674862637362636 0.90208203125 0.41343681318681325 0.8997275390625 0.4198392857142857 0.89862890625 0.4297733516483517 0.90380859375 0.4273447802197803
0  0.82470703125 0.3001373626373626 0.0068359375 0.01510989010989011 -0.0009765625 -0.0013736263736263737 -0.0009765625 -0.0013736263736263737 -0.0009765625 -0.0013736263736263737 -0.0009765625 -0.0013736263736263737 -0.0009765625 -0.0013736263736263737
0  0.79931640625 0.28846153846153844 0.0087890625 0.013736263736263736 -0.0009765625 -0.0013736263736263737 -0.0009765625 -0.0013736263736263737 -0.0009765625 -0.0013736263736263737 -0.0009765625 -0.0013736263736263737 -0.0009765625 -0.0013736263736263737
0  0.83349609375 0.2767857142857143 0.0068359375 0.009615384615384616 -0.0009765625 -0.0013736263736263737 -0.0009765625 -0.0013736263736263737 -0.0009765625 -0.0013736263736263737 -0.0009765625 -0.0013736263736263737 -0.0009765625 -0.0013736263736263737
0  0.78466796875 0.30563186813186816 0.0068359375 0.012362637362637362 0.7833251953125 0.3058901098901099 0.787658203125 0.3046868131868132 0.785828125 0.307864010989011 0.785583984375 0.31189835164835167 0.786865234375 0.3115549450549451
0  0.75634765625 0.31936813186813184 0.0087890625 0.017857142857142856 -0.0009765625 -0.0013736263736263737 -0.0009765625 -0.0013736263736263737 -0.0009765625 -0.0013736263736263737 -0.0009765625 -0.0013736263736263737 -0.0009765625 -0.0013736263736263737
0  0.7314453125 0.3324175824175824 0.009765625 0.013736263736263736 -0.0009765625 -0.0013736263736263737 -0.0009765625 -0.0013736263736263737 -0.0009765625 -0.0013736263736263737 -0.0009765625 -0.0013736263736263737 -0.0009765625 -0.0013736263736263737
0  0.72119140625 0.3331043956043956 0.0087890625 0.01510989010989011 -0.0009765625 -0.0013736263736263737 -0.0009765625 -0.0013736263736263737 -0.0009765625 -0.0013736263736263737 -0.0009765625 -0.0013736263736263737 -0.0009765625 -0.0013736263736263737
0  0.70361328125 0.41277472527472525 0.0361328125 0.05631868131868132 0.7028544921875 0.4028406593406593 0.71676171875 0.4028406593406593 0.7132216796875 0.40959890109890107 0.7053828125 0.42418131868131864 0.716255859375 0.4245357142857143
0  0.69287109375 0.3440934065934066 0.0087890625 0.01510989010989011 0.6898017578125 0.34291620879120877 0.693359375 0.34114972527472526 0.6919638671875 0.3450741758241758 0.6915458984375 0.34792032967032965 0.693568359375 0.3466442307692308
0  0.65087890625 0.4429945054945055 0.0166015625 0.028846153846153848 -0.0009765625 -0.0013736263736263737 -0.0009765625 -0.0013736263736263737 -0.0009765625 -0.0013736263736263737 -0.0009765625 -0.0013736263736263737 -0.0009765625 -0.0013736263736263737
0  0.63671875 0.3873626373626374 0.017578125 0.027472527472527472 0.635314453125 0.3840508241758242 0.6425087890625 0.38000412087912083 0.6410693359375 0.3892019230769231 0.6383232421875 0.39619368131868127 0.6425087890625 0.3926978021978022
0  0.67236328125 0.35714285714285715 0.0107421875 0.016483516483516484 0.6691630859375 0.35562225274725273 0.67412890625 0.35385027472527475 0.67108984375 0.35739423076923077 0.67123828125 0.3614601648351648 0.6735361328125 0.3606263736263736
0  0.6787109375 0.3392857142857143 0.0078125 0.013736263736263736 -0.0009765625 -0.0013736263736263737 -0.0009765625 -0.0013736263736263737 -0.0009765625 -0.0013736263736263737 -0.0009765625 -0.0013736263736263737 -0.0009765625 -0.0013736263736263737
0  0.607421875 0.40315934065934067 0.013671875 0.017857142857142856 -0.0009765625 -0.0013736263736263737 -0.0009765625 -0.0013736263736263737 -0.0009765625 -0.0013736263736263737 -0.0009765625 -0.0013736263736263737 -0.0009765625 -0.0013736263736263737
0  0.58935546875 0.38873626373626374 0.0087890625 0.01098901098901099 -0.0009765625 -0.0013736263736263737 -0.0009765625 -0.0013736263736263737 -0.0009765625 -0.0013736263736263737 -0.0009765625 -0.0013736263736263737 -0.0009765625 -0.0013736263736263737
0  0.640625 0.48626373626373626 0.025390625 0.038461538461538464 0.636509765625 0.48022939560439565 0.6473212890625 0.47336126373626375 0.6454033203125 0.4848901098901099 0.64156640625 0.4951923076923077 0.6494140625 0.49175824175824173
0  0.6064453125 0.44711538461538464 0.021484375 0.034340659340659344 0.6000107421875 0.4417925824175824 0.6100546875 0.43803983516483513 0.6053466796875 0.4470906593406594 0.6048759765625 0.45525961538461535 0.6100546875 0.45393406593406593
0  0.59033203125 0.4423076923076923 0.0146484375 0.024725274725274724 -0.0009765625 -0.0013736263736263737 -0.0009765625 -0.0013736263736263737 -0.0009765625 -0.0013736263736263737 -0.0009765625 -0.0013736263736263737 -0.0009765625 -0.0013736263736263737
0  0.541015625 0.47596153846153844 0.03125 0.050824175824175824 0.531490234375 0.4697857142857143 0.545353515625 0.4632857142857143 0.539115234375 0.474010989010989 0.5379599609375 0.48701236263736264 0.5481259765625 0.4824615384615385
0  0.51318359375 0.49793956043956045 0.0224609375 0.034340659340659344 0.50800390625 0.49239560439560437 0.5193046875 0.4901881868131869 0.515380859375 0.49372115384615384 0.5122421875 0.5054203296703297 0.519775390625 0.5036552197802198
0  0.5068359375 0.44642857142857145 0.01953125 0.03296703296703297 0.5008544921875 0.44260851648351646 0.509705078125 0.43831593406593405 0.5046689453125 0.4477596153846154 0.50405859375 0.45591483516483516 0.510009765625 0.45269505494505496
0  0.47265625 0.45467032967032966 0.013671875 0.03021978021978022 0.472865234375 0.44897939560439565 0.4781669921875 0.44799862637362636 0.478724609375 0.454081043956044 0.473423828125 0.4621277472527472 0.477748046875 0.46232280219780225
0  0.484375 0.4519230769230769 0.009765625 0.019230769230769232 -0.0009765625 -0.0013736263736263737 -0.0009765625 -0.0013736263736263737 -0.0009765625 -0.0013736263736263737 -0.0009765625 -0.0013736263736263737 -0.0009765625 -0.0013736263736263737
0  0.53759765625 0.41208791208791207 0.0166015625 0.02197802197802198 0.536900390625 0.40698626373626373 0.543177734375 0.40610302197802195 0.542236328125 0.41449175824175827 0.53857421875 0.41920192307692306 0.54391015625 0.4186126373626374
0  0.5478515625 0.39629120879120877 0.0078125 0.017857142857142856 -0.0009765625 -0.0013736263736263737 -0.0009765625 -0.0013736263736263737 -0.0009765625 -0.0013736263736263737 -0.0009765625 -0.0013736263736263737 -0.0009765625 -0.0013736263736263737
0  0.56591796875 0.38804945054945056 0.0107421875 0.023351648351648352 0.5640693359375 0.3850082417582418 0.5688828125 0.3853021978021978 0.5654296875 0.39015934065934066 0.5642783203125 0.39442719780219776 0.567103515625 0.3945741758241758
0  0.56396484375 0.37293956043956045 0.0087890625 0.012362637362637362 -0.0009765625 -0.0013736263736263737 -0.0009765625 -0.0013736263736263737 -0.0009765625 -0.0013736263736263737 -0.0009765625 -0.0013736263736263737 -0.0009765625 -0.0013736263736263737
0  0.46044921875 0.5178571428571429 0.0263671875 0.046703296703296704 0.45654296875 0.5090576923076923 0.468505859375 0.5048502747252748 0.46615625 0.5195741758241759 0.4593203125 0.5291895604395604 0.46893359375 0.5264848901098901
0  0.4345703125 0.5315934065934066 0.03125 0.054945054945054944 0.430271484375 0.526614010989011 0.443419921875 0.5216346153846154 0.439880859375 0.5319491758241759 0.4358349609375 0.545820054945055 0.445443359375 0.5401291208791209
0  0.42431640625 0.47115384615384615 0.0166015625 0.03296703296703297 0.422685546875 0.4656098901098901 0.428466796875 0.4635247252747253 0.4275771484375 0.4695714285714286 0.425353515625 0.47853708791208793 0.4303935546875 0.47624313186813183
0  0.39453125 0.4690934065934066 0.013671875 0.020604395604395604 0.392578125 0.46291208791208793 0.3974609375 0.46153846153846156 0.3955078125 0.46565934065934067 0.3935546875 0.47115384615384615 0.3984375 0.47115384615384615
0  0.40673828125 0.448489010989011 0.0126953125 0.023351648351648352 0.4005302734375 0.4443557692307692 0.40478125 0.4445096153846154 0.401837890625 0.45002884615384614 0.4015107421875 0.45570054945054944 0.4043447265625 0.45570054945054944
0  0.3759765625 0.44642857142857145 0.01171875 0.024725274725274724 -0.0009765625 -0.0013736263736263737 -0.0009765625 -0.0013736263736263737 -0.0009765625 -0.0013736263736263737 -0.0009765625 -0.0013736263736263737 -0.0009765625 -0.0013736263736263737
0  0.38232421875 0.4848901098901099 0.0166015625 0.027472527472527472 0.3819619140625 0.48242445054945055 0.3868935546875 0.47833516483516486 0.3867666015625 0.48491483516483513 0.3848701171875 0.492206043956044 0.3891689453125 0.48953846153846153
0  0.38134765625 0.5467032967032966 0.0205078125 0.03571428571428571 0.3758896484375 0.5418104395604395 0.3873203125 0.5362170329670329 0.38450390625 0.5443736263736263 0.3823505859375 0.5555576923076924 0.3889765625 0.5518296703296703
0  0.3447265625 0.540521978021978 0.029296875 0.04807692307692308 0.3402626953125 0.5333956043956044 0.3529052734375 0.5284903846153846 0.3489814453125 0.5398351648351648 0.34375 0.5499532967032967 0.354212890625 0.5471936813186814
0  0.3544921875 0.49793956043956045 0.015625 0.034340659340659344 0.3568466796875 0.4904093406593406 0.3590439453125 0.48886401098901094 0.3631240234375 0.49681181318681317 0.360142578125 0.5049793956043956 0.3613974609375 0.5036552197802198
0  0.3359375 0.6057692307692307 0.03125 0.04945054945054945 0.333216796875 0.5977967032967033 0.3440986328125 0.592695054945055 0.34251171875 0.6019423076923077 0.3375244140625 0.6156538461538462 0.3472724609375 0.6118282967032967
0  0.251953125 0.6394230769230769 0.025390625 0.05631868131868132 0.24920703125 0.6323337912087912 0.26033203125 0.6266428571428572 0.2600791015625 0.637668956043956 0.253251953125 0.6533186813186813 0.2615966796875 0.6494065934065933
0  0.275390625 0.5418956043956044 0.021484375 0.03708791208791209 0.268462890625 0.5354381868131868 0.2754345703125 0.5344821428571429 0.271353515625 0.5416565934065934 0.2691435546875 0.5497884615384615 0.27764453125 0.5488310439560439
0  0.24755859375 0.5714285714285714 0.0244140625 0.046703296703296704 0.241515625 0.5656332417582418 0.2530517578125 0.5599244505494505 0.252625 0.5686387362637363 0.2457890625 0.5791552197802198 0.2554013671875 0.5758502747252747
0  0.21826171875 0.5728021978021978 0.0185546875 0.03571428571428571 0.2169365234375 0.5697733516483516 0.223728515625 0.5676758241758242 0.2232314453125 0.5737348901098901 0.2195869140625 0.5837541208791209 0.225716796875 0.5809587912087912
0  0.2451171875 0.5254120879120879 0.015625 0.023351648351648352 0.2421220703125 0.5215851648351648 0.249533203125 0.520206043956044 0.245609375 0.5269519230769231 0.243103515625 0.5335439560439561 0.2488798828125 0.5335439560439561
0  0.21240234375 0.5240384615384616 0.0166015625 0.0260989010989011 -0.0009765625 -0.0013736263736263737 -0.0009765625 -0.0013736263736263737 -0.0009765625 -0.0013736263736263737 -0.0009765625 -0.0013736263736263737 -0.0009765625 -0.0013736263736263737
0  0.22998046875 0.5048076923076923 0.0126953125 0.020604395604395604 0.22738671875 0.5021456043956044 0.2320556640625 0.5006016483516483 0.230224609375 0.503820054945055 0.2288515625 0.5098736263736263 0.2321474609375 0.5091002747252747
0  0.2744140625 0.507554945054945 0.0234375 0.03708791208791209 0.2688466796875 0.504206043956044 0.2783681640625 0.5008585164835165 0.27598828125 0.5080329670329671 0.2744580078125 0.5159258241758242 0.279388671875 0.5137733516483516
0  0.30126953125 0.4951923076923077 0.0166015625 0.028846153846153848 0.3038369140625 0.4923406593406593 0.30897265625 0.49024999999999996 0.310189453125 0.4970934065934066 0.3058642578125 0.5050769230769231 0.3097841796875 0.5048873626373627
0  0.16943359375 0.5384615384615384 0.0146484375 0.02197802197802198 -0.0009765625 -0.0013736263736263737 -0.0009765625 -0.0013736263736263737 -0.0009765625 -0.0013736263736263737 -0.0009765625 -0.0013736263736263737 -0.0009765625 -0.0013736263736263737
0  0.1650390625 0.5824175824175825 0.025390625 0.04120879120879121 0.1593017578125 0.5764574175824175 0.1681123046875 0.5727651098901099 0.16548828125 0.5833131868131868 0.16192578125 0.5930686813186813 0.1718623046875 0.5896414835164835
0  0.150390625 0.5487637362637363 0.013671875 0.017857142857142856 -0.0009765625 -0.0013736263736263737 -0.0009765625 -0.0013736263736263737 -0.0009765625 -0.0013736263736263737 -0.0009765625 -0.0013736263736263737 -0.0009765625 -0.0013736263736263737
0  0.13720703125 0.6112637362637363 0.0302734375 0.04945054945054945 0.135162109375 0.6052596153846154 0.146279296875 0.5983804945054945 0.1473916015625 0.6133914835164835 0.14227734375 0.6252760989010989 0.1496142578125 0.619646978021978
0  0.0693359375 0.6023351648351648 0.044921875 0.0673076923076923 0.0601806640625 0.5947802197802198 0.08123828125 0.5866236263736264 0.0748291015625 0.605510989010989 0.0693359375 0.6196771978021978 0.083984375 0.6153846153846154
0  0.1005859375 0.5652472527472527 0.01953125 0.034340659340659344 0.09491796875 0.5601456043956043 0.1046494140625 0.5566126373626373 0.100568359375 0.5663269230769231 0.09664453125 0.5749368131868131 0.107474609375 0.5698585164835165
0  0.08251953125 0.5542582417582418 0.0107421875 0.020604395604395604 -0.0009765625 -0.0013736263736263737 -0.0009765625 -0.0013736263736263737 -0.0009765625 -0.0013736263736263737 -0.0009765625 -0.0013736263736263737 -0.0009765625 -0.0013736263736263737
0  0.126953125 0.5467032967032966 0.013671875 0.027472527472527472 0.1233037109375 0.5410370879120879 0.1248212890625 0.5410370879120879 0.1220400390625 0.5474395604395604 0.12368359375 0.5504629120879121 0.1253271484375 0.5504629120879121
0  0.0205078125 0.592032967032967 0.0234375 0.04395604395604396 0.0167236328125 0.5878021978021978 0.0273525390625 0.5815961538461538 0.0267509765625 0.5909052197802197 0.0229404296875 0.6033159340659341 0.0297587890625 0.5990851648351648
0  0.00732421875 0.6160714285714286 0.0146484375 0.017857142857142856 -0.0009765625 -0.0013736263736263737 -0.0009765625 -0.0013736263736263737 -0.0009765625 -0.0013736263736263737 -0.0009765625 -0.0013736263736263737 -0.0009765625 -0.0013736263736263737
0  0.28125 0.47527472527472525 0.013671875 0.019230769230769232 -0.0009765625 -0.0013736263736263737 -0.0009765625 -0.0013736263736263737 -0.0009765625 -0.0013736263736263737 -0.0009765625 -0.0013736263736263737 -0.0009765625 -0.0013736263736263737
0  0.39794921875 0.4375 0.0107421875 0.017857142857142856 -0.0009765625 -0.0013736263736263737 -0.0009765625 -0.0013736263736263737 -0.0009765625 -0.0013736263736263737 -0.0009765625 -0.0013736263736263737 -0.0009765625 -0.0013736263736263737
0  0.388671875 0.4423076923076923 0.0078125 0.013736263736263736 -0.0009765625 -0.0013736263736263737 -0.0009765625 -0.0013736263736263737 -0.0009765625 -0.0013736263736263737 -0.0009765625 -0.0013736263736263737 -0.0009765625 -0.0013736263736263737
