0  0.77880859375 0.1703216374269006 0.0595703125 0.13596491228070176 0.7617578125 0.1455263157894737 0.762900390625 0.1455263157894737 0.7514775390625 0.17801608187134504 0.7720380859375 0.20537719298245616 0.771466796875 0.20537719298245616
0  0.68212890625 0.1878654970760234 0.0595703125 0.10964912280701754 0.66176953125 0.17053070175438598 0.67701953125 0.1684546783625731 0.659458984375 0.1933611111111111 0.6668525390625 0.21688304093567254 0.6765576171875 0.2141154970760234
0  0.5751953125 0.17324561403508773 0.03125 0.07456140350877193 0.5654296875 0.16546637426900584 0.5660576171875 0.1645263157894737 0.5604072265625 0.18144298245614035 0.568568359375 0.19460087719298247 0.5695107421875 0.19460087719298247
0  0.93505859375 0.0935672514619883 0.0302734375 0.06140350877192982 -0.0009765625 -0.0014619883040935672 -0.0009765625 -0.0014619883040935672 -0.0009765625 -0.0014619883040935672 -0.0009765625 -0.0014619883040935672 -0.0009765625 -0.0014619883040935672
0  0.9033203125 0.08333333333333333 0.0234375 0.043859649122807015 0.894958984375 0.07803362573099415 0.9000859375 0.07913011695906433 0.892029296875 0.08872514619883042 0.89569140625 0.09749707602339182 0.89862109375 0.09804385964912281
0  0.8828125 0.08187134502923976 0.015625 0.029239766081871343 -0.0009765625 -0.0014619883040935672 -0.0009765625 -0.0014619883040935672 -0.0009765625 -0.0014619883040935672 -0.0009765625 -0.0014619883040935672 -0.0009765625 -0.0014619883040935672
0  0.458984375 0.2222222222222222 0.015625 0.038011695906432746 -0.0009765625 -0.0014619883040935672 -0.0009765625 -0.0014619883040935672 -0.0009765625 -0.0014619883040935672 -0.0009765625 -0.0014619883040935672 -0.0009765625 -0.0014619883040935672
0  0.4306640625 0.14181286549707603 0.013671875 0.02631578947368421 0.434404296875 0.13587426900584795 0.4358779296875 0.13587426900584795 0.4382587890625 0.1407953216374269 0.4348583984375 0.14605555555555555 0.4364453125 0.1462251461988304
0  0.5625 0.10014619883040936 0.01171875 0.024853801169590642 -0.0009765625 -0.0014619883040935672 -0.0009765625 -0.0014619883040935672 -0.0009765625 -0.0014619883040935672 -0.0009765625 -0.0014619883040935672 -0.0009765625 -0.0014619883040935672
0  0.37890625 0.2507309941520468 0.033203125 0.059941520467836254 0.3797041015625 0.2422587719298246 0.387935546875 0.23571345029239768 0.3915361328125 0.2472646198830409 0.38690625 0.264593567251462 0.3941083984375 0.2603581871345029
0  0.3984375 0.2565789473684211 0.02734375 0.05701754385964912 0.394775390625 0.24780701754385964 0.403564453125 0.24415204678362573 0.40283203125 0.2536549707602339 0.39990234375 0.26864035087719296 0.408935546875 0.2646198830409357
0  0.404296875 0.14692982456140352 0.015625 0.033625730994152045 -0.0009765625 -0.0014619883040935672 -0.0009765625 -0.0014619883040935672 -0.0009765625 -0.0014619883040935672 -0.0009765625 -0.0014619883040935672 -0.0009765625 -0.0014619883040935672
0  0.37646484375 0.1834795321637427 0.0244140625 0.05116959064327485 0.3779384765625 0.17883187134502923 0.38360546875 0.17817982456140352 0.3851318359375 0.18894883040935676 0.3785927734375 0.19678070175438597 0.3801181640625 0.19710672514619884
0  0.390625 0.15789473684210525 0.015625 0.04093567251461988 0.390869140625 0.15476169590643274 0.39697265625 0.15371783625730995 0.3978447265625 0.16128801169590642 0.395228515625 0.1662485380116959 0.3980185546875 0.1657266081871345
0  0.28369140625 0.1513157894736842 0.0126953125 0.021929824561403508 -0.0009765625 -0.0014619883040935672 -0.0009765625 -0.0014619883040935672 -0.0009765625 -0.0014619883040935672 -0.0009765625 -0.0014619883040935672 -0.0009765625 -0.0014619883040935672
0  0.15234375 0.18640350877192982 0.015625 0.027777777777777776 0.151611328125 0.18311403508771928 0.156982421875 0.18165204678362573 0.1551513671875 0.1873172514619883 0.1539306640625 0.19353070175438597 0.1588134765625 0.1926169590643275
0  0.18701171875 0.1608187134502924 0.0126953125 0.017543859649122806 -0.0009765625 -0.0014619883040935672 -0.0009765625 -0.0014619883040935672 -0.0009765625 -0.0014619883040935672 -0.0009765625 -0.0014619883040935672 -0.0009765625 -0.0014619883040935672
0  0.08544921875 0.20760233918128654 0.0224609375 0.038011695906432746 0.0854580078125 0.20189766081871346 0.0900966796875 0.2004093567251462 0.0945693359375 0.20760233918128654 0.0909248046875 0.2175233918128655 0.0949013671875 0.21628362573099413
0  0.27392578125 0.2843567251461988 0.0498046875 0.0891812865497076 -0.0009765625 -0.0014619883040935672 -0.0009765625 -0.0014619883040935672 -0.0009765625 -0.0014619883040935672 -0.0009765625 -0.0014619883040935672 -0.0009765625 -0.0014619883040935672
0  0.10791015625 0.4407894736842105 0.1357421875 0.20614035087719298 0.10828515625 0.40387426900584794 0.15230859375 0.3935365497076023 0.15748828125 0.4232587719298246 0.127275390625 0.4878728070175438 0.1661201171875 0.4814122807017544
0  0.54638671875 0.21564327485380116 0.0380859375 0.05116959064327485 0.539306640625 0.22514619883040934 0.5390625 0.22551169590643275 0.54345703125 0.23793859649122806 0.553466796875 0.23976608187134502 0.553466796875 0.23976608187134502
0  0.029296875 0.2236842105263158 0.01953125 0.03216374269005848 0.0296455078125 0.2190891812865497 0.035923828125 0.2201330409356725 0.033970703125 0.22514619883040934 0.0321572265625 0.23182894736842105 0.037318359375 0.23349999999999999
0  0.0078125 0.22880116959064328 0.015625 0.03070175438596491 0.00273828125 0.2214122807017544 0.00980078125 0.2200423976608187 0.010193359375 0.22807017543859648 0.0082314453125 0.23590204678362572 0.013724609375 0.23570614035087722
0  0.00537109375 0.27046783625730997 0.0107421875 0.029239766081871343 -0.0009765625 -0.0014619883040935672 -0.0009765625 -0.0014619883040935672 -0.0009765625 -0.0014619883040935672 -0.0009765625 -0.0014619883040935672 -0.0009765625 -0.0014619883040935672
0  0.1044921875 0.18128654970760233 0.017578125 0.02631578947368421 0.1063056640625 0.17925 0.1131064453125 0.17840204678362573 0.1098193359375 0.18417105263157896 0.107666015625 0.1890921052631579 0.1127666015625 0.18841374269005848
0  0.17529296875 0.17690058479532164 0.0087890625 0.017543859649122806 -0.0009765625 -0.0014619883040935672 -0.0009765625 -0.0014619883040935672 -0.0009765625 -0.0014619883040935672 -0.0009765625 -0.0014619883040935672 -0.0009765625 -0.0014619883040935672
0  0.6474609375 0.10599415204678363 0.0078125 0.01608187134502924 -0.0009765625 -0.0014619883040935672 -0.0009765625 -0.0014619883040935672 -0.0009765625 -0.0014619883040935672 -0.0009765625 -0.0014619883040935672 -0.0009765625 -0.0014619883040935672
0  0.66650390625 0.10014619883040936 0.0087890625 0.019005847953216373 -0.0009765625 -0.0014619883040935672 -0.0009765625 -0.0014619883040935672 -0.0009765625 -0.0014619883040935672 -0.0009765625 -0.0014619883040935672 -0.0009765625 -0.0014619883040935672
