0  0.94970703125 0.5072992700729927 0.0302734375 0.04817518248175182 0.9365146484375 0.5003255474452555 0.9465546875 0.4975693430656934 0.937333984375 0.5092087591240876 0.940203125 0.5211547445255474 0.946759765625 0.520236496350365
0  0.90283203125 0.5145985401459854 0.0302734375 0.051094890510948905 0.89171484375 0.504829197080292 0.9032763671875 0.5091503649635036 0.8939384765625 0.517792700729927 0.890603515625 0.5241065693430657 0.901498046875 0.5280963503649635
0  0.990234375 0.5357664233576642 0.01953125 0.058394160583941604 0.98583984375 0.525912408759124 0.9970703125 0.5284671532846715 0.990234375 0.541970802919708 0.985595703125 0.5485401459854015 0.99853515625 0.5518248175182482
0  0.90478515625 0.754014598540146 0.0341796875 0.059854014598540145 0.898380859375 0.7455547445255474 0.91278515625 0.7478627737226277 0.9045537109375 0.7647810218978102 0.8978662109375 0.7724715328467153 0.9104697265625 0.7732408759124088
0  0.86279296875 0.572992700729927 0.0302734375 0.05693430656934306 0.85791015625 0.5653284671532847 0.869140625 0.5660583941605839 0.86328125 0.5784671532846716 0.857666015625 0.5894160583941606 0.869140625 0.5897810218978102
0  0.755859375 0.7313868613138687 0.0390625 0.061313868613138686 0.7530166015625 0.7193693430656934 0.766357421875 0.7170233576642335 0.7611259765625 0.7303182481751824 0.7543251953125 0.7412671532846715 0.7681884765625 0.739702189781022
0  0.7451171875 0.5722627737226277 0.03125 0.052554744525547446 -0.0009765625 -0.00145985401459854 -0.0009765625 -0.00145985401459854 -0.0009765625 -0.00145985401459854 -0.0009765625 -0.00145985401459854 -0.0009765625 -0.00145985401459854
0  0.7080078125 0.5503649635036496 0.02734375 0.049635036496350364 -0.0009765625 -0.00145985401459854 -0.0009765625 -0.00145985401459854 -0.0009765625 -0.00145985401459854 -0.0009765625 -0.00145985401459854 -0.0009765625 -0.00145985401459854
0  0.92626953125 0.918978102189781 0.0478515625 0.08029197080291971 0.9151044921875 0.9030175182481752 0.924748046875 0.9019883211678832 0.9161376953125 0.9246408759124087 0.9219931640625 0.9411167883211679 0.9354248046875 0.9318496350364963
0  0.78515625 0.810948905109489 0.033203125 0.06569343065693431 0.7792841796875 0.8050189781021898 0.7945859375 0.8012058394160584 0.7889189453125 0.8160321167883211 0.7841015625 0.8295883211678833 0.793736328125 0.8270467153284672
0  0.82470703125 0.9678832116788321 0.0419921875 0.06423357664233577 -0.0009765625 -0.00145985401459854 -0.0009765625 -0.00145985401459854 -0.0009765625 -0.00145985401459854 -0.0009765625 -0.00145985401459854 -0.0009765625 -0.00145985401459854
0  0.44189453125 0.864963503649635 0.0615234375 0.09197080291970802 0.416783203125 0.8475109489051095 0.4364013671875 0.8504437956204379 0.4222763671875 0.8739051094890511 0.4218837890625 0.8838759124087592 0.44189453125 0.8809430656934307
0  0.3369140625 0.8474452554744526 0.046875 0.07445255474452554 0.32959375 0.8383737226277371 0.349326171875 0.837421897810219 0.3407333984375 0.8574029197080293 0.332458984375 0.8712000000000001 0.3448701171875 0.8702496350364963
0  0.2421875 0.8583941605839416 0.052734375 0.0905109489051095 0.235203125 0.8472233576642335 0.259259765625 0.8443240875912408 0.249947265625 0.871585401459854 0.235591796875 0.883185401459854 0.2542158203125 0.883185401459854
0  0.55029296875 0.7321167883211679 0.0498046875 0.08613138686131387 0.558837890625 0.720985401459854 0.569091796875 0.7127737226277372 0.5723876953125 0.7352189781021898 0.5577392578125 0.756021897810219 0.5650634765625 0.7532846715328467
0  0.18408203125 0.7153284671532847 0.0478515625 0.07883211678832117 0.18310546875 0.7020525547445255 0.202576171875 0.6995445255474453 0.2005615234375 0.7191153284671533 0.1847841796875 0.7346715328467154 0.2029111328125 0.7366788321167883
0  0.11181640625 0.8255474452554744 0.0615234375 0.10072992700729927 0.123234375 0.800697810218978 0.1325380859375 0.8044905109489051 0.1308466796875 0.8348350364963503 0.109279296875 0.8367313868613138 0.116890625 0.8455810218978101
0  0.34619140625 0.6145985401459854 0.0419921875 0.072992700729927 0.3401318359375 0.5990613138686132 0.3596318359375 0.5990613138686132 0.3512744140625 0.6124802919708029 0.342607421875 0.6314525547445256 0.358703125 0.6296014598540146
0  0.39208984375 0.6547445255474452 0.0400390625 0.07445255474452554 0.3843818359375 0.6460379562043795 0.3975654296875 0.6436919708029196 0.39254296875 0.6596452554744526 0.3900322265625 0.674661313868613 0.40133203125 0.6732540145985401
0  0.388671875 0.57007299270073 0.033203125 0.06569343065693431 0.3837197265625 0.5610014598540146 0.4012978515625 0.5568306569343066 0.394322265625 0.5718452554744525 0.3892998046875 0.5843591240875913 0.40185546875 0.5835240875912409
0  0.2021484375 0.5781021897810219 0.033203125 0.05547445255474453 0.18847265625 0.5673357664233577 0.198783203125 0.5666189781021898 0.189431640625 0.5777313868613139 0.193267578125 0.5895591240875913 0.198302734375 0.5895591240875913
0  0.12646484375 0.6051094890510949 0.0380859375 0.051094890510948905 0.130859375 0.6007299270072993 0.14111328125 0.6032846715328467 0.13818359375 0.6204379562043796 0.1240234375 0.6226277372262774 0.130615234375 0.6251824817518248
0  0.1015625 0.5598540145985401 0.02734375 0.04525547445255475 -0.0009765625 -0.00145985401459854 -0.0009765625 -0.00145985401459854 -0.0009765625 -0.00145985401459854 -0.0009765625 -0.00145985401459854 -0.0009765625 -0.00145985401459854
0  0.01708984375 0.7328467153284671 0.0322265625 0.07591240875912408 0.001560546875 0.7202233576642336 0.0158818359375 0.7206992700729926 0.0056982421875 0.7402043795620439 0.0050615234375 0.755905109489051 0.014927734375 0.7544773722627738
0  0.08056640625 0.4029197080291971 0.0224609375 0.032116788321167884 -0.0009765625 -0.00145985401459854 -0.0009765625 -0.00145985401459854 -0.0009765625 -0.00145985401459854 -0.0009765625 -0.00145985401459854 -0.0009765625 -0.00145985401459854
0  0.201171875 0.4394160583941606 0.015625 0.02335766423357664 -0.0009765625 -0.00145985401459854 -0.0009765625 -0.00145985401459854 -0.0009765625 -0.00145985401459854 -0.0009765625 -0.00145985401459854 -0.0009765625 -0.00145985401459854
0  0.23876953125 0.4306569343065693 0.0166015625 0.029197080291970802 -0.0009765625 -0.00145985401459854 -0.0009765625 -0.00145985401459854 -0.0009765625 -0.00145985401459854 -0.0009765625 -0.00145985401459854 -0.0009765625 -0.00145985401459854
0  0.23828125 0.3795620437956204 0.013671875 0.026277372262773723 -0.0009765625 -0.00145985401459854 -0.0009765625 -0.00145985401459854 -0.0009765625 -0.00145985401459854 -0.0009765625 -0.00145985401459854 -0.0009765625 -0.00145985401459854
0  0.03857421875 0.3883211678832117 0.0185546875 0.029197080291970802 -0.0009765625 -0.00145985401459854 -0.0009765625 -0.00145985401459854 -0.0009765625 -0.00145985401459854 -0.0009765625 -0.00145985401459854 -0.0009765625 -0.00145985401459854
0  0.05712890625 0.4927007299270073 0.0283203125 0.05401459854014599 -0.0009765625 -0.00145985401459854 -0.0009765625 -0.00145985401459854 -0.0009765625 -0.00145985401459854 -0.0009765625 -0.00145985401459854 -0.0009765625 -0.00145985401459854
0  0.01513671875 0.4416058394160584 0.0205078125 0.03941605839416058 -0.0009765625 -0.00145985401459854 -0.0009765625 -0.00145985401459854 -0.0009765625 -0.00145985401459854 -0.0009765625 -0.00145985401459854 -0.0009765625 -0.00145985401459854
0  0.05712890625 0.32116788321167883 0.0107421875 0.017518248175182483 0.0546787109375 0.32011240875912406 0.058837890625 0.32011240875912406 0.0569541015625 0.32363211678832116 0.05569921875 0.3278540145985402 0.0585244140625 0.3278540145985402
0  0.109375 0.32262773722627736 0.01171875 0.02335766423357664 -0.0009765625 -0.00145985401459854 -0.0009765625 -0.00145985401459854 -0.0009765625 -0.00145985401459854 -0.0009765625 -0.00145985401459854 -0.0009765625 -0.00145985401459854
0  0.96533203125 0.45036496350364963 0.0205078125 0.033576642335766425 0.963212890625 0.44121459854014605 0.97284765625 0.44165839416058394 0.968697265625 0.4500788321167883 0.9642509765625 0.45827737226277376 0.9712177734375 0.45894160583941607
0  0.93505859375 0.4240875912408759 0.0224609375 0.03941605839416058 0.92672265625 0.41788321167883213 0.9335244140625 0.417621897810219 0.9286416015625 0.429614598540146 0.928990234375 0.43534890510948904 0.9349189453125 0.43587007299270075
0  0.90234375 0.3284671532846715 0.01171875 0.02335766423357664 -0.0009765625 -0.00145985401459854 -0.0009765625 -0.00145985401459854 -0.0009765625 -0.00145985401459854 -0.0009765625 -0.00145985401459854 -0.0009765625 -0.00145985401459854
0  0.85546875 0.33941605839416056 0.005859375 0.016058394160583942 -0.0009765625 -0.00145985401459854 -0.0009765625 -0.00145985401459854 -0.0009765625 -0.00145985401459854 -0.0009765625 -0.00145985401459854 -0.0009765625 -0.00145985401459854
0  0.83056640625 0.33138686131386863 0.0126953125 0.020437956204379562 -0.0009765625 -0.00145985401459854 -0.0009765625 -0.00145985401459854 -0.0009765625 -0.00145985401459854 -0.0009765625 -0.00145985401459854 -0.0009765625 -0.00145985401459854
0  0.8779296875 0.3635036496350365 0.013671875 0.020437956204379562 -0.0009765625 -0.00145985401459854 -0.0009765625 -0.00145985401459854 -0.0009765625 -0.00145985401459854 -0.0009765625 -0.00145985401459854 -0.0009765625 -0.00145985401459854
0  0.53955078125 0.5583941605839416 0.0244140625 0.042335766423357665 -0.0009765625 -0.00145985401459854 -0.0009765625 -0.00145985401459854 -0.0009765625 -0.00145985401459854 -0.0009765625 -0.00145985401459854 -0.0009765625 -0.00145985401459854
0  0.35986328125 0.4656934306569343 0.0166015625 0.032116788321167884 -0.0009765625 -0.00145985401459854 -0.0009765625 -0.00145985401459854 -0.0009765625 -0.00145985401459854 -0.0009765625 -0.00145985401459854 -0.0009765625 -0.00145985401459854
0  0.32568359375 0.4474452554744526 0.0166015625 0.030656934306569343 -0.0009765625 -0.00145985401459854 -0.0009765625 -0.00145985401459854 -0.0009765625 -0.00145985401459854 -0.0009765625 -0.00145985401459854 -0.0009765625 -0.00145985401459854
0  0.46142578125 0.454014598540146 0.0224609375 0.043795620437956206 0.46157421875 0.45496642335766424 0.4662607421875 0.45328467153284674 0.4660732421875 0.4611313868613139 0.46138671875 0.4653343065693431 0.4643857421875 0.4644948905109489
0  0.1923828125 0.4051094890510949 0.013671875 0.021897810218978103 -0.0009765625 -0.00145985401459854 -0.0009765625 -0.00145985401459854 -0.0009765625 -0.00145985401459854 -0.0009765625 -0.00145985401459854 -0.0009765625 -0.00145985401459854
0  0.55224609375 0.6364963503649635 0.0283203125 0.08467153284671533 -0.0009765625 -0.00145985401459854 -0.0009765625 -0.00145985401459854 -0.0009765625 -0.00145985401459854 -0.0009765625 -0.00145985401459854 -0.0009765625 -0.00145985401459854
0  0.17822265625 0.9423357664233577 0.0458984375 0.09781021897810219 -0.0009765625 -0.00145985401459854 -0.0009765625 -0.00145985401459854 -0.0009765625 -0.00145985401459854 -0.0009765625 -0.00145985401459854 -0.0009765625 -0.00145985401459854
