0  0.8076171875 0.4322157434402332 0.005859375 0.01020408163265306 -0.0009765625 -0.0014577259475218659 -0.0009765625 -0.0014577259475218659 -0.0009765625 -0.0014577259475218659 -0.0009765625 -0.0014577259475218659 -0.0009765625 -0.0014577259475218659
0  0.650390625 0.4402332361516035 0.005859375 0.008746355685131196 -0.0009765625 -0.0014577259475218659 -0.0009765625 -0.0014577259475218659 -0.0009765625 -0.0014577259475218659 -0.0009765625 -0.0014577259475218659 -0.0009765625 -0.0014577259475218659
0  0.6357421875 0.43002915451895046 0.005859375 0.008746355685131196 -0.0009765625 -0.0014577259475218659 -0.0009765625 -0.0014577259475218659 -0.0009765625 -0.0014577259475218659 -0.0009765625 -0.0014577259475218659 -0.0009765625 -0.0014577259475218659
0  0.62060546875 0.43440233236151604 0.0048828125 0.008746355685131196 -0.0009765625 -0.0014577259475218659 -0.0009765625 -0.0014577259475218659 -0.0009765625 -0.0014577259475218659 -0.0009765625 -0.0014577259475218659 -0.0009765625 -0.0014577259475218659
0  0.60791015625 0.43075801749271136 0.0048828125 0.007288629737609329 -0.0009765625 -0.0014577259475218659 -0.0009765625 -0.0014577259475218659 -0.0009765625 -0.0014577259475218659 -0.0009765625 -0.0014577259475218659 -0.0009765625 -0.0014577259475218659
0  0.68310546875 0.43731778425655976 0.0048828125 0.008746355685131196 -0.0009765625 -0.0014577259475218659 -0.0009765625 -0.0014577259475218659 -0.0009765625 -0.0014577259475218659 -0.0009765625 -0.0014577259475218659 -0.0009765625 -0.0014577259475218659
0  0.4853515625 0.43513119533527694 0.00390625 0.007288629737609329 -0.0009765625 -0.0014577259475218659 -0.0009765625 -0.0014577259475218659 -0.0009765625 -0.0014577259475218659 -0.0009765625 -0.0014577259475218659 -0.0009765625 -0.0014577259475218659
0  0.4658203125 0.4402332361516035 0.005859375 0.008746355685131196 -0.0009765625 -0.0014577259475218659 -0.0009765625 -0.0014577259475218659 -0.0009765625 -0.0014577259475218659 -0.0009765625 -0.0014577259475218659 -0.0009765625 -0.0014577259475218659
0  0.45703125 0.4395043731778426 0.005859375 0.01020408163265306 -0.0009765625 -0.0014577259475218659 -0.0009765625 -0.0014577259475218659 -0.0009765625 -0.0014577259475218659 -0.0009765625 -0.0014577259475218659 -0.0009765625 -0.0014577259475218659
0  0.4033203125 0.4037900874635568 0.0234375 0.043731778425655975 0.3958740234375 0.39713994169096206 0.40448046875 0.3963192419825073 0.3980712890625 0.40561224489795916 0.39862109375 0.4146326530612245 0.40448046875 0.4143586005830904
0  0.0625 0.4263848396501458 0.0078125 0.013119533527696793 -0.0009765625 -0.0014577259475218659 -0.0009765625 -0.0014577259475218659 -0.0009765625 -0.0014577259475218659 -0.0009765625 -0.0014577259475218659 -0.0009765625 -0.0014577259475218659
0  0.0283203125 0.42128279883381925 0.0078125 0.011661807580174927 -0.0009765625 -0.0014577259475218659 -0.0009765625 -0.0014577259475218659 -0.0009765625 -0.0014577259475218659 -0.0009765625 -0.0014577259475218659 -0.0009765625 -0.0014577259475218659
0  0.05078125 0.4271137026239067 0.005859375 0.008746355685131196 -0.0009765625 -0.0014577259475218659 -0.0009765625 -0.0014577259475218659 -0.0009765625 -0.0014577259475218659 -0.0009765625 -0.0014577259475218659 -0.0009765625 -0.0014577259475218659
0  0.10888671875 0.44752186588921283 0.0126953125 0.01749271137026239 -0.0009765625 -0.0014577259475218659 -0.0009765625 -0.0014577259475218659 -0.0009765625 -0.0014577259475218659 -0.0009765625 -0.0014577259475218659 -0.0009765625 -0.0014577259475218659
0  0.27294921875 0.4030612244897959 0.0263671875 0.04518950437317784 0.270302734375 0.39076822157434404 0.2812890625 0.3913542274052478 0.276384765625 0.4024825072886298 0.268537109375 0.40775364431486877 0.2805048828125 0.40804664723032075
0  0.20751953125 0.3454810495626822 0.0302734375 0.05539358600583091 0.2143291015625 0.3314241982507289 0.218095703125 0.33107288629737613 0.2220986328125 0.3454810495626822 0.2164482421875 0.3563746355685131 0.2192734375 0.3581326530612245
