0  0.36962890625 0.03173828125 0.0517578125 0.0556640625 0.357857421875 0.0220771484375 0.3836884765625 0.017826171875 0.3732255859375 0.034501953125 0.365705078125 0.0482353515625 0.38303515625 0.0466005859375
0  0.25048828125 0.11083984375 0.0576171875 0.0693359375 0.2341484375 0.1006162109375 0.2601279296875 0.10501953125 0.244275390625 0.1199912109375 0.23238671875 0.1309990234375 0.25484375 0.134521484375
0  0.16796875 0.10595703125 0.05078125 0.0615234375 0.1461962890625 0.08702734375 0.160322265625 0.090951171875 0.1438427734375 0.1038994140625 0.1458046875 0.1152783203125 0.155220703125 0.1180244140625
0  0.18359375 0.2216796875 0.06640625 0.072265625 0.163609375 0.2125419921875 0.1903603515625 0.2089150390625 0.1767578125 0.2247841796875 0.1690498046875 0.23974609375 0.1908134765625 0.2379326171875
0  0.34423828125 0.205078125 0.0615234375 0.0625 0.3298642578125 0.194671875 0.356841796875 0.1926875 0.3449404296875 0.2121279296875 0.3358154296875 0.2188720703125 0.35366796875 0.2188720703125
0  0.4306640625 0.13037109375 0.060546875 0.0986328125 -0.0009765625 -0.0009765625 -0.0009765625 -0.0009765625 -0.0009765625 -0.0009765625 -0.0009765625 -0.0009765625 -0.0009765625 -0.0009765625
0  0.58203125 0.14306640625 0.056640625 0.0693359375 0.563048828125 0.130201171875 0.5899091796875 0.13240234375 0.5731767578125 0.150896484375 0.5661318359375 0.157060546875 0.58638671875 0.1575009765625
0  0.705078125 0.080078125 0.0546875 0.056640625 0.696267578125 0.0694580078125 0.7223203125 0.0651162109375 0.7132744140625 0.0835703125 0.7049521484375 0.0951494140625 0.72340625 0.0908076171875
0  0.7373046875 0.12890625 0.044921875 0.05078125 0.719630859375 0.1134599609375 0.7422265625 0.116005859375 0.72472265625 0.1316005859375 0.7209033203125 0.141466796875 0.737771484375 0.1427392578125
0  0.8076171875 0.1416015625 0.0546875 0.068359375 0.7976337890625 0.1260068359375 0.826119140625 0.1255751953125 0.8140341796875 0.1333447265625 0.80885546875 0.1342080078125 0.8183505859375 0.1342080078125
0  0.79345703125 0.2255859375 0.0615234375 0.07421875 0.7719765625 0.215767578125 0.7999658203125 0.216234375 0.781306640625 0.234427734375 0.7747763671875 0.244689453125 0.7976337890625 0.244689453125
0  0.6416015625 0.21923828125 0.056640625 0.0673828125 0.625732421875 0.2047734375 0.651794921875 0.205626953125 0.635986328125 0.222716796875 0.629578125 0.23681640625 0.651794921875 0.23553515625
0  0.5234375 0.3125 0.0546875 0.083984375 0.5090771484375 0.3024814453125 0.531416015625 0.305140625 0.5170546875 0.31471484375 0.505353515625 0.3322666015625 0.5303515625 0.3386494140625
0  0.63330078125 0.3515625 0.0615234375 0.099609375 0.6070732421875 0.3377509765625 0.62841796875 0.34716796875 0.607701171875 0.3609794921875 0.6039345703125 0.3710244140625 0.6215126953125 0.376673828125
0  0.75048828125 0.4677734375 0.0673828125 0.078125 0.7209345703125 0.45053515625 0.7426103515625 0.4628515625 0.717978515625 0.474181640625 0.718470703125 0.486498046875 0.7278310546875 0.4919169921875
0  0.32177734375 0.333984375 0.0556640625 0.064453125 0.29890625 0.316466796875 0.3175576171875 0.3213330078125 0.29687890625 0.3359287109375 0.3025556640625 0.3476865234375 0.319583984375 0.3513359375
0  0.4306640625 0.38818359375 0.072265625 0.0830078125 0.4202705078125 0.3746162109375 0.447998046875 0.369908203125 0.43753515625 0.390833984375 0.4239326171875 0.4070517578125 0.45218359375 0.4039130859375
0  0.1669921875 0.52734375 0.05078125 0.0859375 0.1551162109375 0.527400390625 0.1562060546875 0.52685546875 0.1867236328125 0.52685546875 0.1785498046875 0.55246875 0.1790947265625 0.551923828125
0  0.583984375 0.83837890625 0.03125 0.1162109375 -0.0009765625 -0.0009765625 -0.0009765625 -0.0009765625 -0.0009765625 -0.0009765625 -0.0009765625 -0.0009765625 -0.0009765625 -0.0009765625
0  0.46875 0.19384765625 0.056640625 0.0654296875 0.44941015625 0.1736884765625 0.474818359375 0.1781962890625 0.4551474609375 0.196228515625 0.4469521484375 0.2060634765625 0.470310546875 0.2105712890625
