0  0.79296875 0.5052083333333334 0.015625 0.020833333333333332 0.789759765625 0.5010234375 0.796142578125 0.500046875 0.79446875 0.5047903645833333 0.78955078125 0.5091145833333334 0.7953056640625 0.5086966145833333
0  0.76416015625 0.5247395833333334 0.0146484375 0.020833333333333332 0.759259765625 0.5192760416666666 0.7647744140625 0.5187408854166666 0.760162109375 0.52422265625 0.75976171875 0.529703125 0.7634716796875 0.53010546875
0  0.7119140625 0.5130208333333334 0.017578125 0.028645833333333332 0.706751953125 0.5087421875 0.713587890625 0.5074401041666666 0.708705078125 0.5128346354166667 0.7095419921875 0.5178567708333334 0.713587890625 0.5178567708333334
0  0.6904296875 0.4915364583333333 0.015625 0.022135416666666668 0.6885771484375 0.49125130208333334 0.69369921875 0.48747265625 0.6925009765625 0.4925598958333333 0.693263671875 0.4979361979166667 0.69598828125 0.49517578125
0  0.64892578125 0.4889322916666667 0.0224609375 0.04296875 0.6388857421875 0.48538020833333334 0.6497451171875 0.48483463541666666 0.6384755859375 0.4900247395833333 0.6403203125 0.50040625 0.64626171875 0.50040625
0  0.62890625 0.4739583333333333 0.025390625 0.0390625 -0.0009765625 -0.0013020833333333333 -0.0009765625 -0.0013020833333333333 -0.0009765625 -0.0013020833333333333 -0.0009765625 -0.0013020833333333333 -0.0009765625 -0.0013020833333333333
0  0.568359375 0.5078125 0.01953125 0.026041666666666668 0.5630322265625 0.5075572916666666 0.5681328125 0.5070338541666667 0.564470703125 0.51313671875 0.5646015625 0.516625 0.5691787109375 0.515578125
0  0.51708984375 0.4869791666666667 0.0205078125 0.044270833333333336 0.5121767578125 0.47977734375 0.51303125 0.4794921875 0.509826171875 0.49060026041666666 0.5143125 0.49743619791666666 0.514740234375 0.49743619791666666
0  0.501953125 0.4986979166666667 0.013671875 0.0234375 0.4990107421875 0.4934947916666667 0.505484375 0.4931809895833333 0.5026591796875 0.49914583333333334 0.499716796875 0.5032265625 0.505013671875 0.50244140625
0  0.58984375 0.509765625 0.01171875 0.01953125 -0.0009765625 -0.0013020833333333333 -0.0009765625 -0.0013020833333333333 -0.0009765625 -0.0013020833333333333 -0.0009765625 -0.0013020833333333333 -0.0009765625 -0.0013020833333333333
0  0.42236328125 0.4733072916666667 0.0263671875 0.040364583333333336 0.418736328125 0.46494270833333334 0.42089453125 0.46625 0.4177548828125 0.47148177083333337 0.4185400390625 0.47802213541666666 0.420501953125 0.4793294270833333
0  0.38134765625 0.4934895833333333 0.0263671875 0.033854166666666664 0.3743984375 0.48554947916666663 0.37969921875 0.48576953125000005 0.37241015625 0.49350130208333337 0.3757236328125 0.5001276041666667 0.3803623046875 0.4999075520833333
0  0.3291015625 0.5052083333333334 0.015625 0.03125 -0.0009765625 -0.0013020833333333333 -0.0009765625 -0.0013020833333333333 -0.0009765625 -0.0013020833333333333 -0.0009765625 -0.0013020833333333333 -0.0009765625 -0.0013020833333333333
0  0.287109375 0.4908854166666667 0.01953125 0.033854166666666664 -0.0009765625 -0.0013020833333333333 -0.0009765625 -0.0013020833333333333 -0.0009765625 -0.0013020833333333333 -0.0009765625 -0.0013020833333333333 -0.0009765625 -0.0013020833333333333
0  0.26416015625 0.4993489583333333 0.0205078125 0.045572916666666664 -0.0009765625 -0.0013020833333333333 -0.0009765625 -0.0013020833333333333 -0.0009765625 -0.0013020833333333333 -0.0009765625 -0.0013020833333333333 -0.0009765625 -0.0013020833333333333
0  0.22607421875 0.4889322916666667 0.0185546875 0.040364583333333336 -0.0009765625 -0.0013020833333333333 -0.0009765625 -0.0013020833333333333 -0.0009765625 -0.0013020833333333333 -0.0009765625 -0.0013020833333333333 -0.0009765625 -0.0013020833333333333
0  0.10498046875 0.474609375 0.0205078125 0.048177083333333336 0.0989462890625 0.4693020833333333 0.10587890625 0.4702265625 0.0973291015625 0.4763880208333333 0.102181640625 0.48655468749999997 0.1072646484375 0.4862473958333333
0  0.02197265625 0.4817708333333333 0.0283203125 0.044270833333333336 0.0149970703125 0.47405078125000005 0.02734375 0.4729348958333333 0.018763671875 0.4815846354166667 0.0189736328125 0.4913502604166667 0.02587890625 0.4910716145833333
