0  0.1826171875 0.0899854862119013 0.123046875 0.1625544267053701 0.1528056640625 0.012142235123367198 0.2029638671875 0.01558345428156749 0.171326171875 0.056869375907111754 0.14971875 0.09586211901306242 0.2006484375 0.09700870827285922
0  0.353515625 0.3149492017416546 0.13671875 0.20609579100145137 0.3096484375 0.27167343976777936 0.3729814453125 0.27425253991291726 0.340880859375 0.29101451378809867 0.31832421875 0.32195936139332365 0.3591005859375 0.32195936139332365
0  0.3349609375 0.49201741654571846 0.150390625 0.28156748911465895 0.294005859375 0.43114949201741654 0.3642275390625 0.4382264150943396 0.3154296875 0.46652830188679245 0.3011474609375 0.5443570391872279 0.3392333984375 0.5532017416545718
0  0.119140625 0.8519593613933236 0.16796875 0.2757619738751814 0.07458984375 0.8005660377358491 0.14453125 0.8135413642960813 0.0998046875 0.8629608127721335 0.0729296875 0.909767779390421 0.132509765625 0.92066763425254
0  0.27734375 0.8388969521044993 0.1640625 0.3076923076923077 0.2247138671875 0.7978432510885342 0.2949912109375 0.7843671988388969 0.2564521484375 0.8551219158200289 0.2405830078125 0.9140841799709724 0.287056640625 0.9107140783744557
0  0.56640625 0.8904208998548622 0.14453125 0.21915820029027577 0.520359375 0.8874150943396226 0.581408203125 0.8603309143686503 0.5613623046875 0.9321030478955008 0.550427734375 0.9889782293178518 0.5914306640625 0.9673120464441218
0  0.658203125 0.13933236574746008 0.125 0.21480406386066764 0.619349609375 0.13347460087082727 0.669921875 0.11014949201741654 0.643763671875 0.1606879535558781 0.6367880859375 0.20345283018867924 0.680384765625 0.18142235123367198
0  0.791015625 0.5268505079825835 0.11328125 0.2351233671988389 0.7657861328125 0.5055326560232221 0.823185546875 0.5040624092888244 0.797455078125 0.5423033381712626 0.7756826171875 0.5864281567489115 0.817248046875 0.5864281567489115
0  0.8447265625 0.8432510885341074 0.158203125 0.29898403483309144 0.7900390625 0.8171262699564587 0.841796875 0.8490566037735849 0.7734375 0.8925979680696662 0.7734375 0.9462989840348331 0.810546875 0.9637155297532656
0  0.880859375 0.40783744557329465 0.09375 0.22351233671988388 -0.0009765625 -0.001451378809869376 -0.0009765625 -0.001451378809869376 -0.0009765625 -0.001451378809869376 -0.0009765625 -0.001451378809869376 -0.0009765625 -0.001451378809869376
