0  0.01953125 0.26326259946949604 0.0234375 0.05172413793103448 0.00830078125 0.2523209549071618 0.01171875 0.2526525198938992 0.00634765625 0.2635941644562334 0.01416015625 0.2755305039787798 0.015869140625 0.27354111405835546
0  0.23193359375 0.2453580901856764 0.0283203125 0.050397877984084884 0.230974609375 0.23459946949602123 0.243443359375 0.23264588859416444 0.24200390625 0.2440437665782493 0.232892578125 0.2564177718832891 0.2439228515625 0.25674403183023875
0  0.34375 0.26591511936339524 0.021484375 0.03050397877984085 0.341796875 0.259946949602122 0.349609375 0.25862068965517243 0.34765625 0.26525198938992045 0.341796875 0.2718832891246684 0.3515625 0.2718832891246684
0  0.45361328125 0.28580901856763924 0.0361328125 0.05172413793103448 0.44140625 0.28183023872679047 0.456298828125 0.28149867374005305 0.44775390625 0.29078249336870027 0.443603515625 0.2954244031830239 0.45263671875 0.2947612732095491
0  0.74755859375 0.17572944297082227 0.0400390625 0.05702917771883289 0.738150390625 0.16625596816976126 0.757341796875 0.16699071618037137 0.746529296875 0.17726923076923076 0.7424755859375 0.19048408488063662 0.754638671875 0.19085145888594163
0  0.86865234375 0.22944297082228116 0.0283203125 0.05305039787798409 0.8741279296875 0.22068037135278515 0.880091796875 0.220342175066313 0.8813349609375 0.23283023872679046 0.8721396484375 0.241604774535809 0.87661328125 0.241604774535809
0  0.9501953125 0.20291777188328913 0.03515625 0.05570291777188329 0.9444404296875 0.196262599469496 0.961443359375 0.19555172413793104 0.953333984375 0.202657824933687 0.947056640625 0.21651193633952254 0.9588271484375 0.21509151193633952
0  0.98828125 0.24469496021220158 0.021484375 0.04111405835543767 0.990234375 0.24005305039787797 0.9951171875 0.23607427055702918 0.99609375 0.246684350132626 0.990234375 0.25596816976127323 0.9931640625 0.2546419098143236
0  0.39013671875 0.26326259946949604 0.0087890625 0.025198938992042442 0.392578125 0.2639257294429708 0.392578125 0.2639257294429708 0.39453125 0.2692307692307692 0.390625 0.27453580901856767 0.390625 0.27453580901856767
0  0.24658203125 0.23474801061007958 0.0205078125 0.03183023872679045 0.2322822265625 0.2352572944297082 0.242640625 0.23349867374005304 0.2407705078125 0.24463527851458888 0.234583984375 0.2551870026525199 0.2433603515625 0.2553819628647215
