0  0.44482421875 0.19215686274509805 0.0908203125 0.15947712418300652 0.4264443359375 0.15956993464052288 0.4696826171875 0.17254379084967322 0.446572265625 0.20148235294117645 0.42420703125 0.2244339869281046 0.4674462890625 0.2284261437908497
0  0.4912109375 0.08562091503267974 0.033203125 0.050980392156862744 -0.0009765625 -0.00130718954248366 -0.0009765625 -0.00130718954248366 -0.0009765625 -0.00130718954248366 -0.0009765625 -0.00130718954248366 -0.0009765625 -0.00130718954248366
0  0.77734375 0.134640522875817 0.0234375 0.04967320261437908 -0.0009765625 -0.00130718954248366 -0.0009765625 -0.00130718954248366 -0.0009765625 -0.00130718954248366 -0.0009765625 -0.00130718954248366 -0.0009765625 -0.00130718954248366
0  0.8759765625 0.16862745098039217 0.025390625 0.0392156862745098 0.8792373046875 0.16220261437908495 0.887673828125 0.16496209150326796 0.886173828125 0.17048366013071894 0.8784873046875 0.17851241830065362 0.885423828125 0.18001830065359478
0  0.82421875 0.16013071895424835 0.015625 0.027450980392156862 0.828177734375 0.15475032679738562 0.830662109375 0.1544 0.831708984375 0.16105228758169934 0.826869140625 0.16683006535947711 0.8285693359375 0.16595424836601308
0  0.84423828125 0.17254901960784313 0.0146484375 0.02091503267973856 -0.0009765625 -0.00130718954248366 -0.0009765625 -0.00130718954248366 -0.0009765625 -0.00130718954248366 -0.0009765625 -0.00130718954248366 -0.0009765625 -0.00130718954248366
0  0.78466796875 0.17058823529411765 0.0087890625 0.01437908496732026 0.78121484375 0.1694967320261438 0.7847724609375 0.16969542483660133 0.7821044921875 0.17296862745098038 0.7807705078125 0.17535032679738563 0.782919921875 0.17574640522875817
0  0.76953125 0.17254901960784313 0.009765625 0.02091503267973856 0.7673515625 0.16894248366013073 0.7716630859375 0.16934509803921569 0.76945703125 0.17283529411764706 0.7669501953125 0.1747137254901961 0.7704599609375 0.1749830065359477
0  0.75048828125 0.20130718954248367 0.0205078125 0.04183006535947712 0.7401953125 0.18279607843137255 0.758244140625 0.1822718954248366 0.7507890625 0.19934117647058824 0.7431376953125 0.21352156862745097 0.7549091796875 0.21614771241830066
0  0.7744140625 0.1843137254901961 0.0078125 0.01568627450980392 -0.0009765625 -0.00130718954248366 -0.0009765625 -0.00130718954248366 -0.0009765625 -0.00130718954248366 -0.0009765625 -0.00130718954248366 -0.0009765625 -0.00130718954248366
0  0.3046875 0.09019607843137255 0.029296875 0.04183006535947712 0.3031962890625 0.08056732026143791 0.3154296875 0.08244575163398693 0.311619140625 0.08888888888888889 0.305603515625 0.09640522875816994 0.313423828125 0.09640522875816994
0  0.17626953125 0.12483660130718954 0.0283203125 0.0457516339869281 0.1823203125 0.11805490196078432 0.188423828125 0.11805490196078432 0.1899501953125 0.1273921568627451 0.186462890625 0.13614640522875818 0.1871162109375 0.13672941176470588
0  0.10693359375 0.13071895424836602 0.0205078125 0.03137254901960784 -0.0009765625 -0.00130718954248366 -0.0009765625 -0.00130718954248366 -0.0009765625 -0.00130718954248366 -0.0009765625 -0.00130718954248366 -0.0009765625 -0.00130718954248366
0  0.6591796875 0.12679738562091503 0.033203125 0.06013071895424837 -0.0009765625 -0.00130718954248366 -0.0009765625 -0.00130718954248366 -0.0009765625 -0.00130718954248366 -0.0009765625 -0.00130718954248366 -0.0009765625 -0.00130718954248366
0  0.64453125 0.11764705882352941 0.02734375 0.05228758169934641 -0.0009765625 -0.00130718954248366 -0.0009765625 -0.00130718954248366 -0.0009765625 -0.00130718954248366 -0.0009765625 -0.00130718954248366 -0.0009765625 -0.00130718954248366
0  0.13427734375 0.10326797385620914 0.0166015625 0.026143790849673203 -0.0009765625 -0.00130718954248366 -0.0009765625 -0.00130718954248366 -0.0009765625 -0.00130718954248366 -0.0009765625 -0.00130718954248366 -0.0009765625 -0.00130718954248366
0  0.90673828125 0.17647058823529413 0.0107421875 0.018300653594771243 -0.0009765625 -0.00130718954248366 -0.0009765625 -0.00130718954248366 -0.0009765625 -0.00130718954248366 -0.0009765625 -0.00130718954248366 -0.0009765625 -0.00130718954248366
