0  0.92822265625 0.38669590643274854 0.0634765625 0.097953216374269 0.919865234375 0.371593567251462 0.9480283203125 0.3691125730994152 0.94140234375 0.38461403508771935 0.9256630859375 0.41251608187134503 0.9463720703125 0.4118961988304094
0  0.9677734375 0.4232456140350877 0.015625 0.027777777777777776 0.9697265625 0.4166666666666667 0.974609375 0.41812865497076024 0.97265625 0.42251461988304095 0.9697265625 0.4269005847953216 0.9736328125 0.4283625730994152
0  0.97802734375 0.4093567251461988 0.0107421875 0.017543859649122806 0.9775390625 0.4093567251461988 0.982421875 0.4093567251461988 0.98046875 0.41228070175438597 0.978515625 0.4166666666666667 0.982421875 0.4152046783625731
0  0.873046875 0.3530701754385965 0.041015625 0.059941520467836254 0.8649375 0.3421578947368421 0.884294921875 0.33784941520467837 0.8748779296875 0.3527309941520468 0.8665078125 0.36722076023391814 0.8793251953125 0.3644795321637427
0  0.81396484375 0.3983918128654971 0.0400390625 0.06578947368421052 0.8106689453125 0.38706140350877194 0.8274228515625 0.38994005847953217 0.8216552734375 0.4018640350877193 0.8114931640625 0.41502192982456143 0.824951171875 0.41625584795321635
0  0.77001953125 0.4027777777777778 0.0205078125 0.039473684210526314 0.7703818359375 0.39514181286549704 0.7778623046875 0.39361403508771936 0.7776923828125 0.40048684210526314 0.77344140625 0.41219590643274856 0.7771826171875 0.41219590643274856
0  0.7216796875 0.3574561403508772 0.05859375 0.1067251461988304 0.7086181640625 0.3366169590643275 0.736908203125 0.3379605263157895 0.7229873046875 0.35611111111111116 0.70996484375 0.38501900584795323 0.7337646484375 0.3856900584795322
0  0.66943359375 0.3823099415204678 0.0341796875 0.07163742690058479 0.6593193359375 0.36463596491228073 0.671953125 0.3605818713450292 0.6689453125 0.3749941520467836 0.6659375 0.3975102339181286 0.6779697265625 0.3943581871345029
0  0.599609375 0.36330409356725146 0.037109375 0.07163742690058479 0.592833984375 0.3543494152046784 0.61053515625 0.35206432748538014 0.604431640625 0.36211695906432745 0.598328125 0.38039181286549706 0.61053515625 0.3785643274853801
0  0.57373046875 0.39035087719298245 0.0185546875 0.043859649122807015 0.5791015625 0.3830409356725146 0.5830078125 0.3786549707602339 0.5849609375 0.39035087719298245 0.5830078125 0.402046783625731 0.5859375 0.3991228070175439
0  0.47998046875 0.2631578947368421 0.0654296875 0.11988304093567251 0.471888671875 0.24731140350877193 0.4991982421875 0.2480687134502924 0.4895888671875 0.2654809941520468 0.47896875 0.2942514619883041 0.4986923828125 0.29349415204678364
0  0.2705078125 0.3260233918128655 0.05859375 0.10526315789473684 0.246451171875 0.3072529239766082 0.2726875 0.3072529239766082 0.254455078125 0.32855555555555555 0.2508984375 0.35119005847953216 0.2682412109375 0.35119005847953216
0  0.0849609375 0.3603801169590643 0.0703125 0.11257309941520467 0.0602373046875 0.3418830409356725 0.089224609375 0.3390380116959064 0.0744931640625 0.3632251461988304 0.066890625 0.38812573099415204 0.09255078125 0.3859912280701754
0  0.1591796875 0.34576023391812866 0.013671875 0.03070175438596491 0.162109375 0.34210526315789475 0.1669921875 0.3406432748538012 0.1650390625 0.347953216374269 0.1630859375 0.35233918128654973 0.1650390625 0.35233918128654973
0  0.189453125 0.36622807017543857 0.013671875 0.024853801169590642 0.189453125 0.36257309941520466 0.1953125 0.36257309941520466 0.193359375 0.3684210526315789 0.189453125 0.3742690058479532 0.1953125 0.3742690058479532
0  0.21435546875 0.36622807017543857 0.0126953125 0.024853801169590642 0.2158203125 0.3654970760233918 0.220703125 0.36403508771929827 0.21875 0.36988304093567254 0.216796875 0.3757309941520468 0.220703125 0.3742690058479532
0  0.2333984375 0.37353801169590645 0.009765625 0.019005847953216373 0.2373046875 0.36988304093567254 0.2421875 0.36988304093567254 0.2392578125 0.37719298245614036 0.2373046875 0.3815789473684211 0.240234375 0.3815789473684211
0  0.1376953125 0.3406432748538012 0.01171875 0.029239766081871343 0.13671875 0.3347953216374269 0.1416015625 0.3362573099415205 0.1396484375 0.3435672514619883 0.13671875 0.3508771929824561 0.140625 0.3508771929824561
0  0.3544921875 0.38084795321637427 0.0078125 0.013157894736842105 0.353515625 0.3786549707602339 0.357421875 0.37719298245614036 0.35546875 0.3830409356725146 0.353515625 0.3845029239766082 0.357421875 0.38596491228070173
0  0.33251953125 0.37646198830409355 0.0087890625 0.01608187134502924 0.33203125 0.37280701754385964 0.3359375 0.37280701754385964 0.333984375 0.37719298245614036 0.3310546875 0.3815789473684211 0.3359375 0.3815789473684211
