0  0.1396484375 0.36642156862745096 0.0234375 0.0392156862745098 -0.0009765625 -0.0012254901960784314 -0.0009765625 -0.0012254901960784314 -0.0009765625 -0.0012254901960784314 -0.0009765625 -0.0012254901960784314 -0.0009765625 -0.0012254901960784314
0  0.1865234375 0.3553921568627451 0.037109375 0.0661764705882353 0.175763671875 0.34167156862745096 0.1946494140625 0.3412549019607843 0.1820595703125 0.3462450980392157 0.1754326171875 0.36412377450980393 0.190673828125 0.3653713235294117
0  0.22998046875 0.3284313725490196 0.0263671875 0.03676470588235294 -0.0009765625 -0.0012254901960784314 -0.0009765625 -0.0012254901960784314 -0.0009765625 -0.0012254901960784314 -0.0009765625 -0.0012254901960784314 -0.0009765625 -0.0012254901960784314
0  0.25390625 0.3707107843137255 0.02734375 0.04044117647058824 -0.0009765625 -0.0012254901960784314 -0.0009765625 -0.0012254901960784314 -0.0009765625 -0.0012254901960784314 -0.0009765625 -0.0012254901960784314 -0.0009765625 -0.0012254901960784314
0  0.322265625 0.32107843137254904 0.021484375 0.03676470588235294 0.3167724609375 0.31066176470588236 0.3240966796875 0.31043137254901965 0.317322265625 0.31525735294117646 0.317322265625 0.3272058823529412 0.323546875 0.3258272058823529
0  0.36962890625 0.3952205882352941 0.0419921875 0.06495098039215687 0.35475390625 0.37676225490196075 0.37469921875 0.3796335784313726 0.3590048828125 0.38948161764705885 0.354099609375 0.40384313725490195 0.3668515625 0.40630514705882353
0  0.38623046875 0.3284313725490196 0.0302734375 0.029411764705882353 0.37480859375 0.3273370098039216 0.388619140625 0.3263737745098039 0.378453125 0.3350404411764705 0.375958984375 0.34129901960784315 0.383056640625 0.34129901960784315
0  0.43017578125 0.34558823529411764 0.0341796875 0.056372549019607844 0.4181474609375 0.33750735294117645 0.4365673828125 0.33572916666666663 0.425515625 0.34675367647058825 0.420130859375 0.35848897058823526 0.4348671875 0.35848897058823526
0  0.46484375 0.3382352941176471 0.01171875 0.029411764705882353 -0.0009765625 -0.0012254901960784314 -0.0009765625 -0.0012254901960784314 -0.0009765625 -0.0012254901960784314 -0.0009765625 -0.0012254901960784314 -0.0009765625 -0.0012254901960784314
0  0.4541015625 0.30943627450980393 0.0078125 0.011029411764705883 -0.0009765625 -0.0012254901960784314 -0.0009765625 -0.0012254901960784314 -0.0009765625 -0.0012254901960784314 -0.0009765625 -0.0012254901960784314 -0.0009765625 -0.0012254901960784314
0  0.52685546875 0.3903186274509804 0.0498046875 0.07230392156862746 0.512451171875 0.38005514705882354 0.5347900390625 0.3795955882352941 0.5208740234375 0.39016544117647056 0.5128173828125 0.40670955882352944 0.5318603515625 0.40670955882352944
0  0.57763671875 0.36213235294117646 0.0439453125 0.06740196078431372 0.567931640625 0.33900122549019607 0.5884091796875 0.3411078431372549 0.57632421875 0.35163970588235294 0.56658984375 0.3655404411764706 0.5833740234375 0.3680686274509804
0  0.53857421875 0.32169117647058826 0.0185546875 0.01838235294117647 -0.0009765625 -0.0012254901960784314 -0.0009765625 -0.0012254901960784314 -0.0009765625 -0.0012254901960784314 -0.0009765625 -0.0012254901960784314 -0.0009765625 -0.0012254901960784314
0  0.54541015625 0.29901960784313725 0.0205078125 0.0196078431372549 -0.0009765625 -0.0012254901960784314 -0.0009765625 -0.0012254901960784314 -0.0009765625 -0.0012254901960784314 -0.0009765625 -0.0012254901960784314 -0.0009765625 -0.0012254901960784314
0  0.57568359375 0.28921568627450983 0.0361328125 0.03431372549019608 -0.0009765625 -0.0012254901960784314 -0.0009765625 -0.0012254901960784314 -0.0009765625 -0.0012254901960784314 -0.0009765625 -0.0012254901960784314 -0.0009765625 -0.0012254901960784314
0  0.6259765625 0.29840686274509803 0.009765625 0.015931372549019607 -0.0009765625 -0.0012254901960784314 -0.0009765625 -0.0012254901960784314 -0.0009765625 -0.0012254901960784314 -0.0009765625 -0.0012254901960784314 -0.0009765625 -0.0012254901960784314
0  0.6796875 0.39215686274509803 0.046875 0.058823529411764705 0.6737587890625 0.37690441176470585 0.69362109375 0.3754154411764706 0.686802734375 0.3906691176470588 0.6746474609375 0.4044338235294117 0.69362109375 0.40294607843137253
0  0.60693359375 0.3125 0.0087890625 0.012254901960784314 0.6060830078125 0.311640931372549 0.6101376953125 0.3113125 0.6077841796875 0.31385661764705886 0.6061484375 0.31533333333333335 0.610072265625 0.3151703431372549
0  0.69482421875 0.29411764705882354 0.0283203125 0.04411764705882353 0.6878447265625 0.2826237745098039 0.7016298828125 0.28457598039215687 0.6947373046875 0.2895980392156863 0.68851171875 0.3015968137254902 0.698072265625 0.3032708333333333
0  0.8330078125 0.3229166666666667 0.037109375 0.05759803921568627 0.8369013671875 0.31815196078431374 0.8427431640625 0.3192512254901961 0.8389453125 0.33574632352941175 0.8231728515625 0.3361127450980392 0.83105859375 0.3372120098039216
0  0.83984375 0.3694852941176471 0.025390625 0.025735294117647058 -0.0009765625 -0.0012254901960784314 -0.0009765625 -0.0012254901960784314 -0.0009765625 -0.0012254901960784314 -0.0009765625 -0.0012254901960784314 -0.0009765625 -0.0012254901960784314
0  0.89794921875 0.32965686274509803 0.0224609375 0.029411764705882353 -0.0009765625 -0.0012254901960784314 -0.0009765625 -0.0012254901960784314 -0.0009765625 -0.0012254901960784314 -0.0009765625 -0.0012254901960784314 -0.0009765625 -0.0012254901960784314
0  0.921875 0.3449754901960784 0.0234375 0.03553921568627451 -0.0009765625 -0.0012254901960784314 -0.0009765625 -0.0012254901960784314 -0.0009765625 -0.0012254901960784314 -0.0009765625 -0.0012254901960784314 -0.0009765625 -0.0012254901960784314
0  0.87890625 0.4099264705882353 0.052734375 0.07475490196078431 0.8643837890625 0.3896617647058824 0.887900390625 0.3896617647058824 0.8734873046875 0.4029889705882353 0.864763671875 0.4210759803921569 0.8867626953125 0.42202818627450983
