0  0.76611328125 0.956140350877193 0.0556640625 0.0847953216374269 0.7597568359375 0.9496856725146199 0.7834169921875 0.9549722222222222 0.7703505859375 0.9787616959064327 0.7576376953125 0.9903932748538011 0.7760009765625 0.9946213450292398
0  0.73291015625 0.7551169590643275 0.0419921875 0.06871345029239766 0.7258037109375 0.7367251461988304 0.743931640625 0.7418932748538012 0.73155859375 0.747062865497076 0.72148828125 0.7630014619883041 0.740478515625 0.7668786549707601
0  0.7998046875 0.6498538011695907 0.033203125 0.06578947368421052 0.7923408203125 0.631578947368421 0.8099189453125 0.6403508771929824 0.7968056640625 0.6478698830409356 0.7901083984375 0.658312865497076 0.80322265625 0.6658318713450292
0  0.91259765625 0.7331871345029239 0.0244140625 0.06871345029239766 0.9039658203125 0.7152251461988304 0.9065546875 0.7186710526315789 0.901087890625 0.7268567251461988 0.9100078125 0.7462412280701755 0.91087109375 0.7449488304093568
0  0.697265625 0.6396198830409356 0.041015625 0.059941520467836254 0.68948828125 0.6232251461988304 0.7017822265625 0.6302733918128656 0.6900107421875 0.633014619883041 0.6821640625 0.6463289473684211 0.6936728515625 0.6541608187134503
0  0.44482421875 0.9517543859649122 0.0498046875 0.08771929824561403 0.430419921875 0.9350204678362573 0.452619140625 0.9350204678362573 0.4393662109375 0.9613099415204678 0.4373779296875 0.9702383040935673 0.452619140625 0.9692456140350878
0  0.48486328125 0.7258771929824561 0.0361328125 0.06871345029239766 0.4719150390625 0.7143771929824562 0.4871650390625 0.7143771929824562 0.475080078125 0.7311769005847953 0.4739296875 0.7432383040935673 0.4871650390625 0.7432383040935673
0  0.2763671875 0.9692982456140351 0.056640625 0.05847953216374269 0.2602802734375 0.9645204678362572 0.2813720703125 0.9757602339181286 0.258134765625 0.9907456140350877 0.253845703125 1.0057309941520467 0.265642578125 1.0116169590643276
0  0.07275390625 0.8633040935672515 0.0537109375 0.10087719298245613 0.073599609375 0.8574108187134504 0.091361328125 0.8365190058479531 0.0977041015625 0.8631081871345029 0.0845947265625 0.8922309941520467 0.0977041015625 0.8745043859649122
0  0.240234375 0.7916666666666666 0.033203125 0.06578947368421052 0.22836328125 0.7737573099415205 0.24237109375 0.7778684210526315 0.228912109375 0.7980175438596492 0.235779296875 0.8025409356725146 0.246765625 0.802951754385965
0  0.1376953125 0.7280701754385965 0.04296875 0.07309941520467836 0.125 0.7156432748538012 0.1451416015625 0.7101608187134503 0.1344609375 0.7307192982456141 0.1292724609375 0.7462543859649122 0.14697265625 0.7416842105263158
0  0.30322265625 0.6600877192982456 0.0341796875 0.059941520467836254 0.291673828125 0.6486140350877193 0.30762109375 0.6486140350877193 0.295017578125 0.6678669590643275 0.2991328125 0.6740292397660819 0.3099365234375 0.6701783625730994
0  0.267578125 0.5950292397660819 0.015625 0.043859649122807015 -0.0009765625 -0.0014619883040935672 -0.0009765625 -0.0014619883040935672 -0.0009765625 -0.0014619883040935672 -0.0009765625 -0.0014619883040935672 -0.0009765625 -0.0014619883040935672
0  0.345703125 0.5511695906432749 0.02734375 0.049707602339181284 0.3424375 0.5418040935672515 0.3541875 0.5392456140350878 0.3505556640625 0.5536374269005848 0.3437197265625 0.5629108187134503 0.35546875 0.5616315789473685
0  0.25439453125 0.5372807017543859 0.0263671875 0.04532163742690058 0.2453740234375 0.5287631578947368 0.2561640625 0.5302324561403509 0.2465517578125 0.5419795321637427 0.2457666015625 0.5490292397660819 0.2528291015625 0.550203216374269
0  0.173828125 0.5453216374269005 0.0234375 0.03508771929824561 -0.0009765625 -0.0014619883040935672 -0.0009765625 -0.0014619883040935672 -0.0009765625 -0.0014619883040935672 -0.0009765625 -0.0014619883040935672 -0.0009765625 -0.0014619883040935672
0  0.0927734375 0.5263157894736842 0.03125 0.049707602339181284 0.0811240234375 0.5159780701754385 0.093470703125 0.518796783625731 0.081333984375 0.5300745614035088 0.0807060546875 0.5394736842105263 0.093052734375 0.5401008771929824
0  0.025390625 0.5497076023391813 0.02734375 0.043859649122807015 0.016017578125 0.5442061403508772 0.027265625 0.545046783625731 0.0203291015625 0.5565540935672515 0.0180791015625 0.5621666666666667 0.028015625 0.5624473684210526
0  0.244140625 0.4137426900584795 0.021484375 0.043859649122807015 0.2399033203125 0.4059883040935673 0.247767578125 0.40713742690058485 0.2374091796875 0.41288157894736843 0.2356826171875 0.42264473684210524 0.2425888671875 0.42436842105263156
0  0.14794921875 0.4334795321637427 0.0146484375 0.039473684210526314 0.1428701171875 0.4255891812865497 0.14355078125 0.42635233918128657 0.140830078125 0.43042543859649124 0.143720703125 0.4418801169590643 0.144400390625 0.4423888888888889
0  0.15478515625 0.4093567251461988 0.0146484375 0.029239766081871343 -0.0009765625 -0.0014619883040935672 -0.0009765625 -0.0014619883040935672 -0.0009765625 -0.0014619883040935672 -0.0009765625 -0.0014619883040935672 -0.0009765625 -0.0014619883040935672
0  0.1787109375 0.3925438596491228 0.01171875 0.03070175438596491 -0.0009765625 -0.0014619883040935672 -0.0009765625 -0.0014619883040935672 -0.0009765625 -0.0014619883040935672 -0.0009765625 -0.0014619883040935672 -0.0009765625 -0.0014619883040935672
0  0.17578125 0.36330409356725146 0.015625 0.024853801169590642 0.175328125 0.3614766081871345 0.1810830078125 0.358343567251462 0.1800361328125 0.3660190058479532 0.1781533203125 0.3707178362573099 0.1810830078125 0.3699356725146199
0  0.080078125 0.4232456140350877 0.017578125 0.03070175438596491 -0.0009765625 -0.0014619883040935672 -0.0009765625 -0.0014619883040935672 -0.0009765625 -0.0014619883040935672 -0.0009765625 -0.0014619883040935672 -0.0009765625 -0.0014619883040935672
0  0.087890625 0.4152046783625731 0.009765625 0.017543859649122806 -0.0009765625 -0.0014619883040935672 -0.0009765625 -0.0014619883040935672 -0.0009765625 -0.0014619883040935672 -0.0009765625 -0.0014619883040935672 -0.0009765625 -0.0014619883040935672
0  0.1162109375 0.3406432748538012 0.013671875 0.02631578947368421 -0.0009765625 -0.0014619883040935672 -0.0009765625 -0.0014619883040935672 -0.0009765625 -0.0014619883040935672 -0.0009765625 -0.0014619883040935672 -0.0009765625 -0.0014619883040935672
0  0.06396484375 0.3684210526315789 0.0146484375 0.03216374269005848 -0.0009765625 -0.0014619883040935672 -0.0009765625 -0.0014619883040935672 -0.0009765625 -0.0014619883040935672 -0.0009765625 -0.0014619883040935672 -0.0009765625 -0.0014619883040935672
0  0.0703125 0.31871345029239767 0.009765625 0.017543859649122806 -0.0009765625 -0.0014619883040935672 -0.0009765625 -0.0014619883040935672 -0.0009765625 -0.0014619883040935672 -0.0009765625 -0.0014619883040935672 -0.0009765625 -0.0014619883040935672
0  0.04736328125 0.3092105263157895 0.0087890625 0.024853801169590642 -0.0009765625 -0.0014619883040935672 -0.0009765625 -0.0014619883040935672 -0.0009765625 -0.0014619883040935672 -0.0009765625 -0.0014619883040935672 -0.0009765625 -0.0014619883040935672
0  0.03564453125 0.2777777777777778 0.0087890625 0.017543859649122806 -0.0009765625 -0.0014619883040935672 -0.0009765625 -0.0014619883040935672 -0.0009765625 -0.0014619883040935672 -0.0009765625 -0.0014619883040935672 -0.0009765625 -0.0014619883040935672
0  0.04541015625 0.2733918128654971 0.0107421875 0.02046783625730994 -0.0009765625 -0.0014619883040935672 -0.0009765625 -0.0014619883040935672 -0.0009765625 -0.0014619883040935672 -0.0009765625 -0.0014619883040935672 -0.0009765625 -0.0014619883040935672
0  0.12060546875 0.3157894736842105 0.0146484375 0.02046783625730994 -0.0009765625 -0.0014619883040935672 -0.0009765625 -0.0014619883040935672 -0.0009765625 -0.0014619883040935672 -0.0009765625 -0.0014619883040935672 -0.0009765625 -0.0014619883040935672
0  0.15869140625 0.31505847953216376 0.0068359375 0.021929824561403508 -0.0009765625 -0.0014619883040935672 -0.0009765625 -0.0014619883040935672 -0.0009765625 -0.0014619883040935672 -0.0009765625 -0.0014619883040935672 -0.0009765625 -0.0014619883040935672
0  0.146484375 0.2909356725146199 0.009765625 0.02046783625730994 -0.0009765625 -0.0014619883040935672 -0.0009765625 -0.0014619883040935672 -0.0009765625 -0.0014619883040935672 -0.0009765625 -0.0014619883040935672 -0.0009765625 -0.0014619883040935672
0  0.1376953125 0.27631578947368424 0.01171875 0.02046783625730994 -0.0009765625 -0.0014619883040935672 -0.0009765625 -0.0014619883040935672 -0.0009765625 -0.0014619883040935672 -0.0009765625 -0.0014619883040935672 -0.0009765625 -0.0014619883040935672
0  0.11376953125 0.2953216374269006 0.0087890625 0.014619883040935672 -0.0009765625 -0.0014619883040935672 -0.0009765625 -0.0014619883040935672 -0.0009765625 -0.0014619883040935672 -0.0009765625 -0.0014619883040935672 -0.0009765625 -0.0014619883040935672
0  0.11474609375 0.27923976608187134 0.0107421875 0.017543859649122806 -0.0009765625 -0.0014619883040935672 -0.0009765625 -0.0014619883040935672 -0.0009765625 -0.0014619883040935672 -0.0009765625 -0.0014619883040935672 -0.0009765625 -0.0014619883040935672
0  0.10888671875 0.27631578947368424 0.0087890625 0.017543859649122806 0.1081630859375 0.2727909356725146 0.1120869140625 0.27326169590643273 0.10918359375 0.2769035087719298 0.1086337890625 0.2818377192982456 0.111458984375 0.2818377192982456
0  0.099609375 0.27485380116959063 0.009765625 0.014619883040935672 -0.0009765625 -0.0014619883040935672 -0.0009765625 -0.0014619883040935672 -0.0009765625 -0.0014619883040935672 -0.0009765625 -0.0014619883040935672 -0.0009765625 -0.0014619883040935672
0  0.1123046875 0.2682748538011696 0.0078125 0.013157894736842105 -0.0009765625 -0.0014619883040935672 -0.0009765625 -0.0014619883040935672 -0.0009765625 -0.0014619883040935672 -0.0009765625 -0.0014619883040935672 -0.0009765625 -0.0014619883040935672
0  0.16259765625 0.2894736842105263 0.0068359375 0.02046783625730994 -0.0009765625 -0.0014619883040935672 -0.0009765625 -0.0014619883040935672 -0.0009765625 -0.0014619883040935672 -0.0009765625 -0.0014619883040935672 -0.0009765625 -0.0014619883040935672
0  0.06201171875 0.2902046783625731 0.0107421875 0.019005847953216373 -0.0009765625 -0.0014619883040935672 -0.0009765625 -0.0014619883040935672 -0.0009765625 -0.0014619883040935672 -0.0009765625 -0.0014619883040935672 -0.0009765625 -0.0014619883040935672
0  0.0888671875 0.2580409356725146 0.0078125 0.01608187134502924 -0.0009765625 -0.0014619883040935672 -0.0009765625 -0.0014619883040935672 -0.0009765625 -0.0014619883040935672 -0.0009765625 -0.0014619883040935672 -0.0009765625 -0.0014619883040935672
0  0.06640625 0.22807017543859648 0.015625 0.011695906432748537 -0.0009765625 -0.0014619883040935672 -0.0009765625 -0.0014619883040935672 -0.0009765625 -0.0014619883040935672 -0.0009765625 -0.0014619883040935672 -0.0009765625 -0.0014619883040935672
0  0.0380859375 0.23538011695906433 0.009765625 0.017543859649122806 -0.0009765625 -0.0014619883040935672 -0.0009765625 -0.0014619883040935672 -0.0009765625 -0.0014619883040935672 -0.0009765625 -0.0014619883040935672 -0.0009765625 -0.0014619883040935672
0  0.02001953125 0.2097953216374269 0.0087890625 0.013157894736842105 -0.0009765625 -0.0014619883040935672 -0.0009765625 -0.0014619883040935672 -0.0009765625 -0.0014619883040935672 -0.0009765625 -0.0014619883040935672 -0.0009765625 -0.0014619883040935672
0  0.12060546875 0.23391812865497075 0.0068359375 0.011695906432748537 -0.0009765625 -0.0014619883040935672 -0.0009765625 -0.0014619883040935672 -0.0009765625 -0.0014619883040935672 -0.0009765625 -0.0014619883040935672 -0.0009765625 -0.0014619883040935672
0  0.14990234375 0.22660818713450293 0.0087890625 0.011695906432748537 -0.0009765625 -0.0014619883040935672 -0.0009765625 -0.0014619883040935672 -0.0009765625 -0.0014619883040935672 -0.0009765625 -0.0014619883040935672 -0.0009765625 -0.0014619883040935672
0  0.0048828125 0.25 0.009765625 0.017543859649122806 -0.0009765625 -0.0014619883040935672 -0.0009765625 -0.0014619883040935672 -0.0009765625 -0.0014619883040935672 -0.0009765625 -0.0014619883040935672 -0.0009765625 -0.0014619883040935672
0  0.12744140625 0.25219298245614036 0.0068359375 0.01608187134502924 -0.0009765625 -0.0014619883040935672 -0.0009765625 -0.0014619883040935672 -0.0009765625 -0.0014619883040935672 -0.0009765625 -0.0014619883040935672 -0.0009765625 -0.0014619883040935672
0  0.15771484375 0.23684210526315788 0.0087890625 0.014619883040935672 -0.0009765625 -0.0014619883040935672 -0.0009765625 -0.0014619883040935672 -0.0009765625 -0.0014619883040935672 -0.0009765625 -0.0014619883040935672 -0.0009765625 -0.0014619883040935672
0  0.17822265625 0.23538011695906433 0.0068359375 0.017543859649122806 -0.0009765625 -0.0014619883040935672 -0.0009765625 -0.0014619883040935672 -0.0009765625 -0.0014619883040935672 -0.0009765625 -0.0014619883040935672 -0.0009765625 -0.0014619883040935672
0  0.2001953125 0.34868421052631576 0.009765625 0.021929824561403508 -0.0009765625 -0.0014619883040935672 -0.0009765625 -0.0014619883040935672 -0.0009765625 -0.0014619883040935672 -0.0009765625 -0.0014619883040935672 -0.0009765625 -0.0014619883040935672
0  0.14892578125 0.20321637426900585 0.0068359375 0.014619883040935672 -0.0009765625 -0.0014619883040935672 -0.0009765625 -0.0014619883040935672 -0.0009765625 -0.0014619883040935672 -0.0009765625 -0.0014619883040935672 -0.0009765625 -0.0014619883040935672
0  0.15625 0.20614035087719298 0.005859375 0.011695906432748537 -0.0009765625 -0.0014619883040935672 -0.0009765625 -0.0014619883040935672 -0.0009765625 -0.0014619883040935672 -0.0009765625 -0.0014619883040935672 -0.0009765625 -0.0014619883040935672
0  0.166015625 0.22295321637426901 0.0078125 0.01608187134502924 0.16207421875 0.21960526315789475 0.166076171875 0.21993859649122804 0.163482421875 0.22337719298245612 0.16207421875 0.2259298245614035 0.1656318359375 0.2259298245614035
0  0.18212890625 0.24342105263157895 0.0068359375 0.013157894736842105 -0.0009765625 -0.0014619883040935672 -0.0009765625 -0.0014619883040935672 -0.0009765625 -0.0014619883040935672 -0.0009765625 -0.0014619883040935672 -0.0009765625 -0.0014619883040935672
0  0.1796875 0.2134502923976608 0.0078125 0.011695906432748537 -0.0009765625 -0.0014619883040935672 -0.0009765625 -0.0014619883040935672 -0.0009765625 -0.0014619883040935672 -0.0009765625 -0.0014619883040935672 -0.0009765625 -0.0014619883040935672
0  0.17333984375 0.21052631578947367 0.0068359375 0.014619883040935672 -0.0009765625 -0.0014619883040935672 -0.0009765625 -0.0014619883040935672 -0.0009765625 -0.0014619883040935672 -0.0009765625 -0.0014619883040935672 -0.0009765625 -0.0014619883040935672
0  0.248046875 0.3538011695906433 0.013671875 0.02631578947368421 -0.0009765625 -0.0014619883040935672 -0.0009765625 -0.0014619883040935672 -0.0009765625 -0.0014619883040935672 -0.0009765625 -0.0014619883040935672 -0.0009765625 -0.0014619883040935672
0  0.23681640625 0.3267543859649123 0.0126953125 0.021929824561403508 0.233833984375 0.32315204678362575 0.2360400390625 0.32315204678362575 0.232779296875 0.32846491228070174 0.2347939453125 0.33248538011695905 0.23613671875 0.3326286549707602
0  0.2587890625 0.32383040935672514 0.01171875 0.019005847953216373 -0.0009765625 -0.0014619883040935672 -0.0009765625 -0.0014619883040935672 -0.0009765625 -0.0014619883040935672 -0.0009765625 -0.0014619883040935672 -0.0009765625 -0.0014619883040935672
0  0.27783203125 0.26900584795321636 0.0107421875 0.017543859649122806 -0.0009765625 -0.0014619883040935672 -0.0009765625 -0.0014619883040935672 -0.0009765625 -0.0014619883040935672 -0.0009765625 -0.0014619883040935672 -0.0009765625 -0.0014619883040935672
0  0.28515625 0.260233918128655 0.009765625 0.014619883040935672 -0.0009765625 -0.0014619883040935672 -0.0009765625 -0.0014619883040935672 -0.0009765625 -0.0014619883040935672 -0.0009765625 -0.0014619883040935672 -0.0009765625 -0.0014619883040935672
0  0.3056640625 0.25877192982456143 0.013671875 0.02046783625730994 -0.0009765625 -0.0014619883040935672 -0.0009765625 -0.0014619883040935672 -0.0009765625 -0.0014619883040935672 -0.0009765625 -0.0014619883040935672 -0.0009765625 -0.0014619883040935672
0  0.38916015625 0.38596491228070173 0.0185546875 0.038011695906432746 0.3831826171875 0.3772646198830409 0.387861328125 0.37967982456140353 0.3817314453125 0.38668274853801166 0.38544140625 0.39465204678362575 0.3864091796875 0.39465204678362575
0  0.20068359375 0.25219298245614036 0.0048828125 0.01023391812865497 -0.0009765625 -0.0014619883040935672 -0.0009765625 -0.0014619883040935672 -0.0009765625 -0.0014619883040935672 -0.0009765625 -0.0014619883040935672 -0.0009765625 -0.0014619883040935672
0  0.19677734375 0.22076023391812866 0.0107421875 0.014619883040935672 -0.0009765625 -0.0014619883040935672 -0.0009765625 -0.0014619883040935672 -0.0009765625 -0.0014619883040935672 -0.0009765625 -0.0014619883040935672 -0.0009765625 -0.0014619883040935672
0  0.2314453125 0.22002923976608188 0.009765625 0.01608187134502924 0.2300673828125 0.21869736842105264 0.2337734375 0.21869736842105264 0.232513671875 0.22224853801169592 0.2313271484375 0.22568859649122808 0.234810546875 0.22657602339181288
0  0.248046875 0.25146198830409355 0.009765625 0.014619883040935672 -0.0009765625 -0.0014619883040935672 -0.0009765625 -0.0014619883040935672 -0.0009765625 -0.0014619883040935672 -0.0009765625 -0.0014619883040935672 -0.0009765625 -0.0014619883040935672
0  0.24267578125 0.2361111111111111 0.0087890625 0.013157894736842105 -0.0009765625 -0.0014619883040935672 -0.0009765625 -0.0014619883040935672 -0.0009765625 -0.0014619883040935672 -0.0009765625 -0.0014619883040935672 -0.0009765625 -0.0014619883040935672
0  0.2578125 0.24049707602339182 0.0078125 0.013157894736842105 -0.0009765625 -0.0014619883040935672 -0.0009765625 -0.0014619883040935672 -0.0009765625 -0.0014619883040935672 -0.0009765625 -0.0014619883040935672 -0.0009765625 -0.0014619883040935672
0  0.26025390625 0.2324561403508772 0.0068359375 0.011695906432748537 0.2580654296875 0.23147076023391813 0.2618623046875 0.2313859649122807 0.259595703125 0.23460964912280705 0.2584052734375 0.23775000000000002 0.2613525390625 0.23749415204678362
0  0.2724609375 0.2222222222222222 0.009765625 0.014619883040935672 -0.0009765625 -0.0014619883040935672 -0.0009765625 -0.0014619883040935672 -0.0009765625 -0.0014619883040935672 -0.0009765625 -0.0014619883040935672 -0.0009765625 -0.0014619883040935672
0  0.31884765625 0.37280701754385964 0.0166015625 0.03216374269005848 0.3142529296875 0.36560087719298245 0.320064453125 0.36620906432748535 0.3162802734375 0.37328947368421056 0.315333984375 0.37935964912280706 0.3204697265625 0.3799663742690058
0  0.3408203125 0.3369883040935672 0.013671875 0.027777777777777776 -0.0009765625 -0.0014619883040935672 -0.0009765625 -0.0014619883040935672 -0.0009765625 -0.0014619883040935672 -0.0009765625 -0.0014619883040935672 -0.0009765625 -0.0014619883040935672
0  0.353515625 0.31798245614035087 0.017578125 0.027777777777777776 0.3483671875 0.3136286549707602 0.35494140625 0.31116812865497073 0.351021484375 0.3140073099415205 0.3484931640625 0.32290350877192986 0.3551943359375 0.3208216374269006
0  0.3427734375 0.2880116959064328 0.009765625 0.023391812865497075 0.3396953125 0.283390350877193 0.3410380859375 0.28310380116959066 0.3375859375 0.28626315789473683 0.339791015625 0.29243713450292397 0.34055859375 0.2922938596491228
0  0.30078125 0.4144736842105263 0.015625 0.03070175438596491 0.2943115234375 0.4094356725146198 0.3011123046875 0.40826023391812866 0.2940498046875 0.41491812865497074 0.2950966796875 0.42372807017543856 0.2998046875 0.423141812865497
0  0.3193359375 0.42105263157894735 0.01953125 0.03508771929824561 0.3147275390625 0.4187222222222222 0.32113671875 0.4187222222222222 0.317626953125 0.4228347953216374 0.3132021484375 0.43174269005847954 0.320220703125 0.4319722222222222
0  0.41259765625 0.2894736842105263 0.0185546875 0.02631578947368421 0.4136572265625 0.28237280701754386 0.4194248046875 0.2795526315789474 0.41789453125 0.2880116959064328 0.414009765625 0.2955891812865497 0.4197783203125 0.2941798245614035
0  0.29248046875 0.20687134502923976 0.0068359375 0.013157894736842105 0.289001953125 0.20668859649122806 0.2928466796875 0.2065058479532164 0.2908935546875 0.20869883040935672 0.2894287109375 0.21207894736842106 0.292236328125 0.21207894736842106
0  0.44140625 0.4342105263157895 0.01953125 0.038011695906432746 0.4343046875 0.4274429824561403 0.4423701171875 0.4274429824561403 0.4360791015625 0.4349283625730994 0.434626953125 0.44507163742690053 0.441240234375 0.44507163742690053
0  0.4501953125 0.391812865497076 0.01953125 0.04093567251461988 0.4432724609375 0.38572953216374267 0.4509580078125 0.38546198830409356 0.4447021484375 0.3953640350877193 0.4445234375 0.4009824561403509 0.451494140625 0.4007149122807018
0  0.37890625 0.2902046783625731 0.009765625 0.019005847953216373 -0.0009765625 -0.0014619883040935672 -0.0009765625 -0.0014619883040935672 -0.0009765625 -0.0014619883040935672 -0.0009765625 -0.0014619883040935672 -0.0009765625 -0.0014619883040935672
0  0.40673828125 0.24342105263157895 0.0126953125 0.01608187134502924 -0.0009765625 -0.0014619883040935672 -0.0009765625 -0.0014619883040935672 -0.0009765625 -0.0014619883040935672 -0.0009765625 -0.0014619883040935672 -0.0009765625 -0.0014619883040935672
0  0.3427734375 0.24561403508771928 0.0078125 0.017543859649122806 -0.0009765625 -0.0014619883040935672 -0.0009765625 -0.0014619883040935672 -0.0009765625 -0.0014619883040935672 -0.0009765625 -0.0014619883040935672 -0.0009765625 -0.0014619883040935672
0  0.34716796875 0.24707602339181287 0.0068359375 0.017543859649122806 -0.0009765625 -0.0014619883040935672 -0.0009765625 -0.0014619883040935672 -0.0009765625 -0.0014619883040935672 -0.0009765625 -0.0014619883040935672 -0.0009765625 -0.0014619883040935672
0  0.42431640625 0.23830409356725146 0.0048828125 0.011695906432748537 -0.0009765625 -0.0014619883040935672 -0.0009765625 -0.0014619883040935672 -0.0009765625 -0.0014619883040935672 -0.0009765625 -0.0014619883040935672 -0.0009765625 -0.0014619883040935672
0  0.427734375 0.24049707602339182 0.005859375 0.019005847953216373 -0.0009765625 -0.0014619883040935672 -0.0009765625 -0.0014619883040935672 -0.0009765625 -0.0014619883040935672 -0.0009765625 -0.0014619883040935672 -0.0009765625 -0.0014619883040935672
0  0.24072265625 0.21783625730994152 0.0087890625 0.014619883040935672 0.239048828125 0.21553947368421053 0.2427451171875 0.21533040935672515 0.2412109375 0.2180453216374269 0.239537109375 0.22065643274853802 0.2426064453125 0.2208640350877193
0  0.25341796875 0.2097953216374269 0.0087890625 0.01608187134502924 -0.0009765625 -0.0014619883040935672 -0.0009765625 -0.0014619883040935672 -0.0009765625 -0.0014619883040935672 -0.0009765625 -0.0014619883040935672 -0.0009765625 -0.0014619883040935672
0  0.2646484375 0.20687134502923976 0.0078125 0.013157894736842105 -0.0009765625 -0.0014619883040935672 -0.0009765625 -0.0014619883040935672 -0.0009765625 -0.0014619883040935672 -0.0009765625 -0.0014619883040935672 -0.0009765625 -0.0014619883040935672
0  0.27880859375 0.195906432748538 0.0087890625 0.011695906432748537 -0.0009765625 -0.0014619883040935672 -0.0009765625 -0.0014619883040935672 -0.0009765625 -0.0014619883040935672 -0.0009765625 -0.0014619883040935672 -0.0009765625 -0.0014619883040935672
0  0.2958984375 0.1966374269005848 0.0078125 0.013157894736842105 -0.0009765625 -0.0014619883040935672 -0.0009765625 -0.0014619883040935672 -0.0009765625 -0.0014619883040935672 -0.0009765625 -0.0014619883040935672 -0.0009765625 -0.0014619883040935672
0  0.291015625 0.22076023391812866 0.0078125 0.017543859649122806 -0.0009765625 -0.0014619883040935672 -0.0009765625 -0.0014619883040935672 -0.0009765625 -0.0014619883040935672 -0.0009765625 -0.0014619883040935672 -0.0009765625 -0.0014619883040935672
0  0.298828125 0.22149122807017543 0.0078125 0.013157894736842105 -0.0009765625 -0.0014619883040935672 -0.0009765625 -0.0014619883040935672 -0.0009765625 -0.0014619883040935672 -0.0009765625 -0.0014619883040935672 -0.0009765625 -0.0014619883040935672
0  0.306640625 0.2134502923976608 0.005859375 0.008771929824561403 -0.0009765625 -0.0014619883040935672 -0.0009765625 -0.0014619883040935672 -0.0009765625 -0.0014619883040935672 -0.0009765625 -0.0014619883040935672 -0.0009765625 -0.0014619883040935672
0  0.314453125 0.20760233918128654 0.0078125 0.011695906432748537 -0.0009765625 -0.0014619883040935672 -0.0009765625 -0.0014619883040935672 -0.0009765625 -0.0014619883040935672 -0.0009765625 -0.0014619883040935672 -0.0009765625 -0.0014619883040935672
0  0.31591796875 0.25 0.0087890625 0.023391812865497075 -0.0009765625 -0.0014619883040935672 -0.0009765625 -0.0014619883040935672 -0.0009765625 -0.0014619883040935672 -0.0009765625 -0.0014619883040935672 -0.0009765625 -0.0014619883040935672
0  0.2919921875 0.47514619883040937 0.01953125 0.04093567251461988 0.2852255859375 0.46767982456140345 0.2935966796875 0.46767982456140345 0.2867958984375 0.47603362573099417 0.285400390625 0.48464912280701755 0.29150390625 0.48464912280701755
0  0.4541015625 0.3165204678362573 0.009765625 0.021929824561403508 0.451607421875 0.3126169590643275 0.4537138671875 0.3138187134502924 0.450103515625 0.3175716374269006 0.4523095703125 0.3214736842105263 0.4538134765625 0.3217748538011696
0  0.3330078125 0.3991228070175439 0.017578125 0.03508771929824561 -0.0009765625 -0.0014619883040935672 -0.0009765625 -0.0014619883040935672 -0.0009765625 -0.0014619883040935672 -0.0009765625 -0.0014619883040935672 -0.0009765625 -0.0014619883040935672
0  0.2138671875 0.23318713450292397 0.0078125 0.01608187134502924 -0.0009765625 -0.0014619883040935672 -0.0009765625 -0.0014619883040935672 -0.0009765625 -0.0014619883040935672 -0.0009765625 -0.0014619883040935672 -0.0009765625 -0.0014619883040935672
0  0.34765625 0.20906432748538012 0.0078125 0.014619883040935672 -0.0009765625 -0.0014619883040935672 -0.0009765625 -0.0014619883040935672 -0.0009765625 -0.0014619883040935672 -0.0009765625 -0.0014619883040935672 -0.0009765625 -0.0014619883040935672
0  0.3525390625 0.20248538011695907 0.0078125 0.013157894736842105 -0.0009765625 -0.0014619883040935672 -0.0009765625 -0.0014619883040935672 -0.0009765625 -0.0014619883040935672 -0.0009765625 -0.0014619883040935672 -0.0009765625 -0.0014619883040935672
0  0.388671875 0.29239766081871343 0.0078125 0.017543859649122806 -0.0009765625 -0.0014619883040935672 -0.0009765625 -0.0014619883040935672 -0.0009765625 -0.0014619883040935672 -0.0009765625 -0.0014619883040935672 -0.0009765625 -0.0014619883040935672
0  0.21630859375 0.16593567251461988 0.0068359375 0.01023391812865497 -0.0009765625 -0.0014619883040935672 -0.0009765625 -0.0014619883040935672 -0.0009765625 -0.0014619883040935672 -0.0009765625 -0.0014619883040935672 -0.0009765625 -0.0014619883040935672
0  0.2841796875 0.1695906432748538 0.005859375 0.008771929824561403 -0.0009765625 -0.0014619883040935672 -0.0009765625 -0.0014619883040935672 -0.0009765625 -0.0014619883040935672 -0.0009765625 -0.0014619883040935672 -0.0009765625 -0.0014619883040935672
0  0.25537109375 0.1739766081871345 0.0068359375 0.008771929824561403 -0.0009765625 -0.0014619883040935672 -0.0009765625 -0.0014619883040935672 -0.0009765625 -0.0014619883040935672 -0.0009765625 -0.0014619883040935672 -0.0009765625 -0.0014619883040935672
0  0.3232421875 0.16666666666666666 0.0078125 0.011695906432748537 -0.0009765625 -0.0014619883040935672 -0.0009765625 -0.0014619883040935672 -0.0009765625 -0.0014619883040935672 -0.0009765625 -0.0014619883040935672 -0.0009765625 -0.0014619883040935672
0  0.3466796875 0.1600877192982456 0.005859375 0.013157894736842105 -0.0009765625 -0.0014619883040935672 -0.0009765625 -0.0014619883040935672 -0.0009765625 -0.0014619883040935672 -0.0009765625 -0.0014619883040935672 -0.0009765625 -0.0014619883040935672
0  0.37939453125 0.1608187134502924 0.0068359375 0.011695906432748537 -0.0009765625 -0.0014619883040935672 -0.0009765625 -0.0014619883040935672 -0.0009765625 -0.0014619883040935672 -0.0009765625 -0.0014619883040935672 -0.0009765625 -0.0014619883040935672
0  0.359375 0.15935672514619884 0.005859375 0.011695906432748537 -0.0009765625 -0.0014619883040935672 -0.0009765625 -0.0014619883040935672 -0.0009765625 -0.0014619883040935672 -0.0009765625 -0.0014619883040935672 -0.0009765625 -0.0014619883040935672
0  0.35400390625 0.15935672514619884 0.0048828125 0.008771929824561403 -0.0009765625 -0.0014619883040935672 -0.0009765625 -0.0014619883040935672 -0.0009765625 -0.0014619883040935672 -0.0009765625 -0.0014619883040935672 -0.0009765625 -0.0014619883040935672
0  0.41357421875 0.1513157894736842 0.0048828125 0.013157894736842105 -0.0009765625 -0.0014619883040935672 -0.0009765625 -0.0014619883040935672 -0.0009765625 -0.0014619883040935672 -0.0009765625 -0.0014619883040935672 -0.0009765625 -0.0014619883040935672
0  0.37548828125 0.13230994152046785 0.0048828125 0.01023391812865497 -0.0009765625 -0.0014619883040935672 -0.0009765625 -0.0014619883040935672 -0.0009765625 -0.0014619883040935672 -0.0009765625 -0.0014619883040935672 -0.0009765625 -0.0014619883040935672
0  0.439453125 0.20248538011695907 0.005859375 0.013157894736842105 -0.0009765625 -0.0014619883040935672 -0.0009765625 -0.0014619883040935672 -0.0009765625 -0.0014619883040935672 -0.0009765625 -0.0014619883040935672 -0.0009765625 -0.0014619883040935672
0  0.46826171875 0.22660818713450293 0.0087890625 0.017543859649122806 0.4667666015625 0.22299269005847952 0.4693603515625 0.2228815789473684 0.46973046875 0.22654239766081874 0.4676552734375 0.23153654970760235 0.4695830078125 0.2313143274853801
0  0.47216796875 0.24195906432748537 0.0087890625 0.01608187134502924 -0.0009765625 -0.0014619883040935672 -0.0009765625 -0.0014619883040935672 -0.0009765625 -0.0014619883040935672 -0.0009765625 -0.0014619883040935672 -0.0009765625 -0.0014619883040935672
0  0.46630859375 0.21052631578947367 0.0068359375 0.014619883040935672 -0.0009765625 -0.0014619883040935672 -0.0009765625 -0.0014619883040935672 -0.0009765625 -0.0014619883040935672 -0.0009765625 -0.0014619883040935672 -0.0009765625 -0.0014619883040935672
0  0.42041015625 0.16447368421052633 0.0068359375 0.01023391812865497 -0.0009765625 -0.0014619883040935672 -0.0009765625 -0.0014619883040935672 -0.0009765625 -0.0014619883040935672 -0.0009765625 -0.0014619883040935672 -0.0009765625 -0.0014619883040935672
0  0.39501953125 0.16812865497076024 0.0068359375 0.011695906432748537 -0.0009765625 -0.0014619883040935672 -0.0009765625 -0.0014619883040935672 -0.0009765625 -0.0014619883040935672 -0.0009765625 -0.0014619883040935672 -0.0009765625 -0.0014619883040935672
0  0.41552734375 0.17763157894736842 0.0048828125 0.01023391812865497 -0.0009765625 -0.0014619883040935672 -0.0009765625 -0.0014619883040935672 -0.0009765625 -0.0014619883040935672 -0.0009765625 -0.0014619883040935672 -0.0009765625 -0.0014619883040935672
0  0.43212890625 0.18201754385964913 0.0087890625 0.013157894736842105 -0.0009765625 -0.0014619883040935672 -0.0009765625 -0.0014619883040935672 -0.0009765625 -0.0014619883040935672 -0.0009765625 -0.0014619883040935672 -0.0009765625 -0.0014619883040935672
0  0.46875 0.1915204678362573 0.0078125 0.014619883040935672 -0.0009765625 -0.0014619883040935672 -0.0009765625 -0.0014619883040935672 -0.0009765625 -0.0014619883040935672 -0.0009765625 -0.0014619883040935672 -0.0009765625 -0.0014619883040935672
0  0.46435546875 0.1827485380116959 0.0068359375 0.014619883040935672 -0.0009765625 -0.0014619883040935672 -0.0009765625 -0.0014619883040935672 -0.0009765625 -0.0014619883040935672 -0.0009765625 -0.0014619883040935672 -0.0009765625 -0.0014619883040935672
0  0.4580078125 0.17178362573099415 0.005859375 0.013157894736842105 -0.0009765625 -0.0014619883040935672 -0.0009765625 -0.0014619883040935672 -0.0009765625 -0.0014619883040935672 -0.0009765625 -0.0014619883040935672 -0.0009765625 -0.0014619883040935672
0  0.44970703125 0.15935672514619884 0.0087890625 0.014619883040935672 -0.0009765625 -0.0014619883040935672 -0.0009765625 -0.0014619883040935672 -0.0009765625 -0.0014619883040935672 -0.0009765625 -0.0014619883040935672 -0.0009765625 -0.0014619883040935672
0  0.45166015625 0.1440058479532164 0.0068359375 0.01023391812865497 -0.0009765625 -0.0014619883040935672 -0.0009765625 -0.0014619883040935672 -0.0009765625 -0.0014619883040935672 -0.0009765625 -0.0014619883040935672 -0.0009765625 -0.0014619883040935672
0  0.439453125 0.25511695906432746 0.01171875 0.019005847953216373 0.435642578125 0.25229093567251465 0.439453125 0.2517953216374269 0.436388671875 0.2571271929824561 0.43580859375 0.2589868421052631 0.43746484375 0.2589868421052631
0  0.447265625 0.27997076023391815 0.013671875 0.019005847953216373 -0.0009765625 -0.0014619883040935672 -0.0009765625 -0.0014619883040935672 -0.0009765625 -0.0014619883040935672 -0.0009765625 -0.0014619883040935672 -0.0009765625 -0.0014619883040935672
0  0.4599609375 0.2894736842105263 0.013671875 0.023391812865497075 -0.0009765625 -0.0014619883040935672 -0.0009765625 -0.0014619883040935672 -0.0009765625 -0.0014619883040935672 -0.0009765625 -0.0014619883040935672 -0.0009765625 -0.0014619883040935672
0  0.4833984375 0.2675438596491228 0.009765625 0.017543859649122806 0.479927734375 0.2632616959064327 0.48463671875 0.26314473684210526 0.4822041015625 0.26725730994152047 0.4803994140625 0.2713684210526316 0.484166015625 0.2713684210526316
0  0.48779296875 0.27923976608187134 0.0068359375 0.014619883040935672 -0.0009765625 -0.0014619883040935672 -0.0009765625 -0.0014619883040935672 -0.0009765625 -0.0014619883040935672 -0.0009765625 -0.0014619883040935672 -0.0009765625 -0.0014619883040935672
0  0.4482421875 0.24049707602339182 0.0078125 0.013157894736842105 -0.0009765625 -0.0014619883040935672 -0.0009765625 -0.0014619883040935672 -0.0009765625 -0.0014619883040935672 -0.0009765625 -0.0014619883040935672 -0.0009765625 -0.0014619883040935672
0  0.51220703125 0.3121345029239766 0.0126953125 0.024853801169590642 0.5095302734375 0.30461549707602337 0.514970703125 0.3054649122807017 0.5111171875 0.31055555555555553 0.508396484375 0.3154766081871345 0.513951171875 0.3164941520467836
0  0.52783203125 0.2741228070175439 0.0087890625 0.019005847953216373 -0.0009765625 -0.0014619883040935672 -0.0009765625 -0.0014619883040935672 -0.0009765625 -0.0014619883040935672 -0.0009765625 -0.0014619883040935672 -0.0009765625 -0.0014619883040935672
0  0.54248046875 0.2821637426900585 0.0087890625 0.02046783625730994 -0.0009765625 -0.0014619883040935672 -0.0009765625 -0.0014619883040935672 -0.0009765625 -0.0014619883040935672 -0.0009765625 -0.0014619883040935672 -0.0009765625 -0.0014619883040935672
0  0.55322265625 0.2997076023391813 0.0126953125 0.017543859649122806 -0.0009765625 -0.0014619883040935672 -0.0009765625 -0.0014619883040935672 -0.0009765625 -0.0014619883040935672 -0.0009765625 -0.0014619883040935672 -0.0009765625 -0.0014619883040935672
0  0.552734375 0.26973684210526316 0.0078125 0.021929824561403508 -0.0009765625 -0.0014619883040935672 -0.0009765625 -0.0014619883040935672 -0.0009765625 -0.0014619883040935672 -0.0009765625 -0.0014619883040935672 -0.0009765625 -0.0014619883040935672
0  0.505859375 0.2543859649122807 0.009765625 0.017543859649122806 0.5038017578125 0.25050877192982457 0.5078818359375 0.2493347953216374 0.5056064453125 0.25332894736842104 0.5042724609375 0.2586154970760234 0.5079609375 0.25779239766081874
0  0.49853515625 0.24561403508771928 0.0087890625 0.014619883040935672 0.495923828125 0.24165204678362573 0.5003046875 0.2414561403508772 0.4977548828125 0.24547076023391812 0.49579296875 0.24919005847953216 0.500697265625 0.24919005847953216
0  0.35693359375 0.25 0.0048828125 0.017543859649122806 -0.0009765625 -0.0014619883040935672 -0.0009765625 -0.0014619883040935672 -0.0009765625 -0.0014619883040935672 -0.0009765625 -0.0014619883040935672 -0.0009765625 -0.0014619883040935672
0  0.3544921875 0.2536549707602339 0.0078125 0.013157894736842105 -0.0009765625 -0.0014619883040935672 -0.0009765625 -0.0014619883040935672 -0.0009765625 -0.0014619883040935672 -0.0009765625 -0.0014619883040935672 -0.0009765625 -0.0014619883040935672
0  0.07666015625 0.2638888888888889 0.0107421875 0.024853801169590642 -0.0009765625 -0.0014619883040935672 -0.0009765625 -0.0014619883040935672 -0.0009765625 -0.0014619883040935672 -0.0009765625 -0.0014619883040935672 -0.0009765625 -0.0014619883040935672
0  0.154296875 0.25877192982456143 0.009765625 0.017543859649122806 -0.0009765625 -0.0014619883040935672 -0.0009765625 -0.0014619883040935672 -0.0009765625 -0.0014619883040935672 -0.0009765625 -0.0014619883040935672 -0.0009765625 -0.0014619883040935672
0  0.13232421875 0.22002923976608188 0.0068359375 0.01608187134502924 -0.0009765625 -0.0014619883040935672 -0.0009765625 -0.0014619883040935672 -0.0009765625 -0.0014619883040935672 -0.0009765625 -0.0014619883040935672 -0.0009765625 -0.0014619883040935672
0  0.5400390625 0.3538011695906433 0.01171875 0.023391812865497075 0.5369345703125 0.34816228070175437 0.5421669921875 0.3483187134502924 0.5372490234375 0.35192105263157897 0.5356796875 0.358187134502924 0.53955078125 0.35865643274853803
0  0.58056640625 0.35453216374269003 0.0126953125 0.024853801169590642 -0.0009765625 -0.0014619883040935672 -0.0009765625 -0.0014619883040935672 -0.0009765625 -0.0014619883040935672 -0.0009765625 -0.0014619883040935672 -0.0009765625 -0.0014619883040935672
0  0.619140625 0.36257309941520466 0.015625 0.02046783625730994 -0.0009765625 -0.0014619883040935672 -0.0009765625 -0.0014619883040935672 -0.0009765625 -0.0014619883040935672 -0.0009765625 -0.0014619883040935672 -0.0009765625 -0.0014619883040935672
0  0.61474609375 0.3165204678362573 0.0107421875 0.024853801169590642 0.6106611328125 0.31228508771929825 0.613822265625 0.3126111111111111 0.6102255859375 0.31832163742690056 0.61098828125 0.3217485380116959 0.6133857421875 0.32191228070175437
0  0.568359375 0.3026315789473684 0.009765625 0.017543859649122806 0.57094921875 0.3016388888888889 0.5717333984375 0.3030497076023392 0.570634765625 0.3045760233918129 0.568830078125 0.3049283625730994 0.56922265625 0.3056345029239766
0  0.58837890625 0.26096491228070173 0.0087890625 0.021929824561403508 0.5881787109375 0.2580804093567251 0.5885625 0.2580804093567251 0.58530078125 0.2619576023391813 0.5868359375 0.26856140350877195 0.58702734375 0.2679883040935673
0  0.56787109375 0.2536549707602339 0.0087890625 0.01608187134502924 -0.0009765625 -0.0014619883040935672 -0.0009765625 -0.0014619883040935672 -0.0009765625 -0.0014619883040935672 -0.0009765625 -0.0014619883040935672 -0.0009765625 -0.0014619883040935672
0  0.60986328125 0.24780701754385964 0.0107421875 0.01608187134502924 0.608380859375 0.24285964912280703 0.6126796875 0.2426374269005848 0.610900390625 0.24618859649122807 0.60956640625 0.2500716374269006 0.61253125 0.2499605263157895
0  0.62158203125 0.2536549707602339 0.0107421875 0.019005847953216373 0.6187001953125 0.24946491228070172 0.6229248046875 0.2493406432748538 0.620439453125 0.25293713450292393 0.618783203125 0.25653362573099414 0.6233388671875 0.25653362573099414
0  0.51708984375 0.2989766081871345 0.0126953125 0.01023391812865497 -0.0009765625 -0.0014619883040935672 -0.0009765625 -0.0014619883040935672 -0.0009765625 -0.0014619883040935672 -0.0009765625 -0.0014619883040935672 -0.0009765625 -0.0014619883040935672
0  0.42333984375 0.19517543859649122 0.0068359375 0.01023391812865497 -0.0009765625 -0.0014619883040935672 -0.0009765625 -0.0014619883040935672 -0.0009765625 -0.0014619883040935672 -0.0009765625 -0.0014619883040935672 -0.0009765625 -0.0014619883040935672
0  0.44873046875 0.2097953216374269 0.0068359375 0.013157894736842105 -0.0009765625 -0.0014619883040935672 -0.0009765625 -0.0014619883040935672 -0.0009765625 -0.0014619883040935672 -0.0009765625 -0.0014619883040935672 -0.0009765625 -0.0014619883040935672
0  0.49169921875 0.21783625730994152 0.0087890625 0.011695906432748537 -0.0009765625 -0.0014619883040935672 -0.0009765625 -0.0014619883040935672 -0.0009765625 -0.0014619883040935672 -0.0009765625 -0.0014619883040935672 -0.0009765625 -0.0014619883040935672
0  0.46044921875 0.20906432748538012 0.0068359375 0.014619883040935672 -0.0009765625 -0.0014619883040935672 -0.0009765625 -0.0014619883040935672 -0.0009765625 -0.0014619883040935672 -0.0009765625 -0.0014619883040935672 -0.0009765625 -0.0014619883040935672
0  0.46484375 0.14985380116959066 0.005859375 0.013157894736842105 -0.0009765625 -0.0014619883040935672 -0.0009765625 -0.0014619883040935672 -0.0009765625 -0.0014619883040935672 -0.0009765625 -0.0014619883040935672 -0.0009765625 -0.0014619883040935672
0  0.4775390625 0.17543859649122806 0.0078125 0.011695906432748537 -0.0009765625 -0.0014619883040935672 -0.0009765625 -0.0014619883040935672 -0.0009765625 -0.0014619883040935672 -0.0009765625 -0.0014619883040935672 -0.0009765625 -0.0014619883040935672
0  0.48876953125 0.1652046783625731 0.0068359375 0.011695906432748537 -0.0009765625 -0.0014619883040935672 -0.0009765625 -0.0014619883040935672 -0.0009765625 -0.0014619883040935672 -0.0009765625 -0.0014619883040935672 -0.0009765625 -0.0014619883040935672
0  0.48388671875 0.16593567251461988 0.0048828125 0.01023391812865497 -0.0009765625 -0.0014619883040935672 -0.0009765625 -0.0014619883040935672 -0.0009765625 -0.0014619883040935672 -0.0009765625 -0.0014619883040935672 -0.0009765625 -0.0014619883040935672
0  0.5029296875 0.179093567251462 0.005859375 0.013157894736842105 -0.0009765625 -0.0014619883040935672 -0.0009765625 -0.0014619883040935672 -0.0009765625 -0.0014619883040935672 -0.0009765625 -0.0014619883040935672 -0.0009765625 -0.0014619883040935672
0  0.498046875 0.18201754385964913 0.005859375 0.013157894736842105 -0.0009765625 -0.0014619883040935672 -0.0009765625 -0.0014619883040935672 -0.0009765625 -0.0014619883040935672 -0.0009765625 -0.0014619883040935672 -0.0009765625 -0.0014619883040935672
0  0.5009765625 0.1600877192982456 0.005859375 0.01023391812865497 -0.0009765625 -0.0014619883040935672 -0.0009765625 -0.0014619883040935672 -0.0009765625 -0.0014619883040935672 -0.0009765625 -0.0014619883040935672 -0.0009765625 -0.0014619883040935672
0  0.5205078125 0.17763157894736842 0.0078125 0.01608187134502924 0.519251953125 0.17481140350877192 0.5218330078125 0.17470760233918128 0.5203681640625 0.17846637426900586 0.5191123046875 0.1811827485380117 0.521205078125 0.181390350877193
0  0.521484375 0.19371345029239767 0.005859375 0.013157894736842105 -0.0009765625 -0.0014619883040935672 -0.0009765625 -0.0014619883040935672 -0.0009765625 -0.0014619883040935672 -0.0009765625 -0.0014619883040935672 -0.0009765625 -0.0014619883040935672
0  0.52685546875 0.2046783625730994 0.0087890625 0.011695906432748537 -0.0009765625 -0.0014619883040935672 -0.0009765625 -0.0014619883040935672 -0.0009765625 -0.0014619883040935672 -0.0009765625 -0.0014619883040935672 -0.0009765625 -0.0014619883040935672
0  0.51708984375 0.16301169590643275 0.0068359375 0.01023391812865497 -0.0009765625 -0.0014619883040935672 -0.0009765625 -0.0014619883040935672 -0.0009765625 -0.0014619883040935672 -0.0009765625 -0.0014619883040935672 -0.0009765625 -0.0014619883040935672
0  0.49267578125 0.1476608187134503 0.0068359375 0.011695906432748537 -0.0009765625 -0.0014619883040935672 -0.0009765625 -0.0014619883040935672 -0.0009765625 -0.0014619883040935672 -0.0009765625 -0.0014619883040935672 -0.0009765625 -0.0014619883040935672
0  0.51220703125 0.22002923976608188 0.0087890625 0.019005847953216373 -0.0009765625 -0.0014619883040935672 -0.0009765625 -0.0014619883040935672 -0.0009765625 -0.0014619883040935672 -0.0009765625 -0.0014619883040935672 -0.0009765625 -0.0014619883040935672
0  0.5185546875 0.23830409356725146 0.0078125 0.017543859649122806 0.5162001953125 0.2360716374269006 0.519966796875 0.23630701754385963 0.5165146484375 0.23924415204678362 0.516279296875 0.24335526315789477 0.5185546875 0.24394298245614035
0  0.537109375 0.22514619883040934 0.009765625 0.017543859649122806 -0.0009765625 -0.0014619883040935672 -0.0009765625 -0.0014619883040935672 -0.0009765625 -0.0014619883040935672 -0.0009765625 -0.0014619883040935672 -0.0009765625 -0.0014619883040935672
0  0.5498046875 0.20248538011695907 0.0078125 0.013157894736842105 -0.0009765625 -0.0014619883040935672 -0.0009765625 -0.0014619883040935672 -0.0009765625 -0.0014619883040935672 -0.0009765625 -0.0014619883040935672 -0.0009765625 -0.0014619883040935672
0  0.51416015625 0.14912280701754385 0.0048828125 0.011695906432748537 -0.0009765625 -0.0014619883040935672 -0.0009765625 -0.0014619883040935672 -0.0009765625 -0.0014619883040935672 -0.0009765625 -0.0014619883040935672 -0.0009765625 -0.0014619883040935672
0  0.53515625 0.1615497076023392 0.005859375 0.01023391812865497 -0.0009765625 -0.0014619883040935672 -0.0009765625 -0.0014619883040935672 -0.0009765625 -0.0014619883040935672 -0.0009765625 -0.0014619883040935672 -0.0009765625 -0.0014619883040935672
0  0.5390625 0.15204678362573099 0.005859375 0.011695906432748537 -0.0009765625 -0.0014619883040935672 -0.0009765625 -0.0014619883040935672 -0.0009765625 -0.0014619883040935672 -0.0009765625 -0.0014619883040935672 -0.0009765625 -0.0014619883040935672
0  0.52978515625 0.14839181286549707 0.0068359375 0.013157894736842105 -0.0009765625 -0.0014619883040935672 -0.0009765625 -0.0014619883040935672 -0.0009765625 -0.0014619883040935672 -0.0009765625 -0.0014619883040935672 -0.0009765625 -0.0014619883040935672
0  0.54443359375 0.1834795321637427 0.0048828125 0.013157894736842105 -0.0009765625 -0.0014619883040935672 -0.0009765625 -0.0014619883040935672 -0.0009765625 -0.0014619883040935672 -0.0009765625 -0.0014619883040935672 -0.0009765625 -0.0014619883040935672
0  0.54248046875 0.17470760233918128 0.0068359375 0.013157894736842105 -0.0009765625 -0.0014619883040935672 -0.0009765625 -0.0014619883040935672 -0.0009765625 -0.0014619883040935672 -0.0009765625 -0.0014619883040935672 -0.0009765625 -0.0014619883040935672
0  0.55078125 0.16739766081871346 0.005859375 0.013157894736842105 -0.0009765625 -0.0014619883040935672 -0.0009765625 -0.0014619883040935672 -0.0009765625 -0.0014619883040935672 -0.0009765625 -0.0014619883040935672 -0.0009765625 -0.0014619883040935672
0  0.5517578125 0.18494152046783627 0.005859375 0.007309941520467836 -0.0009765625 -0.0014619883040935672 -0.0009765625 -0.0014619883040935672 -0.0009765625 -0.0014619883040935672 -0.0009765625 -0.0014619883040935672 -0.0009765625 -0.0014619883040935672
0  0.54296875 0.16301169590643275 0.005859375 0.01023391812865497 -0.0009765625 -0.0014619883040935672 -0.0009765625 -0.0014619883040935672 -0.0009765625 -0.0014619883040935672 -0.0009765625 -0.0014619883040935672 -0.0009765625 -0.0014619883040935672
0  0.5888671875 0.2412280701754386 0.009765625 0.014619883040935672 0.585958984375 0.2356549707602339 0.5899482421875 0.2353611111111111 0.58785546875 0.23908040935672514 0.5864169921875 0.2402558479532164 0.58962109375 0.2402558479532164
0  0.58203125 0.23903508771929824 0.0078125 0.013157894736842105 -0.0009765625 -0.0014619883040935672 -0.0009765625 -0.0014619883040935672 -0.0009765625 -0.0014619883040935672 -0.0009765625 -0.0014619883040935672 -0.0009765625 -0.0014619883040935672
0  0.564453125 0.23903508771929824 0.009765625 0.019005847953216373 0.5631279296875 0.23477923976608187 0.5660927734375 0.23582456140350877 0.561296875 0.2385657894736842 0.5619072265625 0.24235087719298246 0.56269140625 0.24274269005847954
0  0.5556640625 0.23172514619883042 0.0078125 0.021929824561403508 -0.0009765625 -0.0014619883040935672 -0.0009765625 -0.0014619883040935672 -0.0009765625 -0.0014619883040935672 -0.0009765625 -0.0014619883040935672 -0.0009765625 -0.0014619883040935672
0  0.57177734375 0.21198830409356725 0.0087890625 0.017543859649122806 -0.0009765625 -0.0014619883040935672 -0.0009765625 -0.0014619883040935672 -0.0009765625 -0.0014619883040935672 -0.0009765625 -0.0014619883040935672 -0.0009765625 -0.0014619883040935672
0  0.60400390625 0.23757309941520469 0.0087890625 0.01608187134502924 -0.0009765625 -0.0014619883040935672 -0.0009765625 -0.0014619883040935672 -0.0009765625 -0.0014619883040935672 -0.0009765625 -0.0014619883040935672 -0.0009765625 -0.0014619883040935672
0  0.59521484375 0.2236842105263158 0.0087890625 0.014619883040935672 0.5931572265625 0.22089766081871345 0.597146484375 0.22079970760233916 0.594857421875 0.22393274853801168 0.593484375 0.22696783625730996 0.5957724609375 0.22716228070175437
0  0.56494140625 0.1878654970760234 0.0087890625 0.01608187134502924 -0.0009765625 -0.0014619883040935672 -0.0009765625 -0.0014619883040935672 -0.0009765625 -0.0014619883040935672 -0.0009765625 -0.0014619883040935672 -0.0009765625 -0.0014619883040935672
0  0.57421875 0.17763157894736842 0.0078125 0.013157894736842105 0.5719951171875 0.1762543859649123 0.5747158203125 0.1762543859649123 0.572958984375 0.1785453216374269 0.5722783203125 0.1810058479532164 0.57380859375 0.18092105263157895
0  0.58740234375 0.1834795321637427 0.0068359375 0.01608187134502924 -0.0009765625 -0.0014619883040935672 -0.0009765625 -0.0014619883040935672 -0.0009765625 -0.0014619883040935672 -0.0009765625 -0.0014619883040935672 -0.0009765625 -0.0014619883040935672
0  0.58935546875 0.1695906432748538 0.0048828125 0.014619883040935672 0.587720703125 0.1667061403508772 0.5898134765625 0.16690204678362575 0.587720703125 0.16895760233918128 0.5876552734375 0.17140497076023392 0.588962890625 0.1716988304093567
0  0.59619140625 0.18567251461988304 0.0068359375 0.011695906432748537 -0.0009765625 -0.0014619883040935672 -0.0009765625 -0.0014619883040935672 -0.0009765625 -0.0014619883040935672 -0.0009765625 -0.0014619883040935672 -0.0009765625 -0.0014619883040935672
0  0.60205078125 0.19005847953216373 0.0068359375 0.017543859649122806 -0.0009765625 -0.0014619883040935672 -0.0009765625 -0.0014619883040935672 -0.0009765625 -0.0014619883040935672 -0.0009765625 -0.0014619883040935672 -0.0009765625 -0.0014619883040935672
0  0.6123046875 0.179093567251462 0.005859375 0.013157894736842105 -0.0009765625 -0.0014619883040935672 -0.0009765625 -0.0014619883040935672 -0.0009765625 -0.0014619883040935672 -0.0009765625 -0.0014619883040935672 -0.0009765625 -0.0014619883040935672
0  0.61181640625 0.16666666666666666 0.0068359375 0.011695906432748537 -0.0009765625 -0.0014619883040935672 -0.0009765625 -0.0014619883040935672 -0.0009765625 -0.0014619883040935672 -0.0009765625 -0.0014619883040935672 -0.0009765625 -0.0014619883040935672
0  0.63427734375 0.1871345029239766 0.0087890625 0.017543859649122806 0.6334580078125 0.18360964912280703 0.637302734375 0.1837280701754386 0.635890625 0.18819152046783627 0.6331435546875 0.19101169590643272 0.6361259765625 0.19101169590643272
0  0.595703125 0.14985380116959066 0.005859375 0.013157894736842105 -0.0009765625 -0.0014619883040935672 -0.0009765625 -0.0014619883040935672 -0.0009765625 -0.0014619883040935672 -0.0009765625 -0.0014619883040935672 -0.0009765625 -0.0014619883040935672
0  0.61962890625 0.14546783625730994 0.0068359375 0.01023391812865497 -0.0009765625 -0.0014619883040935672 -0.0009765625 -0.0014619883040935672 -0.0009765625 -0.0014619883040935672 -0.0009765625 -0.0014619883040935672 -0.0009765625 -0.0014619883040935672
0  0.62548828125 0.16447368421052633 0.0068359375 0.013157894736842105 -0.0009765625 -0.0014619883040935672 -0.0009765625 -0.0014619883040935672 -0.0009765625 -0.0014619883040935672 -0.0009765625 -0.0014619883040935672 -0.0009765625 -0.0014619883040935672
0  0.53076171875 0.12792397660818713 0.0068359375 0.013157894736842105 -0.0009765625 -0.0014619883040935672 -0.0009765625 -0.0014619883040935672 -0.0009765625 -0.0014619883040935672 -0.0009765625 -0.0014619883040935672 -0.0009765625 -0.0014619883040935672
0  0.55029296875 0.11915204678362573 0.0048828125 0.007309941520467836 -0.0009765625 -0.0014619883040935672 -0.0009765625 -0.0014619883040935672 -0.0009765625 -0.0014619883040935672 -0.0009765625 -0.0014619883040935672 -0.0009765625 -0.0014619883040935672
0  0.66650390625 0.27046783625730997 0.0107421875 0.02046783625730994 0.668884765625 0.2685029239766082 0.671447265625 0.26987426900584793 0.67108203125 0.2743976608187134 0.6676943359375 0.27809795321637426 0.66925 0.27850877192982454
0  0.64306640625 0.25584795321637427 0.0107421875 0.017543859649122806 -0.0009765625 -0.0014619883040935672 -0.0009765625 -0.0014619883040935672 -0.0009765625 -0.0014619883040935672 -0.0009765625 -0.0014619883040935672 -0.0009765625 -0.0014619883040935672
0  0.61572265625 0.15423976608187134 0.0068359375 0.013157894736842105 -0.0009765625 -0.0014619883040935672 -0.0009765625 -0.0014619883040935672 -0.0009765625 -0.0014619883040935672 -0.0009765625 -0.0014619883040935672 -0.0009765625 -0.0014619883040935672
0  0.6396484375 0.1615497076023392 0.0078125 0.01023391812865497 -0.0009765625 -0.0014619883040935672 -0.0009765625 -0.0014619883040935672 -0.0009765625 -0.0014619883040935672 -0.0009765625 -0.0014619883040935672 -0.0009765625 -0.0014619883040935672
0  0.64013671875 0.15058479532163743 0.0068359375 0.014619883040935672 -0.0009765625 -0.0014619883040935672 -0.0009765625 -0.0014619883040935672 -0.0009765625 -0.0014619883040935672 -0.0009765625 -0.0014619883040935672 -0.0009765625 -0.0014619883040935672
0  0.6494140625 0.16666666666666666 0.0078125 0.014619883040935672 0.646732421875 0.16378216374269006 0.6501337890625 0.16378216374269006 0.648302734375 0.16632748538011696 0.646732421875 0.169656432748538 0.64915234375 0.1693625730994152
0  0.6484375 0.19005847953216373 0.0078125 0.014619883040935672 -0.0009765625 -0.0014619883040935672 -0.0009765625 -0.0014619883040935672 -0.0009765625 -0.0014619883040935672 -0.0009765625 -0.0014619883040935672 -0.0009765625 -0.0014619883040935672
0  0.6416015625 0.22880116959064328 0.009765625 0.013157894736842105 -0.0009765625 -0.0014619883040935672 -0.0009765625 -0.0014619883040935672 -0.0009765625 -0.0014619883040935672 -0.0009765625 -0.0014619883040935672 -0.0009765625 -0.0014619883040935672
0  0.662109375 0.1652046783625731 0.0078125 0.014619883040935672 0.661490234375 0.16280994152046782 0.6646943359375 0.16320029239766082 0.6619482421875 0.1671169590643275 0.6608359375 0.16878070175438598 0.6633212890625 0.1686827485380117
0  0.6708984375 0.16885964912280702 0.0078125 0.013157894736842105 0.6685791015625 0.16611842105263158 0.671875 0.16584502923976607 0.67010546875 0.16776315789473684 0.6693115234375 0.17169298245614034 0.67138671875 0.17123538011695907
0  0.62548828125 0.15058479532163743 0.0087890625 0.011695906432748537 -0.0009765625 -0.0014619883040935672 -0.0009765625 -0.0014619883040935672 -0.0009765625 -0.0014619883040935672 -0.0009765625 -0.0014619883040935672 -0.0009765625 -0.0014619883040935672
0  0.685546875 0.1703216374269006 0.005859375 0.013157894736842105 -0.0009765625 -0.0014619883040935672 -0.0009765625 -0.0014619883040935672 -0.0009765625 -0.0014619883040935672 -0.0009765625 -0.0014619883040935672 -0.0009765625 -0.0014619883040935672
0  0.6728515625 0.19371345029239767 0.005859375 0.013157894736842105 -0.0009765625 -0.0014619883040935672 -0.0009765625 -0.0014619883040935672 -0.0009765625 -0.0014619883040935672 -0.0009765625 -0.0014619883040935672 -0.0009765625 -0.0014619883040935672
0  0.6318359375 0.13742690058479531 0.005859375 0.008771929824561403 -0.0009765625 -0.0014619883040935672 -0.0009765625 -0.0014619883040935672 -0.0009765625 -0.0014619883040935672 -0.0009765625 -0.0014619883040935672 -0.0009765625 -0.0014619883040935672
0  0.66650390625 0.14692982456140352 0.0068359375 0.01608187134502924 -0.0009765625 -0.0014619883040935672 -0.0009765625 -0.0014619883040935672 -0.0009765625 -0.0014619883040935672 -0.0009765625 -0.0014619883040935672 -0.0009765625 -0.0014619883040935672
0  0.67724609375 0.14912280701754385 0.0068359375 0.014619883040935672 -0.0009765625 -0.0014619883040935672 -0.0009765625 -0.0014619883040935672 -0.0009765625 -0.0014619883040935672 -0.0009765625 -0.0014619883040935672 -0.0009765625 -0.0014619883040935672
0  0.6904296875 0.15497076023391812 0.0078125 0.011695906432748537 -0.0009765625 -0.0014619883040935672 -0.0009765625 -0.0014619883040935672 -0.0009765625 -0.0014619883040935672 -0.0009765625 -0.0014619883040935672 -0.0009765625 -0.0014619883040935672
0  0.69580078125 0.16739766081871346 0.0068359375 0.01023391812865497 -0.0009765625 -0.0014619883040935672 -0.0009765625 -0.0014619883040935672 -0.0009765625 -0.0014619883040935672 -0.0009765625 -0.0014619883040935672 -0.0009765625 -0.0014619883040935672
0  0.7041015625 0.1871345029239766 0.0078125 0.017543859649122806 -0.0009765625 -0.0014619883040935672 -0.0009765625 -0.0014619883040935672 -0.0009765625 -0.0014619883040935672 -0.0009765625 -0.0014619883040935672 -0.0009765625 -0.0014619883040935672
0  0.69384765625 0.1425438596491228 0.0068359375 0.01023391812865497 -0.0009765625 -0.0014619883040935672 -0.0009765625 -0.0014619883040935672 -0.0009765625 -0.0014619883040935672 -0.0009765625 -0.0014619883040935672 -0.0009765625 -0.0014619883040935672
0  0.7001953125 0.15862573099415206 0.0078125 0.013157894736842105 -0.0009765625 -0.0014619883040935672 -0.0009765625 -0.0014619883040935672 -0.0009765625 -0.0014619883040935672 -0.0009765625 -0.0014619883040935672 -0.0009765625 -0.0014619883040935672
0  0.71044921875 0.1608187134502924 0.0087890625 0.011695906432748537 0.709533203125 0.1599970760233918 0.712890625 0.1599970760233918 0.7109375 0.16219005847953216 0.7095947265625 0.1648391812865497 0.711974609375 0.1648391812865497
0  0.71484375 0.18055555555555555 0.005859375 0.01608187134502924 -0.0009765625 -0.0014619883040935672 -0.0009765625 -0.0014619883040935672 -0.0009765625 -0.0014619883040935672 -0.0009765625 -0.0014619883040935672 -0.0009765625 -0.0014619883040935672
0  0.677734375 0.13450292397660818 0.005859375 0.008771929824561403 -0.0009765625 -0.0014619883040935672 -0.0009765625 -0.0014619883040935672 -0.0009765625 -0.0014619883040935672 -0.0009765625 -0.0014619883040935672 -0.0009765625 -0.0014619883040935672
0  0.6982421875 0.1301169590643275 0.005859375 0.011695906432748537 -0.0009765625 -0.0014619883040935672 -0.0009765625 -0.0014619883040935672 -0.0009765625 -0.0014619883040935672 -0.0009765625 -0.0014619883040935672 -0.0009765625 -0.0014619883040935672
0  0.71826171875 0.15570175438596492 0.0068359375 0.013157894736842105 -0.0009765625 -0.0014619883040935672 -0.0009765625 -0.0014619883040935672 -0.0009765625 -0.0014619883040935672 -0.0009765625 -0.0014619883040935672 -0.0009765625 -0.0014619883040935672
0  0.7275390625 0.1527777777777778 0.0078125 0.013157894736842105 -0.0009765625 -0.0014619883040935672 -0.0009765625 -0.0014619883040935672 -0.0009765625 -0.0014619883040935672 -0.0009765625 -0.0014619883040935672 -0.0009765625 -0.0014619883040935672
0  0.66064453125 0.13742690058479531 0.0068359375 0.008771929824561403 -0.0009765625 -0.0014619883040935672 -0.0009765625 -0.0014619883040935672 -0.0009765625 -0.0014619883040935672 -0.0009765625 -0.0014619883040935672 -0.0009765625 -0.0014619883040935672
0  0.65576171875 0.12938596491228072 0.0068359375 0.01023391812865497 0.6549462890625 0.12792397660818713 0.65748828125 0.12770906432748538 0.6562890625 0.12928801169590645 0.655521484375 0.1307953216374269 0.6569609375 0.13065204678362574
0  0.6953125 0.11988304093567251 0.00390625 0.008771929824561403 -0.0009765625 -0.0014619883040935672 -0.0009765625 -0.0014619883040935672 -0.0009765625 -0.0014619883040935672 -0.0009765625 -0.0014619883040935672 -0.0009765625 -0.0014619883040935672
0  0.64501953125 0.12719298245614036 0.0068359375 0.011695906432748537 -0.0009765625 -0.0014619883040935672 -0.0009765625 -0.0014619883040935672 -0.0009765625 -0.0014619883040935672 -0.0009765625 -0.0014619883040935672 -0.0009765625 -0.0014619883040935672
0  0.689453125 0.21198830409356725 0.005859375 0.014619883040935672 -0.0009765625 -0.0014619883040935672 -0.0009765625 -0.0014619883040935672 -0.0009765625 -0.0014619883040935672 -0.0009765625 -0.0014619883040935672 -0.0009765625 -0.0014619883040935672
0  0.70703125 0.2097953216374269 0.009765625 0.013157894736842105 -0.0009765625 -0.0014619883040935672 -0.0009765625 -0.0014619883040935672 -0.0009765625 -0.0014619883040935672 -0.0009765625 -0.0014619883040935672 -0.0009765625 -0.0014619883040935672
0  0.72021484375 0.2046783625730994 0.0068359375 0.014619883040935672 -0.0009765625 -0.0014619883040935672 -0.0009765625 -0.0014619883040935672 -0.0009765625 -0.0014619883040935672 -0.0009765625 -0.0014619883040935672 -0.0009765625 -0.0014619883040935672
0  0.7216796875 0.18055555555555555 0.0078125 0.013157894736842105 -0.0009765625 -0.0014619883040935672 -0.0009765625 -0.0014619883040935672 -0.0009765625 -0.0014619883040935672 -0.0009765625 -0.0014619883040935672 -0.0009765625 -0.0014619883040935672
0  0.7314453125 0.17470760233918128 0.0078125 0.01608187134502924 -0.0009765625 -0.0014619883040935672 -0.0009765625 -0.0014619883040935672 -0.0009765625 -0.0014619883040935672 -0.0009765625 -0.0014619883040935672 -0.0009765625 -0.0014619883040935672
0  0.7392578125 0.18567251461988304 0.0078125 0.017543859649122806 -0.0009765625 -0.0014619883040935672 -0.0009765625 -0.0014619883040935672 -0.0009765625 -0.0014619883040935672 -0.0009765625 -0.0014619883040935672 -0.0009765625 -0.0014619883040935672
0  0.6689453125 0.24780701754385964 0.01171875 0.019005847953216373 0.6682001953125 0.24262426900584796 0.6733359375 0.24237719298245614 0.67093359375 0.2460964912280702 0.669359375 0.25018859649122804 0.67300390625 0.2495687134502924
0  0.69287109375 0.23318713450292397 0.0087890625 0.01608187134502924 -0.0009765625 -0.0014619883040935672 -0.0009765625 -0.0014619883040935672 -0.0009765625 -0.0014619883040935672 -0.0009765625 -0.0014619883040935672 -0.0009765625 -0.0014619883040935672
0  0.69873046875 0.24707602339181287 0.0087890625 0.017543859649122806 -0.0009765625 -0.0014619883040935672 -0.0009765625 -0.0014619883040935672 -0.0009765625 -0.0014619883040935672 -0.0009765625 -0.0014619883040935672 -0.0009765625 -0.0014619883040935672
0  0.703125 0.23830409356725146 0.01171875 0.02046783625730994 -0.0009765625 -0.0014619883040935672 -0.0009765625 -0.0014619883040935672 -0.0009765625 -0.0014619883040935672 -0.0009765625 -0.0014619883040935672 -0.0009765625 -0.0014619883040935672
0  0.724609375 0.2631578947368421 0.01171875 0.02046783625730994 0.7232138671875 0.26028654970760234 0.7286201171875 0.2595029239766082 0.727486328125 0.2631578947368421 0.7246962890625 0.26811842105263156 0.7291435546875 0.266812865497076
0  0.7294921875 0.13669590643274854 0.005859375 0.01023391812865497 -0.0009765625 -0.0014619883040935672 -0.0009765625 -0.0014619883040935672 -0.0009765625 -0.0014619883040935672 -0.0009765625 -0.0014619883040935672 -0.0009765625 -0.0014619883040935672
0  0.7421875 0.1337719298245614 0.005859375 0.01023391812865497 -0.0009765625 -0.0014619883040935672 -0.0009765625 -0.0014619883040935672 -0.0009765625 -0.0014619883040935672 -0.0009765625 -0.0014619883040935672 -0.0009765625 -0.0014619883040935672
0  0.7470703125 0.179093567251462 0.0078125 0.013157894736842105 -0.0009765625 -0.0014619883040935672 -0.0009765625 -0.0014619883040935672 -0.0009765625 -0.0014619883040935672 -0.0009765625 -0.0014619883040935672 -0.0009765625 -0.0014619883040935672
0  0.74951171875 0.1600877192982456 0.0087890625 0.013157894736842105 -0.0009765625 -0.0014619883040935672 -0.0009765625 -0.0014619883040935672 -0.0009765625 -0.0014619883040935672 -0.0009765625 -0.0014619883040935672 -0.0009765625 -0.0014619883040935672
0  0.75830078125 0.13596491228070176 0.0068359375 0.008771929824561403 -0.0009765625 -0.0014619883040935672 -0.0009765625 -0.0014619883040935672 -0.0009765625 -0.0014619883040935672 -0.0009765625 -0.0014619883040935672 -0.0009765625 -0.0014619883040935672
0  0.7646484375 0.18859649122807018 0.009765625 0.014619883040935672 0.761439453125 0.18535964912280703 0.765625 0.18515058479532165 0.76171875 0.18880555555555556 0.7612998046875 0.1917295321637427 0.7642998046875 0.1920423976608187
0  0.759765625 0.1527777777777778 0.0078125 0.013157894736842105 -0.0009765625 -0.0014619883040935672 -0.0009765625 -0.0014619883040935672 -0.0009765625 -0.0014619883040935672 -0.0009765625 -0.0014619883040935672 -0.0009765625 -0.0014619883040935672
0  0.7646484375 0.13815789473684212 0.005859375 0.013157894736842105 -0.0009765625 -0.0014619883040935672 -0.0009765625 -0.0014619883040935672 -0.0009765625 -0.0014619883040935672 -0.0009765625 -0.0014619883040935672 -0.0009765625 -0.0014619883040935672
0  0.79248046875 0.13596491228070176 0.0068359375 0.011695906432748537 -0.0009765625 -0.0014619883040935672 -0.0009765625 -0.0014619883040935672 -0.0009765625 -0.0014619883040935672 -0.0009765625 -0.0014619883040935672 -0.0009765625 -0.0014619883040935672
0  0.79638671875 0.16885964912280702 0.0068359375 0.01608187134502924 -0.0009765625 -0.0014619883040935672 -0.0009765625 -0.0014619883040935672 -0.0009765625 -0.0014619883040935672 -0.0009765625 -0.0014619883040935672 -0.0009765625 -0.0014619883040935672
0  0.806640625 0.19956140350877194 0.009765625 0.01608187134502924 -0.0009765625 -0.0014619883040935672 -0.0009765625 -0.0014619883040935672 -0.0009765625 -0.0014619883040935672 -0.0009765625 -0.0014619883040935672 -0.0009765625 -0.0014619883040935672
0  0.8193359375 0.19883040935672514 0.009765625 0.017543859649122806 -0.0009765625 -0.0014619883040935672 -0.0009765625 -0.0014619883040935672 -0.0009765625 -0.0014619883040935672 -0.0009765625 -0.0014619883040935672 -0.0009765625 -0.0014619883040935672
0  0.80810546875 0.18201754385964913 0.0087890625 0.013157894736842105 -0.0009765625 -0.0014619883040935672 -0.0009765625 -0.0014619883040935672 -0.0009765625 -0.0014619883040935672 -0.0009765625 -0.0014619883040935672 -0.0009765625 -0.0014619883040935672
0  0.81494140625 0.17324561403508773 0.0087890625 0.013157894736842105 -0.0009765625 -0.0014619883040935672 -0.0009765625 -0.0014619883040935672 -0.0009765625 -0.0014619883040935672 -0.0009765625 -0.0014619883040935672 -0.0009765625 -0.0014619883040935672
0  0.8056640625 0.16593567251461988 0.0078125 0.013157894736842105 -0.0009765625 -0.0014619883040935672 -0.0009765625 -0.0014619883040935672 -0.0009765625 -0.0014619883040935672 -0.0009765625 -0.0014619883040935672 -0.0009765625 -0.0014619883040935672
0  0.8125 0.19078947368421054 0.0078125 0.013157894736842105 -0.0009765625 -0.0014619883040935672 -0.0009765625 -0.0014619883040935672 -0.0009765625 -0.0014619883040935672 -0.0009765625 -0.0014619883040935672 -0.0009765625 -0.0014619883040935672
0  0.82421875 0.1695906432748538 0.0078125 0.014619883040935672 -0.0009765625 -0.0014619883040935672 -0.0009765625 -0.0014619883040935672 -0.0009765625 -0.0014619883040935672 -0.0009765625 -0.0014619883040935672 -0.0009765625 -0.0014619883040935672
0  0.8486328125 0.17543859649122806 0.009765625 0.014619883040935672 0.8465751953125 0.1724561403508772 0.8504990234375 0.1724561403508772 0.8482099609375 0.17539327485380116 0.8472939453125 0.17891666666666667 0.8494521484375 0.1788187134502924
0  0.85400390625 0.18932748538011696 0.0107421875 0.01608187134502924 0.8515625 0.18723830409356726 0.85546875 0.18734356725146198 0.8529580078125 0.1912076023391813 0.852259765625 0.19371345029239767 0.8553994140625 0.1935043859649123
0  0.8515625 0.2046783625730994 0.009765625 0.014619883040935672 -0.0009765625 -0.0014619883040935672 -0.0009765625 -0.0014619883040935672 -0.0009765625 -0.0014619883040935672 -0.0009765625 -0.0014619883040935672 -0.0009765625 -0.0014619883040935672
0  0.83251953125 0.16739766081871346 0.0087890625 0.01608187134502924 -0.0009765625 -0.0014619883040935672 -0.0009765625 -0.0014619883040935672 -0.0009765625 -0.0014619883040935672 -0.0009765625 -0.0014619883040935672 -0.0009765625 -0.0014619883040935672
0  0.837890625 0.15862573099415206 0.0078125 0.013157894736842105 -0.0009765625 -0.0014619883040935672 -0.0009765625 -0.0014619883040935672 -0.0009765625 -0.0014619883040935672 -0.0009765625 -0.0014619883040935672 -0.0009765625 -0.0014619883040935672
0  0.8427734375 0.14473684210526316 0.0078125 0.011695906432748537 -0.0009765625 -0.0014619883040935672 -0.0009765625 -0.0014619883040935672 -0.0009765625 -0.0014619883040935672 -0.0009765625 -0.0014619883040935672 -0.0009765625 -0.0014619883040935672
0  0.81982421875 0.1337719298245614 0.0068359375 0.01023391812865497 -0.0009765625 -0.0014619883040935672 -0.0009765625 -0.0014619883040935672 -0.0009765625 -0.0014619883040935672 -0.0009765625 -0.0014619883040935672 -0.0009765625 -0.0014619883040935672
0  0.85791015625 0.15204678362573099 0.0068359375 0.014619883040935672 -0.0009765625 -0.0014619883040935672 -0.0009765625 -0.0014619883040935672 -0.0009765625 -0.0014619883040935672 -0.0009765625 -0.0014619883040935672 -0.0009765625 -0.0014619883040935672
0  0.66796875 0.44590643274853803 0.015625 0.038011695906432746 -0.0009765625 -0.0014619883040935672 -0.0009765625 -0.0014619883040935672 -0.0009765625 -0.0014619883040935672 -0.0009765625 -0.0014619883040935672 -0.0009765625 -0.0014619883040935672
0  0.654296875 0.44883040935672514 0.01953125 0.03216374269005848 0.6505302734375 0.4444444444444444 0.6577841796875 0.4444444444444444 0.6531806640625 0.45217251461988306 0.6508095703125 0.4565584795321637 0.6577841796875 0.45697514619883045
0  0.64990234375 0.3428362573099415 0.0166015625 0.03070175438596491 0.6447060546875 0.3397558479532164 0.6512451171875 0.3397558479532164 0.6469287109375 0.34778362573099414 0.64666796875 0.353266081871345 0.6507216796875 0.35189473684210526
0  0.67041015625 0.32383040935672514 0.0166015625 0.027777777777777776 0.66762890625 0.3189093567251462 0.67382421875 0.3192880116959064 0.67003125 0.3257236842105263 0.6663642578125 0.3314020467836257 0.6743291015625 0.33178070175438595
0  0.6728515625 0.2916666666666667 0.015625 0.019005847953216373 0.6709677734375 0.2864970760233918 0.675990234375 0.2866535087719298 0.67191015625 0.2897865497076023 0.669189453125 0.29526900584795324 0.67483984375 0.29542543859649123
0  0.6904296875 0.28728070175438597 0.009765625 0.019005847953216373 -0.0009765625 -0.0014619883040935672 -0.0009765625 -0.0014619883040935672 -0.0009765625 -0.0014619883040935672 -0.0009765625 -0.0014619883040935672 -0.0009765625 -0.0014619883040935672
0  0.70166015625 0.3026315789473684 0.0126953125 0.023391812865497075 0.7007578125 0.29934795321637425 0.7065732421875 0.29964912280701755 0.704267578125 0.30640350877192984 0.70045703125 0.31060672514619886 0.70496875 0.3109078947368421
0  0.70849609375 0.32090643274853803 0.0146484375 0.024853801169590642 0.704869140625 0.3156330409356725 0.7108330078125 0.31453654970760236 0.7068564453125 0.3170423976608187 0.7044501953125 0.32330847953216374 0.710205078125 0.3226812865497076
0  0.7548828125 0.33771929824561403 0.015625 0.02631578947368421 0.7517265625 0.3311140350877193 0.757720703125 0.33258333333333334 0.75292578125 0.33552046783625733 0.749982421875 0.3402514619883041 0.7546689453125 0.34139327485380117
0  0.74853515625 0.29312865497076024 0.0126953125 0.024853801169590642 0.7476279296875 0.29161403508771927 0.753697265625 0.29161403508771927 0.7515 0.29537426900584796 0.748046875 0.2989766081871345 0.752650390625 0.2991330409356725
0  0.783203125 0.34137426900584794 0.015625 0.024853801169590642 0.77982421875 0.33550730994152045 0.7872353515625 0.3358333333333334 0.783203125 0.3408918128654971 0.7802607421875 0.3470921052631579 0.7858193359375 0.34692836257309945
0  0.791015625 0.2989766081871345 0.013671875 0.024853801169590642 0.787201171875 0.29490350877192983 0.793849609375 0.29588304093567247 0.7895986328125 0.2984941520467836 0.78665625 0.3048567251461988 0.7917783203125 0.30469444444444443
0  0.75927734375 0.27850877192982454 0.0107421875 0.021929824561403508 0.7560078125 0.271890350877193 0.759556640625 0.27203362573099416 0.7548564453125 0.27907017543859647 0.757158203125 0.282516081871345 0.7602275390625 0.2826593567251462
0  0.7431640625 0.2324561403508772 0.005859375 0.017543859649122806 -0.0009765625 -0.0014619883040935672 -0.0009765625 -0.0014619883040935672 -0.0009765625 -0.0014619883040935672 -0.0009765625 -0.0014619883040935672 -0.0009765625 -0.0014619883040935672
0  0.77392578125 0.24780701754385964 0.0107421875 0.021929824561403508 0.770568359375 0.24406140350877192 0.7754599609375 0.24406140350877192 0.7723916015625 0.24922953216374272 0.7709521484375 0.25181432748538013 0.774884765625 0.2519576023391813
0  0.779296875 0.22880116959064328 0.009765625 0.013157894736842105 -0.0009765625 -0.0014619883040935672 -0.0009765625 -0.0014619883040935672 -0.0009765625 -0.0014619883040935672 -0.0009765625 -0.0014619883040935672 -0.0009765625 -0.0014619883040935672
0  0.79443359375 0.23757309941520469 0.0107421875 0.01608187134502924 -0.0009765625 -0.0014619883040935672 -0.0009765625 -0.0014619883040935672 -0.0009765625 -0.0014619883040935672 -0.0009765625 -0.0014619883040935672 -0.0009765625 -0.0014619883040935672
0  0.8095703125 0.24049707602339182 0.005859375 0.019005847953216373 -0.0009765625 -0.0014619883040935672 -0.0009765625 -0.0014619883040935672 -0.0009765625 -0.0014619883040935672 -0.0009765625 -0.0014619883040935672 -0.0009765625 -0.0014619883040935672
0  0.79052734375 0.266812865497076 0.0068359375 0.019005847953216373 -0.0009765625 -0.0014619883040935672 -0.0009765625 -0.0014619883040935672 -0.0009765625 -0.0014619883040935672 -0.0009765625 -0.0014619883040935672 -0.0009765625 -0.0014619883040935672
0  0.75537109375 0.22660818713450293 0.0087890625 0.017543859649122806 -0.0009765625 -0.0014619883040935672 -0.0009765625 -0.0014619883040935672 -0.0009765625 -0.0014619883040935672 -0.0009765625 -0.0014619883040935672 -0.0009765625 -0.0014619883040935672
0  0.81103515625 0.3033625730994152 0.0107421875 0.027777777777777776 0.8091865234375 0.30059502923976605 0.81133984375 0.30076461988304093 0.8060126953125 0.3044985380116959 0.806693359375 0.31060672514619886 0.8094130859375 0.31060672514619886
0  0.82568359375 0.34210526315789475 0.0166015625 0.02631578947368421 -0.0009765625 -0.0014619883040935672 -0.0009765625 -0.0014619883040935672 -0.0009765625 -0.0014619883040935672 -0.0009765625 -0.0014619883040935672 -0.0009765625 -0.0014619883040935672
0  0.837890625 0.39108187134502925 0.0234375 0.04239766081871345 0.8277587890625 0.37637134502923975 0.833984375 0.3782894736842105 0.82684375 0.3925438596491228 0.82830859375 0.40131578947368424 0.835998046875 0.40131578947368424
0  0.76904296875 0.4064327485380117 0.0146484375 0.03216374269005848 -0.0009765625 -0.0014619883040935672 -0.0009765625 -0.0014619883040935672 -0.0009765625 -0.0014619883040935672 -0.0009765625 -0.0014619883040935672 -0.0009765625 -0.0014619883040935672
0  0.91552734375 0.4093567251461988 0.0146484375 0.03508771929824561 -0.0009765625 -0.0014619883040935672 -0.0009765625 -0.0014619883040935672 -0.0009765625 -0.0014619883040935672 -0.0009765625 -0.0014619883040935672 -0.0009765625 -0.0014619883040935672
0  0.9599609375 0.37353801169590645 0.021484375 0.033625730994152045 0.9565078125 0.3660453216374269 0.965140625 0.36755263157894735 0.9601044921875 0.3740146198830409 0.95478125 0.38047660818713447 0.9616875 0.3821988304093567
0  0.83984375 0.2945906432748538 0.01171875 0.019005847953216373 0.8383525390625 0.2900029239766082 0.8429912109375 0.29025 0.840671875 0.2945906432748538 0.8383525390625 0.2989312865497076 0.8421630859375 0.2990555555555556
0  0.8359375 0.24926900584795322 0.01171875 0.019005847953216373 0.8348916015625 0.24553508771929825 0.8396865234375 0.24462134502923977 0.837943359375 0.24814619883040936 0.8361123046875 0.2531067251461988 0.8397744140625 0.2529766081871345
0  0.84619140625 0.2412280701754386 0.0107421875 0.02046783625730994 -0.0009765625 -0.0014619883040935672 -0.0009765625 -0.0014619883040935672 -0.0009765625 -0.0014619883040935672 -0.0009765625 -0.0014619883040935672 -0.0009765625 -0.0014619883040935672
0  0.9091796875 0.2309941520467836 0.005859375 0.014619883040935672 -0.0009765625 -0.0014619883040935672 -0.0009765625 -0.0014619883040935672 -0.0009765625 -0.0014619883040935672 -0.0009765625 -0.0014619883040935672 -0.0009765625 -0.0014619883040935672
0  0.97998046875 0.33845029239766083 0.0146484375 0.024853801169590642 -0.0009765625 -0.0014619883040935672 -0.0009765625 -0.0014619883040935672 -0.0009765625 -0.0014619883040935672 -0.0009765625 -0.0014619883040935672 -0.0009765625 -0.0014619883040935672
0  0.97216796875 0.28289473684210525 0.0146484375 0.024853801169590642 0.968958984375 0.2779342105263158 0.975865234375 0.2771505847953216 0.972203125 0.28153654970760233 0.97021484375 0.2870190058479532 0.9749228515625 0.28639327485380117
0  0.99169921875 0.28289473684210525 0.0107421875 0.021929824561403508 -0.0009765625 -0.0014619883040935672 -0.0009765625 -0.0014619883040935672 -0.0009765625 -0.0014619883040935672 -0.0009765625 -0.0014619883040935672 -0.0009765625 -0.0014619883040935672
0  0.94873046875 0.2565789473684211 0.0126953125 0.024853801169590642 0.947474609375 0.2517748538011696 0.952916015625 0.2509926900584795 0.9510322265625 0.2567880116959064 0.9467421875 0.2594502923976608 0.9520791015625 0.2591374269005848
0  0.95556640625 0.20175438596491227 0.0107421875 0.02046783625730994 -0.0009765625 -0.0014619883040935672 -0.0009765625 -0.0014619883040935672 -0.0009765625 -0.0014619883040935672 -0.0009765625 -0.0014619883040935672 -0.0009765625 -0.0014619883040935672
0  0.97265625 0.2010233918128655 0.01171875 0.01608187134502924 0.97179296875 0.19855555555555557 0.97697265625 0.19867397660818714 0.9737548828125 0.2024327485380117 0.97179296875 0.2051345029239766 0.97540234375 0.2053698830409357
0  0.98828125 0.20906432748538012 0.009765625 0.014619883040935672 -0.0009765625 -0.0014619883040935672 -0.0009765625 -0.0014619883040935672 -0.0009765625 -0.0014619883040935672 -0.0009765625 -0.0014619883040935672 -0.0009765625 -0.0014619883040935672
0  0.98388671875 0.1827485380116959 0.0087890625 0.014619883040935672 0.982875 0.1808421052631579 0.9860146484375 0.18074415204678362 0.984771484375 0.18436695906432748 0.983267578125 0.18681432748538013 0.9848369140625 0.1869122807017544
0  0.99169921875 0.18494152046783627 0.0068359375 0.013157894736842105 -0.0009765625 -0.0014619883040935672 -0.0009765625 -0.0014619883040935672 -0.0009765625 -0.0014619883040935672 -0.0009765625 -0.0014619883040935672 -0.0009765625 -0.0014619883040935672
0  0.99609375 0.19005847953216373 0.005859375 0.011695906432748537 -0.0009765625 -0.0014619883040935672 -0.0009765625 -0.0014619883040935672 -0.0009765625 -0.0014619883040935672 -0.0009765625 -0.0014619883040935672 -0.0009765625 -0.0014619883040935672
0  0.9970703125 0.1600877192982456 0.00390625 0.019005847953216373 -0.0009765625 -0.0014619883040935672 -0.0009765625 -0.0014619883040935672 -0.0009765625 -0.0014619883040935672 -0.0009765625 -0.0014619883040935672 -0.0009765625 -0.0014619883040935672
0  0.9111328125 0.20321637426900585 0.01171875 0.017543859649122806 0.908369140625 0.20180701754385966 0.9129990234375 0.20110233918128656 0.9100166015625 0.20439181286549707 0.90891796875 0.20721052631578948 0.911193359375 0.20674122807017545
0  0.90869140625 0.1827485380116959 0.0107421875 0.017543859649122806 -0.0009765625 -0.0014619883040935672 -0.0009765625 -0.0014619883040935672 -0.0009765625 -0.0014619883040935672 -0.0009765625 -0.0014619883040935672 -0.0009765625 -0.0014619883040935672
0  0.88623046875 0.19078947368421054 0.0087890625 0.01608187134502924 -0.0009765625 -0.0014619883040935672 -0.0009765625 -0.0014619883040935672 -0.0009765625 -0.0014619883040935672 -0.0009765625 -0.0014619883040935672 -0.0009765625 -0.0014619883040935672
0  0.87841796875 0.18055555555555555 0.0087890625 0.01608187134502924 -0.0009765625 -0.0014619883040935672 -0.0009765625 -0.0014619883040935672 -0.0009765625 -0.0014619883040935672 -0.0009765625 -0.0014619883040935672 -0.0009765625 -0.0014619883040935672
0  0.89794921875 0.1527777777777778 0.0087890625 0.013157894736842105 0.895935546875 0.15104093567251461 0.899841796875 0.1511330409356725 0.897216796875 0.15533625730994152 0.8958125 0.1599049707602339 0.8983154296875 0.15981286549707602
0  0.884765625 0.1440058479532164 0.005859375 0.01023391812865497 -0.0009765625 -0.0014619883040935672 -0.0009765625 -0.0014619883040935672 -0.0009765625 -0.0014619883040935672 -0.0009765625 -0.0014619883040935672 -0.0009765625 -0.0014619883040935672
0  0.97314453125 0.13084795321637427 0.0068359375 0.01023391812865497 -0.0009765625 -0.0014619883040935672 -0.0009765625 -0.0014619883040935672 -0.0009765625 -0.0014619883040935672 -0.0009765625 -0.0014619883040935672 -0.0009765625 -0.0014619883040935672
0  0.97607421875 0.12207602339181287 0.0068359375 0.01023391812865497 -0.0009765625 -0.0014619883040935672 -0.0009765625 -0.0014619883040935672 -0.0009765625 -0.0014619883040935672 -0.0009765625 -0.0014619883040935672 -0.0009765625 -0.0014619883040935672
0  0.97265625 0.125 0.005859375 0.01023391812865497 -0.0009765625 -0.0014619883040935672 -0.0009765625 -0.0014619883040935672 -0.0009765625 -0.0014619883040935672 -0.0009765625 -0.0014619883040935672 -0.0009765625 -0.0014619883040935672
0  0.99462890625 0.1118421052631579 0.0068359375 0.01023391812865497 -0.0009765625 -0.0014619883040935672 -0.0009765625 -0.0014619883040935672 -0.0009765625 -0.0014619883040935672 -0.0009765625 -0.0014619883040935672 -0.0009765625 -0.0014619883040935672
0  0.0390625 0.19371345029239767 0.005859375 0.013157894736842105 -0.0009765625 -0.0014619883040935672 -0.0009765625 -0.0014619883040935672 -0.0009765625 -0.0014619883040935672 -0.0009765625 -0.0014619883040935672 -0.0009765625 -0.0014619883040935672
0  0.2626953125 0.16666666666666666 0.005859375 0.011695906432748537 -0.0009765625 -0.0014619883040935672 -0.0009765625 -0.0014619883040935672 -0.0009765625 -0.0014619883040935672 -0.0009765625 -0.0014619883040935672 -0.0009765625 -0.0014619883040935672
0  0.3115234375 0.14692982456140352 0.005859375 0.01023391812865497 -0.0009765625 -0.0014619883040935672 -0.0009765625 -0.0014619883040935672 -0.0009765625 -0.0014619883040935672 -0.0009765625 -0.0014619883040935672 -0.0009765625 -0.0014619883040935672
0  0.76513671875 0.15716374269005848 0.0068359375 0.013157894736842105 -0.0009765625 -0.0014619883040935672 -0.0009765625 -0.0014619883040935672 -0.0009765625 -0.0014619883040935672 -0.0009765625 -0.0014619883040935672 -0.0009765625 -0.0014619883040935672
0  0.80859375 0.11769005847953216 0.005859375 0.007309941520467836 -0.0009765625 -0.0014619883040935672 -0.0009765625 -0.0014619883040935672 -0.0009765625 -0.0014619883040935672 -0.0009765625 -0.0014619883040935672 -0.0009765625 -0.0014619883040935672
0  0.8017578125 0.10818713450292397 0.00390625 0.011695906432748537 -0.0009765625 -0.0014619883040935672 -0.0009765625 -0.0014619883040935672 -0.0009765625 -0.0014619883040935672 -0.0009765625 -0.0014619883040935672 -0.0009765625 -0.0014619883040935672
0  0.7822265625 0.11476608187134503 0.00390625 0.007309941520467836 -0.0009765625 -0.0014619883040935672 -0.0009765625 -0.0014619883040935672 -0.0009765625 -0.0014619883040935672 -0.0009765625 -0.0014619883040935672 -0.0009765625 -0.0014619883040935672
0  0.7998046875 0.12353801169590643 0.00390625 0.007309941520467836 -0.0009765625 -0.0014619883040935672 -0.0009765625 -0.0014619883040935672 -0.0009765625 -0.0014619883040935672 -0.0009765625 -0.0014619883040935672 -0.0009765625 -0.0014619883040935672
0  0.791015625 0.10891812865497076 0.00390625 0.007309941520467836 -0.0009765625 -0.0014619883040935672 -0.0009765625 -0.0014619883040935672 -0.0009765625 -0.0014619883040935672 -0.0009765625 -0.0014619883040935672 -0.0009765625 -0.0014619883040935672
0  0.78955078125 0.09429824561403509 0.0029296875 0.007309941520467836 -0.0009765625 -0.0014619883040935672 -0.0009765625 -0.0014619883040935672 -0.0009765625 -0.0014619883040935672 -0.0009765625 -0.0014619883040935672 -0.0009765625 -0.0014619883040935672
