0  0.01220703125 0.4345661450924609 0.0185546875 0.032716927453769556 -0.0009765625 -0.001422475106685633 -0.0009765625 -0.001422475106685633 -0.0009765625 -0.001422475106685633 -0.0009765625 -0.001422475106685633 -0.0009765625 -0.001422475106685633
0  0.03271484375 0.47297297297297297 0.0205078125 0.029871977240398292 0.0296064453125 0.46765718349928875 0.0379853515625 0.46588620199146513 0.034201171875 0.4731692745376956 0.0310927734375 0.47946941678520627 0.0374453125 0.47946941678520627
0  0.0966796875 0.4445234708392603 0.017578125 0.029871977240398292 -0.0009765625 -0.001422475106685633 -0.0009765625 -0.001422475106685633 -0.0009765625 -0.001422475106685633 -0.0009765625 -0.001422475106685633 -0.0009765625 -0.001422475106685633
0  0.04443359375 0.6081081081081081 0.0576171875 0.08677098150782361 0.053564453125 0.5918634423897582 0.05880859375 0.5880796586059744 0.072724609375 0.6070839260312945 0.059619140625 0.6301706970128023 0.0630078125 0.6280796586059745
0  0.1953125 0.5519203413940256 0.04296875 0.07965860597439545 0.1931025390625 0.548701280227596 0.2123896484375 0.5411749644381224 0.2117001953125 0.5642532005689901 0.204123046875 0.5747880512091039 0.2134228515625 0.571275960170697
0  0.216796875 0.5227596017069701 0.025390625 0.05547652916073969 0.211669921875 0.517425320056899 0.22412109375 0.5131578947368421 0.220458984375 0.5291607396870555 0.212646484375 0.5362731152204836 0.224853515625 0.533072546230441
0  0.20166015625 0.47155049786628733 0.0185546875 0.041251778093883355 -0.0009765625 -0.001422475106685633 -0.0009765625 -0.001422475106685633 -0.0009765625 -0.001422475106685633 -0.0009765625 -0.001422475106685633 -0.0009765625 -0.001422475106685633
0  0.21142578125 0.43029871977240397 0.0126953125 0.021337126600284494 -0.0009765625 -0.001422475106685633 -0.0009765625 -0.001422475106685633 -0.0009765625 -0.001422475106685633 -0.0009765625 -0.001422475106685633 -0.0009765625 -0.001422475106685633
0  0.32373046875 0.4388335704125178 0.0185546875 0.029871977240398292 0.3189169921875 0.4362745376955904 0.327431640625 0.43430583214793744 0.3236474609375 0.44198293029871977 0.3208095703125 0.44552631578947366 0.3278369140625 0.4439516358463727
0  0.29638671875 0.5064011379800853 0.0302734375 0.05405405405405406 0.2916611328125 0.5002290184921764 0.3029609375 0.4974850640113798 0.298958984375 0.5132588904694169 0.294486328125 0.5197752489331436 0.301078125 0.5194324324324324
0  0.34765625 0.5241820768136558 0.033203125 0.06685633001422475 0.3454150390625 0.5133997155049786 0.360896484375 0.5091450924608819 0.3591435546875 0.5261635846372688 0.3500888671875 0.5402034139402561 0.3603125 0.538076813655761
0  0.3916015625 0.4772403982930299 0.0234375 0.049786628733997154 0.3880615234375 0.4714623044096728 0.3993837890625 0.47083926031294454 0.3966064453125 0.482352773826458 0.389984375 0.4901308677098151 0.3925478515625 0.4901308677098151
0  0.36279296875 0.40256045519203415 0.0087890625 0.01422475106685633 -0.0009765625 -0.001422475106685633 -0.0009765625 -0.001422475106685633 -0.0009765625 -0.001422475106685633 -0.0009765625 -0.001422475106685633 -0.0009765625 -0.001422475106685633
0  0.4033203125 0.4310099573257468 0.017578125 0.031294452347083924 -0.0009765625 -0.001422475106685633 -0.0009765625 -0.001422475106685633 -0.0009765625 -0.001422475106685633 -0.0009765625 -0.001422475106685633 -0.0009765625 -0.001422475106685633
0  0.42626953125 0.4487908961593172 0.0146484375 0.02702702702702703 0.4227294921875 0.4445234708392603 0.43017578125 0.4438122332859175 0.427001953125 0.44985775248933146 0.424560546875 0.45536984352773824 0.4300537109375 0.4544807965860597
0  0.4404296875 0.49786628733997157 0.029296875 0.05689900426742532 0.437255859375 0.490398293029872 0.4501953125 0.48933143669985774 0.44677734375 0.4996443812233286 0.440673828125 0.5103129445234709 0.44970703125 0.5113798008534851
0  0.46533203125 0.4914651493598862 0.0224609375 0.044096728307254626 0.4625419921875 0.4851650071123756 0.4742431640625 0.48656330014224747 0.469447265625 0.4929886201991466 0.4635009765625 0.4999743954480797 0.4725166015625 0.49969559032716926
0  0.4677734375 0.4089615931721195 0.01171875 0.015647226173541962 -0.0009765625 -0.001422475106685633 -0.0009765625 -0.001422475106685633 -0.0009765625 -0.001422475106685633 -0.0009765625 -0.001422475106685633 -0.0009765625 -0.001422475106685633
0  0.5419921875 0.5483641536273115 0.021484375 0.03556187766714083 -0.0009765625 -0.001422475106685633 -0.0009765625 -0.001422475106685633 -0.0009765625 -0.001422475106685633 -0.0009765625 -0.001422475106685633 -0.0009765625 -0.001422475106685633
0  0.576171875 0.5704125177809388 0.037109375 0.07396870554765292 0.569876953125 0.5596045519203414 0.586974609375 0.561954480796586 0.5802001953125 0.5760512091038407 0.57019921875 0.5868591749644382 0.582458984375 0.5882702702702702
0  0.45458984375 0.6187766714082503 0.0361328125 0.07681365576102418 0.4599609375 0.6151322901849218 0.4670107421875 0.6185547652916074 0.46566796875 0.6332233285917497 0.451568359375 0.6395803698435277 0.4535830078125 0.6415362731152204
0  0.47216796875 0.701280227596017 0.0576171875 0.13086770981507823 0.4756162109375 0.6948349928876244 0.4964248046875 0.6817268847795164 0.4981123046875 0.7095803698435277 0.49417578125 0.7431664295874822 0.504861328125 0.7325177809388336
0  0.59765625 0.4480796586059744 0.015625 0.034139402560455195 -0.0009765625 -0.001422475106685633 -0.0009765625 -0.001422475106685633 -0.0009765625 -0.001422475106685633 -0.0009765625 -0.001422475106685633 -0.0009765625 -0.001422475106685633
0  0.6875 0.4480796586059744 0.021484375 0.03698435277382646 -0.0009765625 -0.001422475106685633 -0.0009765625 -0.001422475106685633 -0.0009765625 -0.001422475106685633 -0.0009765625 -0.001422475106685633 -0.0009765625 -0.001422475106685633
0  0.677734375 0.492176386913229 0.021484375 0.03982930298719772 -0.0009765625 -0.001422475106685633 -0.0009765625 -0.001422475106685633 -0.0009765625 -0.001422475106685633 -0.0009765625 -0.001422475106685633 -0.0009765625 -0.001422475106685633
0  0.70947265625 0.48862019914651494 0.0283203125 0.05263157894736842 0.7060068359375 0.4818890469416785 0.719408203125 0.4845817923186344 0.713169921875 0.49400568990042676 0.705775390625 0.499054054054054 0.716404296875 0.5020825035561878
0  0.69775390625 0.4167852062588905 0.0107421875 0.01991465149359886 -0.0009765625 -0.001422475106685633 -0.0009765625 -0.001422475106685633 -0.0009765625 -0.001422475106685633 -0.0009765625 -0.001422475106685633 -0.0009765625 -0.001422475106685633
0  0.71435546875 0.42105263157894735 0.0126953125 0.025604551920341393 -0.0009765625 -0.001422475106685633 -0.0009765625 -0.001422475106685633 -0.0009765625 -0.001422475106685633 -0.0009765625 -0.001422475106685633 -0.0009765625 -0.001422475106685633
0  0.74169921875 0.4366998577524893 0.0146484375 0.034139402560455195 0.742248046875 0.43031152204836415 0.742841796875 0.4307425320056899 0.737357421875 0.43678805120910386 0.739876953125 0.44261877667140825 0.740173828125 0.4419701280227596
0  0.56787109375 0.4473684210526316 0.0224609375 0.03556187766714083 -0.0009765625 -0.001422475106685633 -0.0009765625 -0.001422475106685633 -0.0009765625 -0.001422475106685633 -0.0009765625 -0.001422475106685633 -0.0009765625 -0.001422475106685633
0  0.6376953125 0.4957325746799431 0.03125 0.06685633001422475 0.6252314453125 0.48580085348506397 0.639251953125 0.48580085348506397 0.6243544921875 0.4981394025604552 0.6275673828125 0.5083513513513513 0.6348701171875 0.5113285917496444
0  0.79052734375 0.5085348506401138 0.0458984375 0.07539118065433854 0.774134765625 0.5039630156472261 0.792689453125 0.5025149359886202 0.7830810546875 0.5184409672830725 0.7774482421875 0.534850640113798 0.7907021484375 0.5358165007112375
0  0.8173828125 0.42034139402560455 0.015625 0.02702702702702703 -0.0009765625 -0.001422475106685633 -0.0009765625 -0.001422475106685633 -0.0009765625 -0.001422475106685633 -0.0009765625 -0.001422475106685633 -0.0009765625 -0.001422475106685633
0  0.8564453125 0.5085348506401138 0.033203125 0.06116642958748222 0.84930859375 0.5001394025604552 0.8636689453125 0.5036258890469416 0.8517021484375 0.5102119487908962 0.8461171875 0.5214452347083927 0.8583505859375 0.5276429587482219
0  0.83642578125 0.3933143669985775 0.0107421875 0.01849217638691323 -0.0009765625 -0.001422475106685633 -0.0009765625 -0.001422475106685633 -0.0009765625 -0.001422475106685633 -0.0009765625 -0.001422475106685633 -0.0009765625 -0.001422475106685633
0  0.8994140625 0.39971550497866287 0.01171875 0.01991465149359886 -0.0009765625 -0.001422475106685633 -0.0009765625 -0.001422475106685633 -0.0009765625 -0.001422475106685633 -0.0009765625 -0.001422475106685633 -0.0009765625 -0.001422475106685633
0  0.9169921875 0.4438122332859175 0.029296875 0.04267425320056899 0.9135048828125 0.4377482219061167 0.926251953125 0.44129729729729733 0.9208154296875 0.447850640113798 0.9133173828125 0.4519473684210526 0.9219404296875 0.4554964438122333
0  0.95361328125 0.43029871977240397 0.0224609375 0.03840682788051209 -0.0009765625 -0.001422475106685633 -0.0009765625 -0.001422475106685633 -0.0009765625 -0.001422475106685633 -0.0009765625 -0.001422475106685633 -0.0009765625 -0.001422475106685633
0  0.9462890625 0.5490753911806543 0.04296875 0.07112375533428165 0.93265234375 0.542674253200569 0.95556640625 0.5481607396870555 0.9395576171875 0.5600483641536274 0.9332802734375 0.5673641536273115 0.949916015625 0.5705647226173542
0  0.98486328125 0.5049786628733998 0.0263671875 0.059743954480796585 0.9810791015625 0.49773968705547655 0.99703515625 0.5007880512091039 0.9884033203125 0.5099317211948792 0.98238671875 0.5179331436699858 0.993111328125 0.5209815078236131
0  0.70947265625 0.3961593172119488 0.0087890625 0.01849217638691323 -0.0009765625 -0.001422475106685633 -0.0009765625 -0.001422475106685633 -0.0009765625 -0.001422475106685633 -0.0009765625 -0.001422475106685633 -0.0009765625 -0.001422475106685633
