0  0.9013671875 0.13020833333333334 0.03515625 0.0798611111111111 0.8901103515625 0.12279166666666666 0.9062626953125 0.1253107638888889 0.894927734375 0.14042361111111112 0.888126953125 0.15150694444444446 0.903712890625 0.1530173611111111
0  0.78515625 0.1657986111111111 0.01953125 0.043402777777777776 0.7782333984375 0.1635347222222222 0.7874931640625 0.1615815972222222 0.7818427734375 0.17078993055555555 0.7796455078125 0.18083506944444444 0.7867080078125 0.1780451388888889
0  0.67041015625 0.1519097222222222 0.0400390625 0.10243055555555555 0.6549599609375 0.1424548611111111 0.661111328125 0.1379513888888889 0.6509794921875 0.16175347222222222 0.660025390625 0.1791215277777778 0.6643671875 0.1765486111111111
0  0.58935546875 0.13975694444444445 0.0302734375 0.07465277777777778 0.5729111328125 0.13471180555555554 0.584080078125 0.1342378472222222 0.5753046875 0.1451128472222222 0.5745068359375 0.15787847222222223 0.583548828125 0.15787847222222223
0  0.35498046875 0.1605902777777778 0.0322265625 0.06076388888888889 -0.0009765625 -0.001736111111111111 -0.0009765625 -0.001736111111111111 -0.0009765625 -0.001736111111111111 -0.0009765625 -0.001736111111111111 -0.0009765625 -0.001736111111111111
0  0.3095703125 0.17274305555555555 0.015625 0.03298611111111111 0.3062744140625 0.1694878472222222 0.31298828125 0.169921875 0.310546875 0.1775173611111111 0.307373046875 0.18294270833333334 0.31298828125 0.18294270833333334
0  0.283203125 0.140625 0.04296875 0.08333333333333333 0.2916083984375 0.11780729166666666 0.295166015625 0.12202430555555556 0.3016884765625 0.1420503472222222 0.2904228515625 0.15259201388888888 0.2919052734375 0.1541736111111111
0  0.1396484375 0.1640625 0.021484375 0.046875 0.1402060546875 0.1585434027777778 0.1491005859375 0.158234375 0.1463095703125 0.16908506944444446 0.142298828125 0.17931597222222223 0.147705078125 0.17931597222222223
0  0.09033203125 0.0859375 0.0283203125 0.06770833333333333 0.093919921875 0.07613368055555556 0.10039453125 0.07570659722222223 0.1037509765625 0.09105208333333333 0.0924814453125 0.10298784722222222 0.102072265625 0.10341493055555556
0  0.20458984375 0.1519097222222222 0.0205078125 0.06076388888888889 -0.0009765625 -0.001736111111111111 -0.0009765625 -0.001736111111111111 -0.0009765625 -0.001736111111111111 -0.0009765625 -0.001736111111111111 -0.0009765625 -0.001736111111111111
