0  0.91650390625 0.48823529411764705 0.1162109375 0.22875816993464052 0.87740625 0.4631764705882353 0.8999287109375 0.4717908496732026 0.8591748046875 0.5177281045751634 0.8988564453125 0.5493111111111111 0.905291015625 0.5536183006535947
0  0.84130859375 0.34705882352941175 0.0146484375 0.030065359477124184 0.84130859375 0.3432078431372549 0.846919921875 0.34436339869281046 0.8440419921875 0.3487921568627451 0.8405888671875 0.3549542483660131 0.846056640625 0.35553202614379087
0  0.79052734375 0.3483660130718954 0.0146484375 0.0196078431372549 0.787919921875 0.34617124183006537 0.79405859375 0.34617124183006537 0.7908935546875 0.3497660130718955 0.7876328125 0.35438823529411767 0.793962890625 0.35451633986928105
0  0.72509765625 0.3156862745098039 0.0126953125 0.022222222222222223 0.722595703125 0.31408758169934636 0.7276083984375 0.3137960784313725 0.7254287109375 0.3186104575163399 0.723685546875 0.32225751633986927 0.726955078125 0.32225751633986927
0  0.64208984375 0.3156862745098039 0.0146484375 0.022222222222222223 0.6392998046875 0.30943006535947715 0.64599609375 0.30956993464052285 0.64306640625 0.31405228758169934 0.6398232421875 0.31881437908496735 0.6455771484375 0.3190941176470588
0  0.65673828125 0.32222222222222224 0.0126953125 0.0196078431372549 0.6552734375 0.31895424836601305 0.662109375 0.3202614379084967 0.6611328125 0.3241830065359477 0.6572265625 0.3281045751633987 0.6611328125 0.32941176470588235
0  0.57958984375 0.3333333333333333 0.0146484375 0.01568627450980392 0.5771484375 0.32941176470588235 0.5830078125 0.3281045751633987 0.580078125 0.3333333333333333 0.5771484375 0.338562091503268 0.5830078125 0.33725490196078434
0  0.59228515625 0.330718954248366 0.0087890625 0.01568627450980392 -0.0009765625 -0.00130718954248366 -0.0009765625 -0.00130718954248366 -0.0009765625 -0.00130718954248366 -0.0009765625 -0.00130718954248366 -0.0009765625 -0.00130718954248366
0  0.65869140625 0.4196078431372549 0.0322265625 0.08888888888888889 0.6485068359375 0.40560261437908496 0.650181640625 0.4067228758169934 0.6422294921875 0.4207281045751634 0.6451591796875 0.43641437908496733 0.647251953125 0.43753464052287583
0  0.517578125 0.33725490196078434 0.01171875 0.02091503267973856 0.515625 0.3333333333333333 0.5234375 0.3333333333333333 0.51953125 0.338562091503268 0.517578125 0.34248366013071896 0.5205078125 0.34248366013071896
0  0.4765625 0.3431372549019608 0.01171875 0.02483660130718954 0.474609375 0.3411764705882353 0.48046875 0.3437908496732026 0.478515625 0.3477124183006536 0.474609375 0.3503267973856209 0.48046875 0.35294117647058826
0  0.4736328125 0.3130718954248366 0.0078125 0.01699346405228758 -0.0009765625 -0.00130718954248366 -0.0009765625 -0.00130718954248366 -0.0009765625 -0.00130718954248366 -0.0009765625 -0.00130718954248366 -0.0009765625 -0.00130718954248366
0  0.38134765625 0.3392156862745098 0.0107421875 0.022222222222222223 -0.0009765625 -0.00130718954248366 -0.0009765625 -0.00130718954248366 -0.0009765625 -0.00130718954248366 -0.0009765625 -0.00130718954248366 -0.0009765625 -0.00130718954248366
0  0.36572265625 0.3359477124183007 0.0244140625 0.047058823529411764 0.3656787109375 0.3332104575163399 0.374794921875 0.33142483660130717 0.3759072265625 0.3388653594771242 0.3687919921875 0.35136601307189547 0.3754619140625 0.3492823529411765
0  0.2666015625 0.36666666666666664 0.017578125 0.027450980392156862 0.2646748046875 0.35988496732026143 0.2713447265625 0.35866013071895425 0.270037109375 0.364437908496732 0.2668984375 0.37126535947712413 0.2719990234375 0.3710901960784314
0  0.263671875 0.3392156862745098 0.015625 0.022222222222222223 0.2607421875 0.338562091503268 0.2685546875 0.338562091503268 0.267578125 0.3437908496732026 0.263671875 0.3477124183006536 0.2705078125 0.3477124183006536
0  0.15087890625 0.36209150326797385 0.0205078125 0.02875816993464052 0.1544365234375 0.3549947712418301 0.1583427734375 0.3559294117647059 0.1583427734375 0.3630248366013072 0.154576171875 0.3688143790849673 0.157505859375 0.3697477124183007
