0  0.119140625 0.36911764705882355 0.0234375 0.03823529411764706 0.11366015625 0.3613382352941177 0.1236611328125 0.3593941176470588 0.1170478515625 0.370325 0.1155966796875 0.3778558823529412 0.1238232421875 0.37566911764705885
0  0.1611328125 0.3588235294117647 0.01171875 0.020588235294117647 -0.0009765625 -0.0014705882352941176 -0.0009765625 -0.0014705882352941176 -0.0009765625 -0.0014705882352941176 -0.0009765625 -0.0014705882352941176 -0.0009765625 -0.0014705882352941176
0  0.208984375 0.36323529411764705 0.01953125 0.03529411764705882 0.203203125 0.3574323529411765 0.2107626953125 0.3576544117647059 0.2054267578125 0.36569117647058824 0.205130859375 0.37127058823529413 0.2112080078125 0.37171764705882354
0  0.2705078125 0.3698529411764706 0.01953125 0.03676470588235294 0.271431640625 0.3629720588235294 0.2777099609375 0.3646264705882353 0.27708203125 0.3724264705882353 0.27362890625 0.3799897058823529 0.2767685546875 0.3802264705882353
0  0.28125 0.36764705882352944 0.013671875 0.03235294117647059 -0.0009765625 -0.0014705882352941176 -0.0009765625 -0.0014705882352941176 -0.0009765625 -0.0014705882352941176 -0.0009765625 -0.0014705882352941176 -0.0009765625 -0.0014705882352941176
0  0.306640625 0.37058823529411766 0.017578125 0.03235294117647059 0.3027734375 0.36517205882352943 0.3108828125 0.36517205882352943 0.3070986328125 0.3745338235294118 0.3043955078125 0.38226764705882355 0.3098017578125 0.38226764705882355
0  0.384765625 0.35073529411764703 0.021484375 0.039705882352941174 0.378177734375 0.3428632352941176 0.3880400390625 0.3428632352941176 0.3827685546875 0.3523367647058824 0.38021875 0.35925 0.38633984375 0.35925
0  0.4287109375 0.40294117647058825 0.021484375 0.03529411764705882 0.422455078125 0.39692058823529414 0.429626953125 0.3960014705882353 0.4235234375 0.40404411764705883 0.422759765625 0.4111676470588235 0.429626953125 0.4111676470588235
0  0.47412109375 0.375 0.0166015625 0.03529411764705882 0.47051953125 0.3695308823529412 0.4723515625 0.37091029411764703 0.4659423828125 0.37619411764705885 0.46746875 0.3835470588235294 0.46792578125 0.3840073529411765
0  0.533203125 0.35955882352941176 0.01171875 0.039705882352941174 0.5342451171875 0.35296764705882355 0.536455078125 0.3522 0.53985546875 0.36244117647058827 0.535095703125 0.3701220588235294 0.5367958984375 0.36961029411764706
0  0.57763671875 0.3669117647058823 0.0185546875 0.030882352941176472 0.574890625 0.36381323529411763 0.581037109375 0.3649941176470588 0.578421875 0.3730705882352941 0.5750205078125 0.37720588235294117 0.5799912109375 0.37720588235294117
0  0.60888671875 0.37720588235294117 0.0224609375 0.04264705882352941 0.603345703125 0.37115882352941176 0.612283203125 0.3698132352941177 0.6056689453125 0.378964705882353 0.6042392578125 0.3886558823529412 0.611388671875 0.3870411764705882
0  0.6689453125 0.3764705882352941 0.01953125 0.03235294117647059 0.661341796875 0.3756308823529412 0.669712890625 0.3718485294117647 0.66357421875 0.37836176470588234 0.66455078125 0.38676470588235295 0.668736328125 0.38550441176470585
0  0.7197265625 0.37720588235294117 0.013671875 0.022058823529411766 0.7160341796875 0.3704970588235294 0.7218017578125 0.37091029411764703 0.7173154296875 0.3761485294117647 0.71566796875 0.3798705882352941 0.719787109375 0.3800088235294118
0  0.80615234375 0.3911764705882353 0.0263671875 0.047058823529411764 0.7971318359375 0.3945764705882353 0.80517578125 0.3922132352941176 0.800271484375 0.40343970588235295 0.805568359375 0.40787205882352945 0.8089033203125 0.4049176470588235
0  0.85791015625 0.3889705882352941 0.0087890625 0.016176470588235296 -0.0009765625 -0.0014705882352941176 -0.0009765625 -0.0014705882352941176 -0.0009765625 -0.0014705882352941176 -0.0009765625 -0.0014705882352941176 -0.0009765625 -0.0014705882352941176
0  0.876953125 0.38529411764705884 0.005859375 0.011764705882352941 -0.0009765625 -0.0014705882352941176 -0.0009765625 -0.0014705882352941176 -0.0009765625 -0.0014705882352941176 -0.0009765625 -0.0014705882352941176 -0.0009765625 -0.0014705882352941176
0  0.76904296875 0.3801470588235294 0.0107421875 0.025 -0.0009765625 -0.0014705882352941176 -0.0009765625 -0.0014705882352941176 -0.0009765625 -0.0014705882352941176 -0.0009765625 -0.0014705882352941176 -0.0009765625 -0.0014705882352941176
0  0.9443359375 0.38529411764705884 0.0078125 0.020588235294117647 -0.0009765625 -0.0014705882352941176 -0.0009765625 -0.0014705882352941176 -0.0009765625 -0.0014705882352941176 -0.0009765625 -0.0014705882352941176 -0.0009765625 -0.0014705882352941176
0  0.92578125 0.38823529411764707 0.0078125 0.014705882352941176 -0.0009765625 -0.0014705882352941176 -0.0009765625 -0.0014705882352941176 -0.0009765625 -0.0014705882352941176 -0.0009765625 -0.0014705882352941176 -0.0009765625 -0.0014705882352941176
0  0.99609375 0.39044117647058824 0.005859375 0.022058823529411766 -0.0009765625 -0.0014705882352941176 -0.0009765625 -0.0014705882352941176 -0.0009765625 -0.0014705882352941176 -0.0009765625 -0.0014705882352941176 -0.0009765625 -0.0014705882352941176
0  0.9892578125 0.3963235294117647 0.009765625 0.016176470588235296 -0.0009765625 -0.0014705882352941176 -0.0009765625 -0.0014705882352941176 -0.0009765625 -0.0014705882352941176 -0.0009765625 -0.0014705882352941176 -0.0009765625 -0.0014705882352941176
