0  0.85498046875 0.760519801980198 0.0126953125 0.02103960396039604 -0.0009765625 -0.0012376237623762376 -0.0009765625 -0.0012376237623762376 -0.0009765625 -0.0012376237623762376 -0.0009765625 -0.0012376237623762376 -0.0009765625 -0.0012376237623762376
0  0.86474609375 0.7277227722772277 0.0087890625 0.019801980198019802 -0.0009765625 -0.0012376237623762376 -0.0009765625 -0.0012376237623762376 -0.0009765625 -0.0012376237623762376 -0.0009765625 -0.0012376237623762376 -0.0009765625 -0.0012376237623762376
0  0.873046875 0.676980198019802 0.0078125 0.017326732673267328 -0.0009765625 -0.0012376237623762376 -0.0009765625 -0.0012376237623762376 -0.0009765625 -0.0012376237623762376 -0.0009765625 -0.0012376237623762376 -0.0009765625 -0.0012376237623762376
0  0.6865234375 0.7908415841584159 0.013671875 0.024752475247524754 -0.0009765625 -0.0012376237623762376 -0.0009765625 -0.0012376237623762376 -0.0009765625 -0.0012376237623762376 -0.0009765625 -0.0012376237623762376 -0.0009765625 -0.0012376237623762376
0  0.12744140625 0.8267326732673267 0.0146484375 0.024752475247524754 -0.0009765625 -0.0012376237623762376 -0.0009765625 -0.0012376237623762376 -0.0009765625 -0.0012376237623762376 -0.0009765625 -0.0012376237623762376 -0.0009765625 -0.0012376237623762376
0  0.06201171875 0.7673267326732673 0.0146484375 0.019801980198019802 -0.0009765625 -0.0012376237623762376 -0.0009765625 -0.0012376237623762376 -0.0009765625 -0.0012376237623762376 -0.0009765625 -0.0012376237623762376 -0.0009765625 -0.0012376237623762376
0  0.41845703125 0.7469059405940595 0.0126953125 0.02103960396039604 -0.0009765625 -0.0012376237623762376 -0.0009765625 -0.0012376237623762376 -0.0009765625 -0.0012376237623762376 -0.0009765625 -0.0012376237623762376 -0.0009765625 -0.0012376237623762376
0  0.4013671875 0.7370049504950495 0.013671875 0.018564356435643563 -0.0009765625 -0.0012376237623762376 -0.0009765625 -0.0012376237623762376 -0.0009765625 -0.0012376237623762376 -0.0009765625 -0.0012376237623762376 -0.0009765625 -0.0012376237623762376
0  0.373046875 0.7568069306930693 0.01171875 0.018564356435643563 -0.0009765625 -0.0012376237623762376 -0.0009765625 -0.0012376237623762376 -0.0009765625 -0.0012376237623762376 -0.0009765625 -0.0012376237623762376 -0.0009765625 -0.0012376237623762376
0  0.44873046875 0.745049504950495 0.0087890625 0.012376237623762377 -0.0009765625 -0.0012376237623762376 -0.0009765625 -0.0012376237623762376 -0.0009765625 -0.0012376237623762376 -0.0009765625 -0.0012376237623762376 -0.0009765625 -0.0012376237623762376
0  0.5224609375 0.7363861386138614 0.009765625 0.012376237623762377 -0.0009765625 -0.0012376237623762376 -0.0009765625 -0.0012376237623762376 -0.0009765625 -0.0012376237623762376 -0.0009765625 -0.0012376237623762376 -0.0009765625 -0.0012376237623762376
0  0.9697265625 0.7079207920792079 0.009765625 0.017326732673267328 -0.0009765625 -0.0012376237623762376 -0.0009765625 -0.0012376237623762376 -0.0009765625 -0.0012376237623762376 -0.0009765625 -0.0012376237623762376 -0.0009765625 -0.0012376237623762376
0  0.9296875 0.6992574257425742 0.009765625 0.017326732673267328 -0.0009765625 -0.0012376237623762376 -0.0009765625 -0.0012376237623762376 -0.0009765625 -0.0012376237623762376 -0.0009765625 -0.0012376237623762376 -0.0009765625 -0.0012376237623762376
0  0.8115234375 0.6386138613861386 0.009765625 0.01485148514851485 -0.0009765625 -0.0012376237623762376 -0.0009765625 -0.0012376237623762376 -0.0009765625 -0.0012376237623762376 -0.0009765625 -0.0012376237623762376 -0.0009765625 -0.0012376237623762376
0  0.80810546875 0.7215346534653465 0.0107421875 0.022277227722772276 -0.0009765625 -0.0012376237623762376 -0.0009765625 -0.0012376237623762376 -0.0009765625 -0.0012376237623762376 -0.0009765625 -0.0012376237623762376 -0.0009765625 -0.0012376237623762376
0  0.89794921875 0.713490099009901 0.0087890625 0.01608910891089109 -0.0009765625 -0.0012376237623762376 -0.0009765625 -0.0012376237623762376 -0.0009765625 -0.0012376237623762376 -0.0009765625 -0.0012376237623762376 -0.0009765625 -0.0012376237623762376
0  0.84765625 0.7153465346534653 0.0078125 0.017326732673267328 -0.0009765625 -0.0012376237623762376 -0.0009765625 -0.0012376237623762376 -0.0009765625 -0.0012376237623762376 -0.0009765625 -0.0012376237623762376 -0.0009765625 -0.0012376237623762376
0  0.7548828125 0.745049504950495 0.01171875 0.019801980198019802 -0.0009765625 -0.0012376237623762376 -0.0009765625 -0.0012376237623762376 -0.0009765625 -0.0012376237623762376 -0.0009765625 -0.0012376237623762376 -0.0009765625 -0.0012376237623762376
0  0.54638671875 0.7617574257425742 0.0126953125 0.02103960396039604 -0.0009765625 -0.0012376237623762376 -0.0009765625 -0.0012376237623762376 -0.0009765625 -0.0012376237623762376 -0.0009765625 -0.0012376237623762376 -0.0009765625 -0.0012376237623762376
0  0.623046875 0.7629950495049505 0.01171875 0.02103960396039604 -0.0009765625 -0.0012376237623762376 -0.0009765625 -0.0012376237623762376 -0.0009765625 -0.0012376237623762376 -0.0009765625 -0.0012376237623762376 -0.0009765625 -0.0012376237623762376
0  0.61376953125 0.681930693069307 0.0126953125 0.022277227722772276 -0.0009765625 -0.0012376237623762376 -0.0009765625 -0.0012376237623762376 -0.0009765625 -0.0012376237623762376 -0.0009765625 -0.0012376237623762376 -0.0009765625 -0.0012376237623762376
0  0.59228515625 0.6584158415841584 0.0107421875 0.019801980198019802 0.59209765625 0.6555099009900991 0.5952060546875 0.6557636138613862 0.595005859375 0.6604653465346534 0.58908984375 0.6633886138613861 0.5918974609375 0.6637698019801981
0  0.572265625 0.6485148514851485 0.01171875 0.019801980198019802 -0.0009765625 -0.0012376237623762376 -0.0009765625 -0.0012376237623762376 -0.0009765625 -0.0012376237623762376 -0.0009765625 -0.0012376237623762376 -0.0009765625 -0.0012376237623762376
0  0.62939453125 0.6547029702970297 0.0107421875 0.01485148514851485 -0.0009765625 -0.0012376237623762376 -0.0009765625 -0.0012376237623762376 -0.0009765625 -0.0012376237623762376 -0.0009765625 -0.0012376237623762376 -0.0009765625 -0.0012376237623762376
0  0.59375 0.6373762376237624 0.01171875 0.017326732673267328 -0.0009765625 -0.0012376237623762376 -0.0009765625 -0.0012376237623762376 -0.0009765625 -0.0012376237623762376 -0.0009765625 -0.0012376237623762376 -0.0009765625 -0.0012376237623762376
0  0.623046875 0.6714108910891089 0.009765625 0.013613861386138614 -0.0009765625 -0.0012376237623762376 -0.0009765625 -0.0012376237623762376 -0.0009765625 -0.0012376237623762376 -0.0009765625 -0.0012376237623762376 -0.0009765625 -0.0012376237623762376
0  0.6865234375 0.6491336633663366 0.013671875 0.02103960396039604 0.683310546875 0.6447190594059405 0.689849609375 0.6455482673267326 0.68603515625 0.6483106435643565 0.6848359375 0.6525928217821781 0.6881064453125 0.6528688118811882
0  0.70947265625 0.6150990099009901 0.0107421875 0.017326732673267328 -0.0009765625 -0.0012376237623762376 -0.0009765625 -0.0012376237623762376 -0.0009765625 -0.0012376237623762376 -0.0009765625 -0.0012376237623762376 -0.0009765625 -0.0012376237623762376
0  0.7119140625 0.656559405940594 0.009765625 0.013613861386138614 -0.0009765625 -0.0012376237623762376 -0.0009765625 -0.0012376237623762376 -0.0009765625 -0.0012376237623762376 -0.0009765625 -0.0012376237623762376 -0.0009765625 -0.0012376237623762376
0  0.67822265625 0.6070544554455446 0.0126953125 0.01608910891089109 0.6746298828125 0.6065457920792079 0.678728515625 0.6056621287128713 0.6775947265625 0.6105247524752475 0.676025390625 0.6122920792079208 0.6805595703125 0.6116287128712872
0  0.6533203125 0.6392326732673267 0.009765625 0.013613861386138614 -0.0009765625 -0.0012376237623762376 -0.0009765625 -0.0012376237623762376 -0.0009765625 -0.0012376237623762376 -0.0009765625 -0.0012376237623762376 -0.0009765625 -0.0012376237623762376
0  0.6611328125 0.6392326732673267 0.0078125 0.01608910891089109 -0.0009765625 -0.0012376237623762376 -0.0009765625 -0.0012376237623762376 -0.0009765625 -0.0012376237623762376 -0.0009765625 -0.0012376237623762376 -0.0009765625 -0.0012376237623762376
0  0.638671875 0.6076732673267327 0.01171875 0.017326732673267328 -0.0009765625 -0.0012376237623762376 -0.0009765625 -0.0012376237623762376 -0.0009765625 -0.0012376237623762376 -0.0009765625 -0.0012376237623762376 -0.0009765625 -0.0012376237623762376
0  0.650390625 0.5965346534653465 0.009765625 0.017326732673267328 -0.0009765625 -0.0012376237623762376 -0.0009765625 -0.0012376237623762376 -0.0009765625 -0.0012376237623762376 -0.0009765625 -0.0012376237623762376 -0.0009765625 -0.0012376237623762376
0  0.63232421875 0.557549504950495 0.0068359375 0.013613861386138614 -0.0009765625 -0.0012376237623762376 -0.0009765625 -0.0012376237623762376 -0.0009765625 -0.0012376237623762376 -0.0009765625 -0.0012376237623762376 -0.0009765625 -0.0012376237623762376
0  0.71630859375 0.5662128712871287 0.0107421875 0.013613861386138614 -0.0009765625 -0.0012376237623762376 -0.0009765625 -0.0012376237623762376 -0.0009765625 -0.0012376237623762376 -0.0009765625 -0.0012376237623762376 -0.0009765625 -0.0012376237623762376
0  0.59716796875 0.6113861386138614 0.0107421875 0.017326732673267328 -0.0009765625 -0.0012376237623762376 -0.0009765625 -0.0012376237623762376 -0.0009765625 -0.0012376237623762376 -0.0009765625 -0.0012376237623762376 -0.0009765625 -0.0012376237623762376
0  0.57666015625 0.6095297029702971 0.0107421875 0.01608910891089109 -0.0009765625 -0.0012376237623762376 -0.0009765625 -0.0012376237623762376 -0.0009765625 -0.0012376237623762376 -0.0009765625 -0.0012376237623762376 -0.0009765625 -0.0012376237623762376
0  0.5419921875 0.5996287128712872 0.01171875 0.02103960396039604 0.5412861328125 0.5981089108910891 0.5456455078125 0.5978329207920792 0.5448828125 0.6019764851485149 0.542703125 0.6058440594059405 0.5451005859375 0.6058440594059405
0  0.52734375 0.599009900990099 0.009765625 0.017326732673267328 -0.0009765625 -0.0012376237623762376 -0.0009765625 -0.0012376237623762376 -0.0009765625 -0.0012376237623762376 -0.0009765625 -0.0012376237623762376 -0.0009765625 -0.0012376237623762376
0  0.54248046875 0.5618811881188119 0.0087890625 0.012376237623762377 -0.0009765625 -0.0012376237623762376 -0.0009765625 -0.0012376237623762376 -0.0009765625 -0.0012376237623762376 -0.0009765625 -0.0012376237623762376 -0.0009765625 -0.0012376237623762376
0  0.47900390625 0.5754950495049505 0.0107421875 0.019801980198019802 0.47580859375 0.5735111386138614 0.482326171875 0.5735111386138614 0.47881640625 0.577450495049505 0.4777138671875 0.5796113861386138 0.48062109375 0.5793576732673267
0  0.45556640625 0.6268564356435643 0.0087890625 0.01608910891089109 -0.0009765625 -0.0012376237623762376 -0.0009765625 -0.0012376237623762376 -0.0009765625 -0.0012376237623762376 -0.0009765625 -0.0012376237623762376 -0.0009765625 -0.0012376237623762376
0  0.421875 0.5909653465346535 0.009765625 0.01608910891089109 0.4190322265625 0.588799504950495 0.4225205078125 0.5890210396039604 0.4205146484375 0.5925569306930694 0.41946875 0.5955396039603961 0.4222587890625 0.5954294554455446
0  0.40966796875 0.5724009900990099 0.0087890625 0.013613861386138614 -0.0009765625 -0.0012376237623762376 -0.0009765625 -0.0012376237623762376 -0.0009765625 -0.0012376237623762376 -0.0009765625 -0.0012376237623762376 -0.0009765625 -0.0012376237623762376
0  0.4345703125 0.5476485148514851 0.009765625 0.01608910891089109 0.4337509765625 0.5465990099009901 0.438306640625 0.5467042079207921 0.4361533203125 0.5489084158415841 0.4349931640625 0.5514282178217822 0.4376435546875 0.5514282178217822
0  0.48486328125 0.6089108910891089 0.0107421875 0.017326732673267328 0.4846494140625 0.6044628712871287 0.489318359375 0.6042314356435643 0.4876708984375 0.6095680693069307 0.4839169921875 0.6117722772277228 0.4891357421875 0.6118886138613862
0  0.50830078125 0.6324257425742574 0.0087890625 0.017326732673267328 0.5097958984375 0.6302982673267327 0.51089453125 0.6298341584158416 0.51153515625 0.6338960396039603 0.5105283203125 0.6365643564356436 0.5113525390625 0.6364480198019802
0  0.4140625 0.6231435643564357 0.0078125 0.01608910891089109 -0.0009765625 -0.0012376237623762376 -0.0009765625 -0.0012376237623762376 -0.0009765625 -0.0012376237623762376 -0.0009765625 -0.0012376237623762376 -0.0009765625 -0.0012376237623762376
0  0.3955078125 0.5587871287128713 0.009765625 0.01608910891089109 0.3927001953125 0.5565 0.396841796875 0.555240099009901 0.39501953125 0.558809405940594 0.394439453125 0.5615383663366337 0.398083984375 0.5615383663366337
0  0.40478515625 0.5959158415841584 0.0068359375 0.01608910891089109 -0.0009765625 -0.0012376237623762376 -0.0009765625 -0.0012376237623762376 -0.0009765625 -0.0012376237623762376 -0.0009765625 -0.0012376237623762376 -0.0009765625 -0.0012376237623762376
0  0.44189453125 0.6460396039603961 0.0087890625 0.022277227722772276 -0.0009765625 -0.0012376237623762376 -0.0009765625 -0.0012376237623762376 -0.0009765625 -0.0012376237623762376 -0.0009765625 -0.0012376237623762376 -0.0009765625 -0.0012376237623762376
0  0.4189453125 0.6571782178217822 0.009765625 0.017326732673267328 -0.0009765625 -0.0012376237623762376 -0.0009765625 -0.0012376237623762376 -0.0009765625 -0.0012376237623762376 -0.0009765625 -0.0012376237623762376 -0.0009765625 -0.0012376237623762376
0  0.5048828125 0.6652227722772277 0.009765625 0.018564356435643563 -0.0009765625 -0.0012376237623762376 -0.0009765625 -0.0012376237623762376 -0.0009765625 -0.0012376237623762376 -0.0009765625 -0.0012376237623762376 -0.0009765625 -0.0012376237623762376
0  0.34130859375 0.6670792079207921 0.0126953125 0.022277227722772276 0.337154296875 0.6633279702970297 0.3428037109375 0.6634764851485149 0.339390625 0.6678032178217822 0.337271484375 0.6727252475247525 0.3415087890625 0.6734715346534653
0  0.32470703125 0.6639851485148515 0.0107421875 0.018564356435643563 -0.0009765625 -0.0012376237623762376 -0.0009765625 -0.0012376237623762376 -0.0009765625 -0.0012376237623762376 -0.0009765625 -0.0012376237623762376 -0.0009765625 -0.0012376237623762376
0  0.326171875 0.5946782178217822 0.009765625 0.01608910891089109 0.3249384765625 0.5902908415841583 0.3289970703125 0.5899764851485149 0.3275888671875 0.5937549504950496 0.32568359375 0.596065594059406 0.3288310546875 0.5959603960396039
0  0.3515625 0.6082920792079208 0.0078125 0.013613861386138614 -0.0009765625 -0.0012376237623762376 -0.0009765625 -0.0012376237623762376 -0.0009765625 -0.0012376237623762376 -0.0009765625 -0.0012376237623762376 -0.0009765625 -0.0012376237623762376
0  0.3740234375 0.7116336633663366 0.009765625 0.019801980198019802 -0.0009765625 -0.0012376237623762376 -0.0009765625 -0.0012376237623762376 -0.0009765625 -0.0012376237623762376 -0.0009765625 -0.0012376237623762376 -0.0009765625 -0.0012376237623762376
0  0.18994140625 0.6522277227722773 0.0107421875 0.019801980198019802 0.1866455078125 0.6477029702970297 0.191859375 0.6474480198019802 0.1895537109375 0.6527858910891089 0.187748046875 0.6568527227722771 0.19155859375 0.6563440594059406
0  0.14453125 0.630569306930693 0.009765625 0.018564356435643563 -0.0009765625 -0.0012376237623762376 -0.0009765625 -0.0012376237623762376 -0.0009765625 -0.0012376237623762376 -0.0009765625 -0.0012376237623762376 -0.0009765625 -0.0012376237623762376
0  0.25732421875 0.6621287128712872 0.0107421875 0.01485148514851485 0.2568359375 0.6586757425742574 0.2605634765625 0.6568910891089109 0.261888671875 0.660355198019802 0.259900390625 0.6646596534653465 0.2622197265625 0.6635049504950494
0  0.27392578125 0.625 0.0068359375 0.01485148514851485 -0.0009765625 -0.0012376237623762376 -0.0009765625 -0.0012376237623762376 -0.0009765625 -0.0012376237623762376 -0.0009765625 -0.0012376237623762376 -0.0009765625 -0.0012376237623762376
0  0.2529296875 0.629950495049505 0.0078125 0.01485148514851485 -0.0009765625 -0.0012376237623762376 -0.0009765625 -0.0012376237623762376 -0.0009765625 -0.0012376237623762376 -0.0009765625 -0.0012376237623762376 -0.0009765625 -0.0012376237623762376
0  0.16650390625 0.6720297029702971 0.0087890625 0.01485148514851485 -0.0009765625 -0.0012376237623762376 -0.0009765625 -0.0012376237623762376 -0.0009765625 -0.0012376237623762376 -0.0009765625 -0.0012376237623762376 -0.0009765625 -0.0012376237623762376
0  0.2919921875 0.6014851485148515 0.0078125 0.017326732673267328 -0.0009765625 -0.0012376237623762376 -0.0009765625 -0.0012376237623762376 -0.0009765625 -0.0012376237623762376 -0.0009765625 -0.0012376237623762376 -0.0009765625 -0.0012376237623762376
0  0.09716796875 0.6676980198019802 0.0126953125 0.023514851485148515 0.0952841796875 0.6659084158415841 0.101640625 0.6654603960396039 0.09881640625 0.6694876237623762 0.09634375 0.672769801980198 0.1004638671875 0.672769801980198
0  0.03466796875 0.6732673267326733 0.0107421875 0.017326732673267328 0.0336611328125 0.6709084158415842 0.0386962890625 0.6706757425742573 0.0364072265625 0.6745049504950495 0.03466796875 0.6785655940594059 0.038513671875 0.6783341584158417
0  0.04150390625 0.5872524752475248 0.0087890625 0.01608910891089109 -0.0009765625 -0.0012376237623762376 -0.0009765625 -0.0012376237623762376 -0.0009765625 -0.0012376237623762376 -0.0009765625 -0.0012376237623762376 -0.0009765625 -0.0012376237623762376
0  0.0283203125 0.6008663366336634 0.0078125 0.01608910891089109 0.030068359375 0.5979492574257426 0.03222265625 0.5988935643564357 0.0329677734375 0.6029876237623762 0.0289091796875 0.6044579207920792 0.0309794921875 0.6056126237623762
0  0.044921875 0.5612623762376238 0.009765625 0.01608910891089109 -0.0009765625 -0.0012376237623762376 -0.0009765625 -0.0012376237623762376 -0.0009765625 -0.0012376237623762376 -0.0009765625 -0.0012376237623762376 -0.0009765625 -0.0012376237623762376
0  0.11474609375 0.5773514851485149 0.0126953125 0.018564356435643563 0.11233984375 0.5750643564356436 0.11715234375 0.574174504950495 0.11474609375 0.5776051980198019 0.1136435546875 0.5819257425742574 0.1168515625 0.5816720297029703
0  0.18603515625 0.5792079207920792 0.0126953125 0.022277227722772276 0.18520703125 0.5759034653465346 0.1905341796875 0.5754727722772277 0.188267578125 0.5787772277227723 0.185546875 0.582799504950495 0.1908740234375 0.583230198019802
0  0.1943359375 0.5160891089108911 0.01171875 0.017326732673267328 0.1916201171875 0.5132660891089109 0.19610546875 0.5132660891089109 0.194 0.5160507425742574 0.1923525390625 0.5195309405940595 0.195556640625 0.5194158415841584
0  0.25341796875 0.5012376237623762 0.0107421875 0.017326732673267328 -0.0009765625 -0.0012376237623762376 -0.0009765625 -0.0012376237623762376 -0.0009765625 -0.0012376237623762376 -0.0009765625 -0.0012376237623762376 -0.0009765625 -0.0012376237623762376
0  0.27978515625 0.5389851485148515 0.0087890625 0.01608910891089109 -0.0009765625 -0.0012376237623762376 -0.0009765625 -0.0012376237623762376 -0.0009765625 -0.0012376237623762376 -0.0009765625 -0.0012376237623762376 -0.0009765625 -0.0012376237623762376
0  0.18212890625 0.530940594059406 0.0107421875 0.017326732673267328 0.181205078125 0.5270507425742574 0.185041015625 0.5271608910891089 0.1830361328125 0.5309183168316832 0.1814658203125 0.5334603960396039 0.184779296875 0.5334603960396039
0  0.16650390625 0.5532178217821783 0.0087890625 0.01485148514851485 -0.0009765625 -0.0012376237623762376 -0.0009765625 -0.0012376237623762376 -0.0009765625 -0.0012376237623762376 -0.0009765625 -0.0012376237623762376 -0.0009765625 -0.0012376237623762376
0  0.0888671875 0.5841584158415841 0.009765625 0.017326732673267328 -0.0009765625 -0.0012376237623762376 -0.0009765625 -0.0012376237623762376 -0.0009765625 -0.0012376237623762376 -0.0009765625 -0.0012376237623762376 -0.0009765625 -0.0012376237623762376
0  0.05322265625 0.530940594059406 0.0087890625 0.01485148514851485 -0.0009765625 -0.0012376237623762376 -0.0009765625 -0.0012376237623762376 -0.0009765625 -0.0012376237623762376 -0.0009765625 -0.0012376237623762376 -0.0009765625 -0.0012376237623762376
0  0.09912109375 0.5117574257425742 0.0068359375 0.013613861386138614 0.09615625 0.5057289603960397 0.100826171875 0.5054480198019802 0.09912109375 0.5080779702970297 0.0971943359375 0.510519801980198 0.1008994140625 0.5104257425742574
0  0.0673828125 0.49876237623762376 0.0078125 0.012376237623762377 -0.0009765625 -0.0012376237623762376 -0.0009765625 -0.0012376237623762376 -0.0009765625 -0.0012376237623762376 -0.0009765625 -0.0012376237623762376 -0.0009765625 -0.0012376237623762376
0  0.072265625 0.5414603960396039 0.009765625 0.013613861386138614 -0.0009765625 -0.0012376237623762376 -0.0009765625 -0.0012376237623762376 -0.0009765625 -0.0012376237623762376 -0.0009765625 -0.0012376237623762376 -0.0009765625 -0.0012376237623762376
0  0.01611328125 0.5724009900990099 0.0205078125 0.02599009900990099 -0.0009765625 -0.0012376237623762376 -0.0009765625 -0.0012376237623762376 -0.0009765625 -0.0012376237623762376 -0.0009765625 -0.0012376237623762376 -0.0009765625 -0.0012376237623762376
0  0.1064453125 0.619430693069307 0.0078125 0.018564356435643563 -0.0009765625 -0.0012376237623762376 -0.0009765625 -0.0012376237623762376 -0.0009765625 -0.0012376237623762376 -0.0009765625 -0.0012376237623762376 -0.0009765625 -0.0012376237623762376
0  0.05908203125 0.6806930693069307 0.0087890625 0.012376237623762377 -0.0009765625 -0.0012376237623762376 -0.0009765625 -0.0012376237623762376 -0.0009765625 -0.0012376237623762376 -0.0009765625 -0.0012376237623762376 -0.0009765625 -0.0012376237623762376
0  0.1279296875 0.41646039603960394 0.0078125 0.013613861386138614 -0.0009765625 -0.0012376237623762376 -0.0009765625 -0.0012376237623762376 -0.0009765625 -0.0012376237623762376 -0.0009765625 -0.0012376237623762376 -0.0009765625 -0.0012376237623762376
0  0.11376953125 0.46844059405940597 0.0087890625 0.01608910891089109 -0.0009765625 -0.0012376237623762376 -0.0009765625 -0.0012376237623762376 -0.0009765625 -0.0012376237623762376 -0.0009765625 -0.0012376237623762376 -0.0009765625 -0.0012376237623762376
0  0.126953125 0.46163366336633666 0.0078125 0.01485148514851485 -0.0009765625 -0.0012376237623762376 -0.0009765625 -0.0012376237623762376 -0.0009765625 -0.0012376237623762376 -0.0009765625 -0.0012376237623762376 -0.0009765625 -0.0012376237623762376
0  0.13330078125 0.45853960396039606 0.0068359375 0.011138613861386138 -0.0009765625 -0.0012376237623762376 -0.0009765625 -0.0012376237623762376 -0.0009765625 -0.0012376237623762376 -0.0009765625 -0.0012376237623762376 -0.0009765625 -0.0012376237623762376
0  0.14697265625 0.4542079207920792 0.0068359375 0.012376237623762377 -0.0009765625 -0.0012376237623762376 -0.0009765625 -0.0012376237623762376 -0.0009765625 -0.0012376237623762376 -0.0009765625 -0.0012376237623762376 -0.0009765625 -0.0012376237623762376
0  0.15966796875 0.4245049504950495 0.0068359375 0.009900990099009901 -0.0009765625 -0.0012376237623762376 -0.0009765625 -0.0012376237623762376 -0.0009765625 -0.0012376237623762376 -0.0009765625 -0.0012376237623762376 -0.0009765625 -0.0012376237623762376
0  0.212890625 0.5129950495049505 0.0078125 0.013613861386138614 -0.0009765625 -0.0012376237623762376 -0.0009765625 -0.0012376237623762376 -0.0009765625 -0.0012376237623762376 -0.0009765625 -0.0012376237623762376 -0.0009765625 -0.0012376237623762376
0  0.181640625 0.38613861386138615 0.0078125 0.012376237623762377 -0.0009765625 -0.0012376237623762376 -0.0009765625 -0.0012376237623762376 -0.0009765625 -0.0012376237623762376 -0.0009765625 -0.0012376237623762376 -0.0009765625 -0.0012376237623762376
0  0.18603515625 0.3694306930693069 0.0068359375 0.011138613861386138 -0.0009765625 -0.0012376237623762376 -0.0009765625 -0.0012376237623762376 -0.0009765625 -0.0012376237623762376 -0.0009765625 -0.0012376237623762376 -0.0009765625 -0.0012376237623762376
0  0.197265625 0.3681930693069307 0.005859375 0.011138613861386138 -0.0009765625 -0.0012376237623762376 -0.0009765625 -0.0012376237623762376 -0.0009765625 -0.0012376237623762376 -0.0009765625 -0.0012376237623762376 -0.0009765625 -0.0012376237623762376
0  0.2509765625 0.3805693069306931 0.0078125 0.013613861386138614 -0.0009765625 -0.0012376237623762376 -0.0009765625 -0.0012376237623762376 -0.0009765625 -0.0012376237623762376 -0.0009765625 -0.0012376237623762376 -0.0009765625 -0.0012376237623762376
0  0.21533203125 0.3681930693069307 0.0048828125 0.008663366336633664 -0.0009765625 -0.0012376237623762376 -0.0009765625 -0.0012376237623762376 -0.0009765625 -0.0012376237623762376 -0.0009765625 -0.0012376237623762376 -0.0009765625 -0.0012376237623762376
0  0.2783203125 0.41336633663366334 0.0078125 0.012376237623762377 -0.0009765625 -0.0012376237623762376 -0.0009765625 -0.0012376237623762376 -0.0009765625 -0.0012376237623762376 -0.0009765625 -0.0012376237623762376 -0.0009765625 -0.0012376237623762376
0  0.3515625 0.42698019801980197 0.0078125 0.012376237623762377 -0.0009765625 -0.0012376237623762376 -0.0009765625 -0.0012376237623762376 -0.0009765625 -0.0012376237623762376 -0.0009765625 -0.0012376237623762376 -0.0009765625 -0.0012376237623762376
0  0.400390625 0.4207920792079208 0.0078125 0.012376237623762377 -0.0009765625 -0.0012376237623762376 -0.0009765625 -0.0012376237623762376 -0.0009765625 -0.0012376237623762376 -0.0009765625 -0.0012376237623762376 -0.0009765625 -0.0012376237623762376
0  0.3798828125 0.49195544554455445 0.0078125 0.013613861386138614 -0.0009765625 -0.0012376237623762376 -0.0009765625 -0.0012376237623762376 -0.0009765625 -0.0012376237623762376 -0.0009765625 -0.0012376237623762376 -0.0009765625 -0.0012376237623762376
0  0.39892578125 0.4801980198019802 0.0068359375 0.012376237623762377 -0.0009765625 -0.0012376237623762376 -0.0009765625 -0.0012376237623762376 -0.0009765625 -0.0012376237623762376 -0.0009765625 -0.0012376237623762376 -0.0009765625 -0.0012376237623762376
0  0.27734375 0.39232673267326734 0.005859375 0.009900990099009901 -0.0009765625 -0.0012376237623762376 -0.0009765625 -0.0012376237623762376 -0.0009765625 -0.0012376237623762376 -0.0009765625 -0.0012376237623762376 -0.0009765625 -0.0012376237623762376
0  0.41650390625 0.390470297029703 0.0068359375 0.011138613861386138 -0.0009765625 -0.0012376237623762376 -0.0009765625 -0.0012376237623762376 -0.0009765625 -0.0012376237623762376 -0.0009765625 -0.0012376237623762376 -0.0009765625 -0.0012376237623762376
0  0.37939453125 0.4313118811881188 0.0068359375 0.011138613861386138 -0.0009765625 -0.0012376237623762376 -0.0009765625 -0.0012376237623762376 -0.0009765625 -0.0012376237623762376 -0.0009765625 -0.0012376237623762376 -0.0009765625 -0.0012376237623762376
0  0.314453125 0.47648514851485146 0.005859375 0.012376237623762377 -0.0009765625 -0.0012376237623762376 -0.0009765625 -0.0012376237623762376 -0.0009765625 -0.0012376237623762376 -0.0009765625 -0.0012376237623762376 -0.0009765625 -0.0012376237623762376
0  0.2490234375 0.4542079207920792 0.005859375 0.012376237623762377 -0.0009765625 -0.0012376237623762376 -0.0009765625 -0.0012376237623762376 -0.0009765625 -0.0012376237623762376 -0.0009765625 -0.0012376237623762376 -0.0009765625 -0.0012376237623762376
0  0.33984375 0.3805693069306931 0.005859375 0.011138613861386138 -0.0009765625 -0.0012376237623762376 -0.0009765625 -0.0012376237623762376 -0.0009765625 -0.0012376237623762376 -0.0009765625 -0.0012376237623762376 -0.0009765625 -0.0012376237623762376
0  0.521484375 0.5117574257425742 0.009765625 0.01608910891089109 0.5195048828125 0.5090495049504951 0.5242265625 0.5088403465346534 0.521990234375 0.511779702970297 0.5204990234375 0.5145086633663366 0.5229013671875 0.5144034653465346
0  0.43994140625 0.49257425742574257 0.0087890625 0.01485148514851485 -0.0009765625 -0.0012376237623762376 -0.0009765625 -0.0012376237623762376 -0.0009765625 -0.0012376237623762376 -0.0009765625 -0.0012376237623762376 -0.0009765625 -0.0012376237623762376
0  0.66259765625 0.5111386138613861 0.0087890625 0.01485148514851485 0.6620087890625 0.508 0.6669794921875 0.5084207920792079 0.6638310546875 0.5121992574257426 0.6621748046875 0.5140891089108911 0.66507421875 0.5147190594059405
0  0.626953125 0.5167079207920792 0.0078125 0.01608910891089109 -0.0009765625 -0.0012376237623762376 -0.0009765625 -0.0012376237623762376 -0.0009765625 -0.0012376237623762376 -0.0009765625 -0.0012376237623762376 -0.0009765625 -0.0012376237623762376
0  0.53369140625 0.5148514851485149 0.0087890625 0.01485148514851485 -0.0009765625 -0.0012376237623762376 -0.0009765625 -0.0012376237623762376 -0.0009765625 -0.0012376237623762376 -0.0009765625 -0.0012376237623762376 -0.0009765625 -0.0012376237623762376
0  0.6611328125 0.573019801980198 0.0078125 0.017326732673267328 -0.0009765625 -0.0012376237623762376 -0.0009765625 -0.0012376237623762376 -0.0009765625 -0.0012376237623762376 -0.0009765625 -0.0012376237623762376 -0.0009765625 -0.0012376237623762376
0  0.8623046875 0.5866336633663366 0.009765625 0.017326732673267328 -0.0009765625 -0.0012376237623762376 -0.0009765625 -0.0012376237623762376 -0.0009765625 -0.0012376237623762376 -0.0009765625 -0.0012376237623762376 -0.0009765625 -0.0012376237623762376
0  0.8125 0.5853960396039604 0.009765625 0.019801980198019802 0.80990625 0.5819814356435643 0.8154208984375 0.5827438118811882 0.8118115234375 0.5865569306930692 0.8109091796875 0.5894789603960395 0.81471875 0.5901138613861386
0  0.7724609375 0.5550742574257426 0.0078125 0.01608910891089109 -0.0009765625 -0.0012376237623762376 -0.0009765625 -0.0012376237623762376 -0.0009765625 -0.0012376237623762376 -0.0009765625 -0.0012376237623762376 -0.0009765625 -0.0012376237623762376
0  0.80029296875 0.536509900990099 0.0087890625 0.018564356435643563 -0.0009765625 -0.0012376237623762376 -0.0009765625 -0.0012376237623762376 -0.0009765625 -0.0012376237623762376 -0.0009765625 -0.0012376237623762376 -0.0009765625 -0.0012376237623762376
0  0.83349609375 0.5167079207920792 0.0087890625 0.013613861386138614 -0.0009765625 -0.0012376237623762376 -0.0009765625 -0.0012376237623762376 -0.0009765625 -0.0012376237623762376 -0.0009765625 -0.0012376237623762376 -0.0009765625 -0.0012376237623762376
0  0.86279296875 0.5402227722772277 0.0087890625 0.013613861386138614 0.8607705078125 0.5383663366336634 0.86572265625 0.5381014851485149 0.8634208984375 0.5412834158415842 0.862025390625 0.5459690594059405 0.86572265625 0.5458799504950496
0  0.86279296875 0.5563118811881188 0.0087890625 0.01608910891089109 -0.0009765625 -0.0012376237623762376 -0.0009765625 -0.0012376237623762376 -0.0009765625 -0.0012376237623762376 -0.0009765625 -0.0012376237623762376 -0.0009765625 -0.0012376237623762376
0  0.76220703125 0.629950495049505 0.0068359375 0.012376237623762377 -0.0009765625 -0.0012376237623762376 -0.0009765625 -0.0012376237623762376 -0.0009765625 -0.0012376237623762376 -0.0009765625 -0.0012376237623762376 -0.0009765625 -0.0012376237623762376
0  0.7431640625 0.5185643564356436 0.0078125 0.012376237623762377 -0.0009765625 -0.0012376237623762376 -0.0009765625 -0.0012376237623762376 -0.0009765625 -0.0012376237623762376 -0.0009765625 -0.0012376237623762376 -0.0009765625 -0.0012376237623762376
0  0.8291015625 0.5074257425742574 0.009765625 0.017326732673267328 -0.0009765625 -0.0012376237623762376 -0.0009765625 -0.0012376237623762376 -0.0009765625 -0.0012376237623762376 -0.0009765625 -0.0012376237623762376 -0.0009765625 -0.0012376237623762376
0  0.884765625 0.5173267326732673 0.005859375 0.012376237623762377 -0.0009765625 -0.0012376237623762376 -0.0009765625 -0.0012376237623762376 -0.0009765625 -0.0012376237623762376 -0.0009765625 -0.0012376237623762376 -0.0009765625 -0.0012376237623762376
0  0.96484375 0.5847772277227723 0.009765625 0.01608910891089109 -0.0009765625 -0.0012376237623762376 -0.0009765625 -0.0012376237623762376 -0.0009765625 -0.0012376237623762376 -0.0009765625 -0.0012376237623762376 -0.0009765625 -0.0012376237623762376
0  0.94921875 0.5810643564356436 0.0078125 0.018564356435643563 -0.0009765625 -0.0012376237623762376 -0.0009765625 -0.0012376237623762376 -0.0009765625 -0.0012376237623762376 -0.0009765625 -0.0012376237623762376 -0.0009765625 -0.0012376237623762376
0  0.8818359375 0.7023514851485149 0.0078125 0.01608910891089109 -0.0009765625 -0.0012376237623762376 -0.0009765625 -0.0012376237623762376 -0.0009765625 -0.0012376237623762376 -0.0009765625 -0.0012376237623762376 -0.0009765625 -0.0012376237623762376
0  0.9423828125 0.6912128712871287 0.0078125 0.01608910891089109 -0.0009765625 -0.0012376237623762376 -0.0009765625 -0.0012376237623762376 -0.0009765625 -0.0012376237623762376 -0.0009765625 -0.0012376237623762376 -0.0009765625 -0.0012376237623762376
0  0.7607421875 0.4783415841584158 0.0078125 0.013613861386138614 -0.0009765625 -0.0012376237623762376 -0.0009765625 -0.0012376237623762376 -0.0009765625 -0.0012376237623762376 -0.0009765625 -0.0012376237623762376 -0.0009765625 -0.0012376237623762376
0  0.755859375 0.4628712871287129 0.0078125 0.01485148514851485 0.7547607421875 0.46207549504950496 0.75852734375 0.4618762376237624 0.757193359375 0.46535767326732674 0.7556240234375 0.468539603960396 0.7587626953125 0.46834158415841587
0  0.65966796875 0.46905940594059403 0.0087890625 0.01485148514851485 -0.0009765625 -0.0012376237623762376 -0.0009765625 -0.0012376237623762376 -0.0009765625 -0.0012376237623762376 -0.0009765625 -0.0012376237623762376 -0.0009765625 -0.0012376237623762376
0  0.66796875 0.44183168316831684 0.009765625 0.01485148514851485 0.66575390625 0.4413341584158416 0.6702265625 0.441434405940594 0.667951171875 0.44471534653465344 0.666146484375 0.4473019801980198 0.669755859375 0.4473019801980198
0  0.7109375 0.44801980198019803 0.005859375 0.009900990099009901 -0.0009765625 -0.0012376237623762376 -0.0009765625 -0.0012376237623762376 -0.0009765625 -0.0012376237623762376 -0.0009765625 -0.0012376237623762376 -0.0009765625 -0.0012376237623762376
0  0.7265625 0.4597772277227723 0.005859375 0.011138613861386138 -0.0009765625 -0.0012376237623762376 -0.0009765625 -0.0012376237623762376 -0.0009765625 -0.0012376237623762376 -0.0009765625 -0.0012376237623762376 -0.0009765625 -0.0012376237623762376
0  0.7373046875 0.45482673267326734 0.0078125 0.011138613861386138 -0.0009765625 -0.0012376237623762376 -0.0009765625 -0.0012376237623762376 -0.0009765625 -0.0012376237623762376 -0.0009765625 -0.0012376237623762376 -0.0009765625 -0.0012376237623762376
0  0.80859375 0.4573019801980198 0.0078125 0.011138613861386138 -0.0009765625 -0.0012376237623762376 -0.0009765625 -0.0012376237623762376 -0.0009765625 -0.0012376237623762376 -0.0009765625 -0.0012376237623762376 -0.0009765625 -0.0012376237623762376
0  0.78515625 0.4158415841584158 0.0078125 0.012376237623762377 -0.0009765625 -0.0012376237623762376 -0.0009765625 -0.0012376237623762376 -0.0009765625 -0.0012376237623762376 -0.0009765625 -0.0012376237623762376 -0.0009765625 -0.0012376237623762376
0  0.84033203125 0.42883663366336633 0.0087890625 0.01608910891089109 0.8389326171875 0.42654950495049504 0.842494140625 0.4264443069306931 0.8407548828125 0.4285433168316831 0.839595703125 0.43074876237623766 0.8425771484375 0.43106311881188114
0  0.8798828125 0.44925742574257427 0.009765625 0.01485148514851485 -0.0009765625 -0.0012376237623762376 -0.0009765625 -0.0012376237623762376 -0.0009765625 -0.0012376237623762376 -0.0009765625 -0.0012376237623762376 -0.0009765625 -0.0012376237623762376
0  0.8876953125 0.4275990099009901 0.0078125 0.013613861386138614 -0.0009765625 -0.0012376237623762376 -0.0009765625 -0.0012376237623762376 -0.0009765625 -0.0012376237623762376 -0.0009765625 -0.0012376237623762376 -0.0009765625 -0.0012376237623762376
0  0.75732421875 0.3725247524752475 0.0068359375 0.009900990099009901 -0.0009765625 -0.0012376237623762376 -0.0009765625 -0.0012376237623762376 -0.0009765625 -0.0012376237623762376 -0.0009765625 -0.0012376237623762376 -0.0009765625 -0.0012376237623762376
0  0.67041015625 0.41089108910891087 0.0068359375 0.012376237623762377 -0.0009765625 -0.0012376237623762376 -0.0009765625 -0.0012376237623762376 -0.0009765625 -0.0012376237623762376 -0.0009765625 -0.0012376237623762376 -0.0009765625 -0.0012376237623762376
0  0.798828125 0.36695544554455445 0.005859375 0.011138613861386138 -0.0009765625 -0.0012376237623762376 -0.0009765625 -0.0012376237623762376 -0.0009765625 -0.0012376237623762376 -0.0009765625 -0.0012376237623762376 -0.0009765625 -0.0012376237623762376
0  0.73681640625 0.3353960396039604 0.0068359375 0.009900990099009901 -0.0009765625 -0.0012376237623762376 -0.0009765625 -0.0012376237623762376 -0.0009765625 -0.0012376237623762376 -0.0009765625 -0.0012376237623762376 -0.0009765625 -0.0012376237623762376
0  0.58203125 0.4176980198019802 0.0078125 0.011138613861386138 0.581359375 0.41607425742574256 0.5831298828125 0.41607425742574256 0.58221484375 0.41785272277227725 0.581359375 0.41955445544554454 0.58282421875 0.41947772277227724
0  0.50244140625 0.4405940594059406 0.0087890625 0.012376237623762377 -0.0009765625 -0.0012376237623762376 -0.0009765625 -0.0012376237623762376 -0.0009765625 -0.0012376237623762376 -0.0009765625 -0.0012376237623762376 -0.0009765625 -0.0012376237623762376
0  0.50146484375 0.41646039603960394 0.0048828125 0.011138613861386138 -0.0009765625 -0.0012376237623762376 -0.0009765625 -0.0012376237623762376 -0.0009765625 -0.0012376237623762376 -0.0009765625 -0.0012376237623762376 -0.0009765625 -0.0012376237623762376
0  0.4560546875 0.22834158415841585 0.00390625 0.006188118811881188 -0.0009765625 -0.0012376237623762376 -0.0009765625 -0.0012376237623762376 -0.0009765625 -0.0012376237623762376 -0.0009765625 -0.0012376237623762376 -0.0009765625 -0.0012376237623762376
0  0.4296875 0.23886138613861385 0.00390625 0.007425742574257425 -0.0009765625 -0.0012376237623762376 -0.0009765625 -0.0012376237623762376 -0.0009765625 -0.0012376237623762376 -0.0009765625 -0.0012376237623762376 -0.0009765625 -0.0012376237623762376
0  0.40966796875 0.2599009900990099 0.0048828125 0.007425742574257425 -0.0009765625 -0.0012376237623762376 -0.0009765625 -0.0012376237623762376 -0.0009765625 -0.0012376237623762376 -0.0009765625 -0.0012376237623762376 -0.0009765625 -0.0012376237623762376
0  0.42431640625 0.2524752475247525 0.0048828125 0.007425742574257425 -0.0009765625 -0.0012376237623762376 -0.0009765625 -0.0012376237623762376 -0.0009765625 -0.0012376237623762376 -0.0009765625 -0.0012376237623762376 -0.0009765625 -0.0012376237623762376
0  0.4345703125 0.25866336633663367 0.00390625 0.007425742574257425 -0.0009765625 -0.0012376237623762376 -0.0009765625 -0.0012376237623762376 -0.0009765625 -0.0012376237623762376 -0.0009765625 -0.0012376237623762376 -0.0009765625 -0.0012376237623762376
0  0.39501953125 0.24628712871287128 0.0048828125 0.007425742574257425 -0.0009765625 -0.0012376237623762376 -0.0009765625 -0.0012376237623762376 -0.0009765625 -0.0012376237623762376 -0.0009765625 -0.0012376237623762376 -0.0009765625 -0.0012376237623762376
0  0.39599609375 0.2747524752475248 0.0048828125 0.007425742574257425 -0.0009765625 -0.0012376237623762376 -0.0009765625 -0.0012376237623762376 -0.0009765625 -0.0012376237623762376 -0.0009765625 -0.0012376237623762376 -0.0009765625 -0.0012376237623762376
0  0.25830078125 0.3125 0.0068359375 0.011138613861386138 -0.0009765625 -0.0012376237623762376 -0.0009765625 -0.0012376237623762376 -0.0009765625 -0.0012376237623762376 -0.0009765625 -0.0012376237623762376 -0.0009765625 -0.0012376237623762376
0  0.83056640625 0.5488861386138614 0.0068359375 0.013613861386138614 -0.0009765625 -0.0012376237623762376 -0.0009765625 -0.0012376237623762376 -0.0009765625 -0.0012376237623762376 -0.0009765625 -0.0012376237623762376 -0.0009765625 -0.0012376237623762376
0  0.99267578125 0.5779702970297029 0.0107421875 0.019801980198019802 0.988978515625 0.575190594059406 0.994193359375 0.5740470297029703 0.9919873046875 0.5795123762376237 0.9914853515625 0.5833242574257426 0.9949951171875 0.5826881188118812
0  0.9072265625 0.880569306930693 0.013671875 0.023514851485148515 0.903560546875 0.8780334158415842 0.908857421875 0.8777351485148516 0.90508984375 0.8831051980198019 0.906267578125 0.8875804455445544 0.9094453125 0.8868341584158416
0  0.779296875 0.8391089108910891 0.009765625 0.019801980198019802 -0.0009765625 -0.0012376237623762376 -0.0009765625 -0.0012376237623762376 -0.0009765625 -0.0012376237623762376 -0.0009765625 -0.0012376237623762376 -0.0009765625 -0.0012376237623762376
0  0.65380859375 0.8285891089108911 0.0126953125 0.02103960396039604 -0.0009765625 -0.0012376237623762376 -0.0009765625 -0.0012376237623762376 -0.0009765625 -0.0012376237623762376 -0.0009765625 -0.0012376237623762376 -0.0009765625 -0.0012376237623762376
0  0.5751953125 0.2685643564356436 0.00390625 0.007425742574257425 -0.0009765625 -0.0012376237623762376 -0.0009765625 -0.0012376237623762376 -0.0009765625 -0.0012376237623762376 -0.0009765625 -0.0012376237623762376 -0.0009765625 -0.0012376237623762376
0  0.6376953125 0.29764851485148514 0.00390625 0.008663366336633664 -0.0009765625 -0.0012376237623762376 -0.0009765625 -0.0012376237623762376 -0.0009765625 -0.0012376237623762376 -0.0009765625 -0.0012376237623762376 -0.0009765625 -0.0012376237623762376
0  0.62939453125 0.30198019801980197 0.0048828125 0.007425742574257425 -0.0009765625 -0.0012376237623762376 -0.0009765625 -0.0012376237623762376 -0.0009765625 -0.0012376237623762376 -0.0009765625 -0.0012376237623762376 -0.0009765625 -0.0012376237623762376
0  0.26123046875 0.18626237623762376 0.0107421875 0.013613861386138614 -0.0009765625 -0.0012376237623762376 -0.0009765625 -0.0012376237623762376 -0.0009765625 -0.0012376237623762376 -0.0009765625 -0.0012376237623762376 -0.0009765625 -0.0012376237623762376
0  0.1162109375 0.6454207920792079 0.013671875 0.018564356435643563 -0.0009765625 -0.0012376237623762376 -0.0009765625 -0.0012376237623762376 -0.0009765625 -0.0012376237623762376 -0.0009765625 -0.0012376237623762376 -0.0009765625 -0.0012376237623762376
0  0.8134765625 0.4771039603960396 0.009765625 0.018564356435643563 0.8135029296875 0.47748514851485147 0.818716796875 0.4773576732673267 0.8165107421875 0.4823143564356435 0.81490625 0.48460148514851487 0.8188173828125 0.4844740099009901
0  0.7607421875 0.3935643564356436 0.0078125 0.019801980198019802 -0.0009765625 -0.0012376237623762376 -0.0009765625 -0.0012376237623762376 -0.0009765625 -0.0012376237623762376 -0.0009765625 -0.0012376237623762376 -0.0009765625 -0.0012376237623762376
0  0.9521484375 0.7660891089108911 0.013671875 0.022277227722772276 -0.0009765625 -0.0012376237623762376 -0.0009765625 -0.0012376237623762376 -0.0009765625 -0.0012376237623762376 -0.0009765625 -0.0012376237623762376 -0.0009765625 -0.0012376237623762376
0  0.88623046875 0.5952970297029703 0.0126953125 0.022277227722772276 -0.0009765625 -0.0012376237623762376 -0.0009765625 -0.0012376237623762376 -0.0009765625 -0.0012376237623762376 -0.0009765625 -0.0012376237623762376 -0.0009765625 -0.0012376237623762376
0  0.0234375 0.47339108910891087 0.009765625 0.013613861386138614 -0.0009765625 -0.0012376237623762376 -0.0009765625 -0.0012376237623762376 -0.0009765625 -0.0012376237623762376 -0.0009765625 -0.0012376237623762376 -0.0009765625 -0.0012376237623762376
0  0.33544921875 0.5643564356435643 0.0107421875 0.019801980198019802 -0.0009765625 -0.0012376237623762376 -0.0009765625 -0.0012376237623762376 -0.0009765625 -0.0012376237623762376 -0.0009765625 -0.0012376237623762376 -0.0009765625 -0.0012376237623762376
0  0.3505859375 0.5340346534653465 0.01171875 0.01608910891089109 -0.0009765625 -0.0012376237623762376 -0.0009765625 -0.0012376237623762376 -0.0009765625 -0.0012376237623762376 -0.0009765625 -0.0012376237623762376 -0.0009765625 -0.0012376237623762376
0  0.37109375 0.5241336633663366 0.009765625 0.01608910891089109 -0.0009765625 -0.0012376237623762376 -0.0009765625 -0.0012376237623762376 -0.0009765625 -0.0012376237623762376 -0.0009765625 -0.0012376237623762376 -0.0009765625 -0.0012376237623762376
0  0.35693359375 0.5754950495049505 0.0107421875 0.017326732673267328 -0.0009765625 -0.0012376237623762376 -0.0009765625 -0.0012376237623762376 -0.0009765625 -0.0012376237623762376 -0.0009765625 -0.0012376237623762376 -0.0009765625 -0.0012376237623762376
0  0.1533203125 0.44925742574257427 0.009765625 0.017326732673267328 -0.0009765625 -0.0012376237623762376 -0.0009765625 -0.0012376237623762376 -0.0009765625 -0.0012376237623762376 -0.0009765625 -0.0012376237623762376 -0.0009765625 -0.0012376237623762376
0  0.357421875 0.625 0.013671875 0.019801980198019802 -0.0009765625 -0.0012376237623762376 -0.0009765625 -0.0012376237623762376 -0.0009765625 -0.0012376237623762376 -0.0009765625 -0.0012376237623762376 -0.0009765625 -0.0012376237623762376
0  0.43017578125 0.6676980198019802 0.0107421875 0.02103960396039604 -0.0009765625 -0.0012376237623762376 -0.0009765625 -0.0012376237623762376 -0.0009765625 -0.0012376237623762376 -0.0009765625 -0.0012376237623762376 -0.0009765625 -0.0012376237623762376
0  0.55615234375 0.6986386138613861 0.0107421875 0.02103960396039604 -0.0009765625 -0.0012376237623762376 -0.0009765625 -0.0012376237623762376 -0.0009765625 -0.0012376237623762376 -0.0009765625 -0.0012376237623762376 -0.0009765625 -0.0012376237623762376
0  0.08349609375 0.7085396039603961 0.0107421875 0.018564356435643563 -0.0009765625 -0.0012376237623762376 -0.0009765625 -0.0012376237623762376 -0.0009765625 -0.0012376237623762376 -0.0009765625 -0.0012376237623762376 -0.0009765625 -0.0012376237623762376
0  0.26220703125 0.6751237623762376 0.0087890625 0.01608910891089109 -0.0009765625 -0.0012376237623762376 -0.0009765625 -0.0012376237623762376 -0.0009765625 -0.0012376237623762376 -0.0009765625 -0.0012376237623762376 -0.0009765625 -0.0012376237623762376
0  0.021484375 0.33663366336633666 0.0078125 0.012376237623762377 -0.0009765625 -0.0012376237623762376 -0.0009765625 -0.0012376237623762376 -0.0009765625 -0.0012376237623762376 -0.0009765625 -0.0012376237623762376 -0.0009765625 -0.0012376237623762376
0  0.07861328125 0.3873762376237624 0.0107421875 0.01485148514851485 -0.0009765625 -0.0012376237623762376 -0.0009765625 -0.0012376237623762376 -0.0009765625 -0.0012376237623762376 -0.0009765625 -0.0012376237623762376 -0.0009765625 -0.0012376237623762376
