0  0.9853515625 0.1063049853372434 0.015625 0.036656891495601175 0.983625 0.10062316715542521 0.9906875 0.10156598240469208 0.987548828125 0.1060425219941349 0.983625 0.11287683284457478 0.9891181640625 0.11405571847507331
0  0.8623046875 0.11656891495601172 0.017578125 0.03372434017595308 0.8600029296875 0.11078299120234604 0.866908203125 0.11164662756598241 0.863599609375 0.11812609970674487 0.8607216796875 0.1233108504398827 0.86561328125 0.12352785923753665
0  0.8271484375 0.19501466275659823 0.015625 0.03225806451612903 0.825984375 0.1910351906158358 0.832201171875 0.19143988269794723 0.8299033203125 0.196108504398827 0.826119140625 0.20097800586510264 0.8323359375 0.20118035190615838
0  0.89453125 0.1348973607038123 0.009765625 0.017595307917888565 -0.0009765625 -0.001466275659824047 -0.0009765625 -0.001466275659824047 -0.0009765625 -0.001466275659824047 -0.0009765625 -0.001466275659824047 -0.0009765625 -0.001466275659824047
0  0.75048828125 0.11730205278592376 0.0087890625 0.020527859237536656 -0.0009765625 -0.001466275659824047 -0.0009765625 -0.001466275659824047 -0.0009765625 -0.001466275659824047 -0.0009765625 -0.001466275659824047 -0.0009765625 -0.001466275659824047
0  0.70556640625 0.10043988269794721 0.0107421875 0.01906158357771261 -0.0009765625 -0.001466275659824047 -0.0009765625 -0.001466275659824047 -0.0009765625 -0.001466275659824047 -0.0009765625 -0.001466275659824047 -0.0009765625 -0.001466275659824047
0  0.76416015625 0.08651026392961877 0.0068359375 0.01466275659824047 -0.0009765625 -0.001466275659824047 -0.0009765625 -0.001466275659824047 -0.0009765625 -0.001466275659824047 -0.0009765625 -0.001466275659824047 -0.0009765625 -0.001466275659824047
0  0.78564453125 0.10410557184750734 0.0087890625 0.017595307917888565 0.7853916015625 0.10481231671554252 0.78774609375 0.10481231671554252 0.7867255859375 0.10669794721407624 0.785705078125 0.10881818181818181 0.787431640625 0.10858357771260997
0  0.59912109375 0.10777126099706745 0.0205078125 0.04252199413489736 0.595236328125 0.101866568914956 0.60453125 0.10159824046920822 0.5998837890625 0.10964956011730206 0.59487890625 0.11635923753665689 0.6029228515625 0.11635923753665689
0  0.615234375 0.11730205278592376 0.009765625 0.03225806451612903 -0.0009765625 -0.001466275659824047 -0.0009765625 -0.001466275659824047 -0.0009765625 -0.001466275659824047 -0.0009765625 -0.001466275659824047 -0.0009765625 -0.001466275659824047
0  0.57373046875 0.125366568914956 0.0146484375 0.03372434017595308 0.570365234375 0.12174046920821115 0.5777021484375 0.12130791788856304 0.5742490234375 0.1271407624633431 0.571515625 0.1327565982404692 0.576119140625 0.13232551319648092
0  0.52587890625 0.12756598240469208 0.0166015625 0.03812316715542522 0.526197265625 0.12271554252199413 0.5318427734375 0.12368475073313782 0.5303916015625 0.1324032258064516 0.525390625 0.1370058651026393 0.527810546875 0.1377316715542522
0  0.48828125 0.14809384164222875 0.01171875 0.026392961876832845 0.486044921875 0.14241202346041057 0.4925185546875 0.14205865102639295 0.490046875 0.1477140762463343 0.48745703125 0.15319354838709676 0.4915771484375 0.15284017595307917
0  0.490234375 0.09970674486803519 0.01171875 0.03225806451612903 -0.0009765625 -0.001466275659824047 -0.0009765625 -0.001466275659824047 -0.0009765625 -0.001466275659824047 -0.0009765625 -0.001466275659824047 -0.0009765625 -0.001466275659824047
0  0.5166015625 0.09310850439882698 0.013671875 0.021994134897360705 -0.0009765625 -0.001466275659824047 -0.0009765625 -0.001466275659824047 -0.0009765625 -0.001466275659824047 -0.0009765625 -0.001466275659824047 -0.0009765625 -0.001466275659824047
0  0.4384765625 0.093841642228739 0.013671875 0.026392961876832845 -0.0009765625 -0.001466275659824047 -0.0009765625 -0.001466275659824047 -0.0009765625 -0.001466275659824047 -0.0009765625 -0.001466275659824047 -0.0009765625 -0.001466275659824047
0  0.4228515625 0.09457478005865103 0.013671875 0.04252199413489736 0.4228037109375 0.08840175953079178 0.42923828125 0.08893841642228739 0.4269150390625 0.09537976539589443 0.4228037109375 0.10047947214076247 0.4283447265625 0.10101612903225807
0  0.41455078125 0.07551319648093842 0.0146484375 0.024926686217008796 -0.0009765625 -0.001466275659824047 -0.0009765625 -0.001466275659824047 -0.0009765625 -0.001466275659824047 -0.0009765625 -0.001466275659824047 -0.0009765625 -0.001466275659824047
0  0.3984375 0.10777126099706745 0.017578125 0.030791788856304986 0.3951943359375 0.10269794721407625 0.4022216796875 0.1031041055718475 0.3997890625 0.10817741935483871 0.3973564453125 0.11385923753665689 0.4016806640625 0.11446774193548385
0  0.4287109375 0.14736070381231672 0.01953125 0.030791788856304986 -0.0009765625 -0.001466275659824047 -0.0009765625 -0.001466275659824047 -0.0009765625 -0.001466275659824047 -0.0009765625 -0.001466275659824047 -0.0009765625 -0.001466275659824047
0  0.373046875 0.13416422287390029 0.025390625 0.04838709677419355 0.3685390625 0.1323181818181818 0.3806279296875 0.1301642228739003 0.3746865234375 0.1369325513196481 0.3716123046875 0.1477008797653959 0.3785791015625 0.14677859237536656
0  0.36767578125 0.08797653958944282 0.0107421875 0.02932551319648094 -0.0009765625 -0.001466275659824047 -0.0009765625 -0.001466275659824047 -0.0009765625 -0.001466275659824047 -0.0009765625 -0.001466275659824047 -0.0009765625 -0.001466275659824047
0  0.296875 0.10263929618768329 0.01953125 0.04105571847507331 0.2942939453125 0.09845014662756599 0.3014443359375 0.09818768328445747 0.2983046875 0.10525806451612904 0.2948173828125 0.10944721407624633 0.3021416015625 0.10944721407624633
0  0.30419921875 0.17521994134897362 0.0244140625 0.04252199413489736 -0.0009765625 -0.001466275659824047 -0.0009765625 -0.001466275659824047 -0.0009765625 -0.001466275659824047 -0.0009765625 -0.001466275659824047 -0.0009765625 -0.001466275659824047
0  0.26416015625 0.07404692082111437 0.0166015625 0.03372434017595308 0.26288671875 0.07286803519061583 0.2694091796875 0.07286803519061583 0.26851953125 0.07909970674486803 0.2637763671875 0.08266129032258064 0.267482421875 0.08221554252199413
0  0.32080078125 0.07624633431085044 0.0146484375 0.03225806451612903 -0.0009765625 -0.001466275659824047 -0.0009765625 -0.001466275659824047 -0.0009765625 -0.001466275659824047 -0.0009765625 -0.001466275659824047 -0.0009765625 -0.001466275659824047
0  0.19677734375 0.07551319648093842 0.0146484375 0.03372434017595308 -0.0009765625 -0.001466275659824047 -0.0009765625 -0.001466275659824047 -0.0009765625 -0.001466275659824047 -0.0009765625 -0.001466275659824047 -0.0009765625 -0.001466275659824047
0  0.2529296875 0.07551319648093842 0.01171875 0.02785923753665689 -0.0009765625 -0.001466275659824047 -0.0009765625 -0.001466275659824047 -0.0009765625 -0.001466275659824047 -0.0009765625 -0.001466275659824047 -0.0009765625 -0.001466275659824047
0  0.357421875 0.08357771260997067 0.0078125 0.02346041055718475 -0.0009765625 -0.001466275659824047 -0.0009765625 -0.001466275659824047 -0.0009765625 -0.001466275659824047 -0.0009765625 -0.001466275659824047 -0.0009765625 -0.001466275659824047
0  0.384765625 0.0813782991202346 0.0078125 0.024926686217008796 -0.0009765625 -0.001466275659824047 -0.0009765625 -0.001466275659824047 -0.0009765625 -0.001466275659824047 -0.0009765625 -0.001466275659824047 -0.0009765625 -0.001466275659824047
0  0.1533203125 0.08211143695014662 0.015625 0.02346041055718475 -0.0009765625 -0.001466275659824047 -0.0009765625 -0.001466275659824047 -0.0009765625 -0.001466275659824047 -0.0009765625 -0.001466275659824047 -0.0009765625 -0.001466275659824047
0  0.13134765625 0.0593841642228739 0.0146484375 0.03372434017595308 0.12740625 0.05664809384164223 0.1339287109375 0.05664809384164223 0.1312607421875 0.062434017595307915 0.128740234375 0.0684442815249267 0.132890625 0.06822140762463343
0  0.03173828125 0.11510263929618768 0.0244140625 0.04838709677419355 0.028529296875 0.1062008797653959 0.0381552734375 0.10777126099706745 0.0337607421875 0.11374046920821114 0.028529296875 0.12253812316715543 0.0360634765625 0.12379618768328446
0  0.01611328125 0.047653958944281524 0.0166015625 0.036656891495601175 0.0143515625 0.04385777126099707 0.0201591796875 0.04315102639296187 0.019060546875 0.04927712609970675 0.015607421875 0.05469794721407625 0.02031640625 0.05375513196480938
0  0.04931640625 0.06964809384164222 0.0087890625 0.024926686217008796 -0.0009765625 -0.001466275659824047 -0.0009765625 -0.001466275659824047 -0.0009765625 -0.001466275659824047 -0.0009765625 -0.001466275659824047 -0.0009765625 -0.001466275659824047
0  0.00390625 0.12609970674486803 0.005859375 0.04398826979472141 -0.0009765625 -0.001466275659824047 -0.0009765625 -0.001466275659824047 -0.0009765625 -0.001466275659824047 -0.0009765625 -0.001466275659824047 -0.0009765625 -0.001466275659824047
0  0.642578125 0.10263929618768329 0.01171875 0.01466275659824047 -0.0009765625 -0.001466275659824047 -0.0009765625 -0.001466275659824047 -0.0009765625 -0.001466275659824047 -0.0009765625 -0.001466275659824047 -0.0009765625 -0.001466275659824047
0  0.625 0.09310850439882698 0.009765625 0.016129032258064516 -0.0009765625 -0.001466275659824047 -0.0009765625 -0.001466275659824047 -0.0009765625 -0.001466275659824047 -0.0009765625 -0.001466275659824047 -0.0009765625 -0.001466275659824047
0  0.74072265625 0.1063049853372434 0.0087890625 0.021994134897360705 -0.0009765625 -0.001466275659824047 -0.0009765625 -0.001466275659824047 -0.0009765625 -0.001466275659824047 -0.0009765625 -0.001466275659824047 -0.0009765625 -0.001466275659824047
0  0.7255859375 0.10850439882697947 0.009765625 0.017595307917888565 -0.0009765625 -0.001466275659824047 -0.0009765625 -0.001466275659824047 -0.0009765625 -0.001466275659824047 -0.0009765625 -0.001466275659824047 -0.0009765625 -0.001466275659824047
0  0.89453125 0.10117302052785923 0.005859375 0.011730205278592375 -0.0009765625 -0.001466275659824047 -0.0009765625 -0.001466275659824047 -0.0009765625 -0.001466275659824047 -0.0009765625 -0.001466275659824047 -0.0009765625 -0.001466275659824047
