0  0.3232421875 0.3812080536912752 0.04296875 0.0697986577181208 0.3066708984375 0.3709127516778523 0.3244931640625 0.36741342281879197 0.3136728515625 0.38753557046979864 0.31080859375 0.401096644295302 0.322265625 0.3993463087248322
0  0.26123046875 0.45436241610738254 0.0322265625 0.05771812080536913 0.2520400390625 0.44366040268456375 0.2582568359375 0.4421744966442953 0.255013671875 0.4574067114093959 0.2566357421875 0.46929530201342284 0.263123046875 0.46780939597315435
0  0.34814453125 0.47181208053691276 0.0439453125 0.05771812080536913 0.3370927734375 0.454889932885906 0.3560791015625 0.454889932885906 0.34559375 0.47008053691275165 0.33879296875 0.4829342281879195 0.3535283203125 0.48332348993288593
0  0.3779296875 0.31342281879194633 0.029296875 0.052348993288590606 0.37071875 0.3065020134228188 0.382947265625 0.30748993288590604 0.3762333984375 0.31869664429530203 0.371677734375 0.32660536912751675 0.381029296875 0.3262765100671141
0  0.5966796875 0.3697986577181208 0.025390625 0.038926174496644296 0.5885537109375 0.35961208053691274 0.598205078125 0.35912080536912755 0.5921279296875 0.36796510067114097 0.5899833984375 0.3738617449664429 0.598205078125 0.3738617449664429
0  0.60693359375 0.2825503355704698 0.0146484375 0.020134228187919462 -0.0009765625 -0.0013422818791946308 -0.0009765625 -0.0013422818791946308 -0.0009765625 -0.0013422818791946308 -0.0009765625 -0.0013422818791946308 -0.0009765625 -0.0013422818791946308
0  0.48193359375 0.338255033557047 0.0380859375 0.053691275167785234 0.4662783203125 0.32802013422818793 0.48069140625 0.3249463087248322 0.466775390625 0.34236510067114095 0.4697568359375 0.3532953020134228 0.4811884765625 0.3522711409395973
0  0.41748046875 0.3483221476510067 0.0146484375 0.022818791946308724 -0.0009765625 -0.0013422818791946308 -0.0009765625 -0.0013422818791946308 -0.0009765625 -0.0013422818791946308 -0.0009765625 -0.0013422818791946308 -0.0009765625 -0.0013422818791946308
0  0.482421875 0.4395973154362416 0.037109375 0.06040268456375839 -0.0009765625 -0.0013422818791946308 -0.0009765625 -0.0013422818791946308 -0.0009765625 -0.0013422818791946308 -0.0009765625 -0.0013422818791946308 -0.0009765625 -0.0013422818791946308
0  0.65185546875 0.425503355704698 0.0419921875 0.07248322147651007 0.6416015625 0.41550872483221474 0.66214453125 0.41550872483221474 0.6515419921875 0.4337248322147651 0.6416015625 0.4378241610738255 0.6588310546875 0.4387342281879195
0  0.83447265625 0.5986577181208054 0.0419921875 0.0912751677852349 -0.0009765625 -0.0013422818791946308 -0.0009765625 -0.0013422818791946308 -0.0009765625 -0.0013422818791946308 -0.0009765625 -0.0013422818791946308 -0.0009765625 -0.0013422818791946308
0  0.8818359375 0.43154362416107384 0.052734375 0.07114093959731543 0.8616416015625 0.4103785234899329 0.8702568359375 0.4122 0.855677734375 0.43087248322147653 0.8702568359375 0.4449906040268456 0.87323828125 0.4449906040268456
0  0.833984375 0.4348993288590604 0.04296875 0.08322147651006712 -0.0009765625 -0.0013422818791946308 -0.0009765625 -0.0013422818791946308 -0.0009765625 -0.0013422818791946308 -0.0009765625 -0.0013422818791946308 -0.0009765625 -0.0013422818791946308
0  0.759765625 0.487248322147651 0.046875 0.07785234899328859 -0.0009765625 -0.0013422818791946308 -0.0009765625 -0.0013422818791946308 -0.0009765625 -0.0013422818791946308 -0.0009765625 -0.0013422818791946308 -0.0009765625 -0.0013422818791946308
0  0.7294921875 0.374496644295302 0.029296875 0.04832214765100671 0.7310439453125 0.36951140939597316 0.7396591796875 0.37138120805369124 0.738525390625 0.3822872483221476 0.72945703125 0.38945369127516777 0.7369384765625 0.3910120805369127
0  0.767578125 0.3838926174496644 0.025390625 0.04563758389261745 -0.0009765625 -0.0013422818791946308 -0.0009765625 -0.0013422818791946308 -0.0009765625 -0.0013422818791946308 -0.0009765625 -0.0013422818791946308 -0.0009765625 -0.0013422818791946308
0  0.8740234375 0.12281879194630872 0.01953125 0.03355704697986577 -0.0009765625 -0.0013422818791946308 -0.0009765625 -0.0013422818791946308 -0.0009765625 -0.0013422818791946308 -0.0009765625 -0.0013422818791946308 -0.0009765625 -0.0013422818791946308
0  0.35107421875 0.710738255033557 0.0634765625 0.05771812080536913 -0.0009765625 -0.0013422818791946308 -0.0009765625 -0.0013422818791946308 -0.0009765625 -0.0013422818791946308 -0.0009765625 -0.0013422818791946308 -0.0009765625 -0.0013422818791946308
0  0.9658203125 0.41073825503355704 0.041015625 0.06711409395973154 -0.0009765625 -0.0013422818791946308 -0.0009765625 -0.0013422818791946308 -0.0009765625 -0.0013422818791946308 -0.0009765625 -0.0013422818791946308 -0.0009765625 -0.0013422818791946308
0  0.89990234375 0.2738255033557047 0.0244140625 0.0348993288590604 -0.0009765625 -0.0013422818791946308 -0.0009765625 -0.0013422818791946308 -0.0009765625 -0.0013422818791946308 -0.0009765625 -0.0013422818791946308 -0.0009765625 -0.0013422818791946308
