0  0.32666015625 0.3555363321799308 0.0556640625 0.11245674740484429 0.332990234375 0.33548615916955016 0.3470283203125 0.3305121107266436 0.351841796875 0.3553823529411765 0.33860546875 0.3838044982698962 0.346626953125 0.3823840830449827
0  0.44580078125 0.3546712802768166 0.0419921875 0.07612456747404844 0.43734765625 0.3411557093425605 0.4565732421875 0.34018166089965396 0.4469609375 0.3615916955017301 0.43926953125 0.3771626297577855 0.452728515625 0.3761903114186851
0  0.7841796875 0.5657439446366782 0.060546875 0.17647058823529413 0.8011474609375 0.5184913494809689 0.8011474609375 0.5195951557093426 0.8136162109375 0.5372664359861592 0.8036416015625 0.5935951557093426 0.8048876953125 0.5935951557093426
0  0.18408203125 0.2984429065743945 0.0341796875 0.07093425605536333 0.1785361328125 0.2881695501730104 0.1911796875 0.2872750865051903 0.185869140625 0.3016089965397924 0.1800537109375 0.31280968858131486 0.1914326171875 0.3123615916955017
0  0.02001953125 0.3304498269896194 0.0302734375 0.0657439446366782 0.0087587890625 0.3227871972318339 0.0221865234375 0.3189653979238754 0.01307421875 0.3355328719723183 0.01235546875 0.34657612456747405 0.0219462890625 0.34445328719723184
0  0.25634765625 0.25519031141868515 0.0224609375 0.04325259515570934 0.2541328125 0.24598442906574394 0.263392578125 0.24320242214532872 0.259783203125 0.2537698961937716 0.256330078125 0.26516955017301036 0.26198046875 0.26350173010380623
0  0.076171875 0.18858131487889274 0.021484375 0.05190311418685121 0.0691220703125 0.18041003460207614 0.07812109375 0.18173875432525952 0.0726845703125 0.18771626297577854 0.0700595703125 0.19635121107266437 0.07774609375 0.19734775086505188
0  0.05615234375 0.24653979238754326 0.0224609375 0.04671280276816609 -0.0009765625 -0.0017301038062283738 -0.0009765625 -0.0017301038062283738 -0.0009765625 -0.0017301038062283738 -0.0009765625 -0.0017301038062283738 -0.0009765625 -0.0017301038062283738
0  0.50390625 0.24826989619377163 0.015625 0.039792387543252594 0.4967431640625 0.24246193771626298 0.5036494140625 0.24297231833910032 0.4984697265625 0.2506176470588235 0.4971748046875 0.26004844290657436 0.5029296875 0.26004844290657436
0  0.59814453125 0.23269896193771628 0.0244140625 0.05363321799307959 0.594421875 0.22471280276816608 0.605015625 0.2191522491349481 0.6044267578125 0.23166435986159167 0.6001103515625 0.24660899653979237 0.6057998046875 0.24348096885813147
0  0.44775390625 0.18339100346020762 0.0166015625 0.03460207612456748 0.443115234375 0.17711937716262977 0.4490966796875 0.17474048442906576 0.4468994140625 0.18360726643598616 0.4447021484375 0.1939878892733564 0.451416015625 0.1939878892733564
0  0.47705078125 0.1583044982698962 0.0126953125 0.029411764705882353 0.473912109375 0.15669723183391004 0.478724609375 0.15706920415224915 0.4756904296875 0.16225951557093427 0.4744345703125 0.16633737024221454 0.4782021484375 0.1667076124567474
0  0.40869140625 0.21453287197231835 0.0146484375 0.03806228373702422 -0.0009765625 -0.0017301038062283738 -0.0009765625 -0.0017301038062283738 -0.0009765625 -0.0017301038062283738 -0.0009765625 -0.0017301038062283738 -0.0009765625 -0.0017301038062283738
0  0.349609375 0.19290657439446368 0.01171875 0.025951557093425604 -0.0009765625 -0.0017301038062283738 -0.0009765625 -0.0017301038062283738 -0.0009765625 -0.0017301038062283738 -0.0009765625 -0.0017301038062283738 -0.0009765625 -0.0017301038062283738
0  0.34033203125 0.15916955017301038 0.0087890625 0.020761245674740483 -0.0009765625 -0.0017301038062283738 -0.0009765625 -0.0017301038062283738 -0.0009765625 -0.0017301038062283738 -0.0009765625 -0.0017301038062283738 -0.0009765625 -0.0017301038062283738
0  0.51416015625 0.1894463667820069 0.0126953125 0.025951557093425604 0.5108818359375 0.18858131487889274 0.51596484375 0.18722145328719722 0.5136630859375 0.19214878892733564 0.5126083984375 0.195378892733564 0.5154853515625 0.19435813148788927
0  0.49560546875 0.22145328719723184 0.0126953125 0.031141868512110725 -0.0009765625 -0.0017301038062283738 -0.0009765625 -0.0017301038062283738 -0.0009765625 -0.0017301038062283738 -0.0009765625 -0.0017301038062283738 -0.0009765625 -0.0017301038062283738
0  0.5693359375 0.20069204152249134 0.017578125 0.03806228373702422 0.5623603515625 0.1912993079584775 0.568638671875 0.19154671280276817 0.5645927734375 0.19846712802768166 0.5633369140625 0.2073650519031142 0.5672431640625 0.20761245674740483
0  0.73828125 0.22750865051903113 0.017578125 0.039792387543252594 0.734427734375 0.220340830449827 0.7428759765625 0.22007785467128027 0.7376884765625 0.228219723183391 0.7362060546875 0.23530968858131485 0.7406533203125 0.23478373702422148
0  0.744140625 0.20328719723183392 0.015625 0.0328719723183391 -0.0009765625 -0.0017301038062283738 -0.0009765625 -0.0017301038062283738 -0.0009765625 -0.0017301038062283738 -0.0009765625 -0.0017301038062283738 -0.0009765625 -0.0017301038062283738
0  0.6767578125 0.1704152249134948 0.013671875 0.029411764705882353 -0.0009765625 -0.0017301038062283738 -0.0009765625 -0.0017301038062283738 -0.0009765625 -0.0017301038062283738 -0.0009765625 -0.0017301038062283738 -0.0009765625 -0.0017301038062283738
0  0.69287109375 0.185121107266436 0.0107421875 0.020761245674740483 0.690900390625 0.1824948096885813 0.694958984375 0.17911937716262977 0.6930546875 0.18528373702422143 0.691314453125 0.18939273356401384 0.695705078125 0.18733737024221453
0  0.66552734375 0.1972318339100346 0.0107421875 0.02768166089965398 -0.0009765625 -0.0017301038062283738 -0.0009765625 -0.0017301038062283738 -0.0009765625 -0.0017301038062283738 -0.0009765625 -0.0017301038062283738 -0.0009765625 -0.0017301038062283738
0  0.63427734375 0.185121107266436 0.0166015625 0.03460207612456748 -0.0009765625 -0.0017301038062283738 -0.0009765625 -0.0017301038062283738 -0.0009765625 -0.0017301038062283738 -0.0009765625 -0.0017301038062283738 -0.0009765625 -0.0017301038062283738
0  0.63818359375 0.1583044982698962 0.0146484375 0.029411764705882353 0.6344521484375 0.15521453287197232 0.6411484375 0.15484429065743946 0.638427734375 0.160219723183391 0.636021484375 0.16633737024221454 0.6416708984375 0.1661522491349481
0  0.6513671875 0.17128027681660898 0.009765625 0.02422145328719723 -0.0009765625 -0.0017301038062283738 -0.0009765625 -0.0017301038062283738 -0.0009765625 -0.0017301038062283738 -0.0009765625 -0.0017301038062283738 -0.0009765625 -0.0017301038062283738
0  0.8017578125 0.1695501730103806 0.013671875 0.031141868512110725 -0.0009765625 -0.0017301038062283738 -0.0009765625 -0.0017301038062283738 -0.0009765625 -0.0017301038062283738 -0.0009765625 -0.0017301038062283738 -0.0009765625 -0.0017301038062283738
0  0.81884765625 0.17301038062283736 0.0126953125 0.02768166089965398 0.814697265625 0.16689273356401385 0.8209755859375 0.16652249134948097 0.8173134765625 0.1731955017301038 0.815953125 0.17949826989619377 0.82034765625 0.1791280276816609
0  0.83837890625 0.16782006920415224 0.0107421875 0.02422145328719723 0.8356630859375 0.1643598615916955 0.840515625 0.16127854671280276 0.837951171875 0.16776643598615915 0.8354794921875 0.1749031141868512 0.842712890625 0.17263148788927338
0  0.85595703125 0.14792387543252594 0.0107421875 0.029411764705882353 0.8522509765625 0.1425242214532872 0.8569375 0.14233217993079586 0.852578125 0.1477387543252595 0.852142578125 0.15333737024221455 0.85606640625 0.15275951557093426
0  0.88427734375 0.14965397923875431 0.0087890625 0.01903114186851211 -0.0009765625 -0.0017301038062283738 -0.0009765625 -0.0017301038062283738 -0.0009765625 -0.0017301038062283738 -0.0009765625 -0.0017301038062283738 -0.0009765625 -0.0017301038062283738
0  0.37451171875 0.24567474048442905 0.0146484375 0.031141868512110725 -0.0009765625 -0.0017301038062283738 -0.0009765625 -0.0017301038062283738 -0.0009765625 -0.0017301038062283738 -0.0009765625 -0.0017301038062283738 -0.0009765625 -0.0017301038062283738
0  0.35400390625 0.2647058823529412 0.0244140625 0.04844290657439446 0.347203125 0.24598442906574394 0.3618515625 0.25339792387543253 0.3517373046875 0.2617404844290657 0.3451103515625 0.2623581314878893 0.3566201171875 0.27471626297577856
0  0.3193359375 0.23615916955017302 0.01953125 0.04325259515570934 -0.0009765625 -0.0017301038062283738 -0.0009765625 -0.0017301038062283738 -0.0009765625 -0.0017301038062283738 -0.0009765625 -0.0017301038062283738 -0.0009765625 -0.0017301038062283738
0  0.2724609375 0.17647058823529413 0.005859375 0.020761245674740483 -0.0009765625 -0.0017301038062283738 -0.0009765625 -0.0017301038062283738 -0.0009765625 -0.0017301038062283738 -0.0009765625 -0.0017301038062283738 -0.0009765625 -0.0017301038062283738
0  0.279296875 0.1782006920415225 0.0078125 0.01730103806228374 -0.0009765625 -0.0017301038062283738 -0.0009765625 -0.0017301038062283738 -0.0009765625 -0.0017301038062283738 -0.0009765625 -0.0017301038062283738 -0.0009765625 -0.0017301038062283738
0  0.29248046875 0.17387543252595156 0.0087890625 0.01903114186851211 -0.0009765625 -0.0017301038062283738 -0.0009765625 -0.0017301038062283738 -0.0009765625 -0.0017301038062283738 -0.0009765625 -0.0017301038062283738 -0.0009765625 -0.0017301038062283738
0  0.60693359375 0.17993079584775087 0.0087890625 0.020761245674740483 -0.0009765625 -0.0017301038062283738 -0.0009765625 -0.0017301038062283738 -0.0009765625 -0.0017301038062283738 -0.0009765625 -0.0017301038062283738 -0.0009765625 -0.0017301038062283738
0  0.56298828125 0.14273356401384082 0.0048828125 0.012110726643598616 -0.0009765625 -0.0017301038062283738 -0.0009765625 -0.0017301038062283738 -0.0009765625 -0.0017301038062283738 -0.0009765625 -0.0017301038062283738 -0.0009765625 -0.0017301038062283738
0  0.19287109375 0.2491349480968858 0.0205078125 0.03806228373702422 -0.0009765625 -0.0017301038062283738 -0.0009765625 -0.0017301038062283738 -0.0009765625 -0.0017301038062283738 -0.0009765625 -0.0017301038062283738 -0.0009765625 -0.0017301038062283738
