0  0.0078125 0.2595029239766082 0.015625 0.039473684210526314 -0.0009765625 -0.0014619883040935672 -0.0009765625 -0.0014619883040935672 -0.0009765625 -0.0014619883040935672 -0.0009765625 -0.0014619883040935672 -0.0009765625 -0.0014619883040935672
0  0.0048828125 0.2273391812865497 0.009765625 0.019005847953216373 -0.0009765625 -0.0014619883040935672 -0.0009765625 -0.0014619883040935672 -0.0009765625 -0.0014619883040935672 -0.0009765625 -0.0014619883040935672 -0.0009765625 -0.0014619883040935672
0  0.052734375 0.24780701754385964 0.015625 0.033625730994152045 -0.0009765625 -0.0014619883040935672 -0.0009765625 -0.0014619883040935672 -0.0009765625 -0.0014619883040935672 -0.0009765625 -0.0014619883040935672 -0.0009765625 -0.0014619883040935672
0  0.05078125 0.2149122807017544 0.015625 0.02631578947368421 -0.0009765625 -0.0014619883040935672 -0.0009765625 -0.0014619883040935672 -0.0009765625 -0.0014619883040935672 -0.0009765625 -0.0014619883040935672 -0.0009765625 -0.0014619883040935672
0  0.0986328125 0.26242690058479534 0.01953125 0.04239766081871345 -0.0009765625 -0.0014619883040935672 -0.0009765625 -0.0014619883040935672 -0.0009765625 -0.0014619883040935672 -0.0009765625 -0.0014619883040935672 -0.0009765625 -0.0014619883040935672
0  0.0908203125 0.23464912280701755 0.015625 0.033625730994152045 -0.0009765625 -0.0014619883040935672 -0.0009765625 -0.0014619883040935672 -0.0009765625 -0.0014619883040935672 -0.0009765625 -0.0014619883040935672 -0.0009765625 -0.0014619883040935672
0  0.13671875 0.2309941520467836 0.013671875 0.029239766081871343 -0.0009765625 -0.0014619883040935672 -0.0009765625 -0.0014619883040935672 -0.0009765625 -0.0014619883040935672 -0.0009765625 -0.0014619883040935672 -0.0009765625 -0.0014619883040935672
0  0.1298828125 0.21929824561403508 0.017578125 0.023391812865497075 -0.0009765625 -0.0014619883040935672 -0.0009765625 -0.0014619883040935672 -0.0009765625 -0.0014619883040935672 -0.0009765625 -0.0014619883040935672 -0.0009765625 -0.0014619883040935672
0  0.19091796875 0.19809941520467836 0.0166015625 0.03654970760233918 0.1844482421875 0.19407894736842105 0.19166796875 0.1931388888888889 0.186958984375 0.19971783625730993 0.185076171875 0.206296783625731 0.1896279296875 0.20559210526315788
0  0.20849609375 0.21125730994152048 0.0146484375 0.027777777777777776 -0.0009765625 -0.0014619883040935672 -0.0009765625 -0.0014619883040935672 -0.0009765625 -0.0014619883040935672 -0.0009765625 -0.0014619883040935672 -0.0009765625 -0.0014619883040935672
0  0.232421875 0.21564327485380116 0.015625 0.03654970760233918 0.22832421875 0.2113874269005848 0.234130859375 0.2099780701754386 0.2311484375 0.21726169590643274 0.230521484375 0.22219590643274853 0.2335029296875 0.2217266081871345
0  0.251953125 0.2010233918128655 0.015625 0.03070175438596491 -0.0009765625 -0.0014619883040935672 -0.0009765625 -0.0014619883040935672 -0.0009765625 -0.0014619883040935672 -0.0009765625 -0.0014619883040935672 -0.0009765625 -0.0014619883040935672
0  0.2763671875 0.22441520467836257 0.015625 0.03070175438596491 0.2701240234375 0.2201593567251462 0.2779716796875 0.21761403508771932 0.2744404296875 0.2268172514619883 0.2735244140625 0.23229970760233917 0.2783642578125 0.23014619883040935
0  0.30078125 0.195906432748538 0.015625 0.029239766081871343 0.29751171875 0.1942295321637427 0.3033271484375 0.19309356725146198 0.299787109375 0.19858187134502925 0.2981435546875 0.20426023391812864 0.3023154296875 0.20369298245614034
0  0.33349609375 0.260233918128655 0.0419921875 0.0847953216374269 0.3170859375 0.24812719298245614 0.3366259765625 0.24541812865497079 0.3228759765625 0.2540862573099415 0.319619140625 0.2822543859649123 0.335541015625 0.27792105263157896
0  0.46875 0.3092105263157895 0.044921875 0.07748538011695906 0.456490234375 0.300406432748538 0.4741474609375 0.29648976608187133 0.462048828125 0.3101959064327485 0.4584521484375 0.328796783625731 0.4751279296875 0.32537134502923976
0  0.56884765625 0.1915204678362573 0.0166015625 0.03216374269005848 0.563685546875 0.18421052631578946 0.5719169921875 0.1814956140350877 0.570103515625 0.19005847953216373 0.566197265625 0.19862134502923975 0.57177734375 0.19632456140350876
0  0.55029296875 0.19298245614035087 0.0107421875 0.02046783625730994 -0.0009765625 -0.0014619883040935672 -0.0009765625 -0.0014619883040935672 -0.0009765625 -0.0014619883040935672 -0.0009765625 -0.0014619883040935672 -0.0009765625 -0.0014619883040935672
0  0.60498046875 0.2046783625730994 0.0146484375 0.02631578947368421 -0.0009765625 -0.0014619883040935672 -0.0009765625 -0.0014619883040935672 -0.0009765625 -0.0014619883040935672 -0.0009765625 -0.0014619883040935672 -0.0009765625 -0.0014619883040935672
0  0.6376953125 0.19005847953216373 0.01953125 0.038011695906432746 0.6359169921875 0.18280701754385967 0.643498046875 0.1825657894736842 0.640271484375 0.18932748538011696 0.6359169921875 0.1953640350877193 0.6433369140625 0.19512280701754386
0  0.70068359375 0.21564327485380116 0.0166015625 0.033625730994152045 -0.0009765625 -0.0014619883040935672 -0.0009765625 -0.0014619883040935672 -0.0009765625 -0.0014619883040935672 -0.0009765625 -0.0014619883040935672 -0.0009765625 -0.0014619883040935672
0  0.6748046875 0.31359649122807015 0.04296875 0.09210526315789473 -0.0009765625 -0.0014619883040935672 -0.0009765625 -0.0014619883040935672 -0.0009765625 -0.0014619883040935672 -0.0009765625 -0.0014619883040935672 -0.0009765625 -0.0014619883040935672
0  0.7490234375 0.18128654970760233 0.025390625 0.05555555555555555 -0.0009765625 -0.0014619883040935672 -0.0009765625 -0.0014619883040935672 -0.0009765625 -0.0014619883040935672 -0.0009765625 -0.0014619883040935672 -0.0009765625 -0.0014619883040935672
0  0.80322265625 0.18859649122807018 0.0185546875 0.03508771929824561 -0.0009765625 -0.0014619883040935672 -0.0009765625 -0.0014619883040935672 -0.0009765625 -0.0014619883040935672 -0.0009765625 -0.0014619883040935672 -0.0009765625 -0.0014619883040935672
0  0.84228515625 0.20687134502923976 0.0185546875 0.033625730994152045 -0.0009765625 -0.0014619883040935672 -0.0009765625 -0.0014619883040935672 -0.0009765625 -0.0014619883040935672 -0.0009765625 -0.0014619883040935672 -0.0009765625 -0.0014619883040935672
0  0.86962890625 0.2097953216374269 0.0185546875 0.039473684210526314 0.86962890625 0.20546783625730994 0.8750693359375 0.2049590643274854 0.8740498046875 0.21361403508771928 0.869119140625 0.21819590643274855 0.8747294921875 0.21768567251461987
0  0.8603515625 0.179093567251462 0.013671875 0.027777777777777776 -0.0009765625 -0.0014619883040935672 -0.0009765625 -0.0014619883040935672 -0.0009765625 -0.0014619883040935672 -0.0009765625 -0.0014619883040935672 -0.0009765625 -0.0014619883040935672
0  0.923828125 0.23318713450292397 0.025390625 0.07748538011695906 -0.0009765625 -0.0014619883040935672 -0.0009765625 -0.0014619883040935672 -0.0009765625 -0.0014619883040935672 -0.0009765625 -0.0014619883040935672 -0.0009765625 -0.0014619883040935672
0  0.97216796875 0.19078947368421054 0.0263671875 0.05116959064327485 0.9786552734375 0.20115350877192983 0.9875927734375 0.20702777777777778 0.978873046875 0.2096388888888889 0.9747314453125 0.22105994152046785 0.9790908203125 0.22465058479532163
0  0.94921875 0.19444444444444445 0.021484375 0.038011695906432746 0.9456611328125 0.18695175438596492 0.9527587890625 0.18091520467836256 0.950662109375 0.19588742690058478 0.945984375 0.2009576023391813 0.955017578125 0.19709356725146202
0  0.98388671875 0.20394736842105263 0.0224609375 0.04824561403508772 0.96769921875 0.18653362573099416 0.97528125 0.1868406432748538 0.9691337890625 0.1997251461988304 0.967904296875 0.2104605263157895 0.9736416015625 0.2107675438596491
0  0.98828125 0.2463450292397661 0.021484375 0.07748538011695906 -0.0009765625 -0.0014619883040935672 -0.0009765625 -0.0014619883040935672 -0.0009765625 -0.0014619883040935672 -0.0009765625 -0.0014619883040935672 -0.0009765625 -0.0014619883040935672
