0  0.9287109375 0.21156558533145275 0.01953125 0.036671368124118475 -0.0009765625 -0.0014104372355430183 -0.0009765625 -0.0014104372355430183 -0.0009765625 -0.0014104372355430183 -0.0009765625 -0.0014104372355430183 -0.0009765625 -0.0014104372355430183
0  0.70654296875 0.6283497884344147 0.0595703125 0.10860366713681241 0.69846484375 0.6029181946403385 0.725076171875 0.6036036671368123 0.7179482421875 0.6221354019746121 0.7013154296875 0.6475289139633287 0.726501953125 0.648901269393512
0  0.62744140625 0.610719322990127 0.0126953125 0.02538787023977433 0.622951171875 0.6062736248236954 0.6276591796875 0.6062736248236954 0.6227158203125 0.6118843441466855 0.6227158203125 0.6159647390691114 0.626953125 0.6157940761636107
0  0.60693359375 0.6636107193229901 0.0166015625 0.029619181946403384 -0.0009765625 -0.0014104372355430183 -0.0009765625 -0.0014104372355430183 -0.0009765625 -0.0014104372355430183 -0.0009765625 -0.0014104372355430183 -0.0009765625 -0.0014104372355430183
0  0.55078125 0.5063469675599436 0.005859375 0.011283497884344146 -0.0009765625 -0.0014104372355430183 -0.0009765625 -0.0014104372355430183 -0.0009765625 -0.0014104372355430183 -0.0009765625 -0.0014104372355430183 -0.0009765625 -0.0014104372355430183
0  0.5419921875 0.5077574047954866 0.005859375 0.00846262341325811 -0.0009765625 -0.0014104372355430183 -0.0009765625 -0.0014104372355430183 -0.0009765625 -0.0014104372355430183 -0.0009765625 -0.0014104372355430183 -0.0009765625 -0.0014104372355430183
0  0.46630859375 0.7517630465444288 0.0517578125 0.08180535966149506 0.46180078125 0.7459576868829337 0.4844013671875 0.7388166431593794 0.478044921875 0.7561579689703808 0.467451171875 0.7694188998589563 0.485107421875 0.7668688293370945
0  0.53076171875 0.6840620592383639 0.0166015625 0.03385049365303244 -0.0009765625 -0.0014104372355430183 -0.0009765625 -0.0014104372355430183 -0.0009765625 -0.0014104372355430183 -0.0009765625 -0.0014104372355430183 -0.0009765625 -0.0014104372355430183
0  0.3330078125 0.8004231311706629 0.05078125 0.09167842031029619 0.3302001953125 0.786394922425952 0.353462890625 0.7846558533145276 0.34544140625 0.8031932299012695 0.331001953125 0.8223102961918195 0.3502548828125 0.8188349788434415
0  0.189453125 0.6607898448519041 0.021484375 0.029619181946403384 0.1836943359375 0.6593032440056418 0.191802734375 0.6559858956276445 0.1880185546875 0.6628180535966149 0.1858564453125 0.6694541607898448 0.1927490234375 0.6661354019746122
0  0.21337890625 0.6248236953455572 0.0107421875 0.022566995768688293 0.2098828125 0.6213667136812412 0.215498046875 0.6199181946403385 0.2120888671875 0.6236840620592383 0.21078515625 0.6299111424541608 0.2158984375 0.6296220028208744
0  0.20947265625 0.6798307475317349 0.0146484375 0.02538787023977433 -0.0009765625 -0.0014104372355430183 -0.0009765625 -0.0014104372355430183 -0.0009765625 -0.0014104372355430183 -0.0009765625 -0.0014104372355430183 -0.0009765625 -0.0014104372355430183
0  0.080078125 0.7038081805359662 0.013671875 0.04231311706629055 -0.0009765625 -0.0014104372355430183 -0.0009765625 -0.0014104372355430183 -0.0009765625 -0.0014104372355430183 -0.0009765625 -0.0014104372355430183 -0.0009765625 -0.0014104372355430183
0  0.06494140625 0.5620592383638928 0.0107421875 0.018335684062059238 -0.0009765625 -0.0014104372355430183 -0.0009765625 -0.0014104372355430183 -0.0009765625 -0.0014104372355430183 -0.0009765625 -0.0014104372355430183 -0.0009765625 -0.0014104372355430183
0  0.07861328125 0.5648801128349789 0.0068359375 0.015514809590973202 -0.0009765625 -0.0014104372355430183 -0.0009765625 -0.0014104372355430183 -0.0009765625 -0.0014104372355430183 -0.0009765625 -0.0014104372355430183 -0.0009765625 -0.0014104372355430183
0  0.1015625 0.5987306064880112 0.01171875 0.023977433004231313 -0.0009765625 -0.0014104372355430183 -0.0009765625 -0.0014104372355430183 -0.0009765625 -0.0014104372355430183 -0.0009765625 -0.0014104372355430183 -0.0009765625 -0.0014104372355430183
0  0.97998046875 0.44428772919605075 0.0185546875 0.03385049365303244 -0.0009765625 -0.0014104372355430183 -0.0009765625 -0.0014104372355430183 -0.0009765625 -0.0014104372355430183 -0.0009765625 -0.0014104372355430183 -0.0009765625 -0.0014104372355430183
0  0.90185546875 0.421015514809591 0.0146484375 0.023977433004231313 -0.0009765625 -0.0014104372355430183 -0.0009765625 -0.0014104372355430183 -0.0009765625 -0.0014104372355430183 -0.0009765625 -0.0014104372355430183 -0.0009765625 -0.0014104372355430183
