0  0.27587890625 0.4696180555555556 0.0166015625 0.043402777777777776 0.268951171875 0.4622934027777778 0.2744443359375 0.4633784722222222 0.267578125 0.46798958333333335 0.268646484375 0.4815538194444444 0.2718505859375 0.4812829861111111
0  0.35693359375 0.3706597222222222 0.0205078125 0.03993055555555555 -0.0009765625 -0.001736111111111111 -0.0009765625 -0.001736111111111111 -0.0009765625 -0.001736111111111111 -0.0009765625 -0.001736111111111111 -0.0009765625 -0.001736111111111111
0  0.388671875 0.2795138888888889 0.025390625 0.04513888888888889 0.3835625 0.2686163194444445 0.3875380859375 0.26802777777777775 0.3771015625 0.27450694444444446 0.3774326171875 0.2874652777777778 0.382568359375 0.287171875
0  0.39697265625 0.1796875 0.0087890625 0.019097222222222224 -0.0009765625 -0.001736111111111111 -0.0009765625 -0.001736111111111111 -0.0009765625 -0.001736111111111111 -0.0009765625 -0.001736111111111111 -0.0009765625 -0.001736111111111111
0  0.06787109375 0.15104166666666666 0.0126953125 0.024305555555555556 -0.0009765625 -0.001736111111111111 -0.0009765625 -0.001736111111111111 -0.0009765625 -0.001736111111111111 -0.0009765625 -0.001736111111111111 -0.0009765625 -0.001736111111111111
0  0.0927734375 0.18055555555555555 0.01171875 0.017361111111111112 -0.0009765625 -0.001736111111111111 -0.0009765625 -0.001736111111111111 -0.0009765625 -0.001736111111111111 -0.0009765625 -0.001736111111111111 -0.0009765625 -0.001736111111111111
0  0.48193359375 0.4939236111111111 0.0341796875 0.07465277777777778 -0.0009765625 -0.001736111111111111 -0.0009765625 -0.001736111111111111 -0.0009765625 -0.001736111111111111 -0.0009765625 -0.001736111111111111 -0.0009765625 -0.001736111111111111
0  0.45458984375 0.4739583333333333 0.0126953125 0.027777777777777776 -0.0009765625 -0.001736111111111111 -0.0009765625 -0.001736111111111111 -0.0009765625 -0.001736111111111111 -0.0009765625 -0.001736111111111111 -0.0009765625 -0.001736111111111111
0  0.5859375 0.3663194444444444 0.025390625 0.041666666666666664 0.5761630859375 0.3625069444444444 0.5811328125 0.3572048611111111 0.5773232421875 0.3695746527777778 0.5817958984375 0.38017708333333333 0.584943359375 0.37428645833333335
0  0.6240234375 0.2864583333333333 0.056640625 0.08680555555555555 0.613037109375 0.2620746527777778 0.623404296875 0.2569913194444444 0.5987373046875 0.27224305555555556 0.600525390625 0.29893749999999997 0.61125 0.2970295138888889
0  0.46728515625 0.1440972222222222 0.0087890625 0.017361111111111112 -0.0009765625 -0.001736111111111111 -0.0009765625 -0.001736111111111111 -0.0009765625 -0.001736111111111111 -0.0009765625 -0.001736111111111111 -0.0009765625 -0.001736111111111111
0  0.55615234375 0.028645833333333332 0.0087890625 0.019097222222222224 -0.0009765625 -0.001736111111111111 -0.0009765625 -0.001736111111111111 -0.0009765625 -0.001736111111111111 -0.0009765625 -0.001736111111111111 -0.0009765625 -0.001736111111111111
0  0.7841796875 0.3072916666666667 0.029296875 0.052083333333333336 -0.0009765625 -0.001736111111111111 -0.0009765625 -0.001736111111111111 -0.0009765625 -0.001736111111111111 -0.0009765625 -0.001736111111111111 -0.0009765625 -0.001736111111111111
0  0.91796875 0.3229166666666667 0.033203125 0.04861111111111111 0.9085517578125 0.3169635416666667 0.923619140625 0.3091510416666667 0.9150390625 0.3180798611111111 0.913365234375 0.3333333333333333 0.9219443359375 0.3288697916666667
0  0.865234375 0.3845486111111111 0.0234375 0.046875 -0.0009765625 -0.001736111111111111 -0.0009765625 -0.001736111111111111 -0.0009765625 -0.001736111111111111 -0.0009765625 -0.001736111111111111 -0.0009765625 -0.001736111111111111
