0  0.06591796875 0.2701822916666667 0.0048828125 0.009114583333333334 -0.0009765625 -0.0013020833333333333 -0.0009765625 -0.0013020833333333333 -0.0009765625 -0.0013020833333333333 -0.0009765625 -0.0013020833333333333 -0.0009765625 -0.0013020833333333333
0  0.083984375 0.27734375 0.005859375 0.010416666666666666 -0.0009765625 -0.0013020833333333333 -0.0009765625 -0.0013020833333333333 -0.0009765625 -0.0013020833333333333 -0.0009765625 -0.0013020833333333333 -0.0009765625 -0.0013020833333333333
0  0.09619140625 0.271484375 0.0068359375 0.01171875 -0.0009765625 -0.0013020833333333333 -0.0009765625 -0.0013020833333333333 -0.0009765625 -0.0013020833333333333 -0.0009765625 -0.0013020833333333333 -0.0009765625 -0.0013020833333333333
0  0.11376953125 0.2708333333333333 0.0068359375 0.010416666666666666 -0.0009765625 -0.0013020833333333333 -0.0009765625 -0.0013020833333333333 -0.0009765625 -0.0013020833333333333 -0.0009765625 -0.0013020833333333333 -0.0009765625 -0.0013020833333333333
0  0.17626953125 0.2584635416666667 0.0048828125 0.01171875 -0.0009765625 -0.0013020833333333333 -0.0009765625 -0.0013020833333333333 -0.0009765625 -0.0013020833333333333 -0.0009765625 -0.0013020833333333333 -0.0009765625 -0.0013020833333333333
0  0.208984375 0.37109375 0.01171875 0.015625 -0.0009765625 -0.0013020833333333333 -0.0009765625 -0.0013020833333333333 -0.0009765625 -0.0013020833333333333 -0.0009765625 -0.0013020833333333333 -0.0009765625 -0.0013020833333333333
0  0.20849609375 0.3977864583333333 0.0146484375 0.024739583333333332 -0.0009765625 -0.0013020833333333333 -0.0009765625 -0.0013020833333333333 -0.0009765625 -0.0013020833333333333 -0.0009765625 -0.0013020833333333333 -0.0009765625 -0.0013020833333333333
0  0.23583984375 0.4342447916666667 0.0126953125 0.029947916666666668 -0.0009765625 -0.0013020833333333333 -0.0009765625 -0.0013020833333333333 -0.0009765625 -0.0013020833333333333 -0.0009765625 -0.0013020833333333333 -0.0009765625 -0.0013020833333333333
0  0.076171875 0.599609375 0.03125 0.048177083333333336 0.0764072265625 0.5998997395833333 0.085353515625 0.5895416666666666 0.0884140625 0.6005273437499999 0.0834697265625 0.6137109374999999 0.088884765625 0.6093164062499999
0  0.08251953125 0.4973958333333333 0.0087890625 0.026041666666666668 -0.0009765625 -0.0013020833333333333 -0.0009765625 -0.0013020833333333333 -0.0009765625 -0.0013020833333333333 -0.0009765625 -0.0013020833333333333 -0.0009765625 -0.0013020833333333333
0  0.1943359375 0.58203125 0.029296875 0.041666666666666664 0.1887470703125 0.5703932291666667 0.201302734375 0.5680390625 0.1962021484375 0.5819036458333333 0.191296875 0.59158203125 0.2032646484375 0.5879192708333333
0  0.3203125 0.3033854166666667 0.01171875 0.020833333333333332 0.3144091796875 0.3041067708333333 0.321529296875 0.2976888020833333 0.320125 0.30437369791666663 0.3232333984375 0.3121276041666667 0.32684375 0.3083841145833333
0  0.29638671875 0.3033854166666667 0.0185546875 0.0234375 -0.0009765625 -0.0013020833333333333 -0.0009765625 -0.0013020833333333333 -0.0009765625 -0.0013020833333333333 -0.0009765625 -0.0013020833333333333 -0.0009765625 -0.0013020833333333333
0  0.33740234375 0.3216145833333333 0.0107421875 0.018229166666666668 -0.0009765625 -0.0013020833333333333 -0.0009765625 -0.0013020833333333333 -0.0009765625 -0.0013020833333333333 -0.0009765625 -0.0013020833333333333 -0.0009765625 -0.0013020833333333333
0  0.30712890625 0.2805989583333333 0.0146484375 0.024739583333333332 -0.0009765625 -0.0013020833333333333 -0.0009765625 -0.0013020833333333333 -0.0009765625 -0.0013020833333333333 -0.0009765625 -0.0013020833333333333 -0.0009765625 -0.0013020833333333333
0  0.359375 0.2981770833333333 0.0078125 0.013020833333333334 -0.0009765625 -0.0013020833333333333 -0.0009765625 -0.0013020833333333333 -0.0009765625 -0.0013020833333333333 -0.0009765625 -0.0013020833333333333 -0.0009765625 -0.0013020833333333333
0  0.2998046875 0.5774739583333334 0.025390625 0.03515625 0.2975947265625 0.5675572916666667 0.3083056640625 0.5605299479166667 0.309666015625 0.5743580729166667 0.302185546875 0.5838802083333333 0.3101767578125 0.5807057291666667
0  0.28271484375 0.4049479166666667 0.0166015625 0.010416666666666666 -0.0009765625 -0.0013020833333333333 -0.0009765625 -0.0013020833333333333 -0.0009765625 -0.0013020833333333333 -0.0009765625 -0.0013020833333333333 -0.0009765625 -0.0013020833333333333
0  0.40673828125 0.5442708333333334 0.0244140625 0.044270833333333336 0.407318359375 0.5399166666666667 0.41650390625 0.5345052083333334 0.41778515625 0.5476067708333333 0.41030859375 0.5584309895833334 0.4162900390625 0.55615234375
0  0.3974609375 0.431640625 0.01953125 0.037760416666666664 -0.0009765625 -0.0013020833333333333 -0.0009765625 -0.0013020833333333333 -0.0009765625 -0.0013020833333333333 -0.0009765625 -0.0013020833333333333 -0.0009765625 -0.0013020833333333333
0  0.43408203125 0.4114583333333333 0.0205078125 0.033854166666666664 0.4285927734375 0.4073658854166667 0.436658203125 0.4041393229166667 0.4337548828125 0.41209765625 0.4321416015625 0.42048567708333334 0.4364970703125 0.41811979166666663
0  0.435546875 0.4791666666666667 0.02734375 0.049479166666666664 0.436958984375 0.46938932291666663 0.4454345703125 0.47064453125 0.4402548828125 0.4800625 0.4367236328125 0.48822265625 0.44355078125 0.4894791666666667
0  0.482421875 0.4856770833333333 0.01953125 0.044270833333333336 0.4828408203125 0.47712109374999995 0.491001953125 0.47405078125000005 0.4916298828125 0.4852122395833333 0.485560546875 0.49553515625000005 0.4903740234375 0.4944192708333333
0  0.5078125 0.5436197916666666 0.02734375 0.05078125 0.5042158203125 0.5340286458333333 0.516205078125 0.53466796875 0.510689453125 0.54713671875 0.5046953125 0.5541705729166667 0.5123681640625 0.5544895833333333
0  0.53369140625 0.4440104166666667 0.0205078125 0.036458333333333336 0.5289521484375 0.4388255208333333 0.5376240234375 0.44018489583333337 0.5321826171875 0.44811979166666666 0.52997265625 0.4519739583333333 0.5343935546875 0.45446744791666666
0  0.57861328125 0.4720052083333333 0.0244140625 0.048177083333333336 0.5731376953125 0.4634947916666667 0.58401953125 0.46410026041666663 0.5774453125 0.47588802083333337 0.5733642578125 0.48314322916666663 0.5835654296875 0.48314322916666663
0  0.5732421875 0.5696614583333334 0.025390625 0.032552083333333336 -0.0009765625 -0.0013020833333333333 -0.0009765625 -0.0013020833333333333 -0.0009765625 -0.0013020833333333333 -0.0009765625 -0.0013020833333333333 -0.0009765625 -0.0013020833333333333
0  0.546875 0.4244791666666667 0.021484375 0.036458333333333336 -0.0009765625 -0.0013020833333333333 -0.0009765625 -0.0013020833333333333 -0.0009765625 -0.0013020833333333333 -0.0009765625 -0.0013020833333333333 -0.0009765625 -0.0013020833333333333
0  0.56787109375 0.28515625 0.0087890625 0.018229166666666668 -0.0009765625 -0.0013020833333333333 -0.0009765625 -0.0013020833333333333 -0.0009765625 -0.0013020833333333333 -0.0009765625 -0.0013020833333333333 -0.0009765625 -0.0013020833333333333
0  0.5478515625 0.2799479166666667 0.005859375 0.015625 -0.0009765625 -0.0013020833333333333 -0.0009765625 -0.0013020833333333333 -0.0009765625 -0.0013020833333333333 -0.0009765625 -0.0013020833333333333 -0.0009765625 -0.0013020833333333333
0  0.60498046875 0.3899739583333333 0.0146484375 0.029947916666666668 0.601671875 0.38521875 0.607857421875 0.38387630208333334 0.6051240234375 0.39135677083333337 0.6035419921875 0.39749609375 0.6082890625 0.3971119791666667
0  0.62841796875 0.4270833333333333 0.0205078125 0.036458333333333336 0.6244423828125 0.41950390624999995 0.6328125 0.4227591145833333 0.6282783203125 0.43089713541666663 0.6251396484375 0.43601171875000005 0.629150390625 0.4376393229166667
0  0.74658203125 0.2890625 0.0126953125 0.0234375 0.7442451171875 0.28755078125 0.749232421875 0.2880052083333333 0.7468525390625 0.2911783854166667 0.74515234375 0.29465494791666663 0.7478720703125 0.29495703125
0  0.93359375 0.31640625 0.009765625 0.018229166666666668 -0.0009765625 -0.0013020833333333333 -0.0009765625 -0.0013020833333333333 -0.0009765625 -0.0013020833333333333 -0.0009765625 -0.0013020833333333333 -0.0009765625 -0.0013020833333333333
0  0.6396484375 0.53125 0.02734375 0.0546875 0.634787109375 0.5213385416666666 0.6463623046875 0.5220247395833334 0.6404462890625 0.5371145833333334 0.6335009765625 0.5429453125 0.6455908203125 0.5439739583333333
0  0.736328125 0.5260416666666666 0.02734375 0.052083333333333336 0.7308701171875 0.51611328125 0.74105859375 0.51611328125 0.7363369140625 0.5267161458333333 0.7313671875 0.5349986979166667 0.74230078125 0.5356614583333333
0  0.87109375 0.5436197916666666 0.029296875 0.05078125 0.864841796875 0.5359231770833334 0.8777900390625 0.5378411458333333 0.869876953125 0.55094921875 0.8636435546875 0.5570247395833333 0.8746728515625 0.55926171875
0  0.9853515625 0.525390625 0.02734375 0.05078125 0.9873046875 0.515625 0.995361328125 0.5208333333333334 0.991943359375 0.5319010416666666 0.982421875 0.5364583333333334 0.98681640625 0.5400390625
0  0.96240234375 0.6985677083333334 0.0185546875 0.037760416666666664 -0.0009765625 -0.0013020833333333333 -0.0009765625 -0.0013020833333333333 -0.0009765625 -0.0013020833333333333 -0.0009765625 -0.0013020833333333333 -0.0009765625 -0.0013020833333333333
