0  0.27880859375 0.4713541666666667 0.0205078125 0.028645833333333332 0.2758876953125 0.46363411458333337 0.2821044921875 0.46291406249999995 0.2792666015625 0.46867968750000005 0.275482421875 0.47606901041666666 0.2815634765625 0.47606901041666666
0  0.2119140625 0.4192708333333333 0.0234375 0.03125 0.207458984375 0.40905729166666666 0.2192080078125 0.411703125 0.212494140625 0.41638151041666666 0.20623828125 0.42533333333333334 0.2169189453125 0.42614713541666666
0  0.2451171875 0.4537760416666667 0.021484375 0.03515625 0.2470703125 0.4466145833333333 0.2548828125 0.4466145833333333 0.2509765625 0.4505208333333333 0.2490234375 0.4583333333333333 0.25390625 0.4583333333333333
0  0.1416015625 0.4361979166666667 0.021484375 0.036458333333333336 0.1386591796875 0.4254088541666667 0.14723828125 0.428984375 0.1422333984375 0.43184375 0.138837890625 0.4373255208333333 0.1449150390625 0.4387552083333333
0  0.1337890625 0.4518229166666667 0.0234375 0.03125 0.1287490234375 0.44459114583333337 0.1403115234375 0.44439453125 0.1339375 0.4495325520833333 0.13097265625 0.4578333333333333 0.1389765625 0.4574375
0  0.0888671875 0.4498697916666667 0.025390625 0.040364583333333336 0.0887626953125 0.4430807291666667 0.092982421875 0.44282421875 0.096244140625 0.4512643229166667 0.0895302734375 0.4599609375 0.0904892578125 0.46021614583333337
0  0.03369140625 0.427734375 0.0244140625 0.04296875 0.033203125 0.4153645833333333 0.0442939453125 0.41843359375000005 0.037388671875 0.42206119791666663 0.0342490234375 0.43015234375000005 0.0396904296875 0.43210546875000005
0  0.009765625 0.3932291666666667 0.01953125 0.033854166666666664 0.0029296875 0.38671875 0.013671875 0.3880208333333333 0.0068359375 0.390625 0.0029296875 0.3997395833333333 0.01171875 0.4010416666666667
0  0.455078125 0.4772135416666667 0.015625 0.024739583333333332 -0.0009765625 -0.0013020833333333333 -0.0009765625 -0.0013020833333333333 -0.0009765625 -0.0013020833333333333 -0.0009765625 -0.0013020833333333333 -0.0009765625 -0.0013020833333333333
0  0.4404296875 0.4694010416666667 0.017578125 0.02734375 0.4392529296875 0.4638671875 0.4474921875 0.46282031250000005 0.444353515625 0.4661341145833333 0.44121484375 0.47555078125 0.4474921875 0.47485416666666663
0  0.3876953125 0.4309895833333333 0.021484375 0.028645833333333332 0.3857421875 0.42596744791666663 0.395787109375 0.42503776041666663 0.3916015625 0.42819921875000005 0.386998046875 0.43805859374999995 0.3956474609375 0.43694140625000005
0  0.33203125 0.4231770833333333 0.021484375 0.03125 0.32951171875 0.4163411458333333 0.3384052734375 0.4165390625 0.3341064453125 0.4214791666666667 0.3301044921875 0.43017578125 0.3373671875 0.43037369791666663
0  0.6357421875 0.447265625 0.01953125 0.02734375 0.6336845703125 0.44190625 0.641662109375 0.44208072916666663 0.6377392578125 0.4476614583333333 0.63473046875 0.4539388020833333 0.6404853515625 0.45376432291666663
0  0.58447265625 0.47265625 0.0205078125 0.028645833333333332 0.5810546875 0.46875 0.5892861328125 0.46540234374999995 0.5884482421875 0.4696796875 0.5855185546875 0.4795390625 0.5913779296875 0.4786080729166667
0  0.53759765625 0.4759114583333333 0.0205078125 0.02734375 0.534728515625 0.47140625 0.54337890625 0.47104557291666665 0.54067578125 0.4751901041666667 0.5375673828125 0.48239843750000005 0.54297265625 0.4825794270833333
0  0.52197265625 0.4557291666666667 0.0166015625 0.0234375 0.5168017578125 0.4497421875 0.523943359375 0.4497421875 0.5191826171875 0.4535208333333333 0.517142578125 0.46047265624999995 0.523716796875 0.46047265624999995
0  0.4892578125 0.4622395833333333 0.01953125 0.028645833333333332 0.486119140625 0.45628776041666663 0.4935126953125 0.45628776041666663 0.4901650390625 0.46075130208333337 0.4873740234375 0.46819140625000005 0.4940712890625 0.46800651041666663
0  0.84716796875 0.5182291666666666 0.0126953125 0.0234375 0.846326171875 0.51318359375 0.851859375 0.5127122395833333 0.8507998046875 0.5164791666666667 0.8485634765625 0.5226002604166667 0.852330078125 0.5224440104166667
0  0.78955078125 0.4947916666666667 0.0146484375 0.026041666666666668 0.787671875 0.48857812500000003 0.7944990234375 0.4890833333333333 0.7912119140625 0.4929609375 0.7879248046875 0.5013893229166667 0.7936142578125 0.5015572916666667
0  0.77734375 0.494140625 0.017578125 0.02734375 0.7761142578125 0.48896093749999997 0.7833212890625 0.48862369791666665 0.7819296875 0.4928385416666667 0.77876953125 0.49958203124999995 0.7837001953125 0.4992447916666667
0  0.744140625 0.4635416666666667 0.01953125 0.0234375 0.7446640625 0.4588216145833333 0.751111328125 0.4581471354166667 0.751111328125 0.46387890625 0.7461806640625 0.4699479166666667 0.7514912109375 0.4692734375
0  0.712890625 0.482421875 0.017578125 0.024739583333333332 0.7119140625 0.4765625 0.7177734375 0.47705078125 0.7161865234375 0.4803059895833333 0.7130126953125 0.486328125 0.718017578125 0.486328125
0  0.68017578125 0.484375 0.0166015625 0.03125 0.68048046875 0.4788411458333333 0.686431640625 0.4784348958333333 0.68536328125 0.48413020833333337 0.681701171875 0.49165885416666666 0.68765234375 0.49165885416666666
0  0.79736328125 0.49609375 0.0146484375 0.026041666666666668 0.7878984375 0.48869921875000005 0.79447265625 0.4893736979166667 0.7910595703125 0.49341927083333337 0.7876455078125 0.5008372395833333 0.7937138671875 0.5011744791666667
0  0.912109375 0.4889322916666667 0.015625 0.024739583333333332 0.9117431640625 0.4833984375 0.9158935546875 0.4822591145833333 0.91650390625 0.4871419270833333 0.9144287109375 0.4923502604166667 0.91748046875 0.49169921875
0  0.89013671875 0.5071614583333334 0.0146484375 0.022135416666666668 0.892578125 0.5013020833333334 0.8974609375 0.5 0.896484375 0.50390625 0.892578125 0.5091145833333334 0.8955078125 0.5091145833333334
0  0.86767578125 0.4934895833333333 0.0166015625 0.026041666666666668 0.86808984375 0.4891302083333333 0.87428515625 0.4891302083333333 0.8725146484375 0.49317578125 0.8674580078125 0.49671614583333334 0.872767578125 0.4970533854166667
0  0.84375 0.4973958333333333 0.017578125 0.026041666666666668 -0.0009765625 -0.0013020833333333333 -0.0009765625 -0.0013020833333333333 -0.0009765625 -0.0013020833333333333 -0.0009765625 -0.0013020833333333333 -0.0009765625 -0.0013020833333333333
