0  0.03125 0.422103861517976 0.005859375 0.007989347536617843 -0.0009765625 -0.0013315579227696406 -0.0009765625 -0.0013315579227696406 -0.0009765625 -0.0013315579227696406 -0.0009765625 -0.0013315579227696406 -0.0009765625 -0.0013315579227696406
0  0.15625 0.3881491344873502 0.01171875 0.022636484687083888 0.1529365234375 0.38605725699067905 0.1602607421875 0.38634221038615174 0.1573310546875 0.3899081225033289 0.154296875 0.39347536617842876 0.158482421875 0.39361784287616514
0  0.22607421875 0.3801597869507324 0.0146484375 0.02529960053262317 -0.0009765625 -0.0013315579227696406 -0.0009765625 -0.0013315579227696406 -0.0009765625 -0.0013315579227696406 -0.0009765625 -0.0013315579227696406 -0.0009765625 -0.0013315579227696406
0  0.30712890625 0.3841544607190413 0.0107421875 0.014647137150466045 -0.0009765625 -0.0013315579227696406 -0.0009765625 -0.0013315579227696406 -0.0009765625 -0.0013315579227696406 -0.0009765625 -0.0013315579227696406 -0.0009765625 -0.0013315579227696406
0  0.02197265625 0.5645805592543276 0.0361328125 0.06125166444740346 0.0173076171875 0.5634034620505992 0.0331337890625 0.5579107856191744 0.02910546875 0.5732117177097205 0.019609375 0.5822356857523302 0.0334208984375 0.5783115845539281
0  0.052734375 0.5459387483355526 0.021484375 0.03462050599201065 0.0477734375 0.5439054593874834 0.058873046875 0.5391624500665779 0.0555595703125 0.5500053262316911 0.05307421875 0.5583621837549934 0.058873046875 0.5561038615179761
0  0.22900390625 0.5153129161118508 0.0244140625 0.037283621837549935 0.2193994140625 0.5131850865512649 0.228515625 0.5124540612516645 0.2227958984375 0.5202529960053262 0.220650390625 0.5273209054593875 0.2261923828125 0.5273209054593875
0  0.30126953125 0.5126498002663116 0.0244140625 0.03462050599201065 0.2930380859375 0.5071451398135819 0.3017490234375 0.5064860186418109 0.297232421875 0.5172623169107856 0.2946513671875 0.5223209054593875 0.303845703125 0.5214420772303595
0  0.2041015625 0.5399467376830892 0.02734375 0.0492676431424767 0.197962890625 0.5386391478029294 0.21232421875 0.5338242343541943 0.2073798828125 0.5447376830892144 0.2029072265625 0.5572569906790945 0.212794921875 0.552762982689747
0  0.20263671875 0.6125166444740346 0.0478515625 0.07190412782956059 0.2021484375 0.6123089214380826 0.220275390625 0.5994926764314248 0.220947265625 0.6196324900133156 0.214904296875 0.6351944074567244 0.226318359375 0.6246671105193076
0  0.349609375 0.551930758988016 0.0390625 0.0758988015978695 0.3471376953125 0.5510812250332889 0.3630283203125 0.5462663115845539 0.3594970703125 0.5602290279627165 0.3471376953125 0.5741930758988016 0.3655 0.5664886817576564
0  0.380859375 0.5126498002663116 0.025390625 0.045272969374167776 -0.0009765625 -0.0013315579227696406 -0.0009765625 -0.0013315579227696406 -0.0009765625 -0.0013315579227696406 -0.0009765625 -0.0013315579227696406 -0.0009765625 -0.0013315579227696406
0  0.44677734375 0.4960053262316911 0.0283203125 0.0492676431424767 -0.0009765625 -0.0013315579227696406 -0.0009765625 -0.0013315579227696406 -0.0009765625 -0.0013315579227696406 -0.0009765625 -0.0013315579227696406 -0.0009765625 -0.0013315579227696406
0  0.63916015625 0.5119840213049268 0.0205078125 0.041278295605858856 0.63709765625 0.5070732356857524 0.6459091796875 0.5068189081225033 0.6430966796875 0.5149973368841544 0.63747265625 0.5221544607190413 0.6462841796875 0.5216431424766977
0  0.66357421875 0.5252996005326231 0.0322265625 0.06258322237017311 0.6565546875 0.5211025299600532 0.674107421875 0.5226724367509986 0.6669140625 0.5340492676431425 0.655404296875 0.539150466045273 0.6700791015625 0.5407190412782956
0  0.74658203125 0.5439414114513982 0.0302734375 0.05459387483355526 0.742283203125 0.5401731025299601 0.75416796875 0.5412063914780293 0.7491103515625 0.5560319573901464 0.743294921875 0.5581011984021305 0.7516396484375 0.5598255659121172
0  0.87158203125 0.4993342210386152 0.0400390625 0.06657789613848203 0.861498046875 0.4974021304926764 0.879451171875 0.4969800266311585 0.8720224609375 0.5104860186418109 0.861498046875 0.5155512649800266 0.88130859375 0.5168162450066578
0  0.82958984375 0.44873501997336884 0.0224609375 0.047936085219707054 -0.0009765625 -0.0013315579227696406 -0.0009765625 -0.0013315579227696406 -0.0009765625 -0.0013315579227696406 -0.0009765625 -0.0013315579227696406 -0.0009765625 -0.0013315579227696406
0  0.92626953125 0.30825565912117175 0.0224609375 0.03595206391478029 0.9211337890625 0.31188149134487353 0.92709765625 0.3078162450066578 0.9259384765625 0.315948069241012 0.9266005859375 0.3222729693741678 0.9307421875 0.3186577896138482
0  0.6796875 0.3249001331557923 0.017578125 0.02663115845539281 -0.0009765625 -0.0013315579227696406 -0.0009765625 -0.0013315579227696406 -0.0009765625 -0.0013315579227696406 -0.0009765625 -0.0013315579227696406 -0.0009765625 -0.0013315579227696406
0  0.75537109375 0.3848202396804261 0.0048828125 0.007989347536617843 -0.0009765625 -0.0013315579227696406 -0.0009765625 -0.0013315579227696406 -0.0009765625 -0.0013315579227696406 -0.0009765625 -0.0013315579227696406 -0.0009765625 -0.0013315579227696406
0  0.48583984375 0.5805592543275633 0.0087890625 0.013315579227696404 -0.0009765625 -0.0013315579227696406 -0.0009765625 -0.0013315579227696406 -0.0009765625 -0.0013315579227696406 -0.0009765625 -0.0013315579227696406 -0.0009765625 -0.0013315579227696406
0  0.45849609375 0.5892143808255659 0.0087890625 0.014647137150466045 -0.0009765625 -0.0013315579227696406 -0.0009765625 -0.0013315579227696406 -0.0009765625 -0.0013315579227696406 -0.0009765625 -0.0013315579227696406 -0.0009765625 -0.0013315579227696406
0  0.45703125 0.5679094540612517 0.0078125 0.009320905459387484 -0.0009765625 -0.0013315579227696406 -0.0009765625 -0.0013315579227696406 -0.0009765625 -0.0013315579227696406 -0.0009765625 -0.0013315579227696406 -0.0009765625 -0.0013315579227696406
0  0.47021484375 0.5459387483355526 0.0068359375 0.010652463382157125 -0.0009765625 -0.0013315579227696406 -0.0009765625 -0.0013315579227696406 -0.0009765625 -0.0013315579227696406 -0.0009765625 -0.0013315579227696406 -0.0009765625 -0.0013315579227696406
0  0.47900390625 0.5366178428761651 0.0068359375 0.007989347536617843 -0.0009765625 -0.0013315579227696406 -0.0009765625 -0.0013315579227696406 -0.0009765625 -0.0013315579227696406 -0.0009765625 -0.0013315579227696406 -0.0009765625 -0.0013315579227696406
0  0.50341796875 0.5798934753661784 0.0068359375 0.009320905459387484 -0.0009765625 -0.0013315579227696406 -0.0009765625 -0.0013315579227696406 -0.0009765625 -0.0013315579227696406 -0.0009765625 -0.0013315579227696406 -0.0009765625 -0.0013315579227696406
0  0.48828125 0.5452729693741678 0.0078125 0.014647137150466045 0.4859091796875 0.5428948069241012 0.4898154296875 0.5439414114513982 0.487513671875 0.5465099866844207 0.4857705078125 0.5490772303595207 0.48876953125 0.5497430093209055
0  0.56494140625 0.5419440745672437 0.0068359375 0.010652463382157125 -0.0009765625 -0.0013315579227696406 -0.0009765625 -0.0013315579227696406 -0.0009765625 -0.0013315579227696406 -0.0009765625 -0.0013315579227696406 -0.0009765625 -0.0013315579227696406
0  0.5947265625 0.5452729693741678 0.0078125 0.011984021304926764 -0.0009765625 -0.0013315579227696406 -0.0009765625 -0.0013315579227696406 -0.0009765625 -0.0013315579227696406 -0.0009765625 -0.0013315579227696406 -0.0009765625 -0.0013315579227696406
0  0.58447265625 0.5865512649800266 0.0107421875 0.014647137150466045 -0.0009765625 -0.0013315579227696406 -0.0009765625 -0.0013315579227696406 -0.0009765625 -0.0013315579227696406 -0.0009765625 -0.0013315579227696406 -0.0009765625 -0.0013315579227696406
0  0.5419921875 0.5279627163781625 0.005859375 0.009320905459387484 -0.0009765625 -0.0013315579227696406 -0.0009765625 -0.0013315579227696406 -0.0009765625 -0.0013315579227696406 -0.0009765625 -0.0013315579227696406 -0.0009765625 -0.0013315579227696406
0  0.52734375 0.5286284953395473 0.005859375 0.007989347536617843 -0.0009765625 -0.0013315579227696406 -0.0009765625 -0.0013315579227696406 -0.0009765625 -0.0013315579227696406 -0.0009765625 -0.0013315579227696406 -0.0009765625 -0.0013315579227696406
0  0.5576171875 0.5226364846870839 0.0078125 0.009320905459387484 -0.0009765625 -0.0013315579227696406 -0.0009765625 -0.0013315579227696406 -0.0009765625 -0.0013315579227696406 -0.0009765625 -0.0013315579227696406 -0.0009765625 -0.0013315579227696406
0  0.5126953125 0.5805592543275633 0.0078125 0.015978695073235686 -0.0009765625 -0.0013315579227696406 -0.0009765625 -0.0013315579227696406 -0.0009765625 -0.0013315579227696406 -0.0009765625 -0.0013315579227696406 -0.0009765625 -0.0013315579227696406
0  0.541015625 0.5539280958721704 0.005859375 0.007989347536617843 -0.0009765625 -0.0013315579227696406 -0.0009765625 -0.0013315579227696406 -0.0009765625 -0.0013315579227696406 -0.0009765625 -0.0013315579227696406 -0.0009765625 -0.0013315579227696406
0  0.52392578125 0.5719041278295606 0.0048828125 0.006657789613848202 -0.0009765625 -0.0013315579227696406 -0.0009765625 -0.0013315579227696406 -0.0009765625 -0.0013315579227696406 -0.0009765625 -0.0013315579227696406 -0.0009765625 -0.0013315579227696406
0  0.6005859375 0.5952063914780293 0.005859375 0.010652463382157125 -0.0009765625 -0.0013315579227696406 -0.0009765625 -0.0013315579227696406 -0.0009765625 -0.0013315579227696406 -0.0009765625 -0.0013315579227696406 -0.0009765625 -0.0013315579227696406
0  0.513671875 0.5266311584553928 0.0078125 0.011984021304926764 -0.0009765625 -0.0013315579227696406 -0.0009765625 -0.0013315579227696406 -0.0009765625 -0.0013315579227696406 -0.0009765625 -0.0013315579227696406 -0.0009765625 -0.0013315579227696406
0  0.4970703125 0.525965379494008 0.005859375 0.010652463382157125 -0.0009765625 -0.0013315579227696406 -0.0009765625 -0.0013315579227696406 -0.0009765625 -0.0013315579227696406 -0.0009765625 -0.0013315579227696406 -0.0009765625 -0.0013315579227696406
0  0.47509765625 0.5599201065246339 0.0087890625 0.009320905459387484 -0.0009765625 -0.0013315579227696406 -0.0009765625 -0.0013315579227696406 -0.0009765625 -0.0013315579227696406 -0.0009765625 -0.0013315579227696406 -0.0009765625 -0.0013315579227696406
0  0.4765625 0.5213049267643143 0.00390625 0.006657789613848202 -0.0009765625 -0.0013315579227696406 -0.0009765625 -0.0013315579227696406 -0.0009765625 -0.0013315579227696406 -0.0009765625 -0.0013315579227696406 -0.0009765625 -0.0013315579227696406
0  0.4873046875 0.5179760319573902 0.00390625 0.007989347536617843 -0.0009765625 -0.0013315579227696406 -0.0009765625 -0.0013315579227696406 -0.0009765625 -0.0013315579227696406 -0.0009765625 -0.0013315579227696406 -0.0009765625 -0.0013315579227696406
0  0.5107421875 0.5126498002663116 0.005859375 0.010652463382157125 -0.0009765625 -0.0013315579227696406 -0.0009765625 -0.0013315579227696406 -0.0009765625 -0.0013315579227696406 -0.0009765625 -0.0013315579227696406 -0.0009765625 -0.0013315579227696406
0  0.50634765625 0.5399467376830892 0.0068359375 0.009320905459387484 -0.0009765625 -0.0013315579227696406 -0.0009765625 -0.0013315579227696406 -0.0009765625 -0.0013315579227696406 -0.0009765625 -0.0013315579227696406 -0.0009765625 -0.0013315579227696406
0  0.455078125 0.5252996005326231 0.0078125 0.009320905459387484 -0.0009765625 -0.0013315579227696406 -0.0009765625 -0.0013315579227696406 -0.0009765625 -0.0013315579227696406 -0.0009765625 -0.0013315579227696406 -0.0009765625 -0.0013315579227696406
0  0.462890625 0.525965379494008 0.005859375 0.007989347536617843 -0.0009765625 -0.0013315579227696406 -0.0009765625 -0.0013315579227696406 -0.0009765625 -0.0013315579227696406 -0.0009765625 -0.0013315579227696406 -0.0009765625 -0.0013315579227696406
0  0.4560546875 0.5446071904127829 0.005859375 0.007989347536617843 -0.0009765625 -0.0013315579227696406 -0.0009765625 -0.0013315579227696406 -0.0009765625 -0.0013315579227696406 -0.0009765625 -0.0013315579227696406 -0.0009765625 -0.0013315579227696406
0  0.548828125 0.5725699067909454 0.0078125 0.010652463382157125 -0.0009765625 -0.0013315579227696406 -0.0009765625 -0.0013315579227696406 -0.0009765625 -0.0013315579227696406 -0.0009765625 -0.0013315579227696406 -0.0009765625 -0.0013315579227696406
