0  0.70068359375 0.2985294117647059 0.0361328125 0.07352941176470588 0.693564453125 0.2842764705882353 0.708421875 0.28194558823529414 0.702541015625 0.29919264705882354 0.69696875 0.31224411764705884 0.7074931640625 0.3089808823529412
0  0.580078125 0.35073529411764703 0.03125 0.054411764705882354 0.5706044921875 0.34273235294117643 0.5835439453125 0.3416882352941177 0.5749951171875 0.3521264705882353 0.571759765625 0.3663926470588235 0.580771484375 0.36360882352941176
0  0.484375 0.36617647058823527 0.03125 0.05588235294117647 0.4776611328125 0.36327499999999996 0.4879716796875 0.3603852941176471 0.47694140625 0.37338529411764704 0.47694140625 0.3842176470588235 0.483416015625 0.3824117647058824
0  0.38330078125 0.3830882352941177 0.0263671875 0.04852941176470588 0.375 0.38235294117647056 0.3828125 0.38088235294117645 0.376953125 0.3911764705882353 0.3759765625 0.40147058823529413 0.3818359375 0.4
0  0.265625 0.40294117647058825 0.0234375 0.047058823529411764 0.2578125 0.39705882352941174 0.2626953125 0.39705882352941174 0.2548828125 0.4102941176470588 0.259765625 0.4161764705882353 0.2607421875 0.4147058823529412
0  0.1650390625 0.4147058823529412 0.021484375 0.047058823529411764 0.1572265625 0.4117647058823529 0.1630859375 0.4117647058823529 0.1591796875 0.42205882352941176 0.158203125 0.4323529411764706 0.1630859375 0.4308823529411765
0  0.10009765625 0.4102941176470588 0.0166015625 0.041176470588235294 -0.0009765625 -0.0014705882352941176 -0.0009765625 -0.0014705882352941176 -0.0009765625 -0.0014705882352941176 -0.0009765625 -0.0014705882352941176 -0.0009765625 -0.0014705882352941176
0  0.802734375 0.5286764705882353 0.01171875 0.01911764705882353 0.798322265625 0.5267588235294118 0.8033447265625 0.5258147058823529 0.8002841796875 0.5301867647058823 0.80044140625 0.53515 0.8033447265625 0.5345588235294118
0  0.6572265625 0.6161764705882353 0.025390625 0.047058823529411764 -0.0009765625 -0.0014705882352941176 -0.0009765625 -0.0014705882352941176 -0.0009765625 -0.0014705882352941176 -0.0009765625 -0.0014705882352941176 -0.0009765625 -0.0014705882352941176
0  0.29150390625 0.40955882352941175 0.0224609375 0.04264705882352941 -0.0009765625 -0.0014705882352941176 -0.0009765625 -0.0014705882352941176 -0.0009765625 -0.0014705882352941176 -0.0009765625 -0.0014705882352941176 -0.0009765625 -0.0014705882352941176
