0  0.35693359375 0.21153846153846154 0.0244140625 0.04907161803713528 0.3603994140625 0.20330901856763925 0.366869140625 0.20424933687002653 0.368255859375 0.21303580901856764 0.3599375 0.22182228116710875 0.366638671875 0.22119496021220159
0  0.47705078125 0.2592838196286472 0.0263671875 0.046419098143236075 0.476126953125 0.2532917771883289 0.4874619140625 0.2538846153846154 0.484845703125 0.2621737400530504 0.4765625 0.2698700265251989 0.4863720703125 0.2713501326259947
0  0.568359375 0.1770557029177719 0.02734375 0.04907161803713528 0.5697197265625 0.17392970822281167 0.578560546875 0.17146684350132627 0.58128125 0.18193501326259948 0.571306640625 0.19209416445623342 0.5806015625 0.1877838196286472
0  0.62744140625 0.7738726790450928 0.0517578125 0.07294429708222812 0.61932421875 0.7727480106100796 0.6441474609375 0.7676671087533157 0.6349658203125 0.7912201591511937 0.629865234375 0.8041511936339523 0.6414267578125 0.8004575596816975
0  0.72265625 0.6976127320954907 0.0234375 0.04774535809018567 0.7180869140625 0.6936100795755967 0.7298759765625 0.6936100795755967 0.726021484375 0.7028461538461539 0.7199013671875 0.7120835543766577 0.728515625 0.7117758620689655
0  0.80126953125 0.7155172413793104 0.0185546875 0.04907161803713528 0.7984443359375 0.7088567639257294 0.79705859375 0.7097984084880636 0.793361328125 0.7179562334217507 0.8016796875 0.7239190981432361 0.7998310546875 0.7261153846153846
0  0.3486328125 0.7897877984084881 0.025390625 0.05172413793103448 -0.0009765625 -0.001326259946949602 -0.0009765625 -0.001326259946949602 -0.0009765625 -0.001326259946949602 -0.0009765625 -0.001326259946949602 -0.0009765625 -0.001326259946949602
0  0.10546875 0.33355437665782495 0.0234375 0.07029177718832891 -0.0009765625 -0.001326259946949602 -0.0009765625 -0.001326259946949602 -0.0009765625 -0.001326259946949602 -0.0009765625 -0.001326259946949602 -0.0009765625 -0.001326259946949602
0  0.1318359375 0.3030503978779841 0.015625 0.04907161803713528 -0.0009765625 -0.001326259946949602 -0.0009765625 -0.001326259946949602 -0.0009765625 -0.001326259946949602 -0.0009765625 -0.001326259946949602 -0.0009765625 -0.001326259946949602
0  0.1279296875 0.3852785145888594 0.025390625 0.05172413793103448 -0.0009765625 -0.001326259946949602 -0.0009765625 -0.001326259946949602 -0.0009765625 -0.001326259946949602 -0.0009765625 -0.001326259946949602 -0.0009765625 -0.001326259946949602
