0  0.0224609375 0.3219178082191781 0.0390625 0.0654490106544901 -0.0009765625 -0.0015220700152207 -0.0009765625 -0.0015220700152207 -0.0009765625 -0.0015220700152207 -0.0009765625 -0.0015220700152207 -0.0009765625 -0.0015220700152207
0  0.087890625 0.34779299847793 0.05078125 0.0684931506849315 0.072265625 0.334855403348554 0.0927734375 0.3272450532724505 0.0849609375 0.3455098934550989 0.0849609375 0.3607305936073059 0.099609375 0.3515981735159817
0  0.12060546875 0.3242009132420091 0.0361328125 0.0852359208523592 0.1103515625 0.3028919330289193 0.1201171875 0.30441400304414 0.11328125 0.319634703196347 0.1103515625 0.3333333333333333 0.12109375 0.3333333333333333
0  0.234375 0.24277016742770166 0.03515625 0.0806697108066971 0.2265625 0.2298325722983257 0.244140625 0.2298325722983257 0.2353515625 0.2389649923896499 0.228515625 0.2541856925418569 0.244140625 0.2511415525114155
0  0.2685546875 0.3112633181126332 0.04296875 0.0776255707762557 0.2626953125 0.2922374429223744 0.2822265625 0.2861491628614916 0.2783203125 0.2998477929984779 0.2724609375 0.3272450532724505 0.28515625 0.3181126331811263
0  0.1865234375 0.319634703196347 0.03515625 0.060882800608828 -0.0009765625 -0.0015220700152207 -0.0009765625 -0.0015220700152207 -0.0009765625 -0.0015220700152207 -0.0009765625 -0.0015220700152207 -0.0009765625 -0.0015220700152207
0  0.333984375 0.2808219178082192 0.02734375 0.0563165905631659 -0.0009765625 -0.0015220700152207 -0.0009765625 -0.0015220700152207 -0.0009765625 -0.0015220700152207 -0.0009765625 -0.0015220700152207 -0.0009765625 -0.0015220700152207
0  0.36376953125 0.2983257229832572 0.0419921875 0.0852359208523592 0.35550390625 0.2771659056316591 0.3692802734375 0.27555555555555555 0.3661806640625 0.2798508371385084 0.360669921875 0.2986377473363775 0.3741015625 0.2997123287671233
0  0.447265625 0.2777777777777778 0.025390625 0.0624048706240487 0.4452431640625 0.25928158295281584 0.4578857421875 0.2616468797564688 0.4523232421875 0.27386453576864533 0.4452431640625 0.28529375951293756 0.4551044921875 0.2841111111111111
0  0.482421875 0.2914764079147641 0.04296875 0.0837138508371385 0.4685234375 0.2801156773211568 0.484166015625 0.2822359208523592 0.4705634765625 0.2923059360730593 0.4678427734375 0.30184474885844753 0.477705078125 0.30343531202435314
0  0.59423828125 0.2496194824961948 0.0380859375 0.0730593607305936 0.58203125 0.2404870624048706 0.6015625 0.2328767123287671 0.59375 0.2511415525114155 0.587890625 0.2709284627092846 0.603515625 0.2678843226788432
0  0.55859375 0.2595129375951294 0.029296875 0.0593607305936073 -0.0009765625 -0.0015220700152207 -0.0009765625 -0.0015220700152207 -0.0009765625 -0.0015220700152207 -0.0009765625 -0.0015220700152207 -0.0009765625 -0.0015220700152207
0  0.5478515625 0.2815829528158295 0.02734375 0.0547945205479452 0.54296875 0.2709284627092846 0.55078125 0.2724505327245053 0.546875 0.2785388127853881 0.5419921875 0.2846270928462709 0.5498046875 0.289193302891933
0  0.7158203125 0.2899543378995434 0.037109375 0.0624048706240487 0.71484375 0.2770167427701674 0.732421875 0.2754946727549467 0.7275390625 0.2907153729071537 0.716796875 0.3089802130898021 0.7294921875 0.3089802130898021
0  0.7041015625 0.23211567732115676 0.029296875 0.0532724505327245 0.6974794921875 0.21760882800608827 0.70965625 0.21527853881278536 0.7043154296875 0.22360121765601218 0.6987607421875 0.23259056316590565 0.7094423828125 0.22892846270928463
0  0.7353515625 0.2663622526636225 0.021484375 0.0517503805175038 0.7312314453125 0.2626042617960426 0.7395625 0.2602739726027397 0.73614453125 0.2719269406392694 0.7340087890625 0.27825266362252665 0.74041796875 0.27592237442922374
0  0.79541015625 0.2511415525114155 0.0166015625 0.0365296803652968 -0.0009765625 -0.0015220700152207 -0.0009765625 -0.0015220700152207 -0.0009765625 -0.0015220700152207 -0.0009765625 -0.0015220700152207 -0.0009765625 -0.0015220700152207
0  0.8291015625 0.2511415525114155 0.044921875 0.0821917808219178 0.8135068359375 0.2346849315068493 0.825591796875 0.23520700152207002 0.8081357421875 0.258751902587519 0.8141787109375 0.27026179604261796 0.8242490234375 0.2686925418569254
0  0.8935546875 0.2541856925418569 0.025390625 0.045662100456621 0.890625 0.2404870624048706 0.9013671875 0.2450532724505327 0.896484375 0.2526636225266362 0.88671875 0.2648401826484018 0.896484375 0.2663622526636225
0  0.9814453125 0.2298325722983257 0.037109375 0.0639269406392694 0.98828125 0.2085235920852359 0.9970703125 0.2085235920852359 0.9970703125 0.228310502283105 0.98828125 0.2374429223744292 0.9970703125 0.2389649923896499
0  0.310546875 0.3105022831050228 0.01953125 0.0395738203957382 -0.0009765625 -0.0015220700152207 -0.0009765625 -0.0015220700152207 -0.0009765625 -0.0015220700152207 -0.0009765625 -0.0015220700152207 -0.0009765625 -0.0015220700152207
