0  0.10009765625 0.7703125 0.0205078125 0.046875 -0.0009765625 -0.0015625 -0.0009765625 -0.0015625 -0.0009765625 -0.0015625 -0.0009765625 -0.0015625 -0.0009765625 -0.0015625
0  0.14892578125 0.76328125 0.0185546875 0.0296875 0.145751953125 0.7611328125 0.15380859375 0.7609375 0.152099609375 0.7681640625 0.1451416015625 0.7767578125 0.1533203125 0.7771484375
0  0.44580078125 0.1953125 0.0166015625 0.028125 0.43926953125 0.189759375 0.4402900390625 0.189759375 0.4365498046875 0.1955640625 0.4393837890625 0.20263749999999997 0.440857421875 0.20281875
0  0.67724609375 0.25234375 0.0126953125 0.0265625 0.6729912109375 0.2475453125 0.6785361328125 0.248046875 0.6720498046875 0.255078125 0.673619140625 0.2609375 0.6766533203125 0.261775
0  0.78271484375 0.240625 0.0146484375 0.03125 -0.0009765625 -0.0015625 -0.0009765625 -0.0015625 -0.0009765625 -0.0015625 -0.0009765625 -0.0015625 -0.0009765625 -0.0015625
0  0.25537109375 0.59296875 0.0185546875 0.0359375 -0.0009765625 -0.0015625 -0.0009765625 -0.0015625 -0.0009765625 -0.0015625 -0.0009765625 -0.0015625 -0.0009765625 -0.0015625
0  0.3193359375 0.5984375 0.017578125 0.034375 0.3136162109375 0.5915171875 0.3218466796875 0.5912953125 0.316685546875 0.598884375 0.3154296875 0.60625 0.319615234375 0.60625
0  0.9873046875 0.7578125 0.009765625 0.021875 -0.0009765625 -0.0015625 -0.0009765625 -0.0015625 -0.0009765625 -0.0015625 -0.0009765625 -0.0015625 -0.0009765625 -0.0015625
0  0.99365234375 0.740625 0.0087890625 0.01875 -0.0009765625 -0.0015625 -0.0009765625 -0.0015625 -0.0009765625 -0.0015625 -0.0009765625 -0.0015625 -0.0009765625 -0.0015625
0  0.1748046875 0.696875 0.015625 0.028125 -0.0009765625 -0.0015625 -0.0009765625 -0.0015625 -0.0009765625 -0.0015625 -0.0009765625 -0.0015625 -0.0009765625 -0.0015625
