0  0.486328125 0.3177049180327869 0.07421875 0.058360655737704915 0.476013671875 0.31627016393442625 0.509521484375 0.31627016393442625 0.4957890625 0.32549180327868854 0.4842529296875 0.3380327868852459 0.5100703125 0.33581967213114755
0  0.01806640625 0.6295081967213115 0.0068359375 0.006557377049180328 -0.0009765625 -0.0006557377049180328 -0.0009765625 -0.0006557377049180328 -0.0009765625 -0.0006557377049180328 -0.0009765625 -0.0006557377049180328 -0.0009765625 -0.0006557377049180328
0  0.033203125 0.6534426229508197 0.013671875 0.009836065573770493 -0.0009765625 -0.0006557377049180328 -0.0009765625 -0.0006557377049180328 -0.0009765625 -0.0006557377049180328 -0.0009765625 -0.0006557377049180328 -0.0009765625 -0.0006557377049180328
0  0.0576171875 0.6495081967213114 0.013671875 0.008524590163934427 -0.0009765625 -0.0006557377049180328 -0.0009765625 -0.0006557377049180328 -0.0009765625 -0.0006557377049180328 -0.0009765625 -0.0006557377049180328 -0.0009765625 -0.0006557377049180328
0  0.05615234375 0.6737704918032786 0.0166015625 0.01377049180327869 0.0549755859375 0.6734426229508197 0.0617763671875 0.6735304918032787 0.059291015625 0.6762531147540984 0.0547138671875 0.6793265573770492 0.0587685546875 0.6794144262295082
0  0.0966796875 0.6508196721311476 0.01171875 0.009836065573770493 -0.0009765625 -0.0006557377049180328 -0.0009765625 -0.0006557377049180328 -0.0009765625 -0.0006557377049180328 -0.0009765625 -0.0006557377049180328 -0.0009765625 -0.0006557377049180328
0  0.12939453125 0.6704918032786885 0.0107421875 0.015081967213114755 -0.0009765625 -0.0006557377049180328 -0.0009765625 -0.0006557377049180328 -0.0009765625 -0.0006557377049180328 -0.0009765625 -0.0006557377049180328 -0.0009765625 -0.0006557377049180328
0  0.142578125 0.6649180327868852 0.01171875 0.009180327868852459 -0.0009765625 -0.0006557377049180328 -0.0009765625 -0.0006557377049180328 -0.0009765625 -0.0006557377049180328 -0.0009765625 -0.0006557377049180328 -0.0009765625 -0.0006557377049180328
0  0.15087890625 0.7013114754098361 0.0107421875 0.01377049180327869 -0.0009765625 -0.0006557377049180328 -0.0009765625 -0.0006557377049180328 -0.0009765625 -0.0006557377049180328 -0.0009765625 -0.0006557377049180328 -0.0009765625 -0.0006557377049180328
0  0.20947265625 0.6609836065573771 0.0185546875 0.014426229508196721 -0.0009765625 -0.0006557377049180328 -0.0009765625 -0.0006557377049180328 -0.0009765625 -0.0006557377049180328 -0.0009765625 -0.0006557377049180328 -0.0009765625 -0.0006557377049180328
0  0.2978515625 0.6701639344262295 0.01171875 0.014426229508196721 -0.0009765625 -0.0006557377049180328 -0.0009765625 -0.0006557377049180328 -0.0009765625 -0.0006557377049180328 -0.0009765625 -0.0006557377049180328 -0.0009765625 -0.0006557377049180328
0  0.40966796875 0.680983606557377 0.0146484375 0.01377049180327869 -0.0009765625 -0.0006557377049180328 -0.0009765625 -0.0006557377049180328 -0.0009765625 -0.0006557377049180328 -0.0009765625 -0.0006557377049180328 -0.0009765625 -0.0006557377049180328
0  0.30224609375 0.6563934426229509 0.0107421875 0.010491803278688525 -0.0009765625 -0.0006557377049180328 -0.0009765625 -0.0006557377049180328 -0.0009765625 -0.0006557377049180328 -0.0009765625 -0.0006557377049180328 -0.0009765625 -0.0006557377049180328
0  0.46875 0.6511475409836066 0.01953125 0.018360655737704918 -0.0009765625 -0.0006557377049180328 -0.0009765625 -0.0006557377049180328 -0.0009765625 -0.0006557377049180328 -0.0009765625 -0.0006557377049180328 -0.0009765625 -0.0006557377049180328
0  0.47802734375 0.6829508196721311 0.0302734375 0.026885245901639345 0.4739375 0.6791862295081967 0.4891142578125 0.6821226229508197 0.481654296875 0.6840222950819672 0.4729091796875 0.688167213114754 0.4862841796875 0.6900675409836066
0  0.3662109375 0.6501639344262296 0.013671875 0.011147540983606558 -0.0009765625 -0.0006557377049180328 -0.0009765625 -0.0006557377049180328 -0.0009765625 -0.0006557377049180328 -0.0009765625 -0.0006557377049180328 -0.0009765625 -0.0006557377049180328
0  0.42626953125 0.6573770491803279 0.0107421875 0.009836065573770493 -0.0009765625 -0.0006557377049180328 -0.0009765625 -0.0006557377049180328 -0.0009765625 -0.0006557377049180328 -0.0009765625 -0.0006557377049180328 -0.0009765625 -0.0006557377049180328
0  0.54541015625 0.7019672131147541 0.0224609375 0.01901639344262295 -0.0009765625 -0.0006557377049180328 -0.0009765625 -0.0006557377049180328 -0.0009765625 -0.0006557377049180328 -0.0009765625 -0.0006557377049180328 -0.0009765625 -0.0006557377049180328
0  0.57080078125 0.6449180327868852 0.0068359375 0.009836065573770493 -0.0009765625 -0.0006557377049180328 -0.0009765625 -0.0006557377049180328 -0.0009765625 -0.0006557377049180328 -0.0009765625 -0.0006557377049180328 -0.0009765625 -0.0006557377049180328
0  0.58056640625 0.6442622950819672 0.0087890625 0.009836065573770493 -0.0009765625 -0.0006557377049180328 -0.0009765625 -0.0006557377049180328 -0.0009765625 -0.0006557377049180328 -0.0009765625 -0.0006557377049180328 -0.0009765625 -0.0006557377049180328
0  0.6005859375 0.6531147540983606 0.009765625 0.009180327868852459 -0.0009765625 -0.0006557377049180328 -0.0009765625 -0.0006557377049180328 -0.0009765625 -0.0006557377049180328 -0.0009765625 -0.0006557377049180328 -0.0009765625 -0.0006557377049180328
0  0.64208984375 0.6727868852459017 0.0185546875 0.015737704918032787 -0.0009765625 -0.0006557377049180328 -0.0009765625 -0.0006557377049180328 -0.0009765625 -0.0006557377049180328 -0.0009765625 -0.0006557377049180328 -0.0009765625 -0.0006557377049180328
0  0.6953125 0.6478688524590164 0.033203125 0.02754098360655738 0.70316015625 0.6452813114754098 0.7089150390625 0.6445783606557377 0.7117919921875 0.6493206557377049 0.705513671875 0.653887868852459 0.71022265625 0.6530091803278689
0  0.82958984375 0.6422950819672131 0.0185546875 0.021639344262295083 -0.0009765625 -0.0006557377049180328 -0.0009765625 -0.0006557377049180328 -0.0009765625 -0.0006557377049180328 -0.0009765625 -0.0006557377049180328 -0.0009765625 -0.0006557377049180328
0  0.82568359375 0.6498360655737705 0.0185546875 0.02360655737704918 0.8305751953125 0.6448216393442623 0.83146484375 0.6443737704918032 0.835244140625 0.6479567213114754 0.8330205078125 0.6536301639344262 0.8336875 0.6534806557377049
0  0.94921875 0.6537704918032787 0.013671875 0.017049180327868854 -0.0009765625 -0.0006557377049180328 -0.0009765625 -0.0006557377049180328 -0.0009765625 -0.0006557377049180328 -0.0009765625 -0.0006557377049180328 -0.0009765625 -0.0006557377049180328
0  0.919921875 0.6481967213114754 0.021484375 0.017704918032786884 -0.0009765625 -0.0006557377049180328 -0.0009765625 -0.0006557377049180328 -0.0009765625 -0.0006557377049180328 -0.0009765625 -0.0006557377049180328 -0.0009765625 -0.0006557377049180328
0  0.93310546875 0.6475409836065574 0.0146484375 0.017704918032786884 -0.0009765625 -0.0006557377049180328 -0.0009765625 -0.0006557377049180328 -0.0009765625 -0.0006557377049180328 -0.0009765625 -0.0006557377049180328 -0.0009765625 -0.0006557377049180328
