0  0.01611328125 0.9184027777777778 0.0263671875 0.1076388888888889 -0.003662109375 0.899328125 0.0164404296875 0.899328125 0.008095703125 0.9161857638888888 -0.003662109375 0.9397864583333333 0.01719921875 0.937763888888889
0  0.1533203125 0.8854166666666666 0.03125 0.06597222222222222 0.14419140625 0.876875 0.16049609375 0.8717604166666667 0.1540224609375 0.8952048611111112 0.148986328125 0.907140625 0.1616953125 0.9015989583333334
0  0.1953125 0.8767361111111112 0.029296875 0.0798611111111111 -0.0009765625 -0.001736111111111111 -0.0009765625 -0.001736111111111111 -0.0009765625 -0.001736111111111111 -0.0009765625 -0.001736111111111111 -0.0009765625 -0.001736111111111111
0  0.13671875 0.5572916666666666 0.017578125 0.052083333333333336 -0.0009765625 -0.001736111111111111 -0.0009765625 -0.001736111111111111 -0.0009765625 -0.001736111111111111 -0.0009765625 -0.001736111111111111 -0.0009765625 -0.001736111111111111
0  0.15869140625 0.5694444444444444 0.0166015625 0.04513888888888889 -0.0009765625 -0.001736111111111111 -0.0009765625 -0.001736111111111111 -0.0009765625 -0.001736111111111111 -0.0009765625 -0.001736111111111111 -0.0009765625 -0.001736111111111111
0  0.22509765625 0.5590277777777778 0.0185546875 0.04513888888888889 -0.0009765625 -0.001736111111111111 -0.0009765625 -0.001736111111111111 -0.0009765625 -0.001736111111111111 -0.0009765625 -0.001736111111111111 -0.0009765625 -0.001736111111111111
0  0.2841796875 0.6432291666666666 0.0390625 0.078125 0.275451171875 0.6322152777777778 0.2944033203125 0.6239149305555556 0.290283203125 0.6458871527777778 0.284240234375 0.6707899305555556 0.298248046875 0.662
0  0.2158203125 0.8463541666666666 0.02734375 0.050347222222222224 -0.0009765625 -0.001736111111111111 -0.0009765625 -0.001736111111111111 -0.0009765625 -0.001736111111111111 -0.0009765625 -0.001736111111111111 -0.0009765625 -0.001736111111111111
0  0.3115234375 0.9427083333333334 0.0546875 0.10069444444444445 0.2900263671875 0.9290295138888889 0.30311328125 0.9180069444444445 0.2931259765625 0.9449479166666666 0.2900263671875 0.9633177083333333 0.3082802734375 0.9565815972222222
0  0.0634765625 0.13541666666666666 0.0234375 0.05555555555555555 -0.0009765625 -0.001736111111111111 -0.0009765625 -0.001736111111111111 -0.0009765625 -0.001736111111111111 -0.0009765625 -0.001736111111111111 -0.0009765625 -0.001736111111111111
0  0.30712890625 0.3810763888888889 0.0166015625 0.03993055555555555 -0.0009765625 -0.001736111111111111 -0.0009765625 -0.001736111111111111 -0.0009765625 -0.001736111111111111 -0.0009765625 -0.001736111111111111 -0.0009765625 -0.001736111111111111
0  0.3583984375 0.3784722222222222 0.01953125 0.03819444444444445 -0.0009765625 -0.001736111111111111 -0.0009765625 -0.001736111111111111 -0.0009765625 -0.001736111111111111 -0.0009765625 -0.001736111111111111 -0.0009765625 -0.001736111111111111
0  0.37255859375 0.5407986111111112 0.0185546875 0.036458333333333336 -0.0009765625 -0.001736111111111111 -0.0009765625 -0.001736111111111111 -0.0009765625 -0.001736111111111111 -0.0009765625 -0.001736111111111111 -0.0009765625 -0.001736111111111111
0  0.41943359375 0.4678819444444444 0.0205078125 0.043402777777777776 -0.0009765625 -0.001736111111111111 -0.0009765625 -0.001736111111111111 -0.0009765625 -0.001736111111111111 -0.0009765625 -0.001736111111111111 -0.0009765625 -0.001736111111111111
0  0.43603515625 0.4305555555555556 0.0224609375 0.04513888888888889 -0.0009765625 -0.001736111111111111 -0.0009765625 -0.001736111111111111 -0.0009765625 -0.001736111111111111 -0.0009765625 -0.001736111111111111 -0.0009765625 -0.001736111111111111
0  0.4013671875 0.5989583333333334 0.025390625 0.059027777777777776 0.4019951171875 0.5870538194444443 0.4112021484375 0.5881701388888889 0.408482421875 0.5985868055555555 0.404296875 0.6116076388888889 0.4097373046875 0.6116076388888889
0  0.42529296875 0.578125 0.0224609375 0.034722222222222224 -0.0009765625 -0.001736111111111111 -0.0009765625 -0.001736111111111111 -0.0009765625 -0.001736111111111111 -0.0009765625 -0.001736111111111111 -0.0009765625 -0.001736111111111111
0  0.43603515625 0.6206597222222222 0.0244140625 0.05381944444444445 -0.0009765625 -0.001736111111111111 -0.0009765625 -0.001736111111111111 -0.0009765625 -0.001736111111111111 -0.0009765625 -0.001736111111111111 -0.0009765625 -0.001736111111111111
0  0.4560546875 0.6736111111111112 0.03125 0.059027777777777776 0.44775390625 0.6654270833333333 0.4617744140625 0.6613350694444444 0.455078125 0.6702621527777778 0.4515205078125 0.6884913194444445 0.4609375 0.6866319444444444
0  0.48876953125 0.5720486111111112 0.0205078125 0.06076388888888889 -0.0009765625 -0.001736111111111111 -0.0009765625 -0.001736111111111111 -0.0009765625 -0.001736111111111111 -0.0009765625 -0.001736111111111111 -0.0009765625 -0.001736111111111111
0  0.54248046875 0.5616319444444444 0.0380859375 0.07465277777777778 0.52794140625 0.5471302083333334 0.54788671875 0.5424027777777778 0.5372490234375 0.5532777777777778 0.533525390625 0.5769166666666666 0.5454931640625 0.5736059027777778
0  0.33349609375 0.7291666666666666 0.0361328125 0.0763888888888889 -0.0009765625 -0.001736111111111111 -0.0009765625 -0.001736111111111111 -0.0009765625 -0.001736111111111111 -0.0009765625 -0.001736111111111111 -0.0009765625 -0.001736111111111111
0  0.36669921875 0.7378472222222222 0.0166015625 0.059027777777777776 0.3609091796875 0.7230902777777778 0.364048828125 0.7230902777777778 0.3579794921875 0.7361111111111112 0.361119140625 0.7483871527777778 0.364466796875 0.7491319444444444
0  0.39013671875 0.7300347222222222 0.0224609375 0.06076388888888889 0.380951171875 0.71690625 0.3929140625 0.7172847222222223 0.3858642578125 0.7317170138888889 0.3807373046875 0.7465277777777778 0.390564453125 0.7469079861111111
0  0.43017578125 0.9722222222222222 0.0791015625 0.052083333333333336 -0.0009765625 -0.001736111111111111 -0.0009765625 -0.001736111111111111 -0.0009765625 -0.001736111111111111 -0.0009765625 -0.001736111111111111 -0.0009765625 -0.001736111111111111
0  0.60693359375 0.4930555555555556 0.0166015625 0.034722222222222224 -0.0009765625 -0.001736111111111111 -0.0009765625 -0.001736111111111111 -0.0009765625 -0.001736111111111111 -0.0009765625 -0.001736111111111111 -0.0009765625 -0.001736111111111111
0  0.6513671875 0.5668402777777778 0.033203125 0.06770833333333333 0.6494404296875 0.5480538194444444 0.6544755859375 0.545921875 0.6621484375 0.5680885416666667 0.6515986328125 0.579171875 0.6566337890625 0.5795972222222222
0  0.71337890625 0.5138888888888888 0.0205078125 0.04861111111111111 -0.0009765625 -0.001736111111111111 -0.0009765625 -0.001736111111111111 -0.0009765625 -0.001736111111111111 -0.0009765625 -0.001736111111111111 -0.0009765625 -0.001736111111111111
0  0.7294921875 0.6232638888888888 0.025390625 0.052083333333333336 0.719330078125 0.615064236111111 0.7313271484375 0.6063993055555555 0.726828125 0.6243958333333333 0.726078125 0.6380590277777778 0.7337646484375 0.6337274305555556
0  0.74267578125 0.5217013888888888 0.0283203125 0.050347222222222224 0.7346318359375 0.5158350694444445 0.74714453125 0.505982638888889 0.7439267578125 0.5180590277777778 0.7439267578125 0.5333125 0.7514345703125 0.5250503472222222
0  0.7880859375 0.5052083333333334 0.025390625 0.052083333333333336 -0.0009765625 -0.001736111111111111 -0.0009765625 -0.001736111111111111 -0.0009765625 -0.001736111111111111 -0.0009765625 -0.001736111111111111 -0.0009765625 -0.001736111111111111
0  0.82470703125 0.5772569444444444 0.0341796875 0.0642361111111111 0.82121484375 0.5641128472222222 0.8360029296875 0.5600034722222222 0.83484765625 0.5731493055555555 0.8269912109375 0.5912239583333334 0.8383134765625 0.5879375
0  0.6025390625 0.921875 0.05078125 0.10069444444444445 -0.0009765625 -0.001736111111111111 -0.0009765625 -0.001736111111111111 -0.0009765625 -0.001736111111111111 -0.0009765625 -0.001736111111111111 -0.0009765625 -0.001736111111111111
0  0.73095703125 0.4131944444444444 0.0146484375 0.041666666666666664 -0.0009765625 -0.001736111111111111 -0.0009765625 -0.001736111111111111 -0.0009765625 -0.001736111111111111 -0.0009765625 -0.001736111111111111 -0.0009765625 -0.001736111111111111
0  0.74462890625 0.4027777777777778 0.0126953125 0.04861111111111111 -0.0009765625 -0.001736111111111111 -0.0009765625 -0.001736111111111111 -0.0009765625 -0.001736111111111111 -0.0009765625 -0.001736111111111111 -0.0009765625 -0.001736111111111111
0  0.83984375 0.3975694444444444 0.01953125 0.052083333333333336 0.8316689453125 0.3863697916666667 0.8425419921875 0.38270486111111107 0.83823046875 0.3947013888888889 0.8357939453125 0.40536631944444446 0.8425419921875 0.4036996527777778
0  0.86865234375 0.4973958333333333 0.0244140625 0.043402777777777776 0.8626533203125 0.4945746527777778 0.8731689453125 0.4917847222222222 0.868146484375 0.503782986111111 0.8643798828125 0.5146631944444445 0.873482421875 0.5127100694444445
0  0.84375 0.4895833333333333 0.01953125 0.04513888888888889 0.8384267578125 0.47925173611111105 0.8510087890625 0.48097222222222225 0.8452021484375 0.48928819444444444 0.839072265625 0.4987517361111111 0.84810546875 0.4996128472222222
0  0.8974609375 0.4505208333333333 0.0234375 0.03993055555555555 -0.0009765625 -0.001736111111111111 -0.0009765625 -0.001736111111111111 -0.0009765625 -0.001736111111111111 -0.0009765625 -0.001736111111111111 -0.0009765625 -0.001736111111111111
0  0.90380859375 0.5034722222222222 0.0146484375 0.041666666666666664 -0.0009765625 -0.001736111111111111 -0.0009765625 -0.001736111111111111 -0.0009765625 -0.001736111111111111 -0.0009765625 -0.001736111111111111 -0.0009765625 -0.001736111111111111
0  0.94482421875 0.5763888888888888 0.0244140625 0.05555555555555555 0.9377177734375 0.5646701388888888 0.949349609375 0.5632447916666666 0.9443359375 0.5785746527777778 0.9391220703125 0.5939045138888889 0.95195703125 0.5914097222222222
0  0.96435546875 0.7213541666666666 0.0322265625 0.06076388888888889 -0.0009765625 -0.001736111111111111 -0.0009765625 -0.001736111111111111 -0.0009765625 -0.001736111111111111 -0.0009765625 -0.001736111111111111 -0.0009765625 -0.001736111111111111
0  0.83056640625 0.8463541666666666 0.0771484375 0.1440972222222222 -0.0009765625 -0.001736111111111111 -0.0009765625 -0.001736111111111111 -0.0009765625 -0.001736111111111111 -0.0009765625 -0.001736111111111111 -0.0009765625 -0.001736111111111111
0  0.935546875 0.8802083333333334 0.0625 0.09722222222222222 -0.0009765625 -0.001736111111111111 -0.0009765625 -0.001736111111111111 -0.0009765625 -0.001736111111111111 -0.0009765625 -0.001736111111111111 -0.0009765625 -0.001736111111111111
0  0.875 0.3706597222222222 0.01953125 0.043402777777777776 0.8694716796875 0.36030555555555555 0.8763779296875 0.3580729166666667 0.8721396484375 0.36755902777777777 0.8705703125 0.3784409722222222 0.877162109375 0.3776041666666667
0  0.7451171875 0.3645833333333333 0.0234375 0.04513888888888889 -0.0009765625 -0.001736111111111111 -0.0009765625 -0.001736111111111111 -0.0009765625 -0.001736111111111111 -0.0009765625 -0.001736111111111111 -0.0009765625 -0.001736111111111111
0  0.9716796875 0.7994791666666666 0.029296875 0.07465277777777778 -0.0009765625 -0.001736111111111111 -0.0009765625 -0.001736111111111111 -0.0009765625 -0.001736111111111111 -0.0009765625 -0.001736111111111111 -0.0009765625 -0.001736111111111111
