0  0.25830078125 0.554093567251462 0.0263671875 0.04678362573099415 0.248591796875 0.5477821637426901 0.257419921875 0.5510131578947368 0.2501611328125 0.558061403508772 0.2474150390625 0.5686345029239767 0.2544775390625 0.5712777777777778
0  0.26806640625 0.47514619883040937 0.0146484375 0.029239766081871343 0.2678310546875 0.47479385964912285 0.2683369140625 0.47498245614035084 0.2654287109375 0.47914766081871346 0.263912109375 0.48369005847953217 0.2669462890625 0.4833114035087719
0  0.2861328125 0.4583333333333333 0.009765625 0.021929824561403508 0.2822265625 0.45760233918128657 0.2861328125 0.4590643274853801 0.283203125 0.46345029239766083 0.2822265625 0.46637426900584794 0.28515625 0.46637426900584794
0  0.1796875 0.5058479532163743 0.01953125 0.04093567251461988 0.171875 0.5029239766081871 0.1767578125 0.5029239766081871 0.1728515625 0.5116959064327485 0.173828125 0.5175438596491229 0.1748046875 0.5175438596491229
0  0.23388671875 0.4861111111111111 0.0126953125 0.019005847953216373 0.23046875 0.4824561403508772 0.2353515625 0.4824561403508772 0.2294921875 0.4868421052631579 0.23046875 0.4926900584795322 0.2314453125 0.4926900584795322
0  0.01611328125 0.48026315789473684 0.0185546875 0.021929824561403508 0.0126953125 0.47953216374269003 0.0205078125 0.47953216374269003 0.0166015625 0.4853801169590643 0.0126953125 0.489766081871345 0.01953125 0.489766081871345
0  0.162109375 0.5526315789473685 0.009765625 0.017543859649122806 -0.0009765625 -0.0014619883040935672 -0.0009765625 -0.0014619883040935672 -0.0009765625 -0.0014619883040935672 -0.0009765625 -0.0014619883040935672 -0.0009765625 -0.0014619883040935672
0  0.25390625 0.4590643274853801 0.01171875 0.017543859649122806 -0.0009765625 -0.0014619883040935672 -0.0009765625 -0.0014619883040935672 -0.0009765625 -0.0014619883040935672 -0.0009765625 -0.0014619883040935672 -0.0009765625 -0.0014619883040935672
0  0.10986328125 0.7339181286549707 0.1298828125 0.17251461988304093 0.111833984375 0.7025116959064327 0.16019140625 0.6853333333333332 0.15035546875 0.7270526315789473 0.115931640625 0.7798143274853802 0.1560927734375 0.7577280701754385
0  0.45458984375 0.8801169590643275 0.0966796875 0.19883040935672514 0.420732421875 0.8605891812865497 0.459533203125 0.858266081871345 0.4261650390625 0.9151915204678363 0.423060546875 0.9349415204678363 0.4579814453125 0.94075
0  0.61767578125 0.564327485380117 0.0302734375 0.06140350877192982 0.613525390625 0.5577748538011695 0.6255576171875 0.5573830409356725 0.621111328125 0.5675643274853801 0.6148330078125 0.5800964912280702 0.6255576171875 0.5793128654970761
0  0.53857421875 0.5467836257309941 0.0185546875 0.043859649122807015 0.5325400390625 0.5473581871345029 0.534650390625 0.5485073099415204 0.5304306640625 0.5556856725146199 0.5342666015625 0.5620043859649123 0.53541796875 0.5622909356725146
0  0.50341796875 0.5650584795321637 0.0205078125 0.033625730994152045 0.5029296875 0.5599415204678363 0.509765625 0.5599415204678363 0.5068359375 0.5687134502923976 0.5029296875 0.5745614035087719 0.5068359375 0.5745614035087719
0  0.48486328125 0.4934210526315789 0.0107421875 0.033625730994152045 0.482361328125 0.4942821637426901 0.4884033203125 0.49449853801169597 0.484375 0.49880555555555556 0.4832236328125 0.5061286549707602 0.4871083984375 0.506343567251462
0  0.4912109375 0.4861111111111111 0.0078125 0.021929824561403508 -0.0009765625 -0.0014619883040935672 -0.0009765625 -0.0014619883040935672 -0.0009765625 -0.0014619883040935672 -0.0009765625 -0.0014619883040935672 -0.0009765625 -0.0014619883040935672
0  0.435546875 0.5131578947368421 0.01171875 0.02046783625730994 -0.0009765625 -0.0014619883040935672 -0.0009765625 -0.0014619883040935672 -0.0009765625 -0.0014619883040935672 -0.0009765625 -0.0014619883040935672 -0.0009765625 -0.0014619883040935672
0  0.421875 0.5036549707602339 0.015625 0.04239766081871345 -0.0009765625 -0.0014619883040935672 -0.0009765625 -0.0014619883040935672 -0.0009765625 -0.0014619883040935672 -0.0009765625 -0.0014619883040935672 -0.0009765625 -0.0014619883040935672
0  0.39697265625 0.5029239766081871 0.0126953125 0.02631578947368421 0.398603515625 0.5017163742690058 0.400486328125 0.5018932748538012 0.4006044921875 0.5059459064327485 0.3998984375 0.5099985380116959 0.4011923828125 0.5101754385964912
0  0.44970703125 0.47514619883040937 0.0087890625 0.014619883040935672 -0.0009765625 -0.0014619883040935672 -0.0009765625 -0.0014619883040935672 -0.0009765625 -0.0014619883040935672 -0.0009765625 -0.0014619883040935672 -0.0009765625 -0.0014619883040935672
0  0.47509765625 0.47953216374269003 0.0048828125 0.017543859649122806 -0.0009765625 -0.0014619883040935672 -0.0009765625 -0.0014619883040935672 -0.0009765625 -0.0014619883040935672 -0.0009765625 -0.0014619883040935672 -0.0009765625 -0.0014619883040935672
0  0.36865234375 0.48464912280701755 0.0126953125 0.021929824561403508 -0.0009765625 -0.0014619883040935672 -0.0009765625 -0.0014619883040935672 -0.0009765625 -0.0014619883040935672 -0.0009765625 -0.0014619883040935672 -0.0009765625 -0.0014619883040935672
0  0.396484375 0.4649122807017544 0.01171875 0.017543859649122806 -0.0009765625 -0.0014619883040935672 -0.0009765625 -0.0014619883040935672 -0.0009765625 -0.0014619883040935672 -0.0009765625 -0.0014619883040935672 -0.0009765625 -0.0014619883040935672
0  0.3818359375 0.5372807017543859 0.0234375 0.04532163742690058 0.3743544921875 0.531641812865497 0.38375390625 0.535374269005848 0.3749306640625 0.539969298245614 0.3743544921875 0.5477236842105263 0.381068359375 0.5477236842105263
0  0.67578125 0.5504385964912281 0.013671875 0.033625730994152045 0.6725029296875 0.5470380116959064 0.67811328125 0.5457456140350877 0.6766748046875 0.5522076023391812 0.6742294921875 0.556514619883041 0.6784013671875 0.5560847953216375
0  0.76171875 0.5307017543859649 0.0234375 0.04678362573099415 0.764953125 0.5295014619883041 0.76956640625 0.5282997076023392 0.77137109375 0.5373070175438596 0.765755859375 0.5463143274853801 0.77076953125 0.544812865497076
0  0.72705078125 0.47149122807017546 0.0126953125 0.024853801169590642 -0.0009765625 -0.0014619883040935672 -0.0009765625 -0.0014619883040935672 -0.0009765625 -0.0014619883040935672 -0.0009765625 -0.0014619883040935672 -0.0009765625 -0.0014619883040935672
0  0.7314453125 0.4612573099415205 0.009765625 0.019005847953216373 -0.0009765625 -0.0014619883040935672 -0.0009765625 -0.0014619883040935672 -0.0009765625 -0.0014619883040935672 -0.0009765625 -0.0014619883040935672 -0.0009765625 -0.0014619883040935672
0  0.697265625 0.4861111111111111 0.0078125 0.01608187134502924 -0.0009765625 -0.0014619883040935672 -0.0009765625 -0.0014619883040935672 -0.0009765625 -0.0014619883040935672 -0.0009765625 -0.0014619883040935672 -0.0009765625 -0.0014619883040935672
0  0.81298828125 0.5095029239766082 0.0107421875 0.021929824561403508 -0.0009765625 -0.0014619883040935672 -0.0009765625 -0.0014619883040935672 -0.0009765625 -0.0014619883040935672 -0.0009765625 -0.0014619883040935672 -0.0009765625 -0.0014619883040935672
0  0.70654296875 0.5782163742690059 0.0419921875 0.06871345029239766 0.6926181640625 0.572093567251462 0.7104365234375 0.5760292397660819 0.6967080078125 0.5869619883040936 0.6914501953125 0.6018304093567252 0.7063466796875 0.607077485380117
0  0.85888671875 0.4868421052631579 0.0107421875 0.02046783625730994 0.85678125 0.4857002923976608 0.863189453125 0.4861111111111111 0.8603515625 0.4924152046783626 0.8578798828125 0.4958421052631579 0.8621826171875 0.4958421052631579
0  0.89111328125 0.5153508771929824 0.0166015625 0.033625730994152045 0.8974609375 0.5146198830409356 0.8994140625 0.5146198830409356 0.90234375 0.52046783625731 0.8994140625 0.5263157894736842 0.900390625 0.5248538011695907
0  0.9052734375 0.49415204678362573 0.015625 0.029239766081871343 0.90625 0.4926900584795322 0.912109375 0.4926900584795322 0.9091796875 0.5 0.9052734375 0.5029239766081871 0.9091796875 0.5058479532163743
0  0.92333984375 0.52046783625731 0.0205078125 0.023391812865497075 0.9296875 0.5219298245614035 0.935546875 0.52046783625731 0.931640625 0.5263157894736842 0.927734375 0.5307017543859649 0.9306640625 0.5307017543859649
0  0.869140625 0.4722222222222222 0.009765625 0.02046783625730994 0.869140625 0.47368421052631576 0.873046875 0.47368421052631576 0.87109375 0.4780701754385965 0.869140625 0.48099415204678364 0.873046875 0.4824561403508772
0  0.88134765625 0.4692982456140351 0.0087890625 0.017543859649122806 0.8828125 0.4678362573099415 0.884765625 0.4678362573099415 0.8837890625 0.4722222222222222 0.8818359375 0.4766081871345029 0.884765625 0.47514619883040937
0  0.92236328125 0.47149122807017546 0.0087890625 0.01608187134502924 0.9189453125 0.47076023391812866 0.9208984375 0.47076023391812866 0.919921875 0.47368421052631576 0.9189453125 0.4780701754385965 0.921875 0.4766081871345029
0  0.93994140625 0.4649122807017544 0.0068359375 0.014619883040935672 -0.0009765625 -0.0014619883040935672 -0.0009765625 -0.0014619883040935672 -0.0009765625 -0.0014619883040935672 -0.0009765625 -0.0014619883040935672 -0.0009765625 -0.0014619883040935672
0  0.8916015625 0.45687134502923976 0.0078125 0.013157894736842105 0.888671875 0.45321637426900585 0.892578125 0.45321637426900585 0.8916015625 0.45614035087719296 0.8896484375 0.4605263157894737 0.89453125 0.4605263157894737
0  0.95361328125 0.5745614035087719 0.0224609375 0.029239766081871343 0.9580078125 0.5672514619883041 0.9619140625 0.5672514619883041 0.96484375 0.5745614035087719 0.9609375 0.5818713450292398 0.9638671875 0.5804093567251462
0  0.9736328125 0.47514619883040937 0.005859375 0.008771929824561403 -0.0009765625 -0.0014619883040935672 -0.0009765625 -0.0014619883040935672 -0.0009765625 -0.0014619883040935672 -0.0009765625 -0.0014619883040935672 -0.0009765625 -0.0014619883040935672
0  0.54345703125 0.47441520467836257 0.0126953125 0.021929824561403508 0.5419921875 0.47368421052631576 0.546875 0.47368421052631576 0.54296875 0.4780701754385965 0.541015625 0.48391812865497075 0.544921875 0.48391812865497075
0  0.96337890625 0.9597953216374269 0.0712890625 0.0804093567251462 -0.0009765625 -0.0014619883040935672 -0.0009765625 -0.0014619883040935672 -0.0009765625 -0.0014619883040935672 -0.0009765625 -0.0014619883040935672 -0.0009765625 -0.0014619883040935672
0  0.6708984375 0.5080409356725146 0.017578125 0.039473684210526314 -0.0009765625 -0.0014619883040935672 -0.0009765625 -0.0014619883040935672 -0.0009765625 -0.0014619883040935672 -0.0009765625 -0.0014619883040935672 -0.0009765625 -0.0014619883040935672
0  0.841796875 0.45614035087719296 0.0078125 0.017543859649122806 -0.0009765625 -0.0014619883040935672 -0.0009765625 -0.0014619883040935672 -0.0009765625 -0.0014619883040935672 -0.0009765625 -0.0014619883040935672 -0.0009765625 -0.0014619883040935672
0  0.3720703125 0.4451754385964912 0.017578125 0.033625730994152045 -0.0009765625 -0.0014619883040935672 -0.0009765625 -0.0014619883040935672 -0.0009765625 -0.0014619883040935672 -0.0009765625 -0.0014619883040935672 -0.0009765625 -0.0014619883040935672
0  0.04541015625 0.5116959064327485 0.0166015625 0.029239766081871343 -0.0009765625 -0.0014619883040935672 -0.0009765625 -0.0014619883040935672 -0.0009765625 -0.0014619883040935672 -0.0009765625 -0.0014619883040935672 -0.0009765625 -0.0014619883040935672
0  0.041015625 0.483187134502924 0.017578125 0.021929824561403508 -0.0009765625 -0.0014619883040935672 -0.0009765625 -0.0014619883040935672 -0.0009765625 -0.0014619883040935672 -0.0009765625 -0.0014619883040935672 -0.0009765625 -0.0014619883040935672
0  0.0703125 0.5519005847953217 0.02734375 0.03070175438596491 -0.0009765625 -0.0014619883040935672 -0.0009765625 -0.0014619883040935672 -0.0009765625 -0.0014619883040935672 -0.0009765625 -0.0014619883040935672 -0.0009765625 -0.0014619883040935672
0  0.22021484375 0.4926900584795322 0.0107421875 0.023391812865497075 -0.0009765625 -0.0014619883040935672 -0.0009765625 -0.0014619883040935672 -0.0009765625 -0.0014619883040935672 -0.0009765625 -0.0014619883040935672 -0.0009765625 -0.0014619883040935672
0  0.935546875 0.4722222222222222 0.0078125 0.014619883040935672 -0.0009765625 -0.0014619883040935672 -0.0009765625 -0.0014619883040935672 -0.0009765625 -0.0014619883040935672 -0.0009765625 -0.0014619883040935672 -0.0009765625 -0.0014619883040935672
0  0.80419921875 0.5307017543859649 0.0107421875 0.014619883040935672 -0.0009765625 -0.0014619883040935672 -0.0009765625 -0.0014619883040935672 -0.0009765625 -0.0014619883040935672 -0.0009765625 -0.0014619883040935672 -0.0009765625 -0.0014619883040935672
0  0.44384765625 0.4780701754385965 0.0068359375 0.011695906432748537 -0.0009765625 -0.0014619883040935672 -0.0009765625 -0.0014619883040935672 -0.0009765625 -0.0014619883040935672 -0.0009765625 -0.0014619883040935672 -0.0009765625 -0.0014619883040935672
