0  0.91259765625 0.5458984375 0.0341796875 0.072265625 0.917759765625 0.535505859375 0.9219970703125 0.529384765625 0.9281181640625 0.541154296875 0.9276474609375 0.563755859375 0.9311787109375 0.55480859375
0  0.95166015625 0.5419921875 0.0126953125 0.033203125 0.948033203125 0.540109375 0.954607421875 0.538521484375 0.9522265625 0.54758984375 0.9504130859375 0.552578125 0.954607421875 0.551216796875
0  0.8525390625 0.490234375 0.02734375 0.06640625 0.8526171875 0.482701171875 0.86470703125 0.481880859375 0.8630673828125 0.4929453125 0.8565107421875 0.508927734375 0.862248046875 0.509337890625
0  0.8212890625 0.5458984375 0.033203125 0.064453125 0.817810546875 0.5465078125 0.832763671875 0.5277109375 0.832123046875 0.55078125 0.8291318359375 0.566162109375 0.8359677734375 0.557189453125
0  0.751953125 0.4169921875 0.03515625 0.068359375 -0.0009765625 -0.001953125 -0.0009765625 -0.001953125 -0.0009765625 -0.001953125 -0.0009765625 -0.001953125 -0.0009765625 -0.001953125
0  0.93505859375 0.41796875 0.0244140625 0.0546875 -0.0009765625 -0.001953125 -0.0009765625 -0.001953125 -0.0009765625 -0.001953125 -0.0009765625 -0.001953125 -0.0009765625 -0.001953125
0  0.94384765625 0.36328125 0.0166015625 0.04296875 -0.0009765625 -0.001953125 -0.0009765625 -0.001953125 -0.0009765625 -0.001953125 -0.0009765625 -0.001953125 -0.0009765625 -0.001953125
0  0.85693359375 0.435546875 0.0224609375 0.0546875 -0.0009765625 -0.001953125 -0.0009765625 -0.001953125 -0.0009765625 -0.001953125 -0.0009765625 -0.001953125 -0.0009765625 -0.001953125
0  0.7275390625 0.357421875 0.013671875 0.03515625 -0.0009765625 -0.001953125 -0.0009765625 -0.001953125 -0.0009765625 -0.001953125 -0.0009765625 -0.001953125 -0.0009765625 -0.001953125
0  0.70263671875 0.4375 0.0244140625 0.05078125 -0.0009765625 -0.001953125 -0.0009765625 -0.001953125 -0.0009765625 -0.001953125 -0.0009765625 -0.001953125 -0.0009765625 -0.001953125
0  0.685546875 0.373046875 0.017578125 0.0390625 -0.0009765625 -0.001953125 -0.0009765625 -0.001953125 -0.0009765625 -0.001953125 -0.0009765625 -0.001953125 -0.0009765625 -0.001953125
0  0.71044921875 0.388671875 0.0205078125 0.05859375 -0.0009765625 -0.001953125 -0.0009765625 -0.001953125 -0.0009765625 -0.001953125 -0.0009765625 -0.001953125 -0.0009765625 -0.001953125
0  0.634765625 0.4208984375 0.03125 0.064453125 0.6334755859375 0.414306640625 0.6445048828125 0.409494140625 0.6427001953125 0.420724609375 0.6382880859375 0.43837109375 0.646912109375 0.43476171875
0  0.72021484375 0.6318359375 0.0341796875 0.076171875 -0.0009765625 -0.001953125 -0.0009765625 -0.001953125 -0.0009765625 -0.001953125 -0.0009765625 -0.001953125 -0.0009765625 -0.001953125
0  0.69140625 0.779296875 0.03125 0.0703125 0.700435546875 0.7667578125 0.70176953125 0.76408984375 0.7068828125 0.77609765625 0.7024365234375 0.794328125 0.705326171875 0.790771484375
0  0.5849609375 0.6162109375 0.046875 0.115234375 0.5836220703125 0.596166015625 0.5980966796875 0.578072265625 0.6035244140625 0.60123046875 0.5952021484375 0.639587890625 0.6049716796875 0.629455078125
0  0.59326171875 0.4541015625 0.0380859375 0.087890625 -0.0009765625 -0.001953125 -0.0009765625 -0.001953125 -0.0009765625 -0.001953125 -0.0009765625 -0.001953125 -0.0009765625 -0.001953125
0  0.67578125 0.4326171875 0.021484375 0.060546875 -0.0009765625 -0.001953125 -0.0009765625 -0.001953125 -0.0009765625 -0.001953125 -0.0009765625 -0.001953125 -0.0009765625 -0.001953125
0  0.615234375 0.861328125 0.0390625 0.11328125 0.6179638671875 0.852748046875 0.625828125 0.84559765625 0.6319052734375 0.86347265625 0.62654296875 0.891357421875 0.6304755859375 0.88563671875
0  0.5048828125 0.8740234375 0.078125 0.185546875 0.50612109375 0.84807421875 0.5136025390625 0.820451171875 0.53489453125 0.843470703125 0.5239609375 0.90907421875 0.5239609375 0.90907421875
0  0.4462890625 0.6376953125 0.064453125 0.142578125 0.4525361328125 0.60805859375 0.459720703125 0.590994140625 0.4754375 0.620630859375 0.4696005859375 0.663740234375 0.4736416015625 0.652962890625
0  0.5087890625 0.5185546875 0.04296875 0.099609375 -0.0009765625 -0.001953125 -0.0009765625 -0.001953125 -0.0009765625 -0.001953125 -0.0009765625 -0.001953125 -0.0009765625 -0.001953125
0  0.53515625 0.455078125 0.029296875 0.0703125 0.5340224609375 0.450404296875 0.543998046875 0.442697265625 0.548078125 0.454939453125 0.5396904296875 0.473982421875 0.544677734375 0.468087890625
0  0.498046875 0.42578125 0.025390625 0.0625 -0.0009765625 -0.001953125 -0.0009765625 -0.001953125 -0.0009765625 -0.001953125 -0.0009765625 -0.001953125 -0.0009765625 -0.001953125
0  0.29345703125 0.7490234375 0.0810546875 0.216796875 -0.0009765625 -0.001953125 -0.0009765625 -0.001953125 -0.0009765625 -0.001953125 -0.0009765625 -0.001953125 -0.0009765625 -0.001953125
0  0.17626953125 0.595703125 0.0458984375 0.12890625 0.1761865234375 0.5712109375 0.18956640625 0.566345703125 0.1952431640625 0.585806640625 0.183484375 0.619052734375 0.19726953125 0.60851171875
0  0.2099609375 0.52734375 0.04296875 0.10546875 0.2114609375 0.51611328125 0.2267021484375 0.506173828125 0.2260390625 0.533341796875 0.21875 0.55653515625 0.22802734375 0.550572265625
0  0.2626953125 0.470703125 0.033203125 0.078125 0.25698828125 0.459787109375 0.27264453125 0.45481640625 0.2669287109375 0.47171484375 0.26344921875 0.4906015625 0.27264453125 0.486126953125
0  0.2998046875 0.42578125 0.01953125 0.0546875 0.2950966796875 0.422990234375 0.3062568359375 0.421248046875 0.301025390625 0.431361328125 0.2984091796875 0.440779296875 0.3048623046875 0.4404296875
0  0.42626953125 0.498046875 0.0302734375 0.08984375 -0.0009765625 -0.001953125 -0.0009765625 -0.001953125 -0.0009765625 -0.001953125 -0.0009765625 -0.001953125 -0.0009765625 -0.001953125
0  0.44482421875 0.4892578125 0.0263671875 0.068359375 0.4241162109375 0.483048828125 0.4369765625 0.477818359375 0.4356689453125 0.488716796875 0.4356689453125 0.51356640625 0.4400283203125 0.510951171875
0  0.0458984375 0.3330078125 0.013671875 0.041015625 0.046814453125 0.327845703125 0.0506064453125 0.327322265625 0.049298828125 0.336216796875 0.0472060546875 0.34092578125 0.049560546875 0.34092578125
0  0.0654296875 0.3291015625 0.015625 0.044921875 -0.0009765625 -0.001953125 -0.0009765625 -0.001953125 -0.0009765625 -0.001953125 -0.0009765625 -0.001953125 -0.0009765625 -0.001953125
0  0.0302734375 0.3125 0.013671875 0.0390625 -0.0009765625 -0.001953125 -0.0009765625 -0.001953125 -0.0009765625 -0.001953125 -0.0009765625 -0.001953125 -0.0009765625 -0.001953125
0  0.02099609375 0.451171875 0.0419921875 0.14453125 0.024017578125 0.421814453125 0.036376953125 0.41815234375 0.036376953125 0.43829296875 0.0276796875 0.485900390625 0.036376953125 0.47216796875
0  0.2578125 0.3935546875 0.01953125 0.052734375 0.2534140625 0.387181640625 0.2614052734375 0.3858203125 0.25732421875 0.39840234375 0.253923828125 0.407244140625 0.261234375 0.4058828125
0  0.2431640625 0.3642578125 0.017578125 0.052734375 -0.0009765625 -0.001953125 -0.0009765625 -0.001953125 -0.0009765625 -0.001953125 -0.0009765625 -0.001953125 -0.0009765625 -0.001953125
0  0.22509765625 0.4794921875 0.0244140625 0.083984375 -0.0009765625 -0.001953125 -0.0009765625 -0.001953125 -0.0009765625 -0.001953125 -0.0009765625 -0.001953125 -0.0009765625 -0.001953125
0  0.26220703125 0.333984375 0.0107421875 0.03515625 -0.0009765625 -0.001953125 -0.0009765625 -0.001953125 -0.0009765625 -0.001953125 -0.0009765625 -0.001953125 -0.0009765625 -0.001953125
0  0.5087890625 0.3427734375 0.02734375 0.068359375 0.5074287109375 0.331333984375 0.5163662109375 0.32958984375 0.5161484375 0.3396171875 0.5113525390625 0.350953125 0.5185458984375 0.350515625
0  0.541015625 0.2900390625 0.015625 0.041015625 -0.0009765625 -0.001953125 -0.0009765625 -0.001953125 -0.0009765625 -0.001953125 -0.0009765625 -0.001953125 -0.0009765625 -0.001953125
0  0.40234375 0.345703125 0.021484375 0.0546875 0.403076171875 0.33942578125 0.4102255859375 0.336984375 0.4088310546875 0.348494140625 0.40673828125 0.360001953125 0.41162109375 0.358607421875
0  0.37451171875 0.3818359375 0.0283203125 0.060546875 -0.0009765625 -0.001953125 -0.0009765625 -0.001953125 -0.0009765625 -0.001953125 -0.0009765625 -0.001953125 -0.0009765625 -0.001953125
0  0.0859375 0.7021484375 0.05078125 0.107421875 0.0936103515625 0.68076953125 0.100751953125 0.665806640625 0.1123134765625 0.690291015625 0.1031318359375 0.724294921875 0.1031318359375 0.724294921875
0  0.078125 0.5283203125 0.041015625 0.103515625 0.0836005859375 0.515416015625 0.0908896484375 0.51408984375 0.0995048828125 0.5313203125 0.0875771484375 0.55186328125 0.0938720703125 0.549875
0  0.1240234375 0.5439453125 0.029296875 0.080078125 0.124041015625 0.5257734375 0.133396484375 0.522234375 0.1313740234375 0.54853125 0.1270751953125 0.564208984375 0.133396484375 0.56066796875
0  0.482421875 0.310546875 0.015625 0.04296875 -0.0009765625 -0.001953125 -0.0009765625 -0.001953125 -0.0009765625 -0.001953125 -0.0009765625 -0.001953125 -0.0009765625 -0.001953125
0  0.42919921875 0.3779296875 0.0205078125 0.052734375 -0.0009765625 -0.001953125 -0.0009765625 -0.001953125 -0.0009765625 -0.001953125 -0.0009765625 -0.001953125 -0.0009765625 -0.001953125
