0  0.05126953125 0.422 0.0302734375 0.044 0.048130859375 0.41419066666666665 0.060267578125 0.4167613333333334 0.052734375 0.4259053333333333 0.04541015625 0.430476 0.058384765625 0.432476
0  0.138671875 0.42333333333333334 0.0234375 0.04133333333333333 -0.0009765625 -0.0013333333333333333 -0.0009765625 -0.0013333333333333333 -0.0009765625 -0.0013333333333333333 -0.0009765625 -0.0013333333333333333 -0.0009765625 -0.0013333333333333333
0  0.14453125 0.4533333333333333 0.025390625 0.042666666666666665 0.135119140625 0.4454346666666667 0.14630078125 0.44489866666666666 0.138650390625 0.45454133333333335 0.1380615234375 0.46257733333333334 0.1451240234375 0.4617733333333333
0  0.2490234375 0.45066666666666666 0.0234375 0.04 0.2421611328125 0.4441133333333333 0.2547216796875 0.44334533333333337 0.24778515625 0.4540946666666667 0.2442236328125 0.46023866666666663 0.2543466796875 0.4594706666666667
0  0.32275390625 0.406 0.0224609375 0.03866666666666667 0.31640625 0.4053333333333333 0.3232421875 0.404 0.3203125 0.4106666666666667 0.3173828125 0.42 0.32421875 0.41733333333333333
0  0.3603515625 0.458 0.02734375 0.04666666666666667 0.3556826171875 0.4504106666666667 0.3681337890625 0.4495 0.36057421875 0.46225066666666664 0.3567939453125 0.4701426666666667 0.36880078125 0.4701426666666667
0  0.484375 0.462 0.017578125 0.03866666666666667 0.4857177734375 0.4550826666666667 0.491759765625 0.4543333333333333 0.491943359375 0.463584 0.484435546875 0.470584 0.4899296875 0.4708333333333333
0  0.51171875 0.442 0.0234375 0.03866666666666667 0.50676171875 0.43383333333333335 0.5180224609375 0.43383333333333335 0.511587890625 0.4409106666666667 0.506404296875 0.44823199999999996 0.5176650390625 0.447744
0  0.5673828125 0.4646666666666667 0.021484375 0.044 0.5600546875 0.4577386666666666 0.56230859375 0.4588573333333333 0.557390625 0.4675293333333333 0.5625126953125 0.47452399999999995 0.563947265625 0.47620266666666666
0  0.68896484375 0.43733333333333335 0.0244140625 0.04533333333333334 0.6908486328125 0.42828533333333335 0.6969169921875 0.4271426666666667 0.6996376953125 0.4357146666666667 0.6925224609375 0.44571466666666665 0.697962890625 0.44457199999999997
0  0.7373046875 0.49 0.017578125 0.03866666666666667 -0.0009765625 -0.0013333333333333333 -0.0009765625 -0.0013333333333333333 -0.0009765625 -0.0013333333333333333 -0.0009765625 -0.0013333333333333333 -0.0009765625 -0.0013333333333333333
0  0.7919921875 0.5 0.0234375 0.034666666666666665 0.7866650390625 0.493828 0.796666015625 0.4916253333333333 0.791826171875 0.501756 0.7900517578125 0.5079226666666666 0.79698828125 0.5070413333333333
0  0.95751953125 0.46 0.0263671875 0.042666666666666665 0.947513671875 0.453172 0.9569306640625 0.45263733333333334 0.950064453125 0.46227999999999997 0.9514375 0.469244 0.9577158203125 0.468708
