0  0.80322265625 0.3446180555555556 0.0166015625 0.03298611111111111 -0.0009765625 -0.001736111111111111 -0.0009765625 -0.001736111111111111 -0.0009765625 -0.001736111111111111 -0.0009765625 -0.001736111111111111 -0.0009765625 -0.001736111111111111
0  0.8212890625 0.3472222222222222 0.013671875 0.034722222222222224 -0.0009765625 -0.001736111111111111 -0.0009765625 -0.001736111111111111 -0.0009765625 -0.001736111111111111 -0.0009765625 -0.001736111111111111 -0.0009765625 -0.001736111111111111
0  0.73486328125 0.2934027777777778 0.0126953125 0.027777777777777776 0.732482421875 0.28865972222222225 0.73809765625 0.2902638888888889 0.7339873046875 0.29311631944444444 0.7316806640625 0.29650347222222223 0.7359921875 0.29757291666666663
0  0.68994140625 0.2725694444444444 0.0126953125 0.020833333333333332 -0.0009765625 -0.001736111111111111 -0.0009765625 -0.001736111111111111 -0.0009765625 -0.001736111111111111 -0.0009765625 -0.001736111111111111 -0.0009765625 -0.001736111111111111
0  0.73681640625 0.4427083333333333 0.0224609375 0.04861111111111111 0.72757421875 0.43030729166666665 0.7338515625 0.4340277777777778 0.72705078125 0.44177777777777777 0.7310615234375 0.45448958333333334 0.7347236328125 0.4541788194444445
0  0.767578125 0.3871527777777778 0.01171875 0.03125 -0.0009765625 -0.001736111111111111 -0.0009765625 -0.001736111111111111 -0.0009765625 -0.001736111111111111 -0.0009765625 -0.001736111111111111 -0.0009765625 -0.001736111111111111
0  0.8798828125 0.7664930555555556 0.03515625 0.08159722222222222 -0.0009765625 -0.001736111111111111 -0.0009765625 -0.001736111111111111 -0.0009765625 -0.001736111111111111 -0.0009765625 -0.001736111111111111 -0.0009765625 -0.001736111111111111
0  0.73291015625 0.5460069444444444 0.0205078125 0.050347222222222224 -0.0009765625 -0.001736111111111111 -0.0009765625 -0.001736111111111111 -0.0009765625 -0.001736111111111111 -0.0009765625 -0.001736111111111111 -0.0009765625 -0.001736111111111111
0  0.72509765625 0.4852430555555556 0.0146484375 0.036458333333333336 -0.0009765625 -0.001736111111111111 -0.0009765625 -0.001736111111111111 -0.0009765625 -0.001736111111111111 -0.0009765625 -0.001736111111111111 -0.0009765625 -0.001736111111111111
0  0.865234375 0.6258680555555556 0.02734375 0.06076388888888889 -0.0009765625 -0.001736111111111111 -0.0009765625 -0.001736111111111111 -0.0009765625 -0.001736111111111111 -0.0009765625 -0.001736111111111111 -0.0009765625 -0.001736111111111111
0  0.603515625 0.6527777777777778 0.0234375 0.07291666666666667 0.607701171875 0.6412760416666666 0.6097939453125 0.6380208333333334 0.615287109375 0.646390625 0.6134560546875 0.6682482638888889 0.615025390625 0.6673177083333334
0  0.55517578125 0.5564236111111112 0.0205078125 0.07118055555555555 -0.0009765625 -0.001736111111111111 -0.0009765625 -0.001736111111111111 -0.0009765625 -0.001736111111111111 -0.0009765625 -0.001736111111111111 -0.0009765625 -0.001736111111111111
0  0.5830078125 0.5173611111111112 0.017578125 0.04513888888888889 -0.0009765625 -0.001736111111111111 -0.0009765625 -0.001736111111111111 -0.0009765625 -0.001736111111111111 -0.0009765625 -0.001736111111111111 -0.0009765625 -0.001736111111111111
0  0.595703125 0.4409722222222222 0.0234375 0.05555555555555555 0.5904892578125 0.42818402777777775 0.6015185546875 0.43032291666666667 0.5945 0.43994965277777776 0.5890849609375 0.4520711805555555 0.598912109375 0.45385416666666667
0  0.62646484375 0.4427083333333333 0.0224609375 0.041666666666666664 -0.0009765625 -0.001736111111111111 -0.0009765625 -0.001736111111111111 -0.0009765625 -0.001736111111111111 -0.0009765625 -0.001736111111111111 -0.0009765625 -0.001736111111111111
0  0.66064453125 0.3828125 0.0166015625 0.036458333333333336 -0.0009765625 -0.001736111111111111 -0.0009765625 -0.001736111111111111 -0.0009765625 -0.001736111111111111 -0.0009765625 -0.001736111111111111 -0.0009765625 -0.001736111111111111
0  0.62060546875 0.375 0.0205078125 0.041666666666666664 0.6140400390625 0.3674670138888889 0.621748046875 0.36483159722222225 0.615966796875 0.37589930555555556 0.6150771484375 0.3845954861111111 0.6218955078125 0.3838038194444444
0  0.57861328125 0.3723958333333333 0.0146484375 0.029513888888888888 0.57718359375 0.36594791666666665 0.5846123046875 0.36669097222222224 0.5813681640625 0.37376041666666665 0.5782294921875 0.3785954861111111 0.5831474609375 0.37952604166666665
0  0.64599609375 0.3142361111111111 0.0126953125 0.020833333333333332 -0.0009765625 -0.001736111111111111 -0.0009765625 -0.001736111111111111 -0.0009765625 -0.001736111111111111 -0.0009765625 -0.001736111111111111 -0.0009765625 -0.001736111111111111
0  0.61865234375 0.3038194444444444 0.0107421875 0.027777777777777776 0.6170126953125 0.2993559027777778 0.61722265625 0.29954166666666665 0.6146064453125 0.3043767361111111 0.6181640625 0.3123767361111111 0.6182685546875 0.3125625
0  0.64794921875 0.2838541666666667 0.0087890625 0.015625 -0.0009765625 -0.001736111111111111 -0.0009765625 -0.001736111111111111 -0.0009765625 -0.001736111111111111 -0.0009765625 -0.001736111111111111 -0.0009765625 -0.001736111111111111
0  0.58251953125 0.3255208333333333 0.0126953125 0.029513888888888888 -0.0009765625 -0.001736111111111111 -0.0009765625 -0.001736111111111111 -0.0009765625 -0.001736111111111111 -0.0009765625 -0.001736111111111111 -0.0009765625 -0.001736111111111111
0  0.60791015625 0.2803819444444444 0.0087890625 0.022569444444444444 -0.0009765625 -0.001736111111111111 -0.0009765625 -0.001736111111111111 -0.0009765625 -0.001736111111111111 -0.0009765625 -0.001736111111111111 -0.0009765625 -0.001736111111111111
0  0.62548828125 0.1918402777777778 0.0087890625 0.019097222222222224 -0.0009765625 -0.001736111111111111 -0.0009765625 -0.001736111111111111 -0.0009765625 -0.001736111111111111 -0.0009765625 -0.001736111111111111 -0.0009765625 -0.001736111111111111
0  0.5927734375 0.3559027777777778 0.013671875 0.03125 -0.0009765625 -0.001736111111111111 -0.0009765625 -0.001736111111111111 -0.0009765625 -0.001736111111111111 -0.0009765625 -0.001736111111111111 -0.0009765625 -0.001736111111111111
0  0.5302734375 0.2916666666666667 0.009765625 0.024305555555555556 -0.0009765625 -0.001736111111111111 -0.0009765625 -0.001736111111111111 -0.0009765625 -0.001736111111111111 -0.0009765625 -0.001736111111111111 -0.0009765625 -0.001736111111111111
0  0.509765625 0.3081597222222222 0.013671875 0.03298611111111111 0.51025390625 0.3044704861111111 0.5157470703125 0.3031684027777778 0.51416015625 0.3088107638888889 0.510498046875 0.3177083333333333 0.5147705078125 0.3172743055555556
0  0.4921875 0.3506944444444444 0.013671875 0.027777777777777776 -0.0009765625 -0.001736111111111111 -0.0009765625 -0.001736111111111111 -0.0009765625 -0.001736111111111111 -0.0009765625 -0.001736111111111111 -0.0009765625 -0.001736111111111111
0  0.4794921875 0.2890625 0.01171875 0.022569444444444444 -0.0009765625 -0.001736111111111111 -0.0009765625 -0.001736111111111111 -0.0009765625 -0.001736111111111111 -0.0009765625 -0.001736111111111111 -0.0009765625 -0.001736111111111111
0  0.4873046875 0.2482638888888889 0.0078125 0.013888888888888888 -0.0009765625 -0.001736111111111111 -0.0009765625 -0.001736111111111111 -0.0009765625 -0.001736111111111111 -0.0009765625 -0.001736111111111111 -0.0009765625 -0.001736111111111111
0  0.5673828125 0.2977430555555556 0.0078125 0.022569444444444444 -0.0009765625 -0.001736111111111111 -0.0009765625 -0.001736111111111111 -0.0009765625 -0.001736111111111111 -0.0009765625 -0.001736111111111111 -0.0009765625 -0.001736111111111111
0  0.46533203125 0.2864583333333333 0.0107421875 0.024305555555555556 -0.0009765625 -0.001736111111111111 -0.0009765625 -0.001736111111111111 -0.0009765625 -0.001736111111111111 -0.0009765625 -0.001736111111111111 -0.0009765625 -0.001736111111111111
0  0.45068359375 0.2847222222222222 0.0087890625 0.017361111111111112 -0.0009765625 -0.001736111111111111 -0.0009765625 -0.001736111111111111 -0.0009765625 -0.001736111111111111 -0.0009765625 -0.001736111111111111 -0.0009765625 -0.001736111111111111
0  0.5615234375 0.3732638888888889 0.01171875 0.027777777777777776 -0.0009765625 -0.001736111111111111 -0.0009765625 -0.001736111111111111 -0.0009765625 -0.001736111111111111 -0.0009765625 -0.001736111111111111 -0.0009765625 -0.001736111111111111
0  0.400390625 0.4097222222222222 0.01171875 0.03819444444444445 -0.0009765625 -0.001736111111111111 -0.0009765625 -0.001736111111111111 -0.0009765625 -0.001736111111111111 -0.0009765625 -0.001736111111111111 -0.0009765625 -0.001736111111111111
0  0.373046875 0.3715277777777778 0.01953125 0.03819444444444445 0.366001953125 0.36830381944444446 0.37451171875 0.36681597222222223 0.3701865234375 0.3747517361111111 0.3682333984375 0.38219270833333335 0.37451171875 0.3807048611111111
0  0.39501953125 0.28125 0.0107421875 0.027777777777777776 -0.0009765625 -0.001736111111111111 -0.0009765625 -0.001736111111111111 -0.0009765625 -0.001736111111111111 -0.0009765625 -0.001736111111111111 -0.0009765625 -0.001736111111111111
0  0.37060546875 0.3203125 0.0087890625 0.022569444444444444 -0.0009765625 -0.001736111111111111 -0.0009765625 -0.001736111111111111 -0.0009765625 -0.001736111111111111 -0.0009765625 -0.001736111111111111 -0.0009765625 -0.001736111111111111
0  0.4443359375 0.3541666666666667 0.013671875 0.034722222222222224 -0.0009765625 -0.001736111111111111 -0.0009765625 -0.001736111111111111 -0.0009765625 -0.001736111111111111 -0.0009765625 -0.001736111111111111 -0.0009765625 -0.001736111111111111
0  0.29541015625 0.3975694444444444 0.0126953125 0.03125 -0.0009765625 -0.001736111111111111 -0.0009765625 -0.001736111111111111 -0.0009765625 -0.001736111111111111 -0.0009765625 -0.001736111111111111 -0.0009765625 -0.001736111111111111
0  0.27978515625 0.453125 0.0185546875 0.041666666666666664 0.274994140625 0.44845833333333335 0.280029296875 0.4435763888888889 0.282166015625 0.45144270833333333 0.28140234375 0.4644635416666667 0.285216796875 0.46039583333333334
0  0.25830078125 0.3932291666666667 0.0205078125 0.046875 -0.0009765625 -0.001736111111111111 -0.0009765625 -0.001736111111111111 -0.0009765625 -0.001736111111111111 -0.0009765625 -0.001736111111111111 -0.0009765625 -0.001736111111111111
0  0.34521484375 0.34375 0.0126953125 0.027777777777777776 -0.0009765625 -0.001736111111111111 -0.0009765625 -0.001736111111111111 -0.0009765625 -0.001736111111111111 -0.0009765625 -0.001736111111111111 -0.0009765625 -0.001736111111111111
0  0.32861328125 0.3949652777777778 0.0126953125 0.026041666666666668 -0.0009765625 -0.001736111111111111 -0.0009765625 -0.001736111111111111 -0.0009765625 -0.001736111111111111 -0.0009765625 -0.001736111111111111 -0.0009765625 -0.001736111111111111
0  0.0361328125 0.5190972222222222 0.025390625 0.05555555555555555 0.0377724609375 0.511671875 0.0439189453125 0.5065729166666667 0.04473828125 0.5193211805555555 0.039001953125 0.533892361111111 0.0443291015625 0.5328003472222221
0  0.1904296875 0.3645833333333333 0.015625 0.027777777777777776 -0.0009765625 -0.001736111111111111 -0.0009765625 -0.001736111111111111 -0.0009765625 -0.001736111111111111 -0.0009765625 -0.001736111111111111 -0.0009765625 -0.001736111111111111
0  0.189453125 0.3376736111111111 0.009765625 0.019097222222222224 -0.0009765625 -0.001736111111111111 -0.0009765625 -0.001736111111111111 -0.0009765625 -0.001736111111111111 -0.0009765625 -0.001736111111111111 -0.0009765625 -0.001736111111111111
0  0.1611328125 0.3480902777777778 0.009765625 0.022569444444444444 -0.0009765625 -0.001736111111111111 -0.0009765625 -0.001736111111111111 -0.0009765625 -0.001736111111111111 -0.0009765625 -0.001736111111111111 -0.0009765625 -0.001736111111111111
0  0.14697265625 0.3177083333333333 0.0107421875 0.024305555555555556 -0.0009765625 -0.001736111111111111 -0.0009765625 -0.001736111111111111 -0.0009765625 -0.001736111111111111 -0.0009765625 -0.001736111111111111 -0.0009765625 -0.001736111111111111
0  0.0537109375 0.4409722222222222 0.017578125 0.04861111111111111 -0.0009765625 -0.001736111111111111 -0.0009765625 -0.001736111111111111 -0.0009765625 -0.001736111111111111 -0.0009765625 -0.001736111111111111 -0.0009765625 -0.001736111111111111
0  0.03173828125 0.3489583333333333 0.0146484375 0.03125 -0.0009765625 -0.001736111111111111 -0.0009765625 -0.001736111111111111 -0.0009765625 -0.001736111111111111 -0.0009765625 -0.001736111111111111 -0.0009765625 -0.001736111111111111
0  0.15380859375 0.4826388888888889 0.0146484375 0.034722222222222224 -0.0009765625 -0.001736111111111111 -0.0009765625 -0.001736111111111111 -0.0009765625 -0.001736111111111111 -0.0009765625 -0.001736111111111111 -0.0009765625 -0.001736111111111111
0  0.07568359375 0.3489583333333333 0.0146484375 0.03125 -0.0009765625 -0.001736111111111111 -0.0009765625 -0.001736111111111111 -0.0009765625 -0.001736111111111111 -0.0009765625 -0.001736111111111111 -0.0009765625 -0.001736111111111111
0  0.025390625 0.2925347222222222 0.01171875 0.026041666666666668 -0.0009765625 -0.001736111111111111 -0.0009765625 -0.001736111111111111 -0.0009765625 -0.001736111111111111 -0.0009765625 -0.001736111111111111 -0.0009765625 -0.001736111111111111
0  0.04345703125 0.2621527777777778 0.0087890625 0.020833333333333332 -0.0009765625 -0.001736111111111111 -0.0009765625 -0.001736111111111111 -0.0009765625 -0.001736111111111111 -0.0009765625 -0.001736111111111111 -0.0009765625 -0.001736111111111111
0  0.04052734375 0.3012152777777778 0.0107421875 0.026041666666666668 -0.0009765625 -0.001736111111111111 -0.0009765625 -0.001736111111111111 -0.0009765625 -0.001736111111111111 -0.0009765625 -0.001736111111111111 -0.0009765625 -0.001736111111111111
0  0.1396484375 0.28125 0.0078125 0.020833333333333332 -0.0009765625 -0.001736111111111111 -0.0009765625 -0.001736111111111111 -0.0009765625 -0.001736111111111111 -0.0009765625 -0.001736111111111111 -0.0009765625 -0.001736111111111111
0  0.4345703125 0.21875 0.0078125 0.017361111111111112 -0.0009765625 -0.001736111111111111 -0.0009765625 -0.001736111111111111 -0.0009765625 -0.001736111111111111 -0.0009765625 -0.001736111111111111 -0.0009765625 -0.001736111111111111
0  0.5009765625 0.22395833333333334 0.015625 0.024305555555555556 -0.0009765625 -0.001736111111111111 -0.0009765625 -0.001736111111111111 -0.0009765625 -0.001736111111111111 -0.0009765625 -0.001736111111111111 -0.0009765625 -0.001736111111111111
0  0.4111328125 0.3532986111111111 0.01171875 0.022569444444444444 -0.0009765625 -0.001736111111111111 -0.0009765625 -0.001736111111111111 -0.0009765625 -0.001736111111111111 -0.0009765625 -0.001736111111111111 -0.0009765625 -0.001736111111111111
0  0.40673828125 0.2621527777777778 0.0126953125 0.024305555555555556 -0.0009765625 -0.001736111111111111 -0.0009765625 -0.001736111111111111 -0.0009765625 -0.001736111111111111 -0.0009765625 -0.001736111111111111 -0.0009765625 -0.001736111111111111
0  0.22607421875 0.4019097222222222 0.0146484375 0.036458333333333336 -0.0009765625 -0.001736111111111111 -0.0009765625 -0.001736111111111111 -0.0009765625 -0.001736111111111111 -0.0009765625 -0.001736111111111111 -0.0009765625 -0.001736111111111111
0  0.77197265625 0.4565972222222222 0.0146484375 0.034722222222222224 -0.0009765625 -0.001736111111111111 -0.0009765625 -0.001736111111111111 -0.0009765625 -0.001736111111111111 -0.0009765625 -0.001736111111111111 -0.0009765625 -0.001736111111111111
