0  0.97216796875 0.9196428571428571 0.0341796875 0.07142857142857142 0.974875 0.9129404761904761 0.9796884765625 0.901938988095238 0.989314453125 0.9198154761904762 0.9775830078125 0.9395267857142857 0.9820947265625 0.9321919642857143
0  0.86083984375 0.9382440476190477 0.0322265625 0.07589285714285714 0.8636298828125 0.9312812500000001 0.867396484375 0.9183675595238096 0.8755576171875 0.9331949404761904 0.8714775390625 0.958546130952381 0.8724189453125 0.9499360119047618
0  0.9619140625 0.8043154761904762 0.029296875 0.06101190476190476 0.9643994140625 0.7941175595238096 0.964896484375 0.7937395833333334 0.9763271484375 0.8013125 0.9671328125 0.8202455357142858 0.9676298828125 0.8198675595238095
0  0.81982421875 0.7857142857142857 0.0283203125 0.05952380952380952 0.81982421875 0.7826324404761904 0.831708984375 0.7699166666666667 0.83297265625 0.7914940476190476 0.8238701171875 0.8026681547619048 0.8309501953125 0.7972738095238096
0  0.8359375 0.7663690476190477 0.015625 0.03571428571428571 -0.0009765625 -0.001488095238095238 -0.0009765625 -0.001488095238095238 -0.0009765625 -0.001488095238095238 -0.0009765625 -0.001488095238095238 -0.0009765625 -0.001488095238095238
0  0.91552734375 0.6979166666666666 0.0302734375 0.06547619047619048 0.914716796875 0.6861309523809523 0.9295830078125 0.6811889880952381 0.928771484375 0.6989002976190476 0.91823046875 0.7116681547619047 0.9279609375 0.709608630952381
0  0.986328125 0.6450892857142857 0.02734375 0.05505952380952381 0.988560546875 0.6368125 0.9942099609375 0.6317886904761905 0.9984482421875 0.6461383928571428 0.9897373046875 0.6551071428571429 0.993974609375 0.6515193452380953
0  0.88134765625 0.6071428571428571 0.0283203125 0.05654761904761905 0.8825078125 0.596327380952381 0.8855673828125 0.5927395833333333 0.89569140625 0.6042202380952381 0.8876865234375 0.6250267857142857 0.890041015625 0.6189285714285715
0  0.93701171875 0.5438988095238095 0.0283203125 0.05803571428571429 0.937744140625 0.5327380952380952 0.94287109375 0.5331101190476191 0.94921875 0.5401785714285714 0.943115234375 0.5546875 0.947998046875 0.5554315476190477
0  0.974609375 0.47619047619047616 0.025390625 0.05357142857142857 0.9753681640625 0.46595982142857145 0.9849287109375 0.46968601190476195 0.9838173828125 0.4744300595238095 0.9724775390625 0.485610119047619 0.982927734375 0.48967559523809523
0  0.85888671875 0.5305059523809523 0.0283203125 0.052083333333333336 0.8597060546875 0.5304255952380953 0.8631943359375 0.5267723214285714 0.87278515625 0.5354092261904763 0.865591796875 0.5460386904761905 0.8649375 0.5453735119047619
0  0.8798828125 0.5163690476190477 0.021484375 0.047619047619047616 0.8828251953125 0.5108422619047619 0.889103515625 0.50665625 0.8904765625 0.5177172619047619 0.8849833984375 0.5272842261904762 0.8889072265625 0.52459375
0  0.935546875 0.40773809523809523 0.0234375 0.050595238095238096 -0.0009765625 -0.001488095238095238 -0.0009765625 -0.001488095238095238 -0.0009765625 -0.001488095238095238 -0.0009765625 -0.001488095238095238 -0.0009765625 -0.001488095238095238
0  0.92724609375 0.4568452380952381 0.0224609375 0.05357142857142857 0.928802734375 0.4466145833333333 0.92969140625 0.44593750000000004 0.9392529296875 0.45271279761904765 0.93013671875 0.4645714285714286 0.9308037109375 0.46423214285714287
0  0.85205078125 0.42410714285714285 0.0283203125 0.05357142857142857 0.850939453125 0.4148928571428571 0.8625009765625 0.4131994047619048 0.8593876953125 0.4223467261904762 0.8502724609375 0.4358988095238095 0.8625009765625 0.43522172619047617
0  0.97998046875 0.3541666666666667 0.0185546875 0.041666666666666664 -0.0009765625 -0.001488095238095238 -0.0009765625 -0.001488095238095238 -0.0009765625 -0.001488095238095238 -0.0009765625 -0.001488095238095238 -0.0009765625 -0.001488095238095238
0  0.943359375 0.36607142857142855 0.021484375 0.044642857142857144 0.94362109375 0.3587574404761905 0.9475576171875 0.35704315476190474 0.952619140625 0.3661845238095238 0.94549609375 0.37761011904761904 0.9483076171875 0.3761830357142857
0  0.9677734375 0.2924107142857143 0.021484375 0.04017857142857143 -0.0009765625 -0.001488095238095238 -0.0009765625 -0.001488095238095238 -0.0009765625 -0.001488095238095238 -0.0009765625 -0.001488095238095238 -0.0009765625 -0.001488095238095238
0  0.9287109375 0.32589285714285715 0.021484375 0.03869047619047619 -0.0009765625 -0.001488095238095238 -0.0009765625 -0.001488095238095238 -0.0009765625 -0.001488095238095238 -0.0009765625 -0.001488095238095238 -0.0009765625 -0.001488095238095238
0  0.87841796875 0.35119047619047616 0.0244140625 0.03571428571428571 -0.0009765625 -0.001488095238095238 -0.0009765625 -0.001488095238095238 -0.0009765625 -0.001488095238095238 -0.0009765625 -0.001488095238095238 -0.0009765625 -0.001488095238095238
0  0.9833984375 0.19122023809523808 0.017578125 0.03720238095238095 0.9827265625 0.18391964285714285 0.9902041015625 0.18345386904761907 0.9892880859375 0.19159226190476192 0.9841005859375 0.19833482142857145 0.990814453125 0.1976369047619048
0  0.9453125 0.2425595238095238 0.01953125 0.041666666666666664 0.944466796875 0.23854761904761906 0.9532255859375 0.23745684523809524 0.9509013671875 0.24753571428571428 0.94482421875 0.25380059523809523 0.951080078125 0.25461755952380954
0  0.95458984375 0.21800595238095238 0.0146484375 0.03422619047619048 -0.0009765625 -0.001488095238095238 -0.0009765625 -0.001488095238095238 -0.0009765625 -0.001488095238095238 -0.0009765625 -0.001488095238095238 -0.0009765625 -0.001488095238095238
0  0.892578125 0.2537202380952381 0.01953125 0.043154761904761904 0.8946533203125 0.24637202380952383 0.90087890625 0.24609375 0.9005126953125 0.2572544642857143 0.89190625 0.2661830357142857 0.8968505859375 0.26674107142857145
0  0.9072265625 0.26339285714285715 0.017578125 0.03571428571428571 0.905107421875 0.2578392857142857 0.91207421875 0.25219196428571433 0.9126669921875 0.26326041666666666 0.910591796875 0.2725208333333333 0.9153359375 0.26958482142857143
0  0.89208984375 0.22247023809523808 0.0185546875 0.028273809523809524 -0.0009765625 -0.001488095238095238 -0.0009765625 -0.001488095238095238 -0.0009765625 -0.001488095238095238 -0.0009765625 -0.001488095238095238 -0.0009765625 -0.001488095238095238
0  0.92431640625 0.18526785714285715 0.0166015625 0.03720238095238095 -0.0009765625 -0.001488095238095238 -0.0009765625 -0.001488095238095238 -0.0009765625 -0.001488095238095238 -0.0009765625 -0.001488095238095238 -0.0009765625 -0.001488095238095238
0  0.8935546875 0.18675595238095238 0.01953125 0.03125 0.89171484375 0.1832544642857143 0.9009052734375 0.18304910714285713 0.9003642578125 0.18840327380952382 0.8964453125 0.19664136904761906 0.9014453125 0.19602380952380954
0  0.98046875 0.13764880952380953 0.01953125 0.03720238095238095 0.978236328125 0.13212202380952381 0.9871826171875 0.13164285714285714 0.98388671875 0.1395357142857143 0.98027734375 0.14766666666666667 0.9865546875 0.14742708333333332
0  0.85888671875 0.16889880952380953 0.0185546875 0.03422619047619048 0.8578798828125 0.16521875 0.86651171875 0.1634642857142857 0.8637783203125 0.17091815476190475 0.861044921875 0.1781532738095238 0.8659365234375 0.17705654761904763
0  0.8662109375 0.2269345238095238 0.017578125 0.04017857142857143 0.866232421875 0.22175297619047618 0.8706533203125 0.22201190476190477 0.8732041015625 0.22823065476190477 0.868443359375 0.23703869047619047 0.87218359375 0.23807589285714284
0  0.93505859375 0.10639880952380952 0.0205078125 0.04017857142857143 0.930681640625 0.10173511904761905 0.9417333984375 0.10199404761904762 0.936802734375 0.11028571428571428 0.9328916015625 0.1172797619047619 0.940033203125 0.11676190476190476
0  0.962890625 0.09598214285714286 0.01171875 0.028273809523809524 -0.0009765625 -0.001488095238095238 -0.0009765625 -0.001488095238095238 -0.0009765625 -0.001488095238095238 -0.0009765625 -0.001488095238095238 -0.0009765625 -0.001488095238095238
0  0.8955078125 0.09523809523809523 0.017578125 0.03571428571428571 -0.0009765625 -0.001488095238095238 -0.0009765625 -0.001488095238095238 -0.0009765625 -0.001488095238095238 -0.0009765625 -0.001488095238095238 -0.0009765625 -0.001488095238095238
0  0.89306640625 0.05431547619047619 0.0107421875 0.019345238095238096 -0.0009765625 -0.001488095238095238 -0.0009765625 -0.001488095238095238 -0.0009765625 -0.001488095238095238 -0.0009765625 -0.001488095238095238 -0.0009765625 -0.001488095238095238
0  0.87060546875 0.07514880952380952 0.0107421875 0.022321428571428572 -0.0009765625 -0.001488095238095238 -0.0009765625 -0.001488095238095238 -0.0009765625 -0.001488095238095238 -0.0009765625 -0.001488095238095238 -0.0009765625 -0.001488095238095238
0  0.9453125 0.07663690476190477 0.015625 0.025297619047619048 -0.0009765625 -0.001488095238095238 -0.0009765625 -0.001488095238095238 -0.0009765625 -0.001488095238095238 -0.0009765625 -0.001488095238095238 -0.0009765625 -0.001488095238095238
0  0.7451171875 0.8601190476190477 0.03515625 0.07142857142857142 0.74244921875 0.847922619047619 0.750453125 0.8406934523809524 0.76171875 0.857860119047619 0.752232421875 0.878639880952381 0.757271484375 0.8750267857142857
0  0.7138671875 0.765625 0.029296875 0.06994047619047619 0.71483984375 0.7616190476190476 0.7209736328125 0.7531622023809523 0.7288603515625 0.7682961309523809 0.7203896484375 0.7869895833333332 0.7262314453125 0.7825386904761904
0  0.7421875 0.6622023809523809 0.029296875 0.0625 0.7409541015625 0.6551875 0.74815625 0.6457797619047619 0.7499560546875 0.6594985119047619 0.7484130859375 0.6747842261904762 0.750728515625 0.673608630952381
0  0.69921875 0.578125 0.02734375 0.06101190476190476 -0.0009765625 -0.001488095238095238 -0.0009765625 -0.001488095238095238 -0.0009765625 -0.001488095238095238 -0.0009765625 -0.001488095238095238 -0.0009765625 -0.001488095238095238
0  0.79736328125 0.4895833333333333 0.0263671875 0.0625 0.79638671875 0.48240922619047616 0.8055419921875 0.4788214285714285 0.8086806640625 0.48679315476190477 0.80292578125 0.5031354166666667 0.806587890625 0.5027366071428572
0  0.65625 0.5178571428571429 0.02734375 0.0625 0.655796875 0.5082901785714287 0.6673056640625 0.506297619047619 0.6680908203125 0.5194508928571429 0.658412109375 0.5282202380952381 0.6675673828125 0.5282202380952381
0  0.62646484375 0.5974702380952381 0.0244140625 0.046130952380952384 0.6261728515625 0.5891056547619048 0.6312734375 0.5810342261904762 0.6381396484375 0.5903020833333333 0.6318623046875 0.6061458333333333 0.63735546875 0.6007648809523809
0  0.828125 0.4583333333333333 0.0234375 0.047619047619047616 0.82587109375 0.4554970238095238 0.833326171875 0.4468273809523809 0.837837890625 0.4575892857142857 0.83371875 0.47163988095238096 0.8384267578125 0.46715624999999994
0  0.75634765625 0.44568452380952384 0.0224609375 0.049107142857142856 0.7569619140625 0.4381904761904762 0.761470703125 0.4331949404761905 0.768232421875 0.44068898809523804 0.76085546875 0.4569255952380952 0.7665927734375 0.45317857142857143
0  0.77099609375 0.4382440476190476 0.0185546875 0.03720238095238095 0.7566787109375 0.4375 0.7609169921875 0.43199999999999994 0.7673515625 0.4398913690476191 0.7627998046875 0.45495833333333335 0.7667236328125 0.44921875
0  0.81201171875 0.36235119047619047 0.0205078125 0.03720238095238095 -0.0009765625 -0.001488095238095238 -0.0009765625 -0.001488095238095238 -0.0009765625 -0.001488095238095238 -0.0009765625 -0.001488095238095238 -0.0009765625 -0.001488095238095238
0  0.75439453125 0.38318452380952384 0.0205078125 0.043154761904761904 -0.0009765625 -0.001488095238095238 -0.0009765625 -0.001488095238095238 -0.0009765625 -0.001488095238095238 -0.0009765625 -0.001488095238095238 -0.0009765625 -0.001488095238095238
0  0.8291015625 0.31994047619047616 0.01953125 0.03869047619047619 0.82695703125 0.31618005952380956 0.8354052734375 0.31289880952380955 0.836068359375 0.32198660714285715 0.82861328125 0.3325892857142857 0.836234375 0.3305699404761905
0  0.81201171875 0.2849702380952381 0.0185546875 0.03422619047619048 0.8129619140625 0.2786592261904762 0.8190048828125 0.27778273809523807 0.81828515625 0.28523660714285715 0.8151201171875 0.29093601190476187 0.8197236328125 0.2898392857142857
0  0.833984375 0.20535714285714285 0.017578125 0.03571428571428571 0.832123046875 0.20182291666666666 0.8408203125 0.2004285714285714 0.8379208984375 0.20833333333333334 0.83380078125 0.21530952380952378 0.8402099609375 0.21507589285714288
0  0.8095703125 0.19419642857142858 0.01953125 0.03720238095238095 -0.0009765625 -0.001488095238095238 -0.0009765625 -0.001488095238095238 -0.0009765625 -0.001488095238095238 -0.0009765625 -0.001488095238095238 -0.0009765625 -0.001488095238095238
0  0.7685546875 0.2552083333333333 0.01953125 0.043154761904761904 0.76806640625 0.24581547619047617 0.7750244140625 0.24581547619047617 0.77520703125 0.2544642857142857 0.76806640625 0.2650669642857143 0.7724609375 0.2661830357142857
0  0.7802734375 0.23883928571428573 0.017578125 0.03720238095238095 -0.0009765625 -0.001488095238095238 -0.0009765625 -0.001488095238095238 -0.0009765625 -0.001488095238095238 -0.0009765625 -0.001488095238095238 -0.0009765625 -0.001488095238095238
0  0.8193359375 0.13764880952380953 0.015625 0.03720238095238095 0.81915234375 0.13104464285714285 0.8264765625 0.1324404761904762 0.824951171875 0.1370907738095238 0.81915234375 0.1449970238095238 0.8255615234375 0.1449970238095238
0  0.8173828125 0.17485119047619047 0.015625 0.03125 -0.0009765625 -0.001488095238095238 -0.0009765625 -0.001488095238095238 -0.0009765625 -0.001488095238095238 -0.0009765625 -0.001488095238095238 -0.0009765625 -0.001488095238095238
0  0.78857421875 0.14583333333333334 0.0166015625 0.03273809523809524 -0.0009765625 -0.001488095238095238 -0.0009765625 -0.001488095238095238 -0.0009765625 -0.001488095238095238 -0.0009765625 -0.001488095238095238 -0.0009765625 -0.001488095238095238
0  0.775390625 0.16517857142857142 0.017578125 0.03571428571428571 0.7747978515625 0.15953124999999999 0.78339453125 0.16020982142857143 0.7829501953125 0.16585565476190475 0.776873046875 0.17466517857142858 0.7816162109375 0.17466517857142858
0  0.75 0.20014880952380953 0.017578125 0.03720238095238095 0.7484130859375 0.19342559523809524 0.757359375 0.19199107142857144 0.7557900390625 0.20012202380952382 0.7510810546875 0.2089717261904762 0.7562607421875 0.20777529761904762
0  0.7353515625 0.15029761904761904 0.015625 0.02976190476190476 0.7354951171875 0.14454464285714286 0.742322265625 0.1453154761904762 0.74244921875 0.15148065476190475 0.7368857421875 0.1580297619047619 0.741943359375 0.15880059523809523
0  0.7734375 0.12276785714285714 0.017578125 0.03125 0.7701064453125 0.11803720238095237 0.7770390625 0.1184360119047619 0.7738994140625 0.12381696428571429 0.7702373046875 0.13039434523809523 0.7749462890625 0.13079315476190476
0  0.75634765625 0.10044642857142858 0.0146484375 0.03125 0.752193359375 0.0960684523809524 0.7588935546875 0.09298660714285714 0.75762890625 0.10377529761904761 0.75548046875 0.10936160714285714 0.7616748046875 0.10666517857142857
0  0.8154296875 0.07291666666666667 0.017578125 0.03273809523809524 0.8112880859375 0.06910416666666667 0.819919921875 0.06603422619047619 0.817474609375 0.07239136904761904 0.81358984375 0.0798452380952381 0.8202080078125 0.07896875
0  0.849609375 0.09672619047619048 0.015625 0.02976190476190476 0.84558984375 0.09413541666666667 0.85369921875 0.09214285714285715 0.8518671875 0.09991517857142858 0.84990625 0.10569494047619048 0.8543525390625 0.10429910714285714
0  0.78466796875 0.07886904761904762 0.0126953125 0.023809523809523808 -0.0009765625 -0.001488095238095238 -0.0009765625 -0.001488095238095238 -0.0009765625 -0.001488095238095238 -0.0009765625 -0.001488095238095238 -0.0009765625 -0.001488095238095238
0  0.80126953125 0.03720238095238095 0.0146484375 0.026785714285714284 0.7967001953125 0.033229166666666664 0.804634765625 0.03236607142857143 0.80134765625 0.03875744047619048 0.797833984375 0.04722023809523809 0.804408203125 0.046184523809523814
0  0.77001953125 0.05505952380952381 0.0146484375 0.026785714285714284 0.76873828125 0.049877976190476195 0.7759921875 0.050395833333333334 0.772478515625 0.05505952380952381 0.76873828125 0.06075892857142857 0.7748583984375 0.06110416666666666
0  0.75439453125 0.06770833333333333 0.0166015625 0.025297619047619048 0.7508544921875 0.06572172619047618 0.7581572265625 0.06256696428571429 0.75488671875 0.06904315476190476 0.753361328125 0.07286309523809524 0.7575029296875 0.0720327380952381
0  0.763671875 0.03720238095238095 0.015625 0.023809523809523808 0.76017578125 0.03325 0.76619140625 0.03095833333333333 0.7639853515625 0.03706994047619048 0.7630830078125 0.04180654761904762 0.7659912109375 0.041041666666666664
0  0.7275390625 0.05505952380952381 0.015625 0.02976190476190476 0.7246484375 0.05161904761904762 0.7324873046875 0.049691964285714284 0.7281884765625 0.056049107142857144 0.7249013671875 0.06337053571428572 0.7310966796875 0.06279166666666666
0  0.75732421875 0.01488095238095238 0.0146484375 0.023809523809523808 -0.0009765625 -0.001488095238095238 -0.0009765625 -0.001488095238095238 -0.0009765625 -0.001488095238095238 -0.0009765625 -0.001488095238095238 -0.0009765625 -0.001488095238095238
0  0.79638671875 0.005952380952380952 0.0126953125 0.011904761904761904 -0.0009765625 -0.001488095238095238 -0.0009765625 -0.001488095238095238 -0.0009765625 -0.001488095238095238 -0.0009765625 -0.001488095238095238 -0.0009765625 -0.001488095238095238
0  0.74169921875 0.006696428571428571 0.0126953125 0.013392857142857142 -0.0009765625 -0.001488095238095238 -0.0009765625 -0.001488095238095238 -0.0009765625 -0.001488095238095238 -0.0009765625 -0.001488095238095238 -0.0009765625 -0.001488095238095238
0  0.525390625 0.8928571428571429 0.03125 0.0744047619047619 -0.0009765625 -0.001488095238095238 -0.0009765625 -0.001488095238095238 -0.0009765625 -0.001488095238095238 -0.0009765625 -0.001488095238095238 -0.0009765625 -0.001488095238095238
0  0.52880859375 0.7440476190476191 0.0224609375 0.06845238095238096 -0.0009765625 -0.001488095238095238 -0.0009765625 -0.001488095238095238 -0.0009765625 -0.001488095238095238 -0.0009765625 -0.001488095238095238 -0.0009765625 -0.001488095238095238
0  0.4521484375 0.7023809523809523 0.03125 0.05654761904761905 0.453560546875 0.6991517857142857 0.462271484375 0.6873139880952381 0.46368359375 0.7016636904761905 0.4599169921875 0.7174479166666666 0.4627421875 0.7149375
0  0.5185546875 0.6741071428571429 0.025390625 0.050595238095238096 0.5190732421875 0.6723869047619048 0.5207822265625 0.6714107142857143 0.529541015625 0.6694568452380952 0.525482421875 0.6902901785714286 0.526763671875 0.6902901785714286
0  0.41162109375 0.8444940476190477 0.0361328125 0.08482142857142858 0.414759765625 0.8256800595238095 0.4185966796875 0.8150505952380953 0.4283623046875 0.8288690476190477 0.422083984375 0.8522529761904762 0.422083984375 0.8522529761904762
0  0.43212890625 0.9821428571428571 0.0419921875 0.03571428571428571 -0.0009765625 -0.001488095238095238 -0.0009765625 -0.001488095238095238 -0.0009765625 -0.001488095238095238 -0.0009765625 -0.001488095238095238 -0.0009765625 -0.001488095238095238
0  0.3154296875 0.8087797619047619 0.046875 0.0818452380952381 -0.0009765625 -0.001488095238095238 -0.0009765625 -0.001488095238095238 -0.0009765625 -0.001488095238095238 -0.0009765625 -0.001488095238095238 -0.0009765625 -0.001488095238095238
0  0.57373046875 0.53125 0.0283203125 0.050595238095238096 0.5723349609375 0.5261473214285715 0.5804970703125 0.5181755952380952 0.5859375 0.5286994047619048 0.5781943359375 0.5446428571428571 0.5848916015625 0.5427291666666667
0  0.49462890625 0.6197916666666666 0.0302734375 0.05803571428571429 0.494380859375 0.6190610119047619 0.5037314453125 0.6073690476190476 0.5061298828125 0.623811011904762 0.50157421875 0.6380610119047618 0.5068486328125 0.6336755952380952
0  0.47119140625 0.5119047619047619 0.0263671875 0.05357142857142857 0.4714091796875 0.5047693452380952 0.4803466796875 0.49546874999999996 0.484052734375 0.5097529761904761 0.47773046875 0.5233705357142857 0.4786025390625 0.5220416666666667
0  0.5546875 0.4419642857142857 0.03125 0.05952380952380952 0.5531962890625 0.43175297619047615 0.5636337890625 0.4256949404761905 0.567361328125 0.4325104166666667 0.5628876953125 0.4518229166666667 0.5628876953125 0.4518229166666667
0  0.4716796875 0.42931547619047616 0.0234375 0.049107142857142856 0.4677080078125 0.425953869047619 0.4767236328125 0.41658630952380954 0.47836328125 0.43157440476190473 0.4734453125 0.4421904761904762 0.480001953125 0.44000446428571427
0  0.51171875 0.39880952380952384 0.0234375 0.050595238095238096 0.5120673828125 0.3937068452380953 0.521275390625 0.3917946428571429 0.5206474609375 0.4026354166666667 0.5122763671875 0.41124553571428574 0.5189736328125 0.4109270833333333
0  0.62646484375 0.3958333333333333 0.0244140625 0.05357142857142857 0.6279775390625 0.3862797619047619 0.6337587890625 0.38323065476190477 0.63731640625 0.39237946428571424 0.6313125 0.40830208333333334 0.638650390625 0.4066086309523809
0  0.7138671875 0.4099702380952381 0.0234375 0.049107142857142856 0.71337890625 0.40379910714285716 0.7191162109375 0.39911458333333333 0.725263671875 0.40848214285714285 0.7168623046875 0.42159523809523813 0.7195263671875 0.4190982142857143
0  0.4482421875 0.3943452380952381 0.0234375 0.044642857142857144 0.4441181640625 0.39160119047619046 0.4538662109375 0.3810327380952381 0.4519912109375 0.38903124999999994 0.4491796875 0.40331398809523805 0.457615234375 0.39560119047619047
0  0.69775390625 0.47023809523809523 0.0244140625 0.03869047619047619 -0.0009765625 -0.001488095238095238 -0.0009765625 -0.001488095238095238 -0.0009765625 -0.001488095238095238 -0.0009765625 -0.001488095238095238 -0.0009765625 -0.001488095238095238
0  0.6845703125 0.3482142857142857 0.021484375 0.047619047619047616 0.6842822265625 0.34149107142857144 0.6923046875 0.3396577380952381 0.693908203125 0.35096428571428573 0.687892578125 0.3613541666666667 0.6923046875 0.3613541666666667
0  0.7255859375 0.3385416666666667 0.021484375 0.046130952380952384 0.7234580078125 0.33224404761904763 0.733625 0.3272752976190476 0.7330498046875 0.33692113095238096 0.72998046875 0.3489047619047619 0.7340087890625 0.34656696428571426
0  0.75439453125 0.3400297619047619 0.0224609375 0.043154761904761904 -0.0009765625 -0.001488095238095238 -0.0009765625 -0.001488095238095238 -0.0009765625 -0.001488095238095238 -0.0009765625 -0.001488095238095238 -0.0009765625 -0.001488095238095238
0  0.703125 0.28273809523809523 0.015625 0.02976190476190476 -0.0009765625 -0.001488095238095238 -0.0009765625 -0.001488095238095238 -0.0009765625 -0.001488095238095238 -0.0009765625 -0.001488095238095238 -0.0009765625 -0.001488095238095238
0  0.64453125 0.30505952380952384 0.021484375 0.041666666666666664 0.642333984375 0.30038244047619045 0.65140234375 0.2945372023809524 0.65087890625 0.30649404761904764 0.6449501953125 0.3144657738095238 0.651576171875 0.31260565476190477
0  0.6552734375 0.28125 0.01953125 0.03571428571428571 0.6546630859375 0.27841369047619047 0.66290234375 0.2728333333333333 0.663513671875 0.28283035714285715 0.658630859375 0.2916666666666667 0.663513671875 0.28934226190476187
0  0.60400390625 0.33779761904761907 0.0224609375 0.047619047619047616 0.6040078125 0.33017708333333334 0.613228515625 0.3277857142857143 0.612640625 0.33496130952380954 0.607931640625 0.3484136904761905 0.6142099609375 0.3484136904761905
0  0.7197265625 0.20163690476190477 0.017578125 0.04017857142857143 0.7202587890625 0.19470833333333332 0.7296103515625 0.19470833333333332 0.7275693359375 0.2037767857142857 0.722298828125 0.21206696428571425 0.7296103515625 0.21284375
0  0.70361328125 0.203125 0.0166015625 0.03422619047619048 -0.0009765625 -0.001488095238095238 -0.0009765625 -0.001488095238095238 -0.0009765625 -0.001488095238095238 -0.0009765625 -0.001488095238095238 -0.0009765625 -0.001488095238095238
0  0.689453125 0.17261904761904762 0.013671875 0.023809523809523808 -0.0009765625 -0.001488095238095238 -0.0009765625 -0.001488095238095238 -0.0009765625 -0.001488095238095238 -0.0009765625 -0.001488095238095238 -0.0009765625 -0.001488095238095238
0  0.6357421875 0.23883928571428573 0.017578125 0.03422619047619048 0.6361435546875 0.22883482142857142 0.6426650390625 0.22860863095238096 0.6411826171875 0.2333511904761905 0.6373291015625 0.2446458333333333 0.642369140625 0.2448720238095238
0  0.61279296875 0.31919642857142855 0.0185546875 0.03422619047619048 -0.0009765625 -0.001488095238095238 -0.0009765625 -0.001488095238095238 -0.0009765625 -0.001488095238095238 -0.0009765625 -0.001488095238095238 -0.0009765625 -0.001488095238095238
0  0.599609375 0.2663690476190476 0.02734375 0.041666666666666664 0.5915654296875 0.2694375 0.601396484375 0.2590877976190476 0.5981796875 0.27461309523809524 0.60622265625 0.27651934523809524 0.607474609375 0.2759747023809524
0  0.6064453125 0.20163690476190477 0.01953125 0.04017857142857143 0.6028095703125 0.1955922619047619 0.6110927734375 0.19382440476190477 0.611423828125 0.1981160714285714 0.60678515625 0.20947619047619048 0.61158984375 0.20871874999999998
0  0.5751953125 0.2931547619047619 0.01953125 0.03869047619047619 0.5752041015625 0.28482440476190474 0.5816650390625 0.28204761904761905 0.584150390625 0.2908824404761905 0.580173828125 0.2992127976190476 0.5824931640625 0.2969419642857143
0  0.5458984375 0.3601190476190476 0.017578125 0.03869047619047619 -0.0009765625 -0.001488095238095238 -0.0009765625 -0.001488095238095238 -0.0009765625 -0.001488095238095238 -0.0009765625 -0.001488095238095238 -0.0009765625 -0.001488095238095238
0  0.5546875 0.2261904761904762 0.01953125 0.041666666666666664 0.5540244140625 0.21726190476190477 0.56344140625 0.21513541666666666 0.56344140625 0.22523363095238094 0.5576865234375 0.23347172619047618 0.5625693359375 0.23214285714285715
0  0.56005859375 0.20014880952380953 0.0185546875 0.04017857142857143 0.5609306640625 0.19470833333333332 0.568751953125 0.19367113095238095 0.5682412109375 0.2032574404761905 0.562970703125 0.21180803571428572 0.568412109375 0.21102976190476191
0  0.69921875 0.07663690476190477 0.015625 0.028273809523809524 0.6959228515625 0.07366071428571429 0.7037353515625 0.07273065476190477 0.7000732421875 0.07700892857142858 0.6973876953125 0.08296130952380952 0.7025146484375 0.08240327380952381
0  0.7236328125 0.11458333333333333 0.013671875 0.020833333333333332 -0.0009765625 -0.001488095238095238 -0.0009765625 -0.001488095238095238 -0.0009765625 -0.001488095238095238 -0.0009765625 -0.001488095238095238 -0.0009765625 -0.001488095238095238
0  0.705078125 0.11532738095238096 0.017578125 0.028273809523809524 -0.0009765625 -0.001488095238095238 -0.0009765625 -0.001488095238095238 -0.0009765625 -0.001488095238095238 -0.0009765625 -0.001488095238095238 -0.0009765625 -0.001488095238095238
0  0.68408203125 0.09970238095238096 0.0166015625 0.02976190476190476 -0.0009765625 -0.001488095238095238 -0.0009765625 -0.001488095238095238 -0.0009765625 -0.001488095238095238 -0.0009765625 -0.001488095238095238 -0.0009765625 -0.001488095238095238
0  0.68798828125 0.03273809523809524 0.0146484375 0.026785714285714284 0.684439453125 0.02894494047619048 0.6912666015625 0.026971726190476192 0.689265625 0.033069940476190475 0.6869111328125 0.038989583333333334 0.6909140625 0.037913690476190476
0  0.66943359375 0.11458333333333333 0.0146484375 0.02976190476190476 0.66717578125 0.10979315476190477 0.6731171875 0.10805952380952381 0.670841796875 0.11518750000000001 0.6681865234375 0.12116071428571429 0.6731171875 0.12096726190476191
0  0.6845703125 0.13764880952380953 0.017578125 0.028273809523809524 0.6815185546875 0.13411458333333334 0.690185546875 0.13448660714285715 0.6854248046875 0.14192708333333334 0.6820068359375 0.14694940476190477 0.6885986328125 0.14750744047619047
0  0.630859375 0.16592261904761904 0.017578125 0.03720238095238095 0.6309990234375 0.15824255952380953 0.637904296875 0.15848214285714285 0.6375908203125 0.166375 0.63115625 0.17474553571428572 0.6366494140625 0.17498363095238095
0  0.6416015625 0.1480654761904762 0.01171875 0.022321428571428572 -0.0009765625 -0.001488095238095238 -0.0009765625 -0.001488095238095238 -0.0009765625 -0.001488095238095238 -0.0009765625 -0.001488095238095238 -0.0009765625 -0.001488095238095238
0  0.6591796875 0.10342261904761904 0.017578125 0.03422619047619048 0.656044921875 0.09733035714285715 0.66496484375 0.09689285714285714 0.6606484375 0.10390773809523808 0.657771484375 0.11158035714285715 0.6635263671875 0.11158035714285715
0  0.6484375 0.0625 0.013671875 0.02976190476190476 0.645185546875 0.05732440476190476 0.652138671875 0.05693898809523809 0.648345703125 0.06368303571428571 0.644552734375 0.06926934523809523 0.650748046875 0.06888392857142857
0  0.6591796875 0.03571428571428571 0.015625 0.026785714285714284 0.657396484375 0.03120386904761905 0.6642236328125 0.029589285714285714 0.6611630859375 0.03712202380952381 0.659162109375 0.043041666666666666 0.6631640625 0.04214434523809524
0  0.6328125 0.078125 0.017578125 0.028273809523809524 0.630859375 0.07459077380952381 0.6392822265625 0.07496279761904762 0.6363525390625 0.0779389880952381 0.63330078125 0.08407738095238096 0.6385498046875 0.08407738095238096
0  0.60888671875 0.08333333333333333 0.0146484375 0.03273809523809524 -0.0009765625 -0.001488095238095238 -0.0009765625 -0.001488095238095238 -0.0009765625 -0.001488095238095238 -0.0009765625 -0.001488095238095238 -0.0009765625 -0.001488095238095238
0  0.62109375 0.029017857142857144 0.013671875 0.025297619047619048 0.6183037109375 0.025723214285714287 0.625 0.025244047619047617 0.623326171875 0.029071428571428574 0.62060546875 0.035129464285714285 0.6245810546875 0.034970238095238096
0  0.599609375 0.061755952380952384 0.013671875 0.022321428571428572 0.598205078125 0.05747767857142857 0.60562109375 0.05580357142857143 0.60369921875 0.0625 0.6012265625 0.06933630952380952 0.6064453125 0.06710416666666667
0  0.65771484375 0.010416666666666666 0.0146484375 0.017857142857142856 -0.0009765625 -0.001488095238095238 -0.0009765625 -0.001488095238095238 -0.0009765625 -0.001488095238095238 -0.0009765625 -0.001488095238095238 -0.0009765625 -0.001488095238095238
0  0.59912109375 0.04241071428571429 0.0126953125 0.019345238095238096 -0.0009765625 -0.001488095238095238 -0.0009765625 -0.001488095238095238 -0.0009765625 -0.001488095238095238 -0.0009765625 -0.001488095238095238 -0.0009765625 -0.001488095238095238
0  0.5966796875 0.028273809523809524 0.01171875 0.017857142857142856 -0.0009765625 -0.001488095238095238 -0.0009765625 -0.001488095238095238 -0.0009765625 -0.001488095238095238 -0.0009765625 -0.001488095238095238 -0.0009765625 -0.001488095238095238
0  0.58740234375 0.11979166666666667 0.0146484375 0.03125 0.5825888671875 0.11294940476190476 0.5896171875 0.11274255952380953 0.5844814453125 0.12056845238095239 0.5819130859375 0.12736458333333334 0.5894814453125 0.12715922619047618
0  0.56884765625 0.07738095238095238 0.0166015625 0.02976190476190476 0.5662099609375 0.07355505952380953 0.574427734375 0.07201339285714285 0.57215234375 0.07586607142857142 0.56873828125 0.08376488095238095 0.575060546875 0.08299404761904762
0  0.57080078125 0.12723214285714285 0.0166015625 0.03422619047619048 0.5684287109375 0.12244940476190476 0.57666015625 0.11989732142857143 0.57373046875 0.12563839285714287 0.57080078125 0.13520386904761905 0.57763671875 0.13392857142857142
0  0.54248046875 0.06473214285714286 0.0126953125 0.028273809523809524 0.5426025390625 0.059895833333333336 0.547119140625 0.05970982142857143 0.545654296875 0.06696428571428571 0.5428466796875 0.07217261904761904 0.54833984375 0.07291666666666667
0  0.5498046875 0.057291666666666664 0.009765625 0.028273809523809524 0.5496826171875 0.052455357142857144 0.553466796875 0.05282738095238095 0.5531005859375 0.05710565476190476 0.5499267578125 0.06436011904761904 0.5533447265625 0.06454613095238096
0  0.55712890625 0.04389880952380952 0.0068359375 0.013392857142857142 -0.0009765625 -0.001488095238095238 -0.0009765625 -0.001488095238095238 -0.0009765625 -0.001488095238095238 -0.0009765625 -0.001488095238095238 -0.0009765625 -0.001488095238095238
0  0.5625 0.01636904761904762 0.013671875 0.026785714285714284 -0.0009765625 -0.001488095238095238 -0.0009765625 -0.001488095238095238 -0.0009765625 -0.001488095238095238 -0.0009765625 -0.001488095238095238 -0.0009765625 -0.001488095238095238
0  0.525390625 0.01488095238095238 0.01171875 0.020833333333333332 0.523384765625 0.011028273809523809 0.5304482421875 0.011160714285714286 0.5272216796875 0.016077380952380954 0.524693359375 0.021657738095238094 0.5291396484375 0.021391369047619048
0  0.54443359375 0.10639880952380952 0.0146484375 0.03422619047619048 0.5429384765625 0.10135714285714285 0.5509951171875 0.10069940476190477 0.5488369140625 0.10683779761904762 0.5458154296875 0.11494940476190475 0.5512822265625 0.11494940476190475
0  0.5283203125 0.08333333333333333 0.013671875 0.023809523809523808 -0.0009765625 -0.001488095238095238 -0.0009765625 -0.001488095238095238 -0.0009765625 -0.001488095238095238 -0.0009765625 -0.001488095238095238 -0.0009765625 -0.001488095238095238
0  0.521484375 0.11160714285714286 0.017578125 0.03869047619047619 -0.0009765625 -0.001488095238095238 -0.0009765625 -0.001488095238095238 -0.0009765625 -0.001488095238095238 -0.0009765625 -0.001488095238095238 -0.0009765625 -0.001488095238095238
0  0.49169921875 0.09300595238095238 0.0146484375 0.03125 0.4902646484375 0.08826934523809524 0.4962119140625 0.08662202380952382 0.4958056640625 0.0936235119047619 0.493103515625 0.10103720238095239 0.496076171875 0.10062648809523808
0  0.505859375 0.14136904761904762 0.017578125 0.03571428571428571 0.4999912109375 0.136625 0.50784765625 0.1375297619047619 0.500583984375 0.1447574404761905 0.4999912109375 0.14972619047619048 0.506365234375 0.15062946428571428
0  0.4609375 0.10714285714285714 0.015625 0.02976190476190476 0.4573056640625 0.10408630952380953 0.4653974609375 0.10004166666666665 0.463375 0.10813244047619049 0.46236328125 0.11661011904761905 0.466029296875 0.11410565476190476
0  0.4541015625 0.06547619047619048 0.015625 0.03273809523809524 0.4519912109375 0.059583333333333335 0.45901953125 0.058141369047619046 0.4572626953125 0.06514434523809524 0.453478515625 0.07317559523809523 0.46037109375 0.0719404761904762
0  0.5087890625 0.031994047619047616 0.013671875 0.028273809523809524 0.5076904296875 0.027157738095238096 0.512451171875 0.026041666666666668 0.5111083984375 0.03218005952380952 0.509765625 0.038318452380952384 0.5130615234375 0.037388392857142856
0  0.4892578125 0.046875 0.013671875 0.03125 0.4859833984375 0.04126785714285714 0.49301171875 0.04126785714285714 0.4907138671875 0.04847619047619048 0.48625390625 0.054447916666666665 0.4920654296875 0.053830357142857145
0  0.4541015625 0.028273809523809524 0.01171875 0.023809523809523808 0.4530556640625 0.025723214285714287 0.4593330078125 0.025723214285714287 0.45608984375 0.031144345238095235 0.453369140625 0.036245535714285716 0.4599609375 0.03592708333333333
0  0.42724609375 0.1130952380952381 0.0205078125 0.023809523809523808 0.4244033203125 0.11095535714285713 0.43055078125 0.10597321428571428 0.430681640625 0.10896279761904762 0.4302890625 0.11813095238095238 0.434474609375 0.11573958333333334
0  0.41845703125 0.15178571428571427 0.0166015625 0.03273809523809524 0.4184267578125 0.14651041666666667 0.425048828125 0.14486309523809524 0.42423828125 0.15248363095238093 0.4207236328125 0.16010267857142857 0.4247783203125 0.15866220238095238
0  0.4189453125 0.10416666666666667 0.017578125 0.026785714285714284 -0.0009765625 -0.001488095238095238 -0.0009765625 -0.001488095238095238 -0.0009765625 -0.001488095238095238 -0.0009765625 -0.001488095238095238 -0.0009765625 -0.001488095238095238
0  0.408203125 0.07663690476190477 0.015625 0.03125 -0.0009765625 -0.001488095238095238 -0.0009765625 -0.001488095238095238 -0.0009765625 -0.001488095238095238 -0.0009765625 -0.001488095238095238 -0.0009765625 -0.001488095238095238
0  0.40869140625 0.049107142857142856 0.0126953125 0.020833333333333332 0.41278125 0.04682886904761905 0.407654296875 0.04696726190476191 0.411224609375 0.05143154761904761 0.40884375 0.05505952380952381 0.4123232421875 0.05519940476190476
0  0.388671875 0.13988095238095238 0.017578125 0.02976190476190476 0.3880615234375 0.13783482142857142 0.3951416015625 0.13690476190476192 0.3934326171875 0.1441592261904762 0.3907470703125 0.14918154761904762 0.39501953125 0.14862351190476192
0  0.35986328125 0.12053571428571429 0.0146484375 0.03273809523809524 0.356537109375 0.11526041666666667 0.363564453125 0.11217113095238096 0.3631591796875 0.11690773809523809 0.3604560546875 0.12741220238095238 0.3651865234375 0.12555803571428573
0  0.3740234375 0.09598214285714286 0.015625 0.03125 0.374076171875 0.09062797619047619 0.3796171875 0.09062797619047619 0.37988671875 0.09556994047619047 0.376373046875 0.10319047619047618 0.3781298828125 0.10360267857142856
0  0.39453125 0.041666666666666664 0.013671875 0.023809523809523808 -0.0009765625 -0.001488095238095238 -0.0009765625 -0.001488095238095238 -0.0009765625 -0.001488095238095238 -0.0009765625 -0.001488095238095238 -0.0009765625 -0.001488095238095238
0  0.37939453125 0.04241071428571429 0.0126953125 0.022321428571428572 0.3762294921875 0.03991220238095238 0.3825595703125 0.03991220238095238 0.379203125 0.04722023809523809 0.3762294921875 0.05043601190476191 0.3826552734375 0.05058184523809524
0  0.3974609375 0.012648809523809524 0.013671875 0.022321428571428572 0.3948671875 0.011114583333333334 0.4010927734375 0.009858630952380952 0.3981630859375 0.015578869047619046 0.3959658203125 0.02018154761904762 0.4007265625 0.019345238095238096
0  0.37646484375 0.019345238095238096 0.0126953125 0.017857142857142856 -0.0009765625 -0.001488095238095238 -0.0009765625 -0.001488095238095238 -0.0009765625 -0.001488095238095238 -0.0009765625 -0.001488095238095238 -0.0009765625 -0.001488095238095238
0  0.359375 0.047619047619047616 0.015625 0.023809523809523808 0.3566806640625 0.04656994047619048 0.3647021484375 0.044583333333333336 0.36189453125 0.049166666666666664 0.3592880859375 0.055889880952380955 0.365705078125 0.054209821428571434
0  0.35107421875 0.029017857142857144 0.0146484375 0.025297619047619048 -0.0009765625 -0.001488095238095238 -0.0009765625 -0.001488095238095238 -0.0009765625 -0.001488095238095238 -0.0009765625 -0.001488095238095238 -0.0009765625 -0.001488095238095238
0  0.32177734375 0.041666666666666664 0.0166015625 0.03273809523809524 0.3204521484375 0.03550148809523809 0.3263115234375 0.0344389880952381 0.326171875 0.04102827380952381 0.321009765625 0.04889434523809524 0.326869140625 0.046769345238095235
0  0.419921875 0.011160714285714286 0.015625 0.022321428571428572 -0.0009765625 -0.001488095238095238 -0.0009765625 -0.001488095238095238 -0.0009765625 -0.001488095238095238 -0.0009765625 -0.001488095238095238 -0.0009765625 -0.001488095238095238
0  0.32568359375 0.14211309523809523 0.0185546875 0.03125 0.321306640625 0.13738244047619047 0.3302001953125 0.13778125 0.3271923828125 0.14176785714285714 0.3228759765625 0.15173214285714284 0.3295458984375 0.15213095238095237
0  0.32421875 0.09151785714285714 0.013671875 0.03125 -0.0009765625 -0.001488095238095238 -0.0009765625 -0.001488095238095238 -0.0009765625 -0.001488095238095238 -0.0009765625 -0.001488095238095238 -0.0009765625 -0.001488095238095238
0  0.330078125 0.00744047619047619 0.013671875 0.01488095238095238 -0.0009765625 -0.001488095238095238 -0.0009765625 -0.001488095238095238 -0.0009765625 -0.001488095238095238 -0.0009765625 -0.001488095238095238 -0.0009765625 -0.001488095238095238
0  0.35791015625 0.00744047619047619 0.0146484375 0.01488095238095238 -0.0009765625 -0.001488095238095238 -0.0009765625 -0.001488095238095238 -0.0009765625 -0.001488095238095238 -0.0009765625 -0.001488095238095238 -0.0009765625 -0.001488095238095238
0  0.28515625 0.014136904761904762 0.015625 0.028273809523809524 0.282923828125 0.010683035714285714 0.2896201171875 0.009247023809523811 0.2874228515625 0.016422619047619047 0.2853310546875 0.022321428571428572 0.2905625 0.021523809523809525
0  0.2744140625 0.0744047619047619 0.01953125 0.026785714285714284 -0.0009765625 -0.001488095238095238 -0.0009765625 -0.001488095238095238 -0.0009765625 -0.001488095238095238 -0.0009765625 -0.001488095238095238 -0.0009765625 -0.001488095238095238
0  0.30615234375 0.1212797619047619 0.0166015625 0.03422619047619048 -0.0009765625 -0.001488095238095238 -0.0009765625 -0.001488095238095238 -0.0009765625 -0.001488095238095238 -0.0009765625 -0.001488095238095238 -0.0009765625 -0.001488095238095238
0  0.2578125 0.12723214285714285 0.017578125 0.03125 0.2543505859375 0.12220982142857142 0.263505859375 0.11981845238095239 0.25984375 0.1275907738095238 0.25709765625 0.13536309523809523 0.263244140625 0.13376934523809525
0  0.2607421875 0.08407738095238096 0.017578125 0.03422619047619048 0.2592470703125 0.07908184523809524 0.267015625 0.07798511904761904 0.2647138671875 0.08478125 0.2609736328125 0.09157738095238095 0.265720703125 0.09135863095238095
0  0.25 0.052083333333333336 0.015625 0.026785714285714284 0.246111328125 0.04714136904761904 0.2539326171875 0.04696726190476191 0.2503046875 0.053876488095238095 0.2473583984375 0.059404761904761905 0.2517783203125 0.059404761904761905
0  0.2490234375 0.015625 0.013671875 0.025297619047619048 0.24680859375 0.010084821428571429 0.2533310546875 0.009208333333333332 0.2521796875 0.014322916666666666 0.2488232421875 0.02163095238095238 0.25409765625 0.02090029761904762
0  0.2412109375 0.027529761904761904 0.015625 0.03125 0.2467392578125 0.012037202380952381 0.251970703125 0.009845238095238094 0.251447265625 0.014229166666666666 0.24883203125 0.021404761904761906 0.251970703125 0.021005952380952382
0  0.23876953125 0.13467261904761904 0.0166015625 0.03720238095238095 0.236572265625 0.12986309523809525 0.244890625 0.12794940476190475 0.243634765625 0.13345089285714287 0.240181640625 0.14301636904761905 0.247087890625 0.14110267857142858
0  0.22412109375 0.09077380952380952 0.0166015625 0.02976190476190476 -0.0009765625 -0.001488095238095238 -0.0009765625 -0.001488095238095238 -0.0009765625 -0.001488095238095238 -0.0009765625 -0.001488095238095238 -0.0009765625 -0.001488095238095238
0  0.22314453125 0.06770833333333333 0.0146484375 0.025297619047619048 -0.0009765625 -0.001488095238095238 -0.0009765625 -0.001488095238095238 -0.0009765625 -0.001488095238095238 -0.0009765625 -0.001488095238095238 -0.0009765625 -0.001488095238095238
0  0.19482421875 0.04092261904761905 0.0146484375 0.028273809523809524 0.1893310546875 0.03478422619047619 0.19775390625 0.03366815476190476 0.19189453125 0.04110863095238095 0.1903076171875 0.048177083333333336 0.1971435546875 0.046688988095238096
0  0.1962890625 0.09226190476190477 0.015625 0.03571428571428571 0.1947197265625 0.08625595238095238 0.202279296875 0.08580505952380953 0.200796875 0.09122619047619047 0.1962021484375 0.09867857142857142 0.2018349609375 0.09935714285714285
0  0.1796875 0.017857142857142856 0.013671875 0.02976190476190476 0.17691015625 0.013950892857142858 0.1827958984375 0.012290178571428572 0.179853515625 0.01876785714285714 0.1778916015625 0.024745535714285716 0.1847578125 0.023084821428571427
0  0.19091796875 0.011904761904761904 0.0107421875 0.020833333333333332 -0.0009765625 -0.001488095238095238 -0.0009765625 -0.001488095238095238 -0.0009765625 -0.001488095238095238 -0.0009765625 -0.001488095238095238 -0.0009765625 -0.001488095238095238
0  0.2060546875 0.03125 0.009765625 0.026785714285714284 -0.0009765625 -0.001488095238095238 -0.0009765625 -0.001488095238095238 -0.0009765625 -0.001488095238095238 -0.0009765625 -0.001488095238095238 -0.0009765625 -0.001488095238095238
0  0.2021484375 0.1644345238095238 0.01953125 0.03422619047619048 0.200029296875 0.16120535714285714 0.20744140625 0.15623660714285714 0.2078857421875 0.16685267857142858 0.2041796875 0.17633928571428573 0.208626953125 0.17385416666666667
0  0.1875 0.13095238095238096 0.015625 0.023809523809523808 0.1866630859375 0.1303139880952381 0.1938828125 0.12872023809523808 0.1915810546875 0.1349389880952381 0.188755859375 0.14019940476190476 0.1938828125 0.13892410714285713
0  0.55224609375 0.1636904761904762 0.0126953125 0.023809523809523808 -0.0009765625 -0.001488095238095238 -0.0009765625 -0.001488095238095238 -0.0009765625 -0.001488095238095238 -0.0009765625 -0.001488095238095238 -0.0009765625 -0.001488095238095238
0  0.45263671875 0.21577380952380953 0.0185546875 0.03273809523809524 0.4497763671875 0.21173511904761905 0.4584267578125 0.21088392857142857 0.4556357421875 0.21875 0.453404296875 0.22576488095238095 0.4575888671875 0.2253407738095238
0  0.51416015625 0.26413690476190477 0.0205078125 0.03720238095238095 0.514595703125 0.25717410714285716 0.5216591796875 0.25454464285714284 0.5208740234375 0.26339285714285715 0.515380859375 0.2722410714285714 0.5208740234375 0.2720029761904762
0  0.48779296875 0.2700892857142857 0.0185546875 0.03422619047619048 0.4854345703125 0.26509375 0.493203125 0.2615863095238095 0.491908203125 0.2710133928571429 0.4887431640625 0.27890476190476193 0.4950732421875 0.2773705357142857
0  0.501953125 0.33035714285714285 0.021484375 0.044642857142857144 0.499515625 0.32504315476190476 0.509826171875 0.31932886904761904 0.5092646484375 0.3281845238095238 0.5058896484375 0.33961160714285715 0.511701171875 0.33789732142857143
0  0.4677734375 0.33407738095238093 0.017578125 0.043154761904761904 0.4673330078125 0.3265967261904762 0.471623046875 0.3227842261904762 0.4751982421875 0.3287767857142857 0.4707294921875 0.3418497023809524 0.4739462890625 0.33967113095238094
0  0.4189453125 0.27232142857142855 0.021484375 0.044642857142857144 0.4195205078125 0.26589136904761906 0.4254677734375 0.2629672619047619 0.427193359375 0.27232142857142855 0.4202880859375 0.2837217261904762 0.42431640625 0.2822604166666667
0  0.3994140625 0.2961309523809524 0.01953125 0.047619047619047616 0.398515625 0.28945386904761905 0.4065068359375 0.28945386904761905 0.407736328125 0.29882142857142857 0.40076953125 0.3085 0.40609765625 0.3085
0  0.44580078125 0.19642857142857142 0.0126953125 0.03273809523809524 -0.0009765625 -0.001488095238095238 -0.0009765625 -0.001488095238095238 -0.0009765625 -0.001488095238095238 -0.0009765625 -0.001488095238095238 -0.0009765625 -0.001488095238095238
0  0.400390625 0.19717261904761904 0.017578125 0.04017857142857143 0.39686328125 0.1912797619047619 0.405875 0.1858392857142857 0.405365234375 0.19387053571428572 0.4006044921875 0.20345684523809526 0.4080849609375 0.20060714285714284
0  0.3701171875 0.18080357142857142 0.015625 0.03422619047619048 0.35817578125 0.18961904761904763 0.3647939453125 0.18698809523809526 0.363787109375 0.19773065476190477 0.362060546875 0.20189583333333333 0.36680859375 0.19970386904761903
0  0.35986328125 0.19345238095238096 0.0185546875 0.02976190476190476 0.3587255859375 0.19425 0.3663115234375 0.1884702380952381 0.3656787109375 0.1984880952380952 0.36466796875 0.2058095238095238 0.36883984375 0.20291964285714284
0  0.33984375 0.19866071428571427 0.01953125 0.03422619047619048 0.3369833984375 0.19407738095238095 0.346470703125 0.19159226190476192 0.34513671875 0.19859375 0.3411337890625 0.20717708333333335 0.347953125 0.20695089285714285
0  0.337890625 0.25 0.01953125 0.041666666666666664 0.3338271484375 0.24734970238095239 0.342943359375 0.2359092261904762 0.3427646484375 0.24871130952380952 0.3420498046875 0.2593333333333333 0.3486630859375 0.2506175595238095
0  0.302734375 0.25892857142857145 0.021484375 0.041666666666666664 0.3003623046875 0.25308184523809524 0.3092568359375 0.24776785714285715 0.309779296875 0.25945982142857144 0.3033271484375 0.26876041666666667 0.311 0.26583779761904763
0  0.34765625 0.3318452380952381 0.021484375 0.041666666666666664 -0.0009765625 -0.001488095238095238 -0.0009765625 -0.001488095238095238 -0.0009765625 -0.001488095238095238 -0.0009765625 -0.001488095238095238 -0.0009765625 -0.001488095238095238
0  0.431640625 0.36235119047619047 0.017578125 0.043154761904761904 0.433833984375 0.3567767857142857 0.440447265625 0.3556875 0.439732421875 0.3663110119047619 0.4354423828125 0.3723035714285714 0.4413408203125 0.37039583333333337
0  0.283203125 0.3288690476190476 0.0234375 0.044642857142857144 0.2850166015625 0.32360714285714287 0.2930732421875 0.32009970238095237 0.2946083984375 0.33179166666666665 0.2884697265625 0.3417306547619048 0.2940322265625 0.3390997023809524
0  0.2646484375 0.21428571428571427 0.017578125 0.041666666666666664 0.2638115234375 0.2073764880952381 0.2716591796875 0.20498511904761904 0.2720078125 0.21162797619047619 0.2693916015625 0.21880357142857143 0.27340234375 0.21455208333333334
0  0.2783203125 0.20238095238095238 0.017578125 0.03273809523809524 0.2760185546875 0.20110565476190476 0.2850869140625 0.19897916666666665 0.2831337890625 0.2057827380952381 0.2789482421875 0.2134360119047619 0.284388671875 0.21301041666666667
0  0.28564453125 0.24627976190476192 0.0205078125 0.046130952380952384 -0.0009765625 -0.001488095238095238 -0.0009765625 -0.001488095238095238 -0.0009765625 -0.001488095238095238 -0.0009765625 -0.001488095238095238 -0.0009765625 -0.001488095238095238
0  0.31982421875 0.18154761904761904 0.0185546875 0.03571428571428571 -0.0009765625 -0.001488095238095238 -0.0009765625 -0.001488095238095238 -0.0009765625 -0.001488095238095238 -0.0009765625 -0.001488095238095238 -0.0009765625 -0.001488095238095238
0  0.27001953125 0.16889880952380953 0.0166015625 0.03125 -0.0009765625 -0.001488095238095238 -0.0009765625 -0.001488095238095238 -0.0009765625 -0.001488095238095238 -0.0009765625 -0.001488095238095238 -0.0009765625 -0.001488095238095238
0  0.40576171875 0.38095238095238093 0.0224609375 0.03869047619047619 -0.0009765625 -0.001488095238095238 -0.0009765625 -0.001488095238095238 -0.0009765625 -0.001488095238095238 -0.0009765625 -0.001488095238095238 -0.0009765625 -0.001488095238095238
0  0.40771484375 0.421875 0.0205078125 0.043154761904761904 -0.0009765625 -0.001488095238095238 -0.0009765625 -0.001488095238095238 -0.0009765625 -0.001488095238095238 -0.0009765625 -0.001488095238095238 -0.0009765625 -0.001488095238095238
0  0.3916015625 0.43526785714285715 0.02734375 0.06101190476190476 0.390607421875 0.42450595238095234 0.4017333984375 0.4191116071428571 0.4022392578125 0.43144196428571424 0.39667578125 0.4480089285714286 0.4027451171875 0.44723958333333336
0  0.34033203125 0.37797619047619047 0.0224609375 0.047619047619047616 -0.0009765625 -0.001488095238095238 -0.0009765625 -0.001488095238095238 -0.0009765625 -0.001488095238095238 -0.0009765625 -0.001488095238095238 -0.0009765625 -0.001488095238095238
0  0.28076171875 0.45089285714285715 0.0302734375 0.05357142857142857 0.2827626953125 0.4457440476190476 0.2885439453125 0.43896875 0.2936572265625 0.45048809523809524 0.287431640625 0.4650565476190476 0.29165625 0.4599747023809524
0  0.345703125 0.5647321428571429 0.029296875 0.05803571428571429 0.344970703125 0.5576636904761905 0.353759765625 0.5509672619047619 0.358154296875 0.5639880952380952 0.352783203125 0.5792410714285714 0.357666015625 0.5770089285714286
0  0.3955078125 0.5297619047619048 0.029296875 0.05357142857142857 -0.0009765625 -0.001488095238095238 -0.0009765625 -0.001488095238095238 -0.0009765625 -0.001488095238095238 -0.0009765625 -0.001488095238095238 -0.0009765625 -0.001488095238095238
0  0.3662109375 0.6800595238095238 0.03515625 0.08333333333333333 0.3667431640625 0.6635446428571429 0.3735439453125 0.6557723214285713 0.36640234375 0.676498511904762 0.363001953125 0.6873809523809524 0.3640224609375 0.6868616071428572
0  0.26513671875 0.5394345238095238 0.0302734375 0.06398809523809523 0.266732421875 0.5264672619047619 0.268328125 0.5256562499999999 0.2792314453125 0.5345714285714286 0.2707216796875 0.5540238095238095 0.27178515625 0.5532127976190476
0  0.25537109375 0.47842261904761907 0.0224609375 0.043154761904761904 -0.0009765625 -0.001488095238095238 -0.0009765625 -0.001488095238095238 -0.0009765625 -0.001488095238095238 -0.0009765625 -0.001488095238095238 -0.0009765625 -0.001488095238095238
0  0.234375 0.6897321428571429 0.041015625 0.06994047619047619 0.2286201171875 0.687672619047619 0.2435830078125 0.6714494047619047 0.2455966796875 0.6916190476190476 0.243294921875 0.7100342261904762 0.2516396484375 0.6986339285714286
0  0.19384765625 0.6532738095238095 0.0244140625 0.06547619047619048 0.198638671875 0.6491815476190477 0.202208984375 0.6470892857142857 0.202208984375 0.6575520833333334 0.199462890625 0.6659226190476191 0.202484375 0.6655044642857143
0  0.1533203125 0.8645833333333334 0.044921875 0.07738095238095238 0.147513671875 0.8655535714285715 0.1588046875 0.8404821428571428 0.1665478515625 0.8660446428571428 0.16203125 0.8871845238095238 0.171708984375 0.871452380952381
0  0.0478515625 0.8407738095238095 0.037109375 0.0744047619047619 0.045166015625 0.8392857142857143 0.062744140625 0.8249360119047618 0.059291015625 0.844547619047619 0.0533271484375 0.8627232142857143 0.066197265625 0.8555491071428571
0  0.03955078125 0.6927083333333334 0.0361328125 0.06696428571428571 0.03241015625 0.6933125 0.04312109375 0.6728050595238095 0.0494384765625 0.6895461309523809 0.0472412109375 0.7092172619047619 0.0538330078125 0.6983348214285714
0  0.17431640625 0.4895833333333333 0.0302734375 0.05654761904761905 0.1682822265625 0.4832053571428571 0.1754453125 0.47510714285714284 0.183533203125 0.4860223214285715 0.1809912109375 0.5011622023809524 0.1839951171875 0.4976413690476191
0  0.076171875 0.44494047619047616 0.03125 0.05952380952380952 0.0698681640625 0.4364642857142857 0.08326953125 0.4341517857142857 0.077453125 0.4484077380952381 0.0721435546875 0.4615089285714286 0.0840283203125 0.45958184523809525
0  0.13623046875 0.48660714285714285 0.0244140625 0.0625 -0.0009765625 -0.001488095238095238 -0.0009765625 -0.001488095238095238 -0.0009765625 -0.001488095238095238 -0.0009765625 -0.001488095238095238 -0.0009765625 -0.001488095238095238
0  0.20068359375 0.390625 0.0263671875 0.06101190476190476 0.2009365234375 0.3825595238095238 0.2107978515625 0.3783214285714286 0.2135791015625 0.3883392857142857 0.2047294921875 0.4060639880952381 0.21484375 0.40298214285714284
0  0.2421875 0.4025297619047619 0.025390625 0.05803571428571429 0.242919921875 0.39360119047619047 0.24365234375 0.39360119047619047 0.25390625 0.4029017857142857 0.245361328125 0.4166666666666667 0.25439453125 0.41592261904761907
0  0.0771484375 0.38839285714285715 0.021484375 0.044642857142857144 0.0820224609375 0.37108035714285714 0.087646484375 0.3679375 0.088583984375 0.3742232142857143 0.085583984375 0.38364880952380953 0.0904580078125 0.3816502976190476
0  0.19775390625 0.29910714285714285 0.0283203125 0.05654761904761905 0.19516015625 0.29167261904761904 0.20601953125 0.28674404761904765 0.2055576171875 0.29554613095238097 0.199087890625 0.3120952380952381 0.2085615234375 0.30786904761904765
0  0.22802734375 0.31101190476190477 0.0224609375 0.041666666666666664 0.2260048828125 0.3102142857142857 0.234375 0.3041026785714286 0.235595703125 0.31473214285714285 0.2310615234375 0.32483035714285713 0.237513671875 0.32164136904761903
0  0.22119140625 0.23363095238095238 0.0185546875 0.03571428571428571 -0.0009765625 -0.001488095238095238 -0.0009765625 -0.001488095238095238 -0.0009765625 -0.001488095238095238 -0.0009765625 -0.001488095238095238 -0.0009765625 -0.001488095238095238
0  0.20556640625 0.24702380952380953 0.0224609375 0.03571428571428571 0.1997373046875 0.23930357142857145 0.2081298828125 0.23814136904761907 0.2081298828125 0.24534970238095238 0.2069091796875 0.25488244047619046 0.21270703125 0.2520922619047619
0  0.142578125 0.234375 0.021484375 0.04017857142857143 0.138916015625 0.23336458333333332 0.1500771484375 0.22698809523809524 0.1471123046875 0.23974255952380952 0.14449609375 0.25010565476190477 0.1518203125 0.24532291666666667
0  0.15185546875 0.22470238095238096 0.0166015625 0.03571428571428571 0.139701171875 0.2333779761904762 0.1493359375 0.22886160714285714 0.1468154296875 0.24060714285714285 0.1457783203125 0.2469315476190476 0.15185546875 0.24580208333333334
0  0.111328125 0.24107142857142858 0.017578125 0.03869047619047619 -0.0009765625 -0.001488095238095238 -0.0009765625 -0.001488095238095238 -0.0009765625 -0.001488095238095238 -0.0009765625 -0.001488095238095238 -0.0009765625 -0.001488095238095238
0  0.15283203125 0.33035714285714285 0.0224609375 0.044642857142857144 -0.0009765625 -0.001488095238095238 -0.0009765625 -0.001488095238095238 -0.0009765625 -0.001488095238095238 -0.0009765625 -0.001488095238095238 -0.0009765625 -0.001488095238095238
0  0.1591796875 0.30505952380952384 0.01953125 0.041666666666666664 0.15869140625 0.2997455357142857 0.1658408203125 0.29522767857142856 0.167759765625 0.30532589285714284 0.1621787109375 0.31409375 0.1668876953125 0.31117113095238097
0  0.1279296875 0.32217261904761907 0.017578125 0.049107142857142856 -0.0009765625 -0.001488095238095238 -0.0009765625 -0.001488095238095238 -0.0009765625 -0.001488095238095238 -0.0009765625 -0.001488095238095238 -0.0009765625 -0.001488095238095238
0  0.072265625 0.3087797619047619 0.029296875 0.052083333333333336 -0.0009765625 -0.001488095238095238 -0.0009765625 -0.001488095238095238 -0.0009765625 -0.001488095238095238 -0.0009765625 -0.001488095238095238 -0.0009765625 -0.001488095238095238
0  0.08203125 0.26785714285714285 0.025390625 0.047619047619047616 -0.0009765625 -0.001488095238095238 -0.0009765625 -0.001488095238095238 -0.0009765625 -0.001488095238095238 -0.0009765625 -0.001488095238095238 -0.0009765625 -0.001488095238095238
0  0.14501953125 0.17038690476190477 0.0185546875 0.04017857142857143 0.14825 0.14894940476190474 0.154880859375 0.1440267857142857 0.1564111328125 0.15283482142857144 0.15437109375 0.16242113095238095 0.157091796875 0.16164434523809523
0  0.14990234375 0.14955357142857142 0.0185546875 0.03422619047619048 -0.0009765625 -0.001488095238095238 -0.0009765625 -0.001488095238095238 -0.0009765625 -0.001488095238095238 -0.0009765625 -0.001488095238095238 -0.0009765625 -0.001488095238095238
0  0.095703125 0.18898809523809523 0.017578125 0.03571428571428571 -0.0009765625 -0.001488095238095238 -0.0009765625 -0.001488095238095238 -0.0009765625 -0.001488095238095238 -0.0009765625 -0.001488095238095238 -0.0009765625 -0.001488095238095238
0  0.06689453125 0.24032738095238096 0.0185546875 0.04017857142857143 -0.0009765625 -0.001488095238095238 -0.0009765625 -0.001488095238095238 -0.0009765625 -0.001488095238095238 -0.0009765625 -0.001488095238095238 -0.0009765625 -0.001488095238095238
0  0.04150390625 0.17261904761904762 0.0205078125 0.041666666666666664 0.042759765625 0.1668794642857143 0.047642578125 0.16395684523809523 0.049560546875 0.17219345238095238 0.0458984375 0.18282291666666667 0.049560546875 0.18096279761904763
0  0.08935546875 0.12053571428571429 0.0166015625 0.03571428571428571 0.08575390625 0.11308184523809524 0.0939072265625 0.11217857142857143 0.0921279296875 0.12008333333333333 0.0885703125 0.1284404761904762 0.0946484375 0.12821577380952381
0  0.12451171875 0.12351190476190477 0.0166015625 0.03571428571428571 0.1244677734375 0.11908779761904761 0.1305458984375 0.12044345238095239 0.1301005859375 0.12654166666666666 0.125060546875 0.1312842261904762 0.1295078125 0.13241369047619048
0  0.16943359375 0.1056547619047619 0.0185546875 0.02976190476190476 -0.0009765625 -0.001488095238095238 -0.0009765625 -0.001488095238095238 -0.0009765625 -0.001488095238095238 -0.0009765625 -0.001488095238095238 -0.0009765625 -0.001488095238095238
0  0.15087890625 0.06994047619047619 0.0166015625 0.02976190476190476 0.14862109375 0.0665 0.1549423828125 0.06399404761904762 0.1524130859375 0.07093005952380953 0.1502646484375 0.07728869047619048 0.156458984375 0.0757470238095238
0  0.1240234375 0.08556547619047619 0.01171875 0.025297619047619048 -0.0009765625 -0.001488095238095238 -0.0009765625 -0.001488095238095238 -0.0009765625 -0.001488095238095238 -0.0009765625 -0.001488095238095238 -0.0009765625 -0.001488095238095238
0  0.087890625 0.06398809523809523 0.015625 0.03273809523809524 0.087611328125 0.059949404761904766 0.0941689453125 0.05824851190476191 0.0951455078125 0.06398809523809523 0.0916572265625 0.07270386904761905 0.095703125 0.07142857142857142
0  0.07470703125 0.07217261904761904 0.0146484375 0.025297619047619048 0.072583984375 0.0703452380952381 0.07301953125 0.07018005952380953 0.079341796875 0.07167410714285714 0.07519921875 0.07997916666666667 0.07541796875 0.08014434523809524
0  0.0302734375 0.12351190476190477 0.015625 0.023809523809523808 -0.0009765625 -0.001488095238095238 -0.0009765625 -0.001488095238095238 -0.0009765625 -0.001488095238095238 -0.0009765625 -0.001488095238095238 -0.0009765625 -0.001488095238095238
0  0.07177734375 0.14657738095238096 0.0185546875 0.03720238095238095 0.0698935546875 0.14081101190476192 0.0782119140625 0.13746279761904762 0.077583984375 0.14750744047619047 0.0738173828125 0.15563839285714284 0.0794677734375 0.15396428571428572
0  0.052734375 0.14955357142857142 0.01953125 0.03422619047619048 -0.0009765625 -0.001488095238095238 -0.0009765625 -0.001488095238095238 -0.0009765625 -0.001488095238095238 -0.0009765625 -0.001488095238095238 -0.0009765625 -0.001488095238095238
0  0.025390625 0.09151785714285714 0.015625 0.028273809523809524 0.021388671875 0.08846875 0.0300986328125 0.08649553571428571 0.02798046875 0.09277380952380952 0.025037109375 0.09958928571428573 0.031158203125 0.09851339285714285
0  0.0341796875 0.046130952380952384 0.013671875 0.02976190476190476 -0.0009765625 -0.001488095238095238 -0.0009765625 -0.001488095238095238 -0.0009765625 -0.001488095238095238 -0.0009765625 -0.001488095238095238 -0.0009765625 -0.001488095238095238
0  0.0419921875 0.02976190476190476 0.013671875 0.023809523809523808 -0.0009765625 -0.001488095238095238 -0.0009765625 -0.001488095238095238 -0.0009765625 -0.001488095238095238 -0.0009765625 -0.001488095238095238 -0.0009765625 -0.001488095238095238
0  0.107421875 0.027529761904761904 0.015625 0.03125 0.106123046875 0.02423511904761905 0.112474609375 0.023617559523809523 0.1103125 0.03185416666666666 0.106798828125 0.03803273809523809 0.113015625 0.037208333333333336
0  0.05712890625 0.021577380952380952 0.0107421875 0.019345238095238096 -0.0009765625 -0.001488095238095238 -0.0009765625 -0.001488095238095238 -0.0009765625 -0.001488095238095238 -0.0009765625 -0.001488095238095238 -0.0009765625 -0.001488095238095238
0  0.123046875 0.011160714285714286 0.015625 0.022321428571428572 -0.0009765625 -0.001488095238095238 -0.0009765625 -0.001488095238095238 -0.0009765625 -0.001488095238095238 -0.0009765625 -0.001488095238095238 -0.0009765625 -0.001488095238095238
0  0.09716796875 0.021577380952380952 0.0146484375 0.03125 -0.0009765625 -0.001488095238095238 -0.0009765625 -0.001488095238095238 -0.0009765625 -0.001488095238095238 -0.0009765625 -0.001488095238095238 -0.0009765625 -0.001488095238095238
0  0.01025390625 0.06101190476190476 0.0185546875 0.02976190476190476 0.007830078125 0.058925595238095235 0.0163310546875 0.055139880952380954 0.015677734375 0.06291220238095238 0.011623046875 0.07068452380952381 0.01803125 0.06928869047619048
0  0.1650390625 0.01636904761904762 0.015625 0.02976190476190476 0.1632255859375 0.014336309523809524 0.168892578125 0.012436011904761905 0.168779296875 0.018654761904761903 0.16537890625 0.025044642857142856 0.168779296875 0.02487202380952381
0  0.0087890625 0.5677083333333334 0.017578125 0.07291666666666667 -0.003810546875 0.5625535714285714 0.0043115234375 0.5634702380952381 -0.0005009765625 0.5749300595238095 -0.002005859375 0.5891398809523809 0.0043115234375 0.5886815476190476
0  0.005859375 0.14955357142857142 0.01171875 0.046130952380952384 0.0003310546875 0.14354761904761904 0.007044921875 0.14267113095238096 0.0099228515625 0.14822470238095237 0.0035927734375 0.1613779761904762 0.0081962890625 0.1605014880952381
0  0.0078125 0.013392857142857142 0.015625 0.026785714285714284 0.0061953125 0.005300595238095238 0.01251171875 0.004324404761904762 0.0116884765625 0.01255654761904762 0.008484375 0.01688095238095238 0.0130615234375 0.016601190476190478
0  0.0078125 0.2544642857142857 0.015625 0.041666666666666664 -0.0007802734375 0.24908928571428574 0.0038671875 0.24936160714285713 -0.000244140625 0.2605297619047619 -0.0007802734375 0.26570535714285715 0.002794921875 0.26597767857142857
0  0.11474609375 0.9851190476190477 0.0458984375 0.02976190476190476 -0.0009765625 -0.001488095238095238 -0.0009765625 -0.001488095238095238 -0.0009765625 -0.001488095238095238 -0.0009765625 -0.001488095238095238 -0.0009765625 -0.001488095238095238
0  0.9501953125 0.06324404761904762 0.017578125 0.03125 -0.0009765625 -0.001488095238095238 -0.0009765625 -0.001488095238095238 -0.0009765625 -0.001488095238095238 -0.0009765625 -0.001488095238095238 -0.0009765625 -0.001488095238095238
