0  0.0380859375 0.44668587896253603 0.017578125 0.05763688760806916 0.037841796875 0.4365994236311239 0.0450439453125 0.43948126801152737 0.041748046875 0.45172910662824206 0.035888671875 0.45929394812680113 0.041748046875 0.4621757925072046
0  0.3564453125 0.20605187319884727 0.044921875 0.15273775216138327 0.3480048828125 0.17527665706051873 0.371861328125 0.17527665706051873 0.362583984375 0.2055878962536023 0.35032421875 0.23687608069164265 0.3692099609375 0.23394524495677235
0  0.25732421875 0.6152737752161384 0.0166015625 0.10662824207492795 -0.0009765625 -0.002881844380403458 -0.0009765625 -0.002881844380403458 -0.0009765625 -0.002881844380403458 -0.0009765625 -0.002881844380403458 -0.0009765625 -0.002881844380403458
0  0.29345703125 0.6858789625360231 0.0107421875 0.0345821325648415 0.2914951171875 0.6755878962536023 0.296517578125 0.6758184438040346 0.2943984375 0.6841556195965417 0.2924365234375 0.6911008645533142 0.2959677734375 0.6913342939481268
0  0.31640625 0.7017291066282421 0.01171875 0.04899135446685879 0.3161923828125 0.690149855907781 0.3212060546875 0.6920806916426513 0.319353515625 0.7020518731988472 0.314884765625 0.709449567723343 0.3206611328125 0.712985590778098
0  0.3291015625 0.6685878962536023 0.01171875 0.02881844380403458 0.3251953125 0.659942363112392 0.33203125 0.6570605187319885 0.3291015625 0.6685878962536023 0.3291015625 0.6772334293948127 0.33203125 0.6714697406340058
0  0.35546875 0.6873198847262247 0.009765625 0.037463976945244955 0.3529921875 0.6821873198847263 0.3577138671875 0.6834092219020172 0.3550634765625 0.6914755043227666 0.3534892578125 0.6983198847262249 0.357216796875 0.6988097982708934
0  0.390625 0.6959654178674352 0.009765625 0.037463976945244955 0.387154296875 0.6878991354466859 0.391958984375 0.6876541786743516 0.388728515625 0.6971873198847263 0.3878173828125 0.7035417867435159 0.3906337890625 0.704521613832853
0  0.42724609375 0.6556195965417867 0.0107421875 0.043227665706051875 0.423392578125 0.6448386167146973 0.42972265625 0.6442708933717579 0.42626953125 0.6530461095100865 0.4241591796875 0.6640864553314121 0.4286669921875 0.6640864553314121
0  0.4716796875 0.6268011527377522 0.015625 0.04899135446685879 0.4658203125 0.6167146974063401 0.47265625 0.6109510086455331 0.4677734375 0.6253602305475504 0.46875 0.6397694524495677 0.47265625 0.6340057636887608
0  0.90673828125 0.2478386167146974 0.0185546875 0.08645533141210375 -0.0009765625 -0.002881844380403458 -0.0009765625 -0.002881844380403458 -0.0009765625 -0.002881844380403458 -0.0009765625 -0.002881844380403458 -0.0009765625 -0.002881844380403458
0  0.65771484375 0.430835734870317 0.0087890625 0.037463976945244955 -0.0009765625 -0.002881844380403458 -0.0009765625 -0.002881844380403458 -0.0009765625 -0.002881844380403458 -0.0009765625 -0.002881844380403458 -0.0009765625 -0.002881844380403458
0  0.6513671875 0.45677233429394815 0.00390625 0.020172910662824207 -0.0009765625 -0.002881844380403458 -0.0009765625 -0.002881844380403458 -0.0009765625 -0.002881844380403458 -0.0009765625 -0.002881844380403458 -0.0009765625 -0.002881844380403458
