0  0.0517578125 0.18509615384615385 0.044921875 0.08173076923076923 0.03816015625 0.18033173076923076 0.0597275390625 0.17772956730769232 0.0461953125 0.19386418269230768 0.0428115234375 0.2058341346153846 0.0580361328125 0.20479326923076924
0  0.27392578125 0.2091346153846154 0.0380859375 0.06971153846153846 0.264029296875 0.20274399038461538 0.283931640625 0.1982908653846154 0.274884765625 0.20942427884615386 0.2676474609375 0.2272379807692308 0.2861025390625 0.22234014423076923
0  0.240234375 0.2439903846153846 0.021484375 0.04807692307692308 0.236515625 0.2440012019230769 0.2481953125 0.2440012019230769 0.2429765625 0.2525649038461538 0.2370126953125 0.2605168269230769 0.2469521484375 0.2605168269230769
0  0.31494140625 0.22295673076923078 0.0185546875 0.04927884615384615 0.31344140625 0.22142187500000002 0.321533203125 0.21955528846153843 0.3179931640625 0.22826923076923075 0.314958984375 0.2341814903846154 0.32305078125 0.2326262019230769
0  0.34033203125 0.21995192307692307 0.0283203125 0.04807692307692308 0.334625 0.21843389423076923 0.3458076171875 0.21292788461538462 0.3410859375 0.22516225961538464 0.3390986328125 0.23372596153846154 0.34829296875 0.22852644230769228
0  0.37451171875 0.24459134615384615 0.0283203125 0.04927884615384615 0.3671962890625 0.24212259615384615 0.3818623046875 0.24087860576923076 0.3747822265625 0.24959254807692308 0.36921875 0.25675000000000003 0.379333984375 0.25581610576923075
0  0.4365234375 0.19651442307692307 0.0390625 0.06850961538461539 0.423828125 0.19419591346153847 0.4437080078125 0.18861658653846153 0.43359375 0.20321033653846154 0.4297568359375 0.2130841346153846 0.442662109375 0.21179567307692307
0  0.48486328125 0.2169471153846154 0.0322265625 0.054086538461538464 0.476283203125 0.21497235576923077 0.4913505859375 0.21359855769230768 0.4849326171875 0.22493149038461538 0.478794921875 0.234890625 0.4916298828125 0.23282932692307692
0  0.46484375 0.17728365384615385 0.021484375 0.06370192307692307 -0.0009765625 -0.001201923076923077 -0.0009765625 -0.001201923076923077 -0.0009765625 -0.001201923076923077 -0.0009765625 -0.001201923076923077 -0.0009765625 -0.001201923076923077
0  0.5537109375 0.2049278846153846 0.044921875 0.08052884615384616 0.5429775390625 0.20432692307692307 0.5638779296875 0.2002920673076923 0.5548623046875 0.21794471153846157 0.546666015625 0.22551081730769232 0.564697265625 0.22349278846153847
0  0.5947265625 0.16466346153846154 0.03515625 0.06490384615384616 0.5848388671875 0.1578653846153846 0.602294921875 0.15827884615384613 0.59423828125 0.1702596153846154 0.5871884765625 0.1781105769230769 0.5999453125 0.1781105769230769
0  0.76708984375 0.0889423076923077 0.0556640625 0.11057692307692307 0.755353515625 0.07726682692307693 0.7800986328125 0.07726682692307693 0.7705380859375 0.09249399038461538 0.7609775390625 0.1125673076923077 0.778412109375 0.11118269230769232
0  0.90380859375 0.17487980769230768 0.0380859375 0.06370192307692307 0.8976875 0.17060817307692308 0.9139228515625 0.16734615384615384 0.9092841796875 0.18039543269230768 0.9019951171875 0.19059014423076923 0.9145859375 0.1889591346153846
