0  0.09228515625 0.28989751098096633 0.0244140625 0.040995607613469986 0.0875068359375 0.27978623718887263 0.09841015625 0.27978623718887263 0.0946572265625 0.2867540263543192 0.0901884765625 0.2950614934114202 0.09841015625 0.2950614934114202
0  0.16796875 0.2781844802342606 0.021484375 0.03806734992679356 0.1629677734375 0.2699546120058565 0.173453125 0.2689882869692533 0.168775390625 0.2793865300146413 0.1661943359375 0.2861581259150805 0.171517578125 0.2861581259150805
0  0.24853515625 0.28257686676427524 0.0205078125 0.032210834553440704 0.2440009765625 0.27400146412884335 0.254185546875 0.27379209370424595 0.25 0.28194875549048315 0.2476279296875 0.28906149341142023 0.2534873046875 0.28906149341142023
0  0.32373046875 0.2759882869692533 0.0185546875 0.03953147877013177 0.3196494140625 0.2694260614934114 0.330021484375 0.2691713030746706 0.32441015625 0.2775827232796486 0.3215205078125 0.2842108345534407 0.3278115234375 0.2847203513909224
0  0.404296875 0.27379209370424595 0.01953125 0.03513909224011713 0.3994140625 0.2655563689604685 0.4097724609375 0.26696778916544656 0.405220703125 0.27355636896046853 0.40208203125 0.2808506588579795 0.408203125 0.2808506588579795
0  0.478515625 0.2664714494875549 0.0234375 0.03513909224011713 0.4739072265625 0.2591961932650073 0.484130859375 0.25759590043923863 0.478943359375 0.26308638360175696 0.476501953125 0.2717789165446559 0.4824521484375 0.27155051244509515
0  0.54931640625 0.28330893118594436 0.0185546875 0.036603221083455345 0.545767578125 0.2741185944363104 0.555607421875 0.27363543191800876 0.5499619140625 0.28330893118594436 0.5472197265625 0.2915314787701318 0.5535107421875 0.29104831625183014
0  0.125 0.41215226939970717 0.021484375 0.036603221083455345 0.118705078125 0.40459590043923865 0.1312607421875 0.40506734992679355 0.12451171875 0.41259736456808194 0.12105859375 0.41942020497803806 0.127494140625 0.41965592972181553
0  0.2060546875 0.4084919472913616 0.021484375 0.03806734992679356 0.2012158203125 0.40147144948755487 0.212345703125 0.40195607613469986 0.206376953125 0.4092108345534407 0.203796875 0.4164655929721816 0.20992578125 0.4164655929721816
0  0.28564453125 0.40263543191800877 0.0205078125 0.03806734992679356 0.2796669921875 0.396099560761347 0.289345703125 0.39464860907759886 0.2840224609375 0.4060146412884334 0.2817646484375 0.41133528550512444 0.287732421875 0.41060907759882875
0  0.34912109375 0.4055636896046852 0.0205078125 0.03513909224011713 0.3445263671875 0.39787701317715957 0.35490234375 0.39787701317715957 0.3500107421875 0.40654465592972183 0.346453125 0.4136559297218155 0.353568359375 0.4136559297218155
0  0.421875 0.4019033674963397 0.021484375 0.036603221083455345 0.4171884765625 0.39585797950219614 0.4270283203125 0.39585797950219614 0.4229951171875 0.4038374816983895 0.4175107421875 0.4103674963396779 0.4268671875 0.4103674963396779
0  0.4873046875 0.39970717423133234 0.0234375 0.040995607613469986 0.4822822265625 0.3896149341142021 0.4925712890625 0.3901376281112738 0.48733984375 0.39693557833089316 0.4833291015625 0.40451830161054175 0.4925712890625 0.40451830161054175
0  0.0908203125 0.5468521229868228 0.02734375 0.036603221083455345 0.084716796875 0.5374392386530015 0.097447265625 0.536393850658858 0.0908203125 0.5447598828696926 0.08785546875 0.5541727672035139 0.0962265625 0.5533879941434846
0  0.2177734375 0.5373352855051244 0.02734375 0.043923865300146414 0.2125986328125 0.5267657393850659 0.226283203125 0.5256412884333821 0.21991015625 0.5343543191800878 0.2137236328125 0.5422240117130307 0.225533203125 0.540818448023426
0  0.33349609375 0.5300146412884333 0.0263671875 0.03513909224011713 0.3287001953125 0.519086383601757 0.339634765625 0.519086383601757 0.33416796875 0.5285241581259151 0.331185546875 0.5364729136163983 0.3373154296875 0.5364729136163983
0  0.43310546875 0.5351390922401171 0.0224609375 0.036603221083455345 0.4293955078125 0.5266749633967789 0.4419775390625 0.5266749633967789 0.436169921875 0.5324787701317716 0.4316533203125 0.5421522693997072 0.438912109375 0.5421522693997072
0  0.55419921875 0.5336749633967789 0.0244140625 0.048316251830161056 0.548828125 0.527086383601757 0.5615234375 0.5285505124450952 0.556640625 0.5387994143484627 0.55078125 0.5446559297218155 0.560546875 0.5446559297218155
0  0.55908203125 0.4062957540263543 0.0205078125 0.03953147877013177 0.554705078125 0.3989033674963397 0.5655869140625 0.3989033674963397 0.5598056640625 0.40757101024890185 0.5562353515625 0.4134333821376281 0.563716796875 0.4134333821376281
0  0.625 0.28330893118594436 0.01953125 0.0424597364568082 0.6192626953125 0.27790922401171303 0.6273193359375 0.27790922401171303 0.62255859375 0.28642020497803805 0.620177734375 0.29300878477306 0.626037109375 0.29300878477306
0  0.62890625 0.40775988286969256 0.021484375 0.036603221083455345 0.6240234375 0.3980863836017569 0.6346962890625 0.3973806734992679 0.629830078125 0.406086383601757 0.626220703125 0.4147935578330893 0.6334404296875 0.4136163982430454
0  0.67431640625 0.5402635431918009 0.0244140625 0.040995607613469986 0.67138671875 0.5272957540263543 0.68062890625 0.527818448023426 0.6760947265625 0.5372313323572474 0.672083984375 0.5463821376281113 0.6802802734375 0.5466427525622255
0  0.685546875 0.29941434846266474 0.01953125 0.03953147877013177 0.68025390625 0.29371449487554907 0.6892001953125 0.29321815519765737 0.6843955078125 0.30265592972181554 0.6819111328125 0.30936310395314787 0.68953125 0.30787262079062955
0  0.69677734375 0.4011713030746706 0.0205078125 0.03806734992679356 0.693306640625 0.3942430453879941 0.7034130859375 0.39573352855051247 0.6987744140625 0.4031844802342606 0.694466796875 0.41038799414348465 0.7015908203125 0.4106354319180088
0  0.7529296875 0.29209370424597364 0.01953125 0.036603221083455345 0.7474189453125 0.2859502196193265 0.7574638671875 0.28571449487554906 0.7525986328125 0.2951259150805271 0.7499306640625 0.30077452415812594 0.75589453125 0.30077452415812594
0  0.76416015625 0.4055636896046852 0.0205078125 0.040995607613469986 0.7596611328125 0.4008579795021962 0.7696005859375 0.4005959004392387 0.7650673828125 0.40817862371888725 0.7614052734375 0.41654465592972184 0.769078125 0.41680673499267934
0  0.783203125 0.5307467057101025 0.02734375 0.0424597364568082 0.7779541015625 0.5231508052708639 0.7913203125 0.5228770131771596 0.78564453125 0.531112737920937 0.78106640625 0.54099560761347 0.7889404296875 0.5401727672035139
0  0.83935546875 0.3103953147877013 0.0205078125 0.03513909224011713 0.8351748046875 0.3044011713030747 0.844177734375 0.30371595900439236 0.8391416015625 0.313095168374817 0.8367001953125 0.31858565153733526 0.841888671875 0.3183572474377745
0  0.83203125 0.4055636896046852 0.021484375 0.03513909224011713 0.8291318359375 0.3986544655929722 0.8388974609375 0.39751098096632503 0.83447265625 0.407805270863836 0.8300478515625 0.4135256222547584 0.8375244140625 0.4132957540263543
0  0.92333984375 0.31551976573938506 0.0263671875 0.03953147877013177 0.9177509765625 0.31118594436310393 0.925572265625 0.30991215226939967 0.9218310546875 0.31934407027818446 0.91894140625 0.3262254758418741 0.9274423828125 0.3252064421669107
0  0.896484375 0.5322108345534406 0.0234375 0.03953147877013177 0.8913486328125 0.5212957540263543 0.90493359375 0.5222884333821376 0.89847265625 0.5317276720351392 0.89449609375 0.5394275256222547 0.9016201171875 0.5396749633967789
