0  0.02685546875 0.04328523862375139 0.0126953125 0.01997780244173141 -0.0009765625 -0.0011098779134295228 -0.0009765625 -0.0011098779134295228 -0.0009765625 -0.0011098779134295228 -0.0009765625 -0.0011098779134295228 -0.0009765625 -0.0011098779134295228
0  0.05712890625 0.04716981132075472 0.0126953125 0.023307436182019976 0.0543828125 0.04304772475027747 0.0603984375 0.04334517203107659 0.057521484375 0.0475072142064373 0.0550361328125 0.052263041065482796 0.0589599609375 0.05256048834628191
0  0.0380859375 0.07602663706992231 0.013671875 0.021087680355160933 0.0360849609375 0.0719733629300777 0.0413818359375 0.0722408435072142 0.0391455078125 0.07625416204217536 0.0362021484375 0.08013429522752497 0.0404404296875 0.08026748057713651
0  0.0185546875 0.0932297447280799 0.015625 0.017758046614872364 0.0143349609375 0.0857780244173141 0.0231240234375 0.08565926748057714 0.0176826171875 0.08827524972253052 0.0146484375 0.0946958934517203 0.021240234375 0.09445837957824639
0  0.01904296875 0.1392896781354051 0.0166015625 0.023307436182019976 -0.0009765625 -0.0011098779134295228 -0.0009765625 -0.0011098779134295228 -0.0009765625 -0.0011098779134295228 -0.0009765625 -0.0011098779134295228 -0.0009765625 -0.0011098779134295228
0  0.064453125 0.1281908990011099 0.017578125 0.023307436182019976 -0.0009765625 -0.0011098779134295228 -0.0009765625 -0.0011098779134295228 -0.0009765625 -0.0011098779134295228 -0.0009765625 -0.0011098779134295228 -0.0009765625 -0.0011098779134295228
0  0.1015625 0.14594894561598223 0.013671875 0.023307436182019976 0.097935546875 0.14197558268590454 0.10512890625 0.14197558268590454 0.101205078125 0.14747502774694785 0.0988505859375 0.1523806881243063 0.10408203125 0.15252941176470589
0  0.07470703125 0.11098779134295228 0.0166015625 0.022197558268590455 -0.0009765625 -0.0011098779134295228 -0.0009765625 -0.0011098779134295228 -0.0009765625 -0.0011098779134295228 -0.0009765625 -0.0011098779134295228 -0.0009765625 -0.0011098779134295228
0  0.07568359375 0.08490566037735849 0.0146484375 0.021087680355160933 0.0731943359375 0.08410321864594894 0.0793154296875 0.08437069922308546 0.0759013671875 0.08771476137624862 0.073546875 0.09239733629300777 0.07790234375 0.09239733629300777
0  0.095703125 0.04772475027746948 0.013671875 0.0244173140954495 0.0917275390625 0.04518756936736959 0.0982841796875 0.04566370699223086 0.0943779296875 0.0507369589345172 0.09228515625 0.05470144284128746 0.0966103515625 0.05470144284128746
0  0.10009765625 0.02386237513873474 0.0126953125 0.018867924528301886 0.097373046875 0.023243063263041066 0.10445703125 0.02386237513873474 0.1008603515625 0.02683573806881243 0.098572265625 0.029807991120976693 0.1027138671875 0.0299322974472808
0  0.1484375 0.014983351831298557 0.01171875 0.021087680355160933 0.1458740234375 0.011207547169811321 0.150861328125 0.011593784683684794 0.1485947265625 0.015200887902330743 0.1456474609375 0.018936736958934518 0.150408203125 0.019324084350721422
0  0.18359375 0.017203107658157604 0.013671875 0.021087680355160933 0.180498046875 0.014354051054384018 0.185677734375 0.014219755826859045 0.1824990234375 0.018099889012208655 0.18096875 0.023049944506104328 0.18532421875 0.02264816870144284
0  0.16748046875 0.08990011098779134 0.0126953125 0.01997780244173141 0.1632255859375 0.08840843507214208 0.1707587890625 0.08840843507214208 0.1667568359375 0.0921542730299667 0.163931640625 0.09630188679245283 0.1693466796875 0.09670255271920089
0  0.1494140625 0.1564927857935627 0.013671875 0.022197558268590455 -0.0009765625 -0.0011098779134295228 -0.0009765625 -0.0011098779134295228 -0.0009765625 -0.0011098779134295228 -0.0009765625 -0.0011098779134295228 -0.0009765625 -0.0011098779134295228
0  0.20068359375 0.1509433962264151 0.0146484375 0.0244173140954495 0.1964111328125 0.14747058823529413 0.2033037109375 0.14762375138734737 0.1984384765625 0.1528457269700333 0.197357421875 0.15699334073251942 0.20222265625 0.15683906770255274
0  0.2021484375 0.08268590455049944 0.01171875 0.021087680355160933 0.1995849609375 0.07949500554938957 0.205810546875 0.07949500554938957 0.202880859375 0.08282463928967813 0.2008056640625 0.08712541620421754 0.205322265625 0.08740288568257491
0  0.23828125 0.06881243063263041 0.013671875 0.022197558268590455 0.233890625 0.06423418423973364 0.24109765625 0.06423418423973364 0.2375576171875 0.06969478357380689 0.2345234375 0.0737180910099889 0.239580078125 0.0737180910099889
0  0.22021484375 0.02774694783573807 0.0126953125 0.01997780244173141 -0.0009765625 -0.0011098779134295228 -0.0009765625 -0.0011098779134295228 -0.0009765625 -0.0011098779134295228 -0.0009765625 -0.0011098779134295228 -0.0009765625 -0.0011098779134295228
0  0.25390625 0.010543840177580466 0.013671875 0.016648168701442843 0.2504013671875 0.006243063263041066 0.2567666015625 0.005350721420643729 0.2538017578125 0.01060377358490566 0.2520576171875 0.016153163152053274 0.2574638671875 0.015657047724750277
0  0.55126953125 0.07436182019977802 0.0146484375 0.022197558268590455 -0.0009765625 -0.0011098779134295228 -0.0009765625 -0.0011098779134295228 -0.0009765625 -0.0011098779134295228 -0.0009765625 -0.0011098779134295228 -0.0009765625 -0.0011098779134295228
0  0.5693359375 0.13263041065482797 0.015625 0.021087680355160933 0.567138671875 0.1294395116537181 0.573486328125 0.1281908990011099 0.571533203125 0.13276914539400667 0.5692138671875 0.13665371809100998 0.572998046875 0.1363762486126526
0  0.69970703125 0.1309655937846837 0.0166015625 0.01997780244173141 0.699083984375 0.12612985571587126 0.705322265625 0.12679911209766925 0.7029677734375 0.13094561598224194 0.6994365234375 0.13455826859045505 0.704498046875 0.13509322974472807
0  0.78564453125 0.12874583795782463 0.0166015625 0.022197558268590455 0.7807314453125 0.12229966703662597 0.7897080078125 0.12273029966703662 0.7843974609375 0.12617980022197559 0.781490234375 0.1304894561598224 0.787052734375 0.1304894561598224
0  0.8984375 0.12652608213096558 0.017578125 0.01997780244173141 0.896048828125 0.11954938956714761 0.9046416015625 0.11914872364039955 0.8998154296875 0.12503440621531633 0.89487109375 0.12784461709211986 0.9009921875 0.12851276359600444
0  0.8857421875 0.17203107658157601 0.013671875 0.01997780244173141 -0.0009765625 -0.0011098779134295228 -0.0009765625 -0.0011098779134295228 -0.0009765625 -0.0011098779134295228 -0.0009765625 -0.0011098779134295228 -0.0009765625 -0.0011098779134295228
0  0.8935546875 0.2097669256381798 0.017578125 0.026637069922308545 0.888767578125 0.20377136514983354 0.8966240234375 0.2039400665926748 0.8923251953125 0.20865704772475027 0.8895087890625 0.21421642619311873 0.8955859375 0.21438512763596004
0  0.72021484375 0.18701442841287458 0.0146484375 0.016648168701442843 0.7203984375 0.18384350721420645 0.7254814453125 0.18373473917869032 0.72442578125 0.18722308546059932 0.720494140625 0.1906015538290788 0.7256728515625 0.1898390677025527
0  0.7490234375 0.17758046614872364 0.013671875 0.0244173140954495 -0.0009765625 -0.0011098779134295228 -0.0009765625 -0.0011098779134295228 -0.0009765625 -0.0011098779134295228 -0.0009765625 -0.0011098779134295228 -0.0009765625 -0.0011098779134295228
0  0.8359375 0.03607103218645949 0.013671875 0.023307436182019976 0.8307412109375 0.03388124306326304 0.839373046875 0.034029966703662595 0.834794921875 0.03655715871254162 0.832048828125 0.04146170921198668 0.8379345703125 0.04146170921198668
0  0.92626953125 0.05382907880133185 0.0146484375 0.023307436182019976 0.921333984375 0.04985571587125416 0.9287890625 0.04985571587125416 0.9234267578125 0.05431520532741399 0.92198828125 0.059219755826859045 0.9277431640625 0.059219755826859045
0  0.71337890625 0.07880133185349611 0.0126953125 0.01997780244173141 0.709376953125 0.07543729189789122 0.71502734375 0.07543729189789122 0.709376953125 0.07918312985571586 0.7097294921875 0.08413318534961155 0.71337890625 0.08426637069922309
0  0.66796875 0.0732519422863485 0.013671875 0.022197558268590455 0.6636875 0.06953607103218647 0.6677333984375 0.0703984461709212 0.664193359375 0.07557047724750278 0.6634345703125 0.08002552719200887 0.66608984375 0.08074361820199778
0  0.541015625 0.23473917869034405 0.04296875 0.07436182019977802 0.5252861328125 0.2216093229744728 0.544546875 0.21927968923418423 0.5297939453125 0.2304583795782464 0.5293837890625 0.2504861265260821 0.542908203125 0.24955382907880136
0  0.513671875 0.12985571587125416 0.017578125 0.026637069922308545 0.5108115234375 0.12807214206437292 0.517875 0.12789345172031077 0.514107421875 0.13270921198668145 0.51096875 0.1371687014428413 0.5172470703125 0.1371687014428413
0  0.39111328125 0.20921198668146504 0.0224609375 0.03662597114317425 0.3822236328125 0.2024583795782464 0.393083984375 0.20292452830188681 0.381404296875 0.20944506104328525 0.381404296875 0.2196914539400666 0.38878125 0.22038956714761376
0  0.34912109375 0.17203107658157601 0.0009765625 0.0 -0.0009765625 -0.0011098779134295228 -0.0009765625 -0.0011098779134295228 -0.0009765625 -0.0011098779134295228 -0.0009765625 -0.0011098779134295228 -0.0009765625 -0.0011098779134295228
0  0.37890625 0.1881243063263041 0.0234375 0.041065482796892344 0.3763125 0.18097447280799112 0.387634765625 0.1814994450610433 0.3804716796875 0.18701442841287458 0.3758505859375 0.19646836847946725 0.3830126953125 0.19673029966703662
0  0.47314453125 0.290788013318535 0.0498046875 0.08657047724750278 0.4692685546875 0.2808834628190899 0.4900771484375 0.27648390677025525 0.4862060546875 0.2929833518312986 0.473140625 0.30728301886792453 0.4900771484375 0.3056326304106548
0  0.97998046875 0.05715871254162042 0.0146484375 0.023307436182019976 0.975791015625 0.05393340732519423 0.9844404296875 0.0540865704772475 0.9797099609375 0.0574661487236404 0.9770068359375 0.062380688124306326 0.9829541015625 0.06268812430632631
0  0.99072265625 0.2180910099889012 0.0166015625 0.07214206437291898 0.9856083984375 0.2065715871254162 0.9973671875 0.20703218645948945 0.9815546875 0.22177691453940065 0.98723046875 0.23606215316315207 0.996150390625 0.23744506104328522
0  0.64306640625 0.1997780244173141 0.0166015625 0.0244173140954495 -0.0009765625 -0.0011098779134295228 -0.0009765625 -0.0011098779134295228 -0.0009765625 -0.0011098779134295228 -0.0009765625 -0.0011098779134295228 -0.0009765625 -0.0011098779134295228
0  0.5205078125 0.19478357380688124 0.015625 0.025527192008879023 0.51769140625 0.1933862375138735 0.526140625 0.19321753607103218 0.5209521484375 0.19692452830188678 0.51798828125 0.20433629300776915 0.5237685546875 0.20467369589345172
0  0.79052734375 0.050499445061043285 0.0126953125 0.018867924528301886 -0.0009765625 -0.0011098779134295228 -0.0009765625 -0.0011098779134295228 -0.0009765625 -0.0011098779134295228 -0.0009765625 -0.0011098779134295228 -0.0009765625 -0.0011098779134295228
0  0.67529296875 0.016648168701442843 0.0126953125 0.011098779134295227 0.6729912109375 0.0143984461709212 0.679203125 0.013645948945615983 0.6768017578125 0.017034406215316315 0.674896484375 0.018917869034406218 0.678541015625 0.01835294117647059
0  0.0341796875 0.026082130965593784 0.01171875 0.016648168701442843 -0.0009765625 -0.0011098779134295228 -0.0009765625 -0.0011098779134295228 -0.0009765625 -0.0011098779134295228 -0.0009765625 -0.0011098779134295228 -0.0009765625 -0.0011098779134295228
0  0.4287109375 0.006659267480577136 0.013671875 0.013318534961154272 -0.0009765625 -0.0011098779134295228 -0.0009765625 -0.0011098779134295228 -0.0009765625 -0.0011098779134295228 -0.0009765625 -0.0011098779134295228 -0.0009765625 -0.0011098779134295228
