0  0.42626953125 0.09635416666666667 0.0888671875 0.171875 0.420951171875 0.06561588541666667 0.4600302734375 0.0771953125 0.444109375 0.09456380208333333 0.4245693359375 0.12737109375 0.4498984375 0.13412630208333334
0  0.01318359375 0.4368489583333333 0.0263671875 0.05859375 -0.0009765625 -0.0013020833333333333 -0.0009765625 -0.0013020833333333333 -0.0009765625 -0.0013020833333333333 -0.0009765625 -0.0013020833333333333 -0.0009765625 -0.0013020833333333333
0  0.05029296875 0.6458333333333334 0.0361328125 0.057291666666666664 0.033970703125 0.6409973958333334 0.049595703125 0.6376484375 0.0350869140625 0.64992578125 0.035365234375 0.6592265625 0.0423408203125 0.6592265625
0  0.013671875 0.70703125 0.02734375 0.0703125 0.01055859375 0.69921875 0.019958984375 0.6947421875 0.024658203125 0.706828125 0.0159296875 0.7247317708333334 0.02264453125 0.7211510416666668
0  0.173828125 0.501953125 0.041015625 0.06640625 0.1840126953125 0.4941875 0.1899765625 0.4925130208333333 0.191859375 0.5046497395833334 0.18558203125 0.5188802083333334 0.1906044921875 0.5172057291666666
0  0.150390625 0.4563802083333333 0.029296875 0.053385416666666664 -0.0009765625 -0.0013020833333333333 -0.0009765625 -0.0013020833333333333 -0.0009765625 -0.0013020833333333333 -0.0009765625 -0.0013020833333333333 -0.0009765625 -0.0013020833333333333
0  0.22412109375 0.3450520833333333 0.0341796875 0.057291666666666664 0.225794921875 0.3311354166666667 0.2355263671875 0.3311354166666667 0.238228515625 0.3405065104166667 0.231201171875 0.35600390625 0.2363369140625 0.35600390625
0  0.2734375 0.4361979166666667 0.029296875 0.046875 -0.0009765625 -0.0013020833333333333 -0.0009765625 -0.0013020833333333333 -0.0009765625 -0.0013020833333333333 -0.0009765625 -0.0013020833333333333 -0.0009765625 -0.0013020833333333333
0  0.28515625 0.51171875 0.04296875 0.057291666666666664 -0.0009765625 -0.0013020833333333333 -0.0009765625 -0.0013020833333333333 -0.0009765625 -0.0013020833333333333 -0.0009765625 -0.0013020833333333333 -0.0009765625 -0.0013020833333333333
0  0.515625 0.4322916666666667 0.025390625 0.049479166666666664 -0.0009765625 -0.0013020833333333333 -0.0009765625 -0.0013020833333333333 -0.0009765625 -0.0013020833333333333 -0.0009765625 -0.0013020833333333333 -0.0009765625 -0.0013020833333333333
0  0.63037109375 0.658203125 0.0322265625 0.05859375 0.628208984375 0.6504830729166667 0.6326728515625 0.65085546875 0.6382529296875 0.66164453125 0.6307197265625 0.6705729166666666 0.6332314453125 0.6702005208333334
0  0.6748046875 0.78125 0.025390625 0.057291666666666664 0.675689453125 0.77217578125 0.6811826171875 0.7688802083333334 0.68667578125 0.7835286458333334 0.6787109375 0.7952473958333334 0.6833798828125 0.794515625
0  0.626953125 0.2779947916666667 0.03125 0.06380208333333333 -0.0009765625 -0.0013020833333333333 -0.0009765625 -0.0013020833333333333 -0.0009765625 -0.0013020833333333333 -0.0009765625 -0.0013020833333333333 -0.0009765625 -0.0013020833333333333
0  0.80029296875 0.3092447916666667 0.0283203125 0.053385416666666664 0.796203125 0.3023854166666667 0.809064453125 0.3065013020833333 0.80469140625 0.313703125 0.7951748046875 0.32261979166666666 0.8062353515625 0.32570703125
0  0.87353515625 0.431640625 0.0302734375 0.055989583333333336 0.874642578125 0.42632161458333334 0.8855458984375 0.42561328125 0.8858115234375 0.43625 0.8796953125 0.44511458333333337 0.8871416015625 0.44511458333333337
0  0.95458984375 0.314453125 0.0322265625 0.05078125 0.95654296875 0.30859375 0.96728515625 0.3063151041666667 0.96484375 0.3157552083333333 0.9638671875 0.3268229166666667 0.96826171875 0.3255208333333333
0  0.96728515625 0.6705729166666666 0.0322265625 0.059895833333333336 0.960845703125 0.6646328125 0.9778486328125 0.6653880208333333 0.9687802734375 0.6759674479166667 0.963396484375 0.6835234375 0.9741650390625 0.6839023437499999
0  0.29150390625 0.3196614583333333 0.0322265625 0.045572916666666664 -0.0009765625 -0.0013020833333333333 -0.0009765625 -0.0013020833333333333 -0.0009765625 -0.0013020833333333333 -0.0009765625 -0.0013020833333333333 -0.0009765625 -0.0013020833333333333
0  0.517578125 0.5559895833333334 0.02734375 0.044270833333333336 -0.0009765625 -0.0013020833333333333 -0.0009765625 -0.0013020833333333333 -0.0009765625 -0.0013020833333333333 -0.0009765625 -0.0013020833333333333 -0.0009765625 -0.0013020833333333333
0  0.51953125 0.6946614583333334 0.029296875 0.05078125 -0.0009765625 -0.0013020833333333333 -0.0009765625 -0.0013020833333333333 -0.0009765625 -0.0013020833333333333 -0.0009765625 -0.0013020833333333333 -0.0009765625 -0.0013020833333333333
0  0.6806640625 0.818359375 0.025390625 0.04296875 -0.0009765625 -0.0013020833333333333 -0.0009765625 -0.0013020833333333333 -0.0009765625 -0.0013020833333333333 -0.0009765625 -0.0013020833333333333 -0.0009765625 -0.0013020833333333333
