0  0.015625 0.283203125 0.015625 0.03515625 -0.0009765625 -0.001953125 -0.0009765625 -0.001953125 -0.0009765625 -0.001953125 -0.0009765625 -0.001953125 -0.0009765625 -0.001953125
0  0.076171875 0.25 0.017578125 0.03515625 -0.0009765625 -0.001953125 -0.0009765625 -0.001953125 -0.0009765625 -0.001953125 -0.0009765625 -0.001953125 -0.0009765625 -0.001953125
0  0.3076171875 0.146484375 0.01171875 0.0234375 -0.0009765625 -0.001953125 -0.0009765625 -0.001953125 -0.0009765625 -0.001953125 -0.0009765625 -0.001953125 -0.0009765625 -0.001953125
0  0.462890625 0.1357421875 0.013671875 0.041015625 -0.0009765625 -0.001953125 -0.0009765625 -0.001953125 -0.0009765625 -0.001953125 -0.0009765625 -0.001953125 -0.0009765625 -0.001953125
0  0.16748046875 0.1171875 0.0205078125 0.05078125 -0.0009765625 -0.001953125 -0.0009765625 -0.001953125 -0.0009765625 -0.001953125 -0.0009765625 -0.001953125 -0.0009765625 -0.001953125
0  0.12353515625 0.1474609375 0.0107421875 0.021484375 -0.0009765625 -0.001953125 -0.0009765625 -0.001953125 -0.0009765625 -0.001953125 -0.0009765625 -0.001953125 -0.0009765625 -0.001953125
0  0.08935546875 0.166015625 0.0087890625 0.0234375 -0.0009765625 -0.001953125 -0.0009765625 -0.001953125 -0.0009765625 -0.001953125 -0.0009765625 -0.001953125 -0.0009765625 -0.001953125
0  0.80029296875 0.10546875 0.0126953125 0.03125 -0.0009765625 -0.001953125 -0.0009765625 -0.001953125 -0.0009765625 -0.001953125 -0.0009765625 -0.001953125 -0.0009765625 -0.001953125
0  0.5751953125 0.2021484375 0.015625 0.044921875 0.575474609375 0.195033203125 0.582728515625 0.199498046875 0.5785439453125 0.209263671875 0.573939453125 0.21428515625 0.5785439453125 0.217076171875
0  0.8115234375 0.5625 0.0234375 0.02734375 -0.0009765625 -0.001953125 -0.0009765625 -0.001953125 -0.0009765625 -0.001953125 -0.0009765625 -0.001953125 -0.0009765625 -0.001953125
0  0.6435546875 0.0576171875 0.01953125 0.044921875 -0.0009765625 -0.001953125 -0.0009765625 -0.001953125 -0.0009765625 -0.001953125 -0.0009765625 -0.001953125 -0.0009765625 -0.001953125
0  0.31884765625 0.6044921875 0.0205078125 0.029296875 -0.0009765625 -0.001953125 -0.0009765625 -0.001953125 -0.0009765625 -0.001953125 -0.0009765625 -0.001953125 -0.0009765625 -0.001953125
0  0.05517578125 0.92578125 0.0302734375 0.0703125 -0.0009765625 -0.001953125 -0.0009765625 -0.001953125 -0.0009765625 -0.001953125 -0.0009765625 -0.001953125 -0.0009765625 -0.001953125
0  0.53271484375 0.91015625 0.0302734375 0.08203125 0.5206513671875 0.898376953125 0.53711328125 0.9024921875 0.5255390625 0.926669921875 0.5255390625 0.9359296875 0.534798828125 0.93798828125
0  0.95556640625 0.095703125 0.0166015625 0.04296875 -0.0009765625 -0.001953125 -0.0009765625 -0.001953125 -0.0009765625 -0.001953125 -0.0009765625 -0.001953125 -0.0009765625 -0.001953125
0  0.328125 0.08984375 0.01171875 0.03125 -0.0009765625 -0.001953125 -0.0009765625 -0.001953125 -0.0009765625 -0.001953125 -0.0009765625 -0.001953125 -0.0009765625 -0.001953125
0  0.1513671875 0.3125 0.021484375 0.046875 0.1484072265625 0.306640625 0.156646484375 0.309998046875 0.151763671875 0.317322265625 0.1462705078125 0.324951171875 0.154205078125 0.327392578125
0  0.11328125 0.341796875 0.01953125 0.03125 -0.0009765625 -0.001953125 -0.0009765625 -0.001953125 -0.0009765625 -0.001953125 -0.0009765625 -0.001953125 -0.0009765625 -0.001953125
0  0.61767578125 0.1083984375 0.0146484375 0.029296875 -0.0009765625 -0.001953125 -0.0009765625 -0.001953125 -0.0009765625 -0.001953125 -0.0009765625 -0.001953125 -0.0009765625 -0.001953125
0  0.58251953125 0.123046875 0.0126953125 0.02734375 -0.0009765625 -0.001953125 -0.0009765625 -0.001953125 -0.0009765625 -0.001953125 -0.0009765625 -0.001953125 -0.0009765625 -0.001953125
0  0.603515625 0.2890625 0.021484375 0.03515625 -0.0009765625 -0.001953125 -0.0009765625 -0.001953125 -0.0009765625 -0.001953125 -0.0009765625 -0.001953125 -0.0009765625 -0.001953125
0  0.82080078125 0.044921875 0.0126953125 0.02734375 -0.0009765625 -0.001953125 -0.0009765625 -0.001953125 -0.0009765625 -0.001953125 -0.0009765625 -0.001953125 -0.0009765625 -0.001953125
