0  0.1982421875 0.7507635919364691 0.0234375 0.01832620647525962 0.1963671875 0.7475265729993892 0.2033037109375 0.7472919975565058 0.1978671875 0.7515137446548564 0.1952431640625 0.7566731826511912 0.2025537109375 0.7565558949297495
0  0.2197265625 0.7443494196701282 0.01953125 0.018937080024434942 0.21559375 0.7439242516799023 0.2251845703125 0.7436841783750764 0.220005859375 0.7464441050702505 0.2169365234375 0.7498039095907147 0.2232666015625 0.7494434941967012
0  0.2783203125 0.7477092241905925 0.0234375 0.01710445937690898 0.274078125 0.7453909590714721 0.2849814453125 0.7452791692119731 0.2797978515625 0.748968845448992 0.2765810546875 0.7522119731215638 0.2815859375 0.7522119731215638
0  0.33740234375 0.7431276725717776 0.0205078125 0.016493585827733658 0.3365517578125 0.7403897373243739 0.3455634765625 0.7407086133170433 0.344373046875 0.74347403787416 0.3389326171875 0.7465583384239463 0.3460732421875 0.7465583384239463
0  0.3486328125 0.7000610873549176 0.015625 0.013439218081857055 0.346470703125 0.6975302382406842 0.3551201171875 0.6974428833231521 0.352330078125 0.6995375687232743 0.34912109375 0.7025045815516188 0.3535849609375 0.702766646304215
0  0.251953125 0.6905925473427 0.01953125 0.015271838729383017 0.247994140625 0.6894037874160049 0.258509765625 0.6891087354917531 0.254115234375 0.6921527183872939 0.2503486328125 0.6953921808185706 0.2581962890625 0.6953921808185706
0  0.34619140625 0.6725717776420281 0.0205078125 0.014660965180207697 0.344634765625 0.6715980452046426 0.3534853515625 0.6716933414783139 0.3499755859375 0.6742706169822846 0.3453984375 0.6778020769700671 0.352111328125 0.6776114844227245
0  0.294921875 0.6514966401954795 0.017578125 0.012828344532681736 0.29165234375 0.6519273060476481 0.3005458984375 0.6516823457544288 0.2960986328125 0.654463653023824 0.2933525390625 0.656672571777642 0.2996298828125 0.6565907147220525
0  0.0546875 0.6612706169822846 0.015625 0.012828344532681736 0.0515830078125 0.6607196090409285 0.0594306640625 0.66047403787416 0.0568154296875 0.663501527183873 0.0531533203125 0.6665284056200367 0.0594306640625 0.6664465485644472
0  0.01953125 0.6783750763591937 0.017578125 0.022602321319486866 0.0160390625 0.6744728161270618 0.025974609375 0.6750507025045815 0.02343359375 0.6788087965791082 0.0160390625 0.6848790470372632 0.024357421875 0.6853127672571777
0  0.44482421875 0.646609651802077 0.0302734375 0.021380574221136223 0.440978515625 0.6421233964569334 0.4535830078125 0.6419902260232132 0.446533203125 0.6453304825901038 0.442046875 0.6510763591936468 0.45101953125 0.6512101405009163
0  0.685546875 0.7437385461209529 0.01953125 0.015271838729383017 0.6832841796875 0.7411148442272449 0.69102734375 0.741014050091631 0.686994140625 0.7445455100794135 0.6832841796875 0.7473708002443493 0.6903818359375 0.7473708002443493
0  0.7041015625 0.6930360415394013 0.017578125 0.015271838729383017 0.7022353515625 0.6914544899205864 0.7107109375 0.6915522296884544 0.7071005859375 0.6943995113011606 0.7039619140625 0.6977373243738546 0.7108681640625 0.6976395846059866
0  0.63623046875 0.6612706169822846 0.0166015625 0.012828344532681736 0.634390625 0.6618625534514356 0.6410126953125 0.6616090409285279 0.6380400390625 0.6630458155161881 0.635876953125 0.6664276114844228 0.6408779296875 0.6663433109346366
0  0.669921875 0.6612706169822846 0.013671875 0.012828344532681736 0.668892578125 0.6591380574221136 0.6760556640625 0.6593072693952352 0.67348828125 0.6618436163714112 0.6697041015625 0.6646328649969456 0.67483984375 0.6646328649969456
0  0.3388671875 0.6182040317654246 0.015625 0.009773976786805132 -0.0009765625 -0.0006108735491753207 -0.0009765625 -0.0006108735491753207 -0.0009765625 -0.0006108735491753207 -0.0009765625 -0.0006108735491753207 -0.0009765625 -0.0006108735491753207
0  0.30712890625 0.6166768478924862 0.0126953125 0.010384850335980453 -0.0009765625 -0.0006108735491753207 -0.0009765625 -0.0006108735491753207 -0.0009765625 -0.0006108735491753207 -0.0009765625 -0.0006108735491753207 -0.0009765625 -0.0006108735491753207
0  0.41796875 0.6148442272449602 0.015625 0.011606597434331093 -0.0009765625 -0.0006108735491753207 -0.0009765625 -0.0006108735491753207 -0.0009765625 -0.0006108735491753207 -0.0009765625 -0.0006108735491753207 -0.0009765625 -0.0006108735491753207
0  0.45849609375 0.6218692730604765 0.0126953125 0.009773976786805132 -0.0009765625 -0.0006108735491753207 -0.0009765625 -0.0006108735491753207 -0.0009765625 -0.0006108735491753207 -0.0009765625 -0.0006108735491753207 -0.0009765625 -0.0006108735491753207
0  0.0205078125 0.4444105070250458 0.009765625 0.00794135613927917 -0.0009765625 -0.0006108735491753207 -0.0009765625 -0.0006108735491753207 -0.0009765625 -0.0006108735491753207 -0.0009765625 -0.0006108735491753207 -0.0009765625 -0.0006108735491753207
0  0.0498046875 0.44777031154551006 0.009765625 0.007330482590103849 -0.0009765625 -0.0006108735491753207 -0.0009765625 -0.0006108735491753207 -0.0009765625 -0.0006108735491753207 -0.0009765625 -0.0006108735491753207 -0.0009765625 -0.0006108735491753207
0  0.1044921875 0.4508246792913867 0.009765625 0.007330482590103849 0.103236328125 0.4498210140500916 0.1082587890625 0.4496249236408063 0.106611328125 0.45144105070250456 0.104962890625 0.45369883934025657 0.1086513671875 0.45345387904703727
0  0.080078125 0.45021380574221137 0.009765625 0.007330482590103849 -0.0009765625 -0.0006108735491753207 -0.0009765625 -0.0006108735491753207 -0.0009765625 -0.0006108735491753207 -0.0009765625 -0.0006108735491753207 -0.0009765625 -0.0006108735491753207
0  0.087890625 0.43494196701282833 0.009765625 0.007330482590103849 -0.0009765625 -0.0006108735491753207 -0.0009765625 -0.0006108735491753207 -0.0009765625 -0.0006108735491753207 -0.0009765625 -0.0006108735491753207 -0.0009765625 -0.0006108735491753207
0  0.173828125 0.45235186316432496 0.01171875 0.00916310323762981 0.17161328125 0.4524062309102016 0.176697265625 0.4525864386072083 0.174298828125 0.4539664019547954 0.171708984375 0.4554062309102016 0.17679296875 0.45552596212583996
0  0.2041015625 0.46059865607819184 0.009765625 0.007330482590103849 -0.0009765625 -0.0006108735491753207 -0.0009765625 -0.0006108735491753207 -0.0009765625 -0.0006108735491753207 -0.0009765625 -0.0006108735491753207 -0.0009765625 -0.0006108735491753207
0  0.23876953125 0.4575442883323152 0.0126953125 0.009773976786805132 0.2364765625 0.4560470372632865 0.2410888671875 0.4559218081857056 0.239484375 0.45843066585216863 0.237078125 0.4601240073304826 0.2412890625 0.45999877825290164
0  0.2275390625 0.43402565668906534 0.009765625 0.006719609040928528 -0.0009765625 -0.0006108735491753207 -0.0009765625 -0.0006108735491753207 -0.0009765625 -0.0006108735491753207 -0.0009765625 -0.0006108735491753207 -0.0009765625 -0.0006108735491753207
0  0.16650390625 0.43036041539401343 0.0087890625 0.006719609040928528 0.167201171875 0.4302296884544899 0.1709677734375 0.43027306047648134 0.1697822265625 0.43145143555284055 0.1678291015625 0.433327428222358 0.1708984375 0.4332840562003665
0  0.29345703125 0.465791081246182 0.0087890625 0.006719609040928528 -0.0009765625 -0.0006108735491753207 -0.0009765625 -0.0006108735491753207 -0.0009765625 -0.0006108735491753207 -0.0009765625 -0.0006108735491753207 -0.0009765625 -0.0006108735491753207
0  0.29931640625 0.48289554062309104 0.0107421875 0.00794135613927917 -0.0009765625 -0.0006108735491753207 -0.0009765625 -0.0006108735491753207 -0.0009765625 -0.0006108735491753207 -0.0009765625 -0.0006108735491753207 -0.0009765625 -0.0006108735491753207
0  0.330078125 0.4832009773976787 0.009765625 0.007330482590103849 0.328630859375 0.48221930360415394 0.333888671875 0.48221930360415394 0.3319267578125 0.4837898594990837 0.3297294921875 0.4855082467929139 0.3332607421875 0.4855082467929139
0  0.271484375 0.4923640806353085 0.009765625 0.00855222968845449 -0.0009765625 -0.0006108735491753207 -0.0009765625 -0.0006108735491753207 -0.0009765625 -0.0006108735491753207 -0.0009765625 -0.0006108735491753207 -0.0009765625 -0.0006108735491753207
0  0.26904296875 0.4807574832009774 0.0126953125 0.007330482590103849 -0.0009765625 -0.0006108735491753207 -0.0009765625 -0.0006108735491753207 -0.0009765625 -0.0006108735491753207 -0.0009765625 -0.0006108735491753207 -0.0009765625 -0.0006108735491753207
0  0.2490234375 0.47953573610262673 0.009765625 0.007330482590103849 -0.0009765625 -0.0006108735491753207 -0.0009765625 -0.0006108735491753207 -0.0009765625 -0.0006108735491753207 -0.0009765625 -0.0006108735491753207 -0.0009765625 -0.0006108735491753207
0  0.24267578125 0.4963347587049481 0.0107421875 0.00794135613927917 -0.0009765625 -0.0006108735491753207 -0.0009765625 -0.0006108735491753207 -0.0009765625 -0.0006108735491753207 -0.0009765625 -0.0006108735491753207 -0.0009765625 -0.0006108735491753207
0  0.1884765625 0.47648136835675015 0.009765625 0.00855222968845449 -0.0009765625 -0.0006108735491753207 -0.0009765625 -0.0006108735491753207 -0.0009765625 -0.0006108735491753207 -0.0009765625 -0.0006108735491753207 -0.0009765625 -0.0006108735491753207
0  0.13818359375 0.4749541844838118 0.0126953125 0.00916310323762981 0.1351142578125 0.47476847892486257 0.1385673828125 0.4748289554062309 0.1359775390625 0.47632864996945634 0.135689453125 0.47788882101405006 0.138279296875 0.47782834453268175
0  0.14892578125 0.5012217470983507 0.0107421875 0.00794135613927917 -0.0009765625 -0.0006108735491753207 -0.0009765625 -0.0006108735491753207 -0.0009765625 -0.0006108735491753207 -0.0009765625 -0.0006108735491753207 -0.0009765625 -0.0006108735491753207
0  0.11181640625 0.4777031154551008 0.0107421875 0.009773976786805132 -0.0009765625 -0.0006108735491753207 -0.0009765625 -0.0006108735491753207 -0.0009765625 -0.0006108735491753207 -0.0009765625 -0.0006108735491753207 -0.0009765625 -0.0006108735491753207
0  0.10595703125 0.4926695174098962 0.0107421875 0.00794135613927917 -0.0009765625 -0.0006108735491753207 -0.0009765625 -0.0006108735491753207 -0.0009765625 -0.0006108735491753207 -0.0009765625 -0.0006108735491753207 -0.0009765625 -0.0006108735491753207
0  0.09423828125 0.501832620647526 0.0126953125 0.00794135613927917 -0.0009765625 -0.0006108735491753207 -0.0009765625 -0.0006108735491753207 -0.0009765625 -0.0006108735491753207 -0.0009765625 -0.0006108735491753207 -0.0009765625 -0.0006108735491753207
0  0.02392578125 0.49969456322541234 0.0107421875 0.00855222968845449 -0.0009765625 -0.0006108735491753207 -0.0009765625 -0.0006108735491753207 -0.0009765625 -0.0006108735491753207 -0.0009765625 -0.0006108735491753207 -0.0009765625 -0.0006108735491753207
0  0.00634765625 0.4682345754428833 0.0107421875 0.00794135613927917 -0.0009765625 -0.0006108735491753207 -0.0009765625 -0.0006108735491753207 -0.0009765625 -0.0006108735491753207 -0.0009765625 -0.0006108735491753207 -0.0009765625 -0.0006108735491753207
0  0.03271484375 0.468540012217471 0.0107421875 0.00855222968845449 -0.0009765625 -0.0006108735491753207 -0.0009765625 -0.0006108735491753207 -0.0009765625 -0.0006108735491753207 -0.0009765625 -0.0006108735491753207 -0.0009765625 -0.0006108735491753207
0  0.18408203125 0.5021380574221136 0.0126953125 0.00855222968845449 -0.0009765625 -0.0006108735491753207 -0.0009765625 -0.0006108735491753207 -0.0009765625 -0.0006108735491753207 -0.0009765625 -0.0006108735491753207 -0.0009765625 -0.0006108735491753207
0  0.27978515625 0.5067196090409285 0.0126953125 0.00916310323762981 -0.0009765625 -0.0006108735491753207 -0.0009765625 -0.0006108735491753207 -0.0009765625 -0.0006108735491753207 -0.0009765625 -0.0006108735491753207 -0.0009765625 -0.0006108735491753207
0  0.3828125 0.5226023213194869 0.01171875 0.010384850335980453 0.3804755859375 0.5228204031765424 0.38623046875 0.521445937690898 0.384765625 0.5238020769700672 0.3842421875 0.5258313989004276 0.38675390625 0.52511117898595
0  0.3330078125 0.5372632864996946 0.009765625 0.00794135613927917 -0.0009765625 -0.0006108735491753207 -0.0009765625 -0.0006108735491753207 -0.0009765625 -0.0006108735491753207 -0.0009765625 -0.0006108735491753207 -0.0009765625 -0.0006108735491753207
0  0.36181640625 0.550397067806964 0.0126953125 0.009773976786805132 -0.0009765625 -0.0006108735491753207 -0.0009765625 -0.0006108735491753207 -0.0009765625 -0.0006108735491753207 -0.0009765625 -0.0006108735491753207 -0.0009765625 -0.0006108735491753207
0  0.36767578125 0.5623091020158827 0.0146484375 0.010384850335980453 -0.0009765625 -0.0006108735491753207 -0.0009765625 -0.0006108735491753207 -0.0009765625 -0.0006108735491753207 -0.0009765625 -0.0006108735491753207 -0.0009765625 -0.0006108735491753207
0  0.3583984375 0.5238240684178375 0.0078125 0.00794135613927917 -0.0009765625 -0.0006108735491753207 -0.0009765625 -0.0006108735491753207 -0.0009765625 -0.0006108735491753207 -0.0009765625 -0.0006108735491753207 -0.0009765625 -0.0006108735491753207
0  0.03564453125 0.36713500305436775 0.0087890625 0.007330482590103849 -0.0009765625 -0.0006108735491753207 -0.0009765625 -0.0006108735491753207 -0.0009765625 -0.0006108735491753207 -0.0009765625 -0.0006108735491753207 -0.0009765625 -0.0006108735491753207
0  0.41552734375 0.5797189981673794 0.0126953125 0.009773976786805132 -0.0009765625 -0.0006108735491753207 -0.0009765625 -0.0006108735491753207 -0.0009765625 -0.0006108735491753207 -0.0009765625 -0.0006108735491753207 -0.0009765625 -0.0006108735491753207
0  0.43017578125 0.5946854001221747 0.0126953125 0.010384850335980453 -0.0009765625 -0.0006108735491753207 -0.0009765625 -0.0006108735491753207 -0.0009765625 -0.0006108735491753207 -0.0009765625 -0.0006108735491753207 -0.0009765625 -0.0006108735491753207
0  0.4609375 0.6041539401343922 0.01171875 0.00855222968845449 -0.0009765625 -0.0006108735491753207 -0.0009765625 -0.0006108735491753207 -0.0009765625 -0.0006108735491753207 -0.0009765625 -0.0006108735491753207 -0.0009765625 -0.0006108735491753207
0  0.49267578125 0.6014050091631032 0.0146484375 0.010384850335980453 -0.0009765625 -0.0006108735491753207 -0.0009765625 -0.0006108735491753207 -0.0009765625 -0.0006108735491753207 -0.0009765625 -0.0006108735491753207 -0.0009765625 -0.0006108735491753207
0  0.46728515625 0.5904092852779474 0.0126953125 0.00916310323762981 -0.0009765625 -0.0006108735491753207 -0.0009765625 -0.0006108735491753207 -0.0009765625 -0.0006108735491753207 -0.0009765625 -0.0006108735491753207 -0.0009765625 -0.0006108735491753207
0  0.486328125 0.5849114233353696 0.01171875 0.00916310323762981 -0.0009765625 -0.0006108735491753207 -0.0009765625 -0.0006108735491753207 -0.0009765625 -0.0006108735491753207 -0.0009765625 -0.0006108735491753207 -0.0009765625 -0.0006108735491753207
0  0.4775390625 0.5671960904092853 0.009765625 0.00794135613927917 -0.0009765625 -0.0006108735491753207 -0.0009765625 -0.0006108735491753207 -0.0009765625 -0.0006108735491753207 -0.0009765625 -0.0006108735491753207 -0.0009765625 -0.0006108735491753207
0  0.48095703125 0.5403176542455712 0.0107421875 0.00794135613927917 -0.0009765625 -0.0006108735491753207 -0.0009765625 -0.0006108735491753207 -0.0009765625 -0.0006108735491753207 -0.0009765625 -0.0006108735491753207 -0.0009765625 -0.0006108735491753207
0  0.4169921875 0.535125229077581 0.013671875 0.009773976786805132 -0.0009765625 -0.0006108735491753207 -0.0009765625 -0.0006108735491753207 -0.0009765625 -0.0006108735491753207 -0.0009765625 -0.0006108735491753207 -0.0009765625 -0.0006108735491753207
0  0.31982421875 0.5616982284667074 0.0126953125 0.010384850335980453 -0.0009765625 -0.0006108735491753207 -0.0009765625 -0.0006108735491753207 -0.0009765625 -0.0006108735491753207 -0.0009765625 -0.0006108735491753207 -0.0009765625 -0.0006108735491753207
0  0.31982421875 0.5797189981673794 0.0126953125 0.009773976786805132 -0.0009765625 -0.0006108735491753207 -0.0009765625 -0.0006108735491753207 -0.0009765625 -0.0006108735491753207 -0.0009765625 -0.0006108735491753207 -0.0009765625 -0.0006108735491753207
0  0.28466796875 0.5806353084911423 0.0126953125 0.010384850335980453 -0.0009765625 -0.0006108735491753207 -0.0009765625 -0.0006108735491753207 -0.0009765625 -0.0006108735491753207 -0.0009765625 -0.0006108735491753207 -0.0009765625 -0.0006108735491753207
0  0.3427734375 0.598045204642639 0.015625 0.010995723885155772 -0.0009765625 -0.0006108735491753207 -0.0009765625 -0.0006108735491753207 -0.0009765625 -0.0006108735491753207 -0.0009765625 -0.0006108735491753207 -0.0009765625 -0.0006108735491753207
0  0.26171875 0.6120952962736713 0.01171875 0.012217470983506415 -0.0009765625 -0.0006108735491753207 -0.0009765625 -0.0006108735491753207 -0.0009765625 -0.0006108735491753207 -0.0009765625 -0.0006108735491753207 -0.0009765625 -0.0006108735491753207
0  0.38134765625 0.5992669517409897 0.0166015625 0.010995723885155772 -0.0009765625 -0.0006108735491753207 -0.0009765625 -0.0006108735491753207 -0.0009765625 -0.0006108735491753207 -0.0009765625 -0.0006108735491753207 -0.0009765625 -0.0006108735491753207
0  0.65576171875 0.6243127672571778 0.0126953125 0.009773976786805132 -0.0009765625 -0.0006108735491753207 -0.0009765625 -0.0006108735491753207 -0.0009765625 -0.0006108735491753207 -0.0009765625 -0.0006108735491753207 -0.0009765625 -0.0006108735491753207
0  0.69287109375 0.6221747098350642 0.0126953125 0.00916310323762981 -0.0009765625 -0.0006108735491753207 -0.0009765625 -0.0006108735491753207 -0.0009765625 -0.0006108735491753207 -0.0009765625 -0.0006108735491753207 -0.0009765625 -0.0006108735491753207
0  0.62060546875 0.6230910201588271 0.0107421875 0.007330482590103849 -0.0009765625 -0.0006108735491753207 -0.0009765625 -0.0006108735491753207 -0.0009765625 -0.0006108735491753207 -0.0009765625 -0.0006108735491753207 -0.0009765625 -0.0006108735491753207
0  0.8837890625 0.6869273060476482 0.01953125 0.014050091631032376 0.88022265625 0.6847868051313378 0.88957421875 0.6846963958460598 0.885689453125 0.687306658521686 0.8835322265625 0.689376298106292 0.888423828125 0.6892864996945632
0  0.9345703125 0.6957849725106903 0.015625 0.012217470983506415 0.9310654296875 0.6941350030543677 0.9386513671875 0.6944514355528406 0.935111328125 0.6964288332315212 0.9323291015625 0.6989590714722052 0.9375126953125 0.6991967012828345
0  0.98486328125 0.7150274893097129 0.0185546875 0.014050091631032376 0.9811142578125 0.7125894929749542 0.9891181640625 0.7124966401954795 0.9851162109375 0.7153708002443494 0.9821513671875 0.7187092241905926 0.988525390625 0.7186163714111179
0  0.935546875 0.7296884544899206 0.01953125 0.012828344532681736 0.9330966796875 0.7274196701282835 0.9413369140625 0.727501527183873 0.9375439453125 0.7299560171044595 0.934666015625 0.732328039095907 0.9412060546875 0.7326554673182651
0  0.8798828125 0.7336591325595602 0.013671875 0.010995723885155772 -0.0009765625 -0.0006108735491753207 -0.0009765625 -0.0006108735491753207 -0.0009765625 -0.0006108735491753207 -0.0009765625 -0.0006108735491753207 -0.0009765625 -0.0006108735491753207
0  0.96240234375 0.6795968234575442 0.0146484375 0.010384850335980453 -0.0009765625 -0.0006108735491753207 -0.0009765625 -0.0006108735491753207 -0.0009765625 -0.0006108735491753207 -0.0009765625 -0.0006108735491753207 -0.0009765625 -0.0006108735491753207
0  0.984375 0.6963958460598656 0.013671875 0.012217470983506415 -0.0009765625 -0.0006108735491753207 -0.0009765625 -0.0006108735491753207 -0.0009765625 -0.0006108735491753207 -0.0009765625 -0.0006108735491753207 -0.0009765625 -0.0006108735491753207
0  0.90966796875 0.6643249847281613 0.0126953125 0.00916310323762981 -0.0009765625 -0.0006108735491753207 -0.0009765625 -0.0006108735491753207 -0.0009765625 -0.0006108735491753207 -0.0009765625 -0.0006108735491753207 -0.0009765625 -0.0006108735491753207
0  0.89892578125 0.6264508246792914 0.0107421875 0.00794135613927917 -0.0009765625 -0.0006108735491753207 -0.0009765625 -0.0006108735491753207 -0.0009765625 -0.0006108735491753207 -0.0009765625 -0.0006108735491753207 -0.0009765625 -0.0006108735491753207
0  0.72705078125 0.6261453879047038 0.0126953125 0.009773976786805132 -0.0009765625 -0.0006108735491753207 -0.0009765625 -0.0006108735491753207 -0.0009765625 -0.0006108735491753207 -0.0009765625 -0.0006108735491753207 -0.0009765625 -0.0006108735491753207
0  0.6826171875 0.6065974343310935 0.009765625 0.00855222968845449 -0.0009765625 -0.0006108735491753207 -0.0009765625 -0.0006108735491753207 -0.0009765625 -0.0006108735491753207 -0.0009765625 -0.0006108735491753207 -0.0009765625 -0.0006108735491753207
0  0.74365234375 0.5894929749541845 0.0576171875 0.032987171655467315 0.732177734375 0.5794899205864386 0.74609375 0.5815516188149054 0.724853515625 0.5810934636530238 0.7208251953125 0.5934636530238241 0.72998046875 0.5948381185094685
0  0.953125 0.6246182040317654 0.01171875 0.010384850335980453 -0.0009765625 -0.0006108735491753207 -0.0009765625 -0.0006108735491753207 -0.0009765625 -0.0006108735491753207 -0.0009765625 -0.0006108735491753207 -0.0009765625 -0.0006108735491753207
0  0.97509765625 0.6298106291997556 0.0107421875 0.00855222968845449 -0.0009765625 -0.0006108735491753207 -0.0009765625 -0.0006108735491753207 -0.0009765625 -0.0006108735491753207 -0.0009765625 -0.0006108735491753207 -0.0009765625 -0.0006108735491753207
0  0.84326171875 0.6078191814294441 0.0126953125 0.009773976786805132 -0.0009765625 -0.0006108735491753207 -0.0009765625 -0.0006108735491753207 -0.0009765625 -0.0006108735491753207 -0.0009765625 -0.0006108735491753207 -0.0009765625 -0.0006108735491753207
0  0.921875 0.6215638362858888 0.013671875 0.010384850335980453 -0.0009765625 -0.0006108735491753207 -0.0009765625 -0.0006108735491753207 -0.0009765625 -0.0006108735491753207 -0.0009765625 -0.0006108735491753207 -0.0009765625 -0.0006108735491753207
0  0.93603515625 0.5940745265729994 0.0107421875 0.00794135613927917 -0.0009765625 -0.0006108735491753207 -0.0009765625 -0.0006108735491753207 -0.0009765625 -0.0006108735491753207 -0.0009765625 -0.0006108735491753207 -0.0009765625 -0.0006108735491753207
0  0.89794921875 0.5916310323762981 0.0107421875 0.00794135613927917 -0.0009765625 -0.0006108735491753207 -0.0009765625 -0.0006108735491753207 -0.0009765625 -0.0006108735491753207 -0.0009765625 -0.0006108735491753207 -0.0009765625 -0.0006108735491753207
0  0.8671875 0.5934636530238241 0.01171875 0.00794135613927917 -0.0009765625 -0.0006108735491753207 -0.0009765625 -0.0006108735491753207 -0.0009765625 -0.0006108735491753207 -0.0009765625 -0.0006108735491753207 -0.0009765625 -0.0006108735491753207
0  0.83154296875 0.5784972510690287 0.0107421875 0.00855222968845449 -0.0009765625 -0.0006108735491753207 -0.0009765625 -0.0006108735491753207 -0.0009765625 -0.0006108735491753207 -0.0009765625 -0.0006108735491753207 -0.0009765625 -0.0006108735491753207
0  0.80322265625 0.5763591936469151 0.0126953125 0.00916310323762981 -0.0009765625 -0.0006108735491753207 -0.0009765625 -0.0006108735491753207 -0.0009765625 -0.0006108735491753207 -0.0009765625 -0.0006108735491753207 -0.0009765625 -0.0006108735491753207
0  0.31689453125 0.41233964569334147 0.0087890625 0.006108735491753207 -0.0009765625 -0.0006108735491753207 -0.0009765625 -0.0006108735491753207 -0.0009765625 -0.0006108735491753207 -0.0009765625 -0.0006108735491753207 -0.0009765625 -0.0006108735491753207
0  0.298828125 0.4089798411728772 0.0078125 0.005497861942577886 -0.0009765625 -0.0006108735491753207 -0.0009765625 -0.0006108735491753207 -0.0009765625 -0.0006108735491753207 -0.0009765625 -0.0006108735491753207 -0.0009765625 -0.0006108735491753207
0  0.34521484375 0.41417226634086746 0.0087890625 0.004886988393402566 -0.0009765625 -0.0006108735491753207 -0.0009765625 -0.0006108735491753207 -0.0009765625 -0.0006108735491753207 -0.0009765625 -0.0006108735491753207 -0.0009765625 -0.0006108735491753207
0  0.431640625 0.43005497861942577 0.009765625 0.007330482590103849 -0.0009765625 -0.0006108735491753207 -0.0009765625 -0.0006108735491753207 -0.0009765625 -0.0006108735491753207 -0.0009765625 -0.0006108735491753207 -0.0009765625 -0.0006108735491753207
0  0.45751953125 0.41356139279169213 0.0087890625 0.007330482590103849 -0.0009765625 -0.0006108735491753207 -0.0009765625 -0.0006108735491753207 -0.0009765625 -0.0006108735491753207 -0.0009765625 -0.0006108735491753207 -0.0009765625 -0.0006108735491753207
0  0.45263671875 0.39767868051313376 0.0087890625 0.004886988393402566 -0.0009765625 -0.0006108735491753207 -0.0009765625 -0.0006108735491753207 -0.0009765625 -0.0006108735491753207 -0.0009765625 -0.0006108735491753207 -0.0009765625 -0.0006108735491753207
0  0.47509765625 0.3989004276114844 0.0068359375 0.006108735491753207 -0.0009765625 -0.0006108735491753207 -0.0009765625 -0.0006108735491753207 -0.0009765625 -0.0006108735491753207 -0.0009765625 -0.0006108735491753207 -0.0009765625 -0.0006108735491753207
0  0.49951171875 0.39798411728772143 0.0068359375 0.005497861942577886 -0.0009765625 -0.0006108735491753207 -0.0009765625 -0.0006108735491753207 -0.0009765625 -0.0006108735491753207 -0.0009765625 -0.0006108735491753207 -0.0009765625 -0.0006108735491753207
0  0.4453125 0.38546120952962737 0.0078125 0.004886988393402566 -0.0009765625 -0.0006108735491753207 -0.0009765625 -0.0006108735491753207 -0.0009765625 -0.0006108735491753207 -0.0009765625 -0.0006108735491753207 -0.0009765625 -0.0006108735491753207
0  0.4140625 0.468540012217471 0.009765625 0.007330482590103849 -0.0009765625 -0.0006108735491753207 -0.0009765625 -0.0006108735491753207 -0.0009765625 -0.0006108735491753207 -0.0009765625 -0.0006108735491753207 -0.0009765625 -0.0006108735491753207
0  0.4169921875 0.4575442883323152 0.009765625 0.007330482590103849 -0.0009765625 -0.0006108735491753207 -0.0009765625 -0.0006108735491753207 -0.0009765625 -0.0006108735491753207 -0.0009765625 -0.0006108735491753207 -0.0009765625 -0.0006108735491753207
0  0.39013671875 0.4581551618814905 0.0087890625 0.006108735491753207 -0.0009765625 -0.0006108735491753207 -0.0009765625 -0.0006108735491753207 -0.0009765625 -0.0006108735491753207 -0.0009765625 -0.0006108735491753207 -0.0009765625 -0.0006108735491753207
0  0.4580078125 0.47281612706169823 0.009765625 0.007330482590103849 -0.0009765625 -0.0006108735491753207 -0.0009765625 -0.0006108735491753207 -0.0009765625 -0.0006108735491753207 -0.0009765625 -0.0006108735491753207 -0.0009765625 -0.0006108735491753207
0  0.453125 0.46426389737324375 0.0078125 0.004886988393402566 -0.0009765625 -0.0006108735491753207 -0.0009765625 -0.0006108735491753207 -0.0009765625 -0.0006108735491753207 -0.0009765625 -0.0006108735491753207 -0.0009765625 -0.0006108735491753207
0  0.48486328125 0.4740378741600489 0.0087890625 0.007330482590103849 0.48321484375 0.4735467318265119 0.4880810546875 0.47335064141722666 0.4863544921875 0.47521624923640804 0.4847060546875 0.4769828955406231 0.487845703125 0.47683567501527185
0  0.501953125 0.4740378741600489 0.009765625 0.007330482590103849 0.50146484375 0.47335064141722666 0.5060947265625 0.47330177153329256 0.5041328125 0.4746762370189371 0.5021708984375 0.47600122174709836 0.5046826171875 0.4760995723885156
0  0.49365234375 0.46426389737324375 0.0087890625 0.007330482590103849 -0.0009765625 -0.0006108735491753207 -0.0009765625 -0.0006108735491753207 -0.0009765625 -0.0006108735491753207 -0.0009765625 -0.0006108735491753207 -0.0009765625 -0.0006108735491753207
0  0.52490234375 0.46884544899205866 0.0126953125 0.00916310323762981 -0.0009765625 -0.0006108735491753207 -0.0009765625 -0.0006108735491753207 -0.0009765625 -0.0006108735491753207 -0.0009765625 -0.0006108735491753207 -0.0009765625 -0.0006108735491753207
0  0.59619140625 0.4444105070250458 0.0068359375 0.005497861942577886 -0.0009765625 -0.0006108735491753207 -0.0009765625 -0.0006108735491753207 -0.0009765625 -0.0006108735491753207 -0.0009765625 -0.0006108735491753207 -0.0009765625 -0.0006108735491753207
0  0.6201171875 0.44593769089798413 0.0078125 0.004886988393402566 -0.0009765625 -0.0006108735491753207 -0.0009765625 -0.0006108735491753207 -0.0009765625 -0.0006108735491753207 -0.0009765625 -0.0006108735491753207 -0.0009765625 -0.0006108735491753207
0  0.5908203125 0.43341478313989007 0.005859375 0.0030543677458766036 -0.0009765625 -0.0006108735491753207 -0.0009765625 -0.0006108735491753207 -0.0009765625 -0.0006108735491753207 -0.0009765625 -0.0006108735491753207 -0.0009765625 -0.0006108735491753207
0  0.51513671875 0.49328039095907145 0.0107421875 0.00916310323762981 -0.0009765625 -0.0006108735491753207 -0.0009765625 -0.0006108735491753207 -0.0009765625 -0.0006108735491753207 -0.0009765625 -0.0006108735491753207 -0.0009765625 -0.0006108735491753207
0  0.66845703125 0.5 0.0087890625 0.006719609040928528 -0.0009765625 -0.0006108735491753207 -0.0009765625 -0.0006108735491753207 -0.0009765625 -0.0006108735491753207 -0.0009765625 -0.0006108735491753207 -0.0009765625 -0.0006108735491753207
0  0.63671875 0.5207697006719609 0.009765625 0.00794135613927917 -0.0009765625 -0.0006108735491753207 -0.0009765625 -0.0006108735491753207 -0.0009765625 -0.0006108735491753207 -0.0009765625 -0.0006108735491753207 -0.0009765625 -0.0006108735491753207
0  0.65673828125 0.5201588271227856 0.0087890625 0.006719609040928528 -0.0009765625 -0.0006108735491753207 -0.0009765625 -0.0006108735491753207 -0.0009765625 -0.0006108735491753207 -0.0009765625 -0.0006108735491753207 -0.0009765625 -0.0006108735491753207
0  0.6748046875 0.49328039095907145 0.009765625 0.006719609040928528 -0.0009765625 -0.0006108735491753207 -0.0009765625 -0.0006108735491753207 -0.0009765625 -0.0006108735491753207 -0.0009765625 -0.0006108735491753207 -0.0009765625 -0.0006108735491753207
0  0.64013671875 0.46182040317654244 0.0087890625 0.007330482590103849 -0.0009765625 -0.0006108735491753207 -0.0009765625 -0.0006108735491753207 -0.0009765625 -0.0006108735491753207 -0.0009765625 -0.0006108735491753207 -0.0009765625 -0.0006108735491753207
0  0.701171875 0.5070250458155162 0.0078125 0.007330482590103849 -0.0009765625 -0.0006108735491753207 -0.0009765625 -0.0006108735491753207 -0.0009765625 -0.0006108735491753207 -0.0009765625 -0.0006108735491753207 -0.0009765625 -0.0006108735491753207
0  0.70556640625 0.49297495418448384 0.0087890625 0.006108735491753207 -0.0009765625 -0.0006108735491753207 -0.0009765625 -0.0006108735491753207 -0.0009765625 -0.0006108735491753207 -0.0009765625 -0.0006108735491753207 -0.0009765625 -0.0006108735491753207
0  0.71142578125 0.4853390348197923 0.0087890625 0.006719609040928528 -0.0009765625 -0.0006108735491753207 -0.0009765625 -0.0006108735491753207 -0.0009765625 -0.0006108735491753207 -0.0009765625 -0.0006108735491753207 -0.0009765625 -0.0006108735491753207
0  0.681640625 0.5247403787416005 0.009765625 0.00855222968845449 -0.0009765625 -0.0006108735491753207 -0.0009765625 -0.0006108735491753207 -0.0009765625 -0.0006108735491753207 -0.0009765625 -0.0006108735491753207 -0.0009765625 -0.0006108735491753207
0  0.70654296875 0.5293219303604154 0.0107421875 0.00794135613927917 -0.0009765625 -0.0006108735491753207 -0.0009765625 -0.0006108735491753207 -0.0009765625 -0.0006108735491753207 -0.0009765625 -0.0006108735491753207 -0.0009765625 -0.0006108735491753207
0  0.71240234375 0.5149664019547954 0.0107421875 0.007330482590103849 -0.0009765625 -0.0006108735491753207 -0.0009765625 -0.0006108735491753207 -0.0009765625 -0.0006108735491753207 -0.0009765625 -0.0006108735491753207 -0.0009765625 -0.0006108735491753207
0  0.775390625 0.5076359193646915 0.0078125 0.004886988393402566 -0.0009765625 -0.0006108735491753207 -0.0009765625 -0.0006108735491753207 -0.0009765625 -0.0006108735491753207 -0.0009765625 -0.0006108735491753207 -0.0009765625 -0.0006108735491753207
0  0.76708984375 0.4877825290164936 0.0087890625 0.006719609040928528 -0.0009765625 -0.0006108735491753207 -0.0009765625 -0.0006108735491753207 -0.0009765625 -0.0006108735491753207 -0.0009765625 -0.0006108735491753207 -0.0009765625 -0.0006108735491753207
0  0.73583984375 0.517104459376909 0.0068359375 0.005497861942577886 -0.0009765625 -0.0006108735491753207 -0.0009765625 -0.0006108735491753207 -0.0009765625 -0.0006108735491753207 -0.0009765625 -0.0006108735491753207 -0.0009765625 -0.0006108735491753207
0  0.8271484375 0.5103848503359805 0.009765625 0.006719609040928528 -0.0009765625 -0.0006108735491753207 -0.0009765625 -0.0006108735491753207 -0.0009765625 -0.0006108735491753207 -0.0009765625 -0.0006108735491753207 -0.0009765625 -0.0006108735491753207
0  0.8466796875 0.5100794135613927 0.009765625 0.006108735491753207 -0.0009765625 -0.0006108735491753207 -0.0009765625 -0.0006108735491753207 -0.0009765625 -0.0006108735491753207 -0.0009765625 -0.0006108735491753207 -0.0009765625 -0.0006108735491753207
0  0.82568359375 0.527794746487477 0.0087890625 0.006108735491753207 -0.0009765625 -0.0006108735491753207 -0.0009765625 -0.0006108735491753207 -0.0009765625 -0.0006108735491753207 -0.0009765625 -0.0006108735491753207 -0.0009765625 -0.0006108735491753207
0  0.8642578125 0.5681124007330483 0.01171875 0.00855222968845449 -0.0009765625 -0.0006108735491753207 -0.0009765625 -0.0006108735491753207 -0.0009765625 -0.0006108735491753207 -0.0009765625 -0.0006108735491753207 -0.0009765625 -0.0006108735491753207
0  0.82421875 0.5678069639584606 0.01171875 0.00794135613927917 -0.0009765625 -0.0006108735491753207 -0.0009765625 -0.0006108735491753207 -0.0009765625 -0.0006108735491753207 -0.0009765625 -0.0006108735491753207 -0.0009765625 -0.0006108735491753207
0  0.82177734375 0.5537568723274282 0.0107421875 0.006719609040928528 -0.0009765625 -0.0006108735491753207 -0.0009765625 -0.0006108735491753207 -0.0009765625 -0.0006108735491753207 -0.0009765625 -0.0006108735491753207 -0.0009765625 -0.0006108735491753207
0  0.83642578125 0.5439828955406231 0.0087890625 0.006719609040928528 -0.0009765625 -0.0006108735491753207 -0.0009765625 -0.0006108735491753207 -0.0009765625 -0.0006108735491753207 -0.0009765625 -0.0006108735491753207 -0.0009765625 -0.0006108735491753207
0  0.86376953125 0.5433720219914477 0.0107421875 0.00794135613927917 -0.0009765625 -0.0006108735491753207 -0.0009765625 -0.0006108735491753207 -0.0009765625 -0.0006108735491753207 -0.0009765625 -0.0006108735491753207 -0.0009765625 -0.0006108735491753207
0  0.8583984375 0.5317654245571167 0.009765625 0.005497861942577886 -0.0009765625 -0.0006108735491753207 -0.0009765625 -0.0006108735491753207 -0.0009765625 -0.0006108735491753207 -0.0009765625 -0.0006108735491753207 -0.0009765625 -0.0006108735491753207
0  0.8759765625 0.5311545510079414 0.0078125 0.006719609040928528 -0.0009765625 -0.0006108735491753207 -0.0009765625 -0.0006108735491753207 -0.0009765625 -0.0006108735491753207 -0.0009765625 -0.0006108735491753207 -0.0009765625 -0.0006108735491753207
0  0.90478515625 0.5335980452046426 0.0087890625 0.006719609040928528 -0.0009765625 -0.0006108735491753207 -0.0009765625 -0.0006108735491753207 -0.0009765625 -0.0006108735491753207 -0.0009765625 -0.0006108735491753207 -0.0009765625 -0.0006108735491753207
0  0.91845703125 0.5482590103848504 0.0107421875 0.006719609040928528 -0.0009765625 -0.0006108735491753207 -0.0009765625 -0.0006108735491753207 -0.0009765625 -0.0006108735491753207 -0.0009765625 -0.0006108735491753207 -0.0009765625 -0.0006108735491753207
0  0.9091796875 0.5574221136224802 0.009765625 0.006719609040928528 -0.0009765625 -0.0006108735491753207 -0.0009765625 -0.0006108735491753207 -0.0009765625 -0.0006108735491753207 -0.0009765625 -0.0006108735491753207 -0.0009765625 -0.0006108735491753207
0  0.923828125 0.5678069639584606 0.009765625 0.00794135613927917 -0.0009765625 -0.0006108735491753207 -0.0009765625 -0.0006108735491753207 -0.0009765625 -0.0006108735491753207 -0.0009765625 -0.0006108735491753207 -0.0009765625 -0.0006108735491753207
0  0.892578125 0.5739156994502138 0.0078125 0.005497861942577886 -0.0009765625 -0.0006108735491753207 -0.0009765625 -0.0006108735491753207 -0.0009765625 -0.0006108735491753207 -0.0009765625 -0.0006108735491753207 -0.0009765625 -0.0006108735491753207
0  0.94580078125 0.58094074526573 0.0087890625 0.007330482590103849 -0.0009765625 -0.0006108735491753207 -0.0009765625 -0.0006108735491753207 -0.0009765625 -0.0006108735491753207 -0.0009765625 -0.0006108735491753207 -0.0009765625 -0.0006108735491753207
0  0.97021484375 0.5956017104459377 0.0087890625 0.007330482590103849 -0.0009765625 -0.0006108735491753207 -0.0009765625 -0.0006108735491753207 -0.0009765625 -0.0006108735491753207 -0.0009765625 -0.0006108735491753207 -0.0009765625 -0.0006108735491753207
0  0.7705078125 0.5528405620036653 0.01171875 0.00855222968845449 -0.0009765625 -0.0006108735491753207 -0.0009765625 -0.0006108735491753207 -0.0009765625 -0.0006108735491753207 -0.0009765625 -0.0006108735491753207 -0.0009765625 -0.0006108735491753207
0  0.740234375 0.549480757483201 0.01171875 0.00794135613927917 -0.0009765625 -0.0006108735491753207 -0.0009765625 -0.0006108735491753207 -0.0009765625 -0.0006108735491753207 -0.0009765625 -0.0006108735491753207 -0.0009765625 -0.0006108735491753207
0  0.7607421875 0.5678069639584606 0.009765625 0.006719609040928528 -0.0009765625 -0.0006108735491753207 -0.0009765625 -0.0006108735491753207 -0.0009765625 -0.0006108735491753207 -0.0009765625 -0.0006108735491753207 -0.0009765625 -0.0006108735491753207
0  0.744140625 0.5103848503359805 0.0078125 0.006719609040928528 -0.0009765625 -0.0006108735491753207 -0.0009765625 -0.0006108735491753207 -0.0009765625 -0.0006108735491753207 -0.0009765625 -0.0006108735491753207 -0.0009765625 -0.0006108735491753207
0  0.822265625 0.48259010384850337 0.0078125 0.006108735491753207 -0.0009765625 -0.0006108735491753207 -0.0009765625 -0.0006108735491753207 -0.0009765625 -0.0006108735491753207 -0.0009765625 -0.0006108735491753207 -0.0009765625 -0.0006108735491753207
0  0.8603515625 0.4917532070861332 0.0078125 0.006108735491753207 -0.0009765625 -0.0006108735491753207 -0.0009765625 -0.0006108735491753207 -0.0009765625 -0.0006108735491753207 -0.0009765625 -0.0006108735491753207 -0.0009765625 -0.0006108735491753207
0  0.8701171875 0.4868662186927306 0.005859375 0.004886988393402566 -0.0009765625 -0.0006108735491753207 -0.0009765625 -0.0006108735491753207 -0.0009765625 -0.0006108735491753207 -0.0009765625 -0.0006108735491753207 -0.0009765625 -0.0006108735491753207
0  0.91650390625 0.4853390348197923 0.0068359375 0.006719609040928528 -0.0009765625 -0.0006108735491753207 -0.0009765625 -0.0006108735491753207 -0.0009765625 -0.0006108735491753207 -0.0009765625 -0.0006108735491753207 -0.0009765625 -0.0006108735491753207
0  0.78564453125 0.47251069028711057 0.0107421875 0.006719609040928528 -0.0009765625 -0.0006108735491753207 -0.0009765625 -0.0006108735491753207 -0.0009765625 -0.0006108735491753207 -0.0009765625 -0.0006108735491753207 -0.0009765625 -0.0006108735491753207
0  0.9462890625 0.549480757483201 0.0078125 0.00794135613927917 -0.0009765625 -0.0006108735491753207 -0.0009765625 -0.0006108735491753207 -0.0009765625 -0.0006108735491753207 -0.0009765625 -0.0006108735491753207 -0.0009765625 -0.0006108735491753207
0  0.9755859375 0.550397067806964 0.009765625 0.007330482590103849 -0.0009765625 -0.0006108735491753207 -0.0009765625 -0.0006108735491753207 -0.0009765625 -0.0006108735491753207 -0.0009765625 -0.0006108735491753207 -0.0009765625 -0.0006108735491753207
0  0.9296875 0.5329871716554673 0.009765625 0.006719609040928528 -0.0009765625 -0.0006108735491753207 -0.0009765625 -0.0006108735491753207 -0.0009765625 -0.0006108735491753207 -0.0009765625 -0.0006108735491753207 -0.0009765625 -0.0006108735491753207
0  0.99365234375 0.6808185705558949 0.0126953125 0.011606597434331093 -0.0009765625 -0.0006108735491753207 -0.0009765625 -0.0006108735491753207 -0.0009765625 -0.0006108735491753207 -0.0009765625 -0.0006108735491753207 -0.0009765625 -0.0006108735491753207
0  0.9970703125 0.6973121563836285 0.005859375 0.014050091631032376 -0.0009765625 -0.0006108735491753207 -0.0009765625 -0.0006108735491753207 -0.0009765625 -0.0006108735491753207 -0.0009765625 -0.0006108735491753207 -0.0009765625 -0.0006108735491753207
0  0.8095703125 0.4700671960904093 0.009765625 0.006719609040928528 -0.0009765625 -0.0006108735491753207 -0.0009765625 -0.0006108735491753207 -0.0009765625 -0.0006108735491753207 -0.0009765625 -0.0006108735491753207 -0.0009765625 -0.0006108735491753207
0  0.826171875 0.46059865607819184 0.009765625 0.007330482590103849 -0.0009765625 -0.0006108735491753207 -0.0009765625 -0.0006108735491753207 -0.0009765625 -0.0006108735491753207 -0.0009765625 -0.0006108735491753207 -0.0009765625 -0.0006108735491753207
0  0.7744140625 0.4508246792913867 0.0078125 0.006108735491753207 -0.0009765625 -0.0006108735491753207 -0.0009765625 -0.0006108735491753207 -0.0009765625 -0.0006108735491753207 -0.0009765625 -0.0006108735491753207 -0.0009765625 -0.0006108735491753207
0  0.80078125 0.4434941967012828 0.0078125 0.006108735491753207 -0.0009765625 -0.0006108735491753207 -0.0009765625 -0.0006108735491753207 -0.0009765625 -0.0006108735491753207 -0.0009765625 -0.0006108735491753207 -0.0009765625 -0.0006108735491753207
0  0.802734375 0.46273671350030543 0.0078125 0.005497861942577886 -0.0009765625 -0.0006108735491753207 -0.0009765625 -0.0006108735491753207 -0.0009765625 -0.0006108735491753207 -0.0009765625 -0.0006108735491753207 -0.0009765625 -0.0006108735491753207
0  0.7333984375 0.4468540012217471 0.009765625 0.006719609040928528 -0.0009765625 -0.0006108735491753207 -0.0009765625 -0.0006108735491753207 -0.0009765625 -0.0006108735491753207 -0.0009765625 -0.0006108735491753207 -0.0009765625 -0.0006108735491753207
0  0.75146484375 0.4413561392791692 0.0087890625 0.005497861942577886 -0.0009765625 -0.0006108735491753207 -0.0009765625 -0.0006108735491753207 -0.0009765625 -0.0006108735491753207 -0.0009765625 -0.0006108735491753207 -0.0009765625 -0.0006108735491753207
0  0.904296875 0.4660965180207697 0.0078125 0.006108735491753207 -0.0009765625 -0.0006108735491753207 -0.0009765625 -0.0006108735491753207 -0.0009765625 -0.0006108735491753207 -0.0009765625 -0.0006108735491753207 -0.0009765625 -0.0006108735491753207
0  0.88525390625 0.4575442883323152 0.0087890625 0.006108735491753207 -0.0009765625 -0.0006108735491753207 -0.0009765625 -0.0006108735491753207 -0.0009765625 -0.0006108735491753207 -0.0009765625 -0.0006108735491753207 -0.0009765625 -0.0006108735491753207
0  0.93310546875 0.45876603543066585 0.0068359375 0.006108735491753207 -0.0009765625 -0.0006108735491753207 -0.0009765625 -0.0006108735491753207 -0.0009765625 -0.0006108735491753207 -0.0009765625 -0.0006108735491753207 -0.0009765625 -0.0006108735491753207
0  0.98974609375 0.48259010384850337 0.0068359375 0.004886988393402566 -0.0009765625 -0.0006108735491753207 -0.0009765625 -0.0006108735491753207 -0.0009765625 -0.0006108735491753207 -0.0009765625 -0.0006108735491753207 -0.0009765625 -0.0006108735491753207
0  0.86181640625 0.4740378741600489 0.0068359375 0.004886988393402566 -0.0009765625 -0.0006108735491753207 -0.0009765625 -0.0006108735491753207 -0.0009765625 -0.0006108735491753207 -0.0009765625 -0.0006108735491753207 -0.0009765625 -0.0006108735491753207
0  0.83544921875 0.47831398900427613 0.0068359375 0.004886988393402566 -0.0009765625 -0.0006108735491753207 -0.0009765625 -0.0006108735491753207 -0.0009765625 -0.0006108735491753207 -0.0009765625 -0.0006108735491753207 -0.0009765625 -0.0006108735491753207
0  0.896484375 0.43860720830788025 0.0078125 0.006108735491753207 -0.0009765625 -0.0006108735491753207 -0.0009765625 -0.0006108735491753207 -0.0009765625 -0.0006108735491753207 -0.0009765625 -0.0006108735491753207 -0.0009765625 -0.0006108735491753207
0  0.8583984375 0.43738546120952965 0.0078125 0.004886988393402566 -0.0009765625 -0.0006108735491753207 -0.0009765625 -0.0006108735491753207 -0.0009765625 -0.0006108735491753207 -0.0009765625 -0.0006108735491753207 -0.0009765625 -0.0006108735491753207
0  0.943359375 0.4584605986560782 0.005859375 0.004276114844227245 -0.0009765625 -0.0006108735491753207 -0.0009765625 -0.0006108735491753207 -0.0009765625 -0.0006108735491753207 -0.0009765625 -0.0006108735491753207 -0.0009765625 -0.0006108735491753207
0  0.9716796875 0.45876603543066585 0.0078125 0.006108735491753207 -0.0009765625 -0.0006108735491753207 -0.0009765625 -0.0006108735491753207 -0.0009765625 -0.0006108735491753207 -0.0009765625 -0.0006108735491753207 -0.0009765625 -0.0006108735491753207
0  0.8603515625 0.46426389737324375 0.009765625 0.007330482590103849 -0.0009765625 -0.0006108735491753207 -0.0009765625 -0.0006108735491753207 -0.0009765625 -0.0006108735491753207 -0.0009765625 -0.0006108735491753207 -0.0009765625 -0.0006108735491753207
0  0.4833984375 0.41905925473427 0.009765625 0.007330482590103849 -0.0009765625 -0.0006108735491753207 -0.0009765625 -0.0006108735491753207 -0.0009765625 -0.0006108735491753207 -0.0009765625 -0.0006108735491753207 -0.0009765625 -0.0006108735491753207
0  0.35791015625 0.4007330482590104 0.0087890625 0.006108735491753207 -0.0009765625 -0.0006108735491753207 -0.0009765625 -0.0006108735491753207 -0.0009765625 -0.0006108735491753207 -0.0009765625 -0.0006108735491753207 -0.0009765625 -0.0006108735491753207
0  0.33203125 0.39492974954184484 0.009765625 0.006719609040928528 -0.0009765625 -0.0006108735491753207 -0.0009765625 -0.0006108735491753207 -0.0009765625 -0.0006108735491753207 -0.0009765625 -0.0006108735491753207 -0.0009765625 -0.0006108735491753207
0  0.7060546875 0.4425778863775199 0.009765625 0.00794135613927917 -0.0009765625 -0.0006108735491753207 -0.0009765625 -0.0006108735491753207 -0.0009765625 -0.0006108735491753207 -0.0009765625 -0.0006108735491753207 -0.0009765625 -0.0006108735491753207
0  0.6103515625 0.49114233353695785 0.048828125 0.032987171655467315 0.59912109375 0.4824373854612095 0.62026953125 0.4849572388515577 0.6038203125 0.4853769089798412 0.5920712890625 0.49734636530238235 0.612548828125 0.49881612706169826
0  0.48095703125 0.43188759926695175 0.0087890625 0.006108735491753207 -0.0009765625 -0.0006108735491753207 -0.0009765625 -0.0006108735491753207 -0.0009765625 -0.0006108735491753207 -0.0009765625 -0.0006108735491753207 -0.0009765625 -0.0006108735491753207
0  0.5693359375 0.48656078191814295 0.009765625 0.00794135613927917 -0.0009765625 -0.0006108735491753207 -0.0009765625 -0.0006108735491753207 -0.0009765625 -0.0006108735491753207 -0.0009765625 -0.0006108735491753207 -0.0009765625 -0.0006108735491753207
0  0.20068359375 0.5229077580940745 0.0634765625 0.03420891875381796 0.2050087890625 0.5115632254123397 0.2106240234375 0.5110610873549175 0.224662109375 0.5140720830788027 0.224662109375 0.526114844227245 0.2286728515625 0.525362248014661
0  0.07568359375 0.6059865607819181 0.0166015625 0.010995723885155772 -0.0009765625 -0.0006108735491753207 -0.0009765625 -0.0006108735491753207 -0.0009765625 -0.0006108735491753207 -0.0009765625 -0.0006108735491753207 -0.0009765625 -0.0006108735491753207
0  0.02734375 0.6099572388515577 0.015625 0.011606597434331093 0.0253427734375 0.6087788637751985 0.0319345703125 0.6090739156994502 0.0292275390625 0.6111356139279169 0.0267548828125 0.6137122785583384 0.0314638671875 0.6135650580329871
0  0.0380859375 0.5894929749541845 0.01171875 0.009773976786805132 -0.0009765625 -0.0006108735491753207 -0.0009765625 -0.0006108735491753207 -0.0009765625 -0.0006108735491753207 -0.0009765625 -0.0006108735491753207 -0.0009765625 -0.0006108735491753207
0  0.00390625 0.5681124007330483 0.0078125 0.009773976786805132 -0.0009765625 -0.0006108735491753207 -0.0009765625 -0.0006108735491753207 -0.0009765625 -0.0006108735491753207 -0.0009765625 -0.0006108735491753207 -0.0009765625 -0.0006108735491753207
0  0.8837890625 0.5583384239462431 0.01171875 0.00855222968845449 -0.0009765625 -0.0006108735491753207 -0.0009765625 -0.0006108735491753207 -0.0009765625 -0.0006108735491753207 -0.0009765625 -0.0006108735491753207 -0.0009765625 -0.0006108735491753207
0  0.80615234375 0.5299328039095907 0.0107421875 0.00794135613927917 0.80352734375 0.5285962125839951 0.8092431640625 0.5282339645693341 0.8060126953125 0.5308246792913867 0.8043564453125 0.5321197312156384 0.8084150390625 0.5321197312156384
0  0.84912109375 0.5565058032987171 0.0107421875 0.007330482590103849 -0.0009765625 -0.0006108735491753207 -0.0009765625 -0.0006108735491753207 -0.0009765625 -0.0006108735491753207 -0.0009765625 -0.0006108735491753207 -0.0009765625 -0.0006108735491753207
0  0.775390625 0.4251679902260232 0.0078125 0.006108735491753207 -0.0009765625 -0.0006108735491753207 -0.0009765625 -0.0006108735491753207 -0.0009765625 -0.0006108735491753207 -0.0009765625 -0.0006108735491753207 -0.0009765625 -0.0006108735491753207
0  0.806640625 0.4251679902260232 0.0078125 0.006108735491753207 -0.0009765625 -0.0006108735491753207 -0.0009765625 -0.0006108735491753207 -0.0009765625 -0.0006108735491753207 -0.0009765625 -0.0006108735491753207 -0.0009765625 -0.0006108735491753207
0  0.75 0.42425167990226026 0.0078125 0.005497861942577886 -0.0009765625 -0.0006108735491753207 -0.0009765625 -0.0006108735491753207 -0.0009765625 -0.0006108735491753207 -0.0009765625 -0.0006108735491753207 -0.0009765625 -0.0006108735491753207
0  0.72900390625 0.4324984728161271 0.0087890625 0.006108735491753207 -0.0009765625 -0.0006108735491753207 -0.0009765625 -0.0006108735491753207 -0.0009765625 -0.0006108735491753207 -0.0009765625 -0.0006108735491753207 -0.0009765625 -0.0006108735491753207
0  0.8671875 0.43036041539401343 0.0078125 0.006719609040928528 -0.0009765625 -0.0006108735491753207 -0.0009765625 -0.0006108735491753207 -0.0009765625 -0.0006108735491753207 -0.0009765625 -0.0006108735491753207 -0.0009765625 -0.0006108735491753207
0  0.83984375 0.43036041539401343 0.0078125 0.006719609040928528 -0.0009765625 -0.0006108735491753207 -0.0009765625 -0.0006108735491753207 -0.0009765625 -0.0006108735491753207 -0.0009765625 -0.0006108735491753207 -0.0009765625 -0.0006108735491753207
0  0.37255859375 0.5788026878436163 0.0166015625 0.011606597434331093 -0.0009765625 -0.0006108735491753207 -0.0009765625 -0.0006108735491753207 -0.0009765625 -0.0006108735491753207 -0.0009765625 -0.0006108735491753207 -0.0009765625 -0.0006108735491753207
0  0.00341796875 0.6560781918142944 0.0068359375 0.013439218081857055 -0.0009765625 -0.0006108735491753207 -0.0009765625 -0.0006108735491753207 -0.0009765625 -0.0006108735491753207 -0.0009765625 -0.0006108735491753207 -0.0009765625 -0.0006108735491753207
