0  0.90234375 0.3063151041666667 0.044921875 0.038411458333333336 0.883544921875 0.3040364583333333 0.904052734375 0.3023274739583333 0.890869140625 0.3096516927083333 0.889404296875 0.3177083333333333 0.9007568359375 0.3172200520833333
0  0.34912109375 0.2848307291666667 0.0791015625 0.07356770833333333 0.31744140625 0.27072265624999997 0.336748046875 0.2709700520833333 0.3070703125 0.28500651041666664 0.32025390625 0.30298828125 0.335126953125 0.3027083333333333
0  0.11279296875 0.2779947916666667 0.0615234375 0.055989583333333336 0.0980615234375 0.26993229166666666 0.129185546875 0.27169075520833336 0.1149423828125 0.27837239583333334 0.1012265625 0.291736328125 0.12391015625 0.29349479166666664
0  0.79833984375 0.412109375 0.0166015625 0.015625 0.802001953125 0.40954557291666666 0.804595703125 0.4094440104166666 0.8064267578125 0.4133098958333334 0.80078125 0.4167682291666666 0.8010859375 0.4169720052083334
0  0.81396484375 0.4195963541666667 0.0146484375 0.016276041666666668 -0.0009765625 -0.0006510416666666666 -0.0009765625 -0.0006510416666666666 -0.0009765625 -0.0006510416666666666 -0.0009765625 -0.0006510416666666666 -0.0009765625 -0.0006510416666666666
0  0.80712890625 0.4459635416666667 0.0224609375 0.020833333333333332 0.7988935546875 0.44393750000000004 0.8088984375 0.4427604166666667 0.80262109375 0.4465533854166666 0.801248046875 0.45152343749999996 0.8081142578125 0.45073893229166667
0  0.82958984375 0.4456380208333333 0.0166015625 0.014973958333333334 0.8252734375 0.44412369791666667 0.831748046875 0.44364453125 0.8287265625 0.4460423177083333 0.826568359375 0.44863151041666666 0.8318916015625 0.44824804687500003
0  0.8603515625 0.4459635416666667 0.021484375 0.016927083333333332 0.853576171875 0.44359505208333333 0.862287109375 0.44273437499999996 0.857931640625 0.44574544270833333 0.8574482421875 0.4488639322916667 0.8632548828125 0.448326171875
0  0.74658203125 0.4469401041666667 0.0185546875 0.016276041666666668 0.73854296875 0.44577734375000005 0.7474892578125 0.445568359375 0.741681640625 0.44923046875 0.739484375 0.45341536458333337 0.7459189453125 0.45341536458333337
0  0.6748046875 0.4410807291666667 0.013671875 0.013671875 -0.0009765625 -0.0006510416666666666 -0.0009765625 -0.0006510416666666666 -0.0009765625 -0.0006510416666666666 -0.0009765625 -0.0006510416666666666 -0.0009765625 -0.0006510416666666666
0  0.6328125 0.4596354166666667 0.01953125 0.016927083333333332 0.627162109375 0.45737434895833334 0.6352275390625 0.45672916666666663 0.630388671875 0.4596328125 0.6294208984375 0.4630735677083333 0.63506640625 0.46285872395833333
0  0.58642578125 0.4505208333333333 0.0205078125 0.016927083333333332 0.5830341796875 0.4475071614583333 0.5909384765625 0.4475071614583333 0.586421875 0.45062565104166663 0.5833564453125 0.45417447916666664 0.5891640625 0.4542819010416667
0  0.61083984375 0.4544270833333333 0.0185546875 0.016927083333333332 -0.0009765625 -0.0006510416666666666 -0.0009765625 -0.0006510416666666666 -0.0009765625 -0.0006510416666666666 -0.0009765625 -0.0006510416666666666 -0.0009765625 -0.0006510416666666666
0  0.642578125 0.4287109375 0.013671875 0.011067708333333334 -0.0009765625 -0.0006510416666666666 -0.0009765625 -0.0006510416666666666 -0.0009765625 -0.0006510416666666666 -0.0009765625 -0.0006510416666666666 -0.0009765625 -0.0006510416666666666
0  0.69580078125 0.4182942708333333 0.0107421875 0.012369791666666666 -0.0009765625 -0.0006510416666666666 -0.0009765625 -0.0006510416666666666 -0.0009765625 -0.0006510416666666666 -0.0009765625 -0.0006510416666666666 -0.0009765625 -0.0006510416666666666
0  0.7578125 0.4137369791666667 0.013671875 0.013671875 -0.0009765625 -0.0006510416666666666 -0.0009765625 -0.0006510416666666666 -0.0009765625 -0.0006510416666666666 -0.0009765625 -0.0006510416666666666 -0.0009765625 -0.0006510416666666666
0  0.70703125 0.4391276041666667 0.009765625 0.008463541666666666 -0.0009765625 -0.0006510416666666666 -0.0009765625 -0.0006510416666666666 -0.0009765625 -0.0006510416666666666 -0.0009765625 -0.0006510416666666666 -0.0009765625 -0.0006510416666666666
0  0.732421875 0.4524739583333333 0.013671875 0.013020833333333334 -0.0009765625 -0.0006510416666666666 -0.0009765625 -0.0006510416666666666 -0.0009765625 -0.0006510416666666666 -0.0009765625 -0.0006510416666666666 -0.0009765625 -0.0006510416666666666
0  0.58740234375 0.4254557291666667 0.0107421875 0.011067708333333334 -0.0009765625 -0.0006510416666666666 -0.0009765625 -0.0006510416666666666 -0.0009765625 -0.0006510416666666666 -0.0009765625 -0.0006510416666666666 -0.0009765625 -0.0006510416666666666
0  0.595703125 0.4143880208333333 0.01171875 0.008463541666666666 -0.0009765625 -0.0006510416666666666 -0.0009765625 -0.0006510416666666666 -0.0009765625 -0.0006510416666666666 -0.0009765625 -0.0006510416666666666 -0.0009765625 -0.0006510416666666666
0  0.638671875 0.4108072916666667 0.009765625 0.010416666666666666 -0.0009765625 -0.0006510416666666666 -0.0009765625 -0.0006510416666666666 -0.0009765625 -0.0006510416666666666 -0.0009765625 -0.0006510416666666666 -0.0009765625 -0.0006510416666666666
0  0.63720703125 0.3984375 0.0126953125 0.010416666666666666 -0.0009765625 -0.0006510416666666666 -0.0009765625 -0.0006510416666666666 -0.0009765625 -0.0006510416666666666 -0.0009765625 -0.0006510416666666666 -0.0009765625 -0.0006510416666666666
0  0.75439453125 0.3997395833333333 0.0107421875 0.010416666666666666 -0.0009765625 -0.0006510416666666666 -0.0009765625 -0.0006510416666666666 -0.0009765625 -0.0006510416666666666 -0.0009765625 -0.0006510416666666666 -0.0009765625 -0.0006510416666666666
0  0.72412109375 0.4137369791666667 0.0146484375 0.009765625 -0.0009765625 -0.0006510416666666666 -0.0009765625 -0.0006510416666666666 -0.0009765625 -0.0006510416666666666 -0.0009765625 -0.0006510416666666666 -0.0009765625 -0.0006510416666666666
0  0.70458984375 0.3997395833333333 0.0107421875 0.009114583333333334 -0.0009765625 -0.0006510416666666666 -0.0009765625 -0.0006510416666666666 -0.0009765625 -0.0006510416666666666 -0.0009765625 -0.0006510416666666666 -0.0009765625 -0.0006510416666666666
0  0.70263671875 0.3850911458333333 0.0107421875 0.009765625 -0.0009765625 -0.0006510416666666666 -0.0009765625 -0.0006510416666666666 -0.0009765625 -0.0006510416666666666 -0.0009765625 -0.0006510416666666666 -0.0009765625 -0.0006510416666666666
0  0.73974609375 0.3736979166666667 0.0087890625 0.0078125 -0.0009765625 -0.0006510416666666666 -0.0009765625 -0.0006510416666666666 -0.0009765625 -0.0006510416666666666 -0.0009765625 -0.0006510416666666666 -0.0009765625 -0.0006510416666666666
0  0.76123046875 0.3841145833333333 0.0087890625 0.009114583333333334 -0.0009765625 -0.0006510416666666666 -0.0009765625 -0.0006510416666666666 -0.0009765625 -0.0006510416666666666 -0.0009765625 -0.0006510416666666666 -0.0009765625 -0.0006510416666666666
0  0.8125 0.373046875 0.01171875 0.009114583333333334 -0.0009765625 -0.0006510416666666666 -0.0009765625 -0.0006510416666666666 -0.0009765625 -0.0006510416666666666 -0.0009765625 -0.0006510416666666666 -0.0009765625 -0.0006510416666666666
0  0.78076171875 0.3642578125 0.0107421875 0.008463541666666666 -0.0009765625 -0.0006510416666666666 -0.0009765625 -0.0006510416666666666 -0.0009765625 -0.0006510416666666666 -0.0009765625 -0.0006510416666666666 -0.0009765625 -0.0006510416666666666
0  0.861328125 0.400390625 0.01953125 0.014322916666666666 -0.0009765625 -0.0006510416666666666 -0.0009765625 -0.0006510416666666666 -0.0009765625 -0.0006510416666666666 -0.0009765625 -0.0006510416666666666 -0.0009765625 -0.0006510416666666666
0  0.830078125 0.3603515625 0.01171875 0.009765625 -0.0009765625 -0.0006510416666666666 -0.0009765625 -0.0006510416666666666 -0.0009765625 -0.0006510416666666666 -0.0009765625 -0.0006510416666666666 -0.0009765625 -0.0006510416666666666
0  0.57861328125 0.3902994791666667 0.0107421875 0.009765625 -0.0009765625 -0.0006510416666666666 -0.0009765625 -0.0006510416666666666 -0.0009765625 -0.0006510416666666666 -0.0009765625 -0.0006510416666666666 -0.0009765625 -0.0006510416666666666
0  0.64599609375 0.3776041666666667 0.0107421875 0.010416666666666666 -0.0009765625 -0.0006510416666666666 -0.0009765625 -0.0006510416666666666 -0.0009765625 -0.0006510416666666666 -0.0009765625 -0.0006510416666666666 -0.0009765625 -0.0006510416666666666
0  0.5966796875 0.3697916666666667 0.009765625 0.009114583333333334 -0.0009765625 -0.0006510416666666666 -0.0009765625 -0.0006510416666666666 -0.0009765625 -0.0006510416666666666 -0.0009765625 -0.0006510416666666666 -0.0009765625 -0.0006510416666666666
0  0.62646484375 0.3720703125 0.0068359375 0.007161458333333333 -0.0009765625 -0.0006510416666666666 -0.0009765625 -0.0006510416666666666 -0.0009765625 -0.0006510416666666666 -0.0009765625 -0.0006510416666666666 -0.0009765625 -0.0006510416666666666
0  0.57177734375 0.3714192708333333 0.0107421875 0.009765625 -0.0009765625 -0.0006510416666666666 -0.0009765625 -0.0006510416666666666 -0.0009765625 -0.0006510416666666666 -0.0009765625 -0.0006510416666666666 -0.0009765625 -0.0006510416666666666
0  0.5390625 0.3736979166666667 0.0078125 0.0078125 -0.0009765625 -0.0006510416666666666 -0.0009765625 -0.0006510416666666666 -0.0009765625 -0.0006510416666666666 -0.0009765625 -0.0006510416666666666 -0.0009765625 -0.0006510416666666666
0  0.55322265625 0.4036458333333333 0.0107421875 0.009114583333333334 -0.0009765625 -0.0006510416666666666 -0.0009765625 -0.0006510416666666666 -0.0009765625 -0.0006510416666666666 -0.0009765625 -0.0006510416666666666 -0.0009765625 -0.0006510416666666666
0  0.6044921875 0.390625 0.0078125 0.009114583333333334 -0.0009765625 -0.0006510416666666666 -0.0009765625 -0.0006510416666666666 -0.0009765625 -0.0006510416666666666 -0.0009765625 -0.0006510416666666666 -0.0009765625 -0.0006510416666666666
0  0.61474609375 0.3798828125 0.0087890625 0.009765625 -0.0009765625 -0.0006510416666666666 -0.0009765625 -0.0006510416666666666 -0.0009765625 -0.0006510416666666666 -0.0009765625 -0.0006510416666666666 -0.0009765625 -0.0006510416666666666
0  0.6943359375 0.3561197916666667 0.01171875 0.010416666666666666 -0.0009765625 -0.0006510416666666666 -0.0009765625 -0.0006510416666666666 -0.0009765625 -0.0006510416666666666 -0.0009765625 -0.0006510416666666666 -0.0009765625 -0.0006510416666666666
0  0.73486328125 0.3515625 0.0107421875 0.009114583333333334 -0.0009765625 -0.0006510416666666666 -0.0009765625 -0.0006510416666666666 -0.0009765625 -0.0006510416666666666 -0.0009765625 -0.0006510416666666666 -0.0009765625 -0.0006510416666666666
0  0.67626953125 0.3463541666666667 0.0107421875 0.010416666666666666 -0.0009765625 -0.0006510416666666666 -0.0009765625 -0.0006510416666666666 -0.0009765625 -0.0006510416666666666 -0.0009765625 -0.0006510416666666666 -0.0009765625 -0.0006510416666666666
0  0.62353515625 0.3411458333333333 0.0087890625 0.0078125 -0.0009765625 -0.0006510416666666666 -0.0009765625 -0.0006510416666666666 -0.0009765625 -0.0006510416666666666 -0.0009765625 -0.0006510416666666666 -0.0009765625 -0.0006510416666666666
0  0.58349609375 0.3317057291666667 0.0087890625 0.008463541666666666 -0.0009765625 -0.0006510416666666666 -0.0009765625 -0.0006510416666666666 -0.0009765625 -0.0006510416666666666 -0.0009765625 -0.0006510416666666666 -0.0009765625 -0.0006510416666666666
0  0.5244140625 0.3346354166666667 0.009765625 0.009114583333333334 -0.0009765625 -0.0006510416666666666 -0.0009765625 -0.0006510416666666666 -0.0009765625 -0.0006510416666666666 -0.0009765625 -0.0006510416666666666 -0.0009765625 -0.0006510416666666666
0  0.5107421875 0.3232421875 0.0078125 0.008463541666666666 -0.0009765625 -0.0006510416666666666 -0.0009765625 -0.0006510416666666666 -0.0009765625 -0.0006510416666666666 -0.0009765625 -0.0006510416666666666 -0.0009765625 -0.0006510416666666666
0  0.658203125 0.3199869791666667 0.009765625 0.009765625 -0.0009765625 -0.0006510416666666666 -0.0009765625 -0.0006510416666666666 -0.0009765625 -0.0006510416666666666 -0.0009765625 -0.0006510416666666666 -0.0009765625 -0.0006510416666666666
0  0.72705078125 0.3450520833333333 0.0087890625 0.009114583333333334 -0.0009765625 -0.0006510416666666666 -0.0009765625 -0.0006510416666666666 -0.0009765625 -0.0006510416666666666 -0.0009765625 -0.0006510416666666666 -0.0009765625 -0.0006510416666666666
0  0.56396484375 0.3580729166666667 0.0107421875 0.010416666666666666 -0.0009765625 -0.0006510416666666666 -0.0009765625 -0.0006510416666666666 -0.0009765625 -0.0006510416666666666 -0.0009765625 -0.0006510416666666666 -0.0009765625 -0.0006510416666666666
0  0.57763671875 0.3209635416666667 0.0087890625 0.009114583333333334 -0.0009765625 -0.0006510416666666666 -0.0009765625 -0.0006510416666666666 -0.0009765625 -0.0006510416666666666 -0.0009765625 -0.0006510416666666666 -0.0009765625 -0.0006510416666666666
0  0.6337890625 0.3203125 0.009765625 0.009114583333333334 -0.0009765625 -0.0006510416666666666 -0.0009765625 -0.0006510416666666666 -0.0009765625 -0.0006510416666666666 -0.0009765625 -0.0006510416666666666 -0.0009765625 -0.0006510416666666666
0  0.5478515625 0.3095703125 0.0078125 0.007161458333333333 -0.0009765625 -0.0006510416666666666 -0.0009765625 -0.0006510416666666666 -0.0009765625 -0.0006510416666666666 -0.0009765625 -0.0006510416666666666 -0.0009765625 -0.0006510416666666666
0  0.55810546875 0.2962239583333333 0.0068359375 0.005208333333333333 -0.0009765625 -0.0006510416666666666 -0.0009765625 -0.0006510416666666666 -0.0009765625 -0.0006510416666666666 -0.0009765625 -0.0006510416666666666 -0.0009765625 -0.0006510416666666666
0  0.80224609375 0.3277994791666667 0.0107421875 0.009765625 -0.0009765625 -0.0006510416666666666 -0.0009765625 -0.0006510416666666666 -0.0009765625 -0.0006510416666666666 -0.0009765625 -0.0006510416666666666 -0.0009765625 -0.0006510416666666666
0  0.77294921875 0.328125 0.0107421875 0.009114583333333334 -0.0009765625 -0.0006510416666666666 -0.0009765625 -0.0006510416666666666 -0.0009765625 -0.0006510416666666666 -0.0009765625 -0.0006510416666666666 -0.0009765625 -0.0006510416666666666
0  0.80224609375 0.36328125 0.0087890625 0.009114583333333334 -0.0009765625 -0.0006510416666666666 -0.0009765625 -0.0006510416666666666 -0.0009765625 -0.0006510416666666666 -0.0009765625 -0.0006510416666666666 -0.0009765625 -0.0006510416666666666
0  0.83447265625 0.31640625 0.0087890625 0.009114583333333334 -0.0009765625 -0.0006510416666666666 -0.0009765625 -0.0006510416666666666 -0.0009765625 -0.0006510416666666666 -0.0009765625 -0.0006510416666666666 -0.0009765625 -0.0006510416666666666
0  0.73193359375 0.32421875 0.0107421875 0.009114583333333334 -0.0009765625 -0.0006510416666666666 -0.0009765625 -0.0006510416666666666 -0.0009765625 -0.0006510416666666666 -0.0009765625 -0.0006510416666666666 -0.0009765625 -0.0006510416666666666
0  0.69677734375 0.3258463541666667 0.0068359375 0.005859375 -0.0009765625 -0.0006510416666666666 -0.0009765625 -0.0006510416666666666 -0.0009765625 -0.0006510416666666666 -0.0009765625 -0.0006510416666666666 -0.0009765625 -0.0006510416666666666
0  0.64697265625 0.3375651041666667 0.0107421875 0.008463541666666666 -0.0009765625 -0.0006510416666666666 -0.0009765625 -0.0006510416666666666 -0.0009765625 -0.0006510416666666666 -0.0009765625 -0.0006510416666666666 -0.0009765625 -0.0006510416666666666
0  0.703125 0.2893880208333333 0.009765625 0.008463541666666666 -0.0009765625 -0.0006510416666666666 -0.0009765625 -0.0006510416666666666 -0.0009765625 -0.0006510416666666666 -0.0009765625 -0.0006510416666666666 -0.0009765625 -0.0006510416666666666
0  0.67724609375 0.3056640625 0.0087890625 0.007161458333333333 -0.0009765625 -0.0006510416666666666 -0.0009765625 -0.0006510416666666666 -0.0009765625 -0.0006510416666666666 -0.0009765625 -0.0006510416666666666 -0.0009765625 -0.0006510416666666666
0  0.65625 0.2835286458333333 0.009765625 0.007161458333333333 -0.0009765625 -0.0006510416666666666 -0.0009765625 -0.0006510416666666666 -0.0009765625 -0.0006510416666666666 -0.0009765625 -0.0006510416666666666 -0.0009765625 -0.0006510416666666666
0  0.57421875 0.28515625 0.005859375 0.005208333333333333 -0.0009765625 -0.0006510416666666666 -0.0009765625 -0.0006510416666666666 -0.0009765625 -0.0006510416666666666 -0.0009765625 -0.0006510416666666666 -0.0009765625 -0.0006510416666666666
0  0.61376953125 0.3277994791666667 0.0087890625 0.007161458333333333 -0.0009765625 -0.0006510416666666666 -0.0009765625 -0.0006510416666666666 -0.0009765625 -0.0006510416666666666 -0.0009765625 -0.0006510416666666666 -0.0009765625 -0.0006510416666666666
0  0.7236328125 0.2701822916666667 0.009765625 0.010416666666666666 -0.0009765625 -0.0006510416666666666 -0.0009765625 -0.0006510416666666666 -0.0009765625 -0.0006510416666666666 -0.0009765625 -0.0006510416666666666 -0.0009765625 -0.0006510416666666666
0  0.78369140625 0.24967447916666666 0.0087890625 0.005859375 -0.0009765625 -0.0006510416666666666 -0.0009765625 -0.0006510416666666666 -0.0009765625 -0.0006510416666666666 -0.0009765625 -0.0006510416666666666 -0.0009765625 -0.0006510416666666666
0  0.6201171875 0.24609375 0.0078125 0.006510416666666667 -0.0009765625 -0.0006510416666666666 -0.0009765625 -0.0006510416666666666 -0.0009765625 -0.0006510416666666666 -0.0009765625 -0.0006510416666666666 -0.0009765625 -0.0006510416666666666
0  0.76025390625 0.2858072916666667 0.0068359375 0.006510416666666667 -0.0009765625 -0.0006510416666666666 -0.0009765625 -0.0006510416666666666 -0.0009765625 -0.0006510416666666666 -0.0009765625 -0.0006510416666666666 -0.0009765625 -0.0006510416666666666
0  0.80224609375 0.3050130208333333 0.0087890625 0.008463541666666666 -0.0009765625 -0.0006510416666666666 -0.0009765625 -0.0006510416666666666 -0.0009765625 -0.0006510416666666666 -0.0009765625 -0.0006510416666666666 -0.0009765625 -0.0006510416666666666
0  0.775390625 0.3014322916666667 0.009765625 0.0078125 -0.0009765625 -0.0006510416666666666 -0.0009765625 -0.0006510416666666666 -0.0009765625 -0.0006510416666666666 -0.0009765625 -0.0006510416666666666 -0.0009765625 -0.0006510416666666666
0  0.7470703125 0.3033854166666667 0.0078125 0.0078125 -0.0009765625 -0.0006510416666666666 -0.0009765625 -0.0006510416666666666 -0.0009765625 -0.0006510416666666666 -0.0009765625 -0.0006510416666666666 -0.0009765625 -0.0006510416666666666
0  0.63330078125 0.26171875 0.0068359375 0.0078125 -0.0009765625 -0.0006510416666666666 -0.0009765625 -0.0006510416666666666 -0.0009765625 -0.0006510416666666666 -0.0009765625 -0.0006510416666666666 -0.0009765625 -0.0006510416666666666
0  0.6015625 0.2613932291666667 0.009765625 0.008463541666666666 -0.0009765625 -0.0006510416666666666 -0.0009765625 -0.0006510416666666666 -0.0009765625 -0.0006510416666666666 -0.0009765625 -0.0006510416666666666 -0.0009765625 -0.0006510416666666666
0  0.8466796875 0.2705078125 0.009765625 0.007161458333333333 -0.0009765625 -0.0006510416666666666 -0.0009765625 -0.0006510416666666666 -0.0009765625 -0.0006510416666666666 -0.0009765625 -0.0006510416666666666 -0.0009765625 -0.0006510416666666666
0  0.82421875 0.2744140625 0.009765625 0.008463541666666666 -0.0009765625 -0.0006510416666666666 -0.0009765625 -0.0006510416666666666 -0.0009765625 -0.0006510416666666666 -0.0009765625 -0.0006510416666666666 -0.0009765625 -0.0006510416666666666
0  0.7978515625 0.2711588541666667 0.009765625 0.007161458333333333 -0.0009765625 -0.0006510416666666666 -0.0009765625 -0.0006510416666666666 -0.0009765625 -0.0006510416666666666 -0.0009765625 -0.0006510416666666666 -0.0009765625 -0.0006510416666666666
0  0.84765625 0.2506510416666667 0.0078125 0.006510416666666667 -0.0009765625 -0.0006510416666666666 -0.0009765625 -0.0006510416666666666 -0.0009765625 -0.0006510416666666666 -0.0009765625 -0.0006510416666666666 -0.0009765625 -0.0006510416666666666
0  0.978515625 0.3020833333333333 0.009765625 0.0078125 -0.0009765625 -0.0006510416666666666 -0.0009765625 -0.0006510416666666666 -0.0009765625 -0.0006510416666666666 -0.0009765625 -0.0006510416666666666 -0.0009765625 -0.0006510416666666666
0  0.9833984375 0.3206380208333333 0.0078125 0.008463541666666666 -0.0009765625 -0.0006510416666666666 -0.0009765625 -0.0006510416666666666 -0.0009765625 -0.0006510416666666666 -0.0009765625 -0.0006510416666666666 -0.0009765625 -0.0006510416666666666
0  0.91259765625 0.2623697916666667 0.0087890625 0.0078125 -0.0009765625 -0.0006510416666666666 -0.0009765625 -0.0006510416666666666 -0.0009765625 -0.0006510416666666666 -0.0009765625 -0.0006510416666666666 -0.0009765625 -0.0006510416666666666
0  0.9140625 0.2412109375 0.0078125 0.007161458333333333 -0.0009765625 -0.0006510416666666666 -0.0009765625 -0.0006510416666666666 -0.0009765625 -0.0006510416666666666 -0.0009765625 -0.0006510416666666666 -0.0009765625 -0.0006510416666666666
0  0.96533203125 0.2568359375 0.0068359375 0.005859375 -0.0009765625 -0.0006510416666666666 -0.0009765625 -0.0006510416666666666 -0.0009765625 -0.0006510416666666666 -0.0009765625 -0.0006510416666666666 -0.0009765625 -0.0006510416666666666
0  0.9287109375 0.2548828125 0.0078125 0.005859375 -0.0009765625 -0.0006510416666666666 -0.0009765625 -0.0006510416666666666 -0.0009765625 -0.0006510416666666666 -0.0009765625 -0.0006510416666666666 -0.0009765625 -0.0006510416666666666
0  0.9912109375 0.255859375 0.0078125 0.006510416666666667 -0.0009765625 -0.0006510416666666666 -0.0009765625 -0.0006510416666666666 -0.0009765625 -0.0006510416666666666 -0.0009765625 -0.0006510416666666666 -0.0009765625 -0.0006510416666666666
0  0.1865234375 0.4462890625 0.01171875 0.011067708333333334 -0.0009765625 -0.0006510416666666666 -0.0009765625 -0.0006510416666666666 -0.0009765625 -0.0006510416666666666 -0.0009765625 -0.0006510416666666666 -0.0009765625 -0.0006510416666666666
0  0.18701171875 0.4729817708333333 0.0146484375 0.012369791666666666 -0.0009765625 -0.0006510416666666666 -0.0009765625 -0.0006510416666666666 -0.0009765625 -0.0006510416666666666 -0.0009765625 -0.0006510416666666666 -0.0009765625 -0.0006510416666666666
0  0.17041015625 0.4736328125 0.0126953125 0.009765625 -0.0009765625 -0.0006510416666666666 -0.0009765625 -0.0006510416666666666 -0.0009765625 -0.0006510416666666666 -0.0009765625 -0.0006510416666666666 -0.0009765625 -0.0006510416666666666
0  0.27734375 0.4658203125 0.013671875 0.013671875 -0.0009765625 -0.0006510416666666666 -0.0009765625 -0.0006510416666666666 -0.0009765625 -0.0006510416666666666 -0.0009765625 -0.0006510416666666666 -0.0009765625 -0.0006510416666666666
0  0.31298828125 0.4729817708333333 0.0185546875 0.014973958333333334 0.3055947265625 0.47108398437500004 0.3127880859375 0.47002864583333337 0.30746484375 0.4739609375 0.308759765625 0.47712630208333334 0.3142265625 0.47645507812500004
0  0.3076171875 0.4619140625 0.017578125 0.014973958333333334 -0.0009765625 -0.0006510416666666666 -0.0009765625 -0.0006510416666666666 -0.0009765625 -0.0006510416666666666 -0.0009765625 -0.0006510416666666666 -0.0009765625 -0.0006510416666666666
0  0.21240234375 0.4733072916666667 0.0126953125 0.010416666666666666 -0.0009765625 -0.0006510416666666666 -0.0009765625 -0.0006510416666666666 -0.0009765625 -0.0006510416666666666 -0.0009765625 -0.0006510416666666666 -0.0009765625 -0.0006510416666666666
0  0.19677734375 0.3492838541666667 0.0087890625 0.008463541666666666 -0.0009765625 -0.0006510416666666666 -0.0009765625 -0.0006510416666666666 -0.0009765625 -0.0006510416666666666 -0.0009765625 -0.0006510416666666666 -0.0009765625 -0.0006510416666666666
0  0.20068359375 0.3294270833333333 0.0087890625 0.009114583333333334 -0.0009765625 -0.0006510416666666666 -0.0009765625 -0.0006510416666666666 -0.0009765625 -0.0006510416666666666 -0.0009765625 -0.0006510416666666666 -0.0009765625 -0.0006510416666666666
0  0.22412109375 0.3323567708333333 0.0087890625 0.008463541666666666 -0.0009765625 -0.0006510416666666666 -0.0009765625 -0.0006510416666666666 -0.0009765625 -0.0006510416666666666 -0.0009765625 -0.0006510416666666666 -0.0009765625 -0.0006510416666666666
0  0.22412109375 0.3180338541666667 0.0087890625 0.008463541666666666 -0.0009765625 -0.0006510416666666666 -0.0009765625 -0.0006510416666666666 -0.0009765625 -0.0006510416666666666 -0.0009765625 -0.0006510416666666666 -0.0009765625 -0.0006510416666666666
0  0.265625 0.3274739583333333 0.009765625 0.009114583333333334 -0.0009765625 -0.0006510416666666666 -0.0009765625 -0.0006510416666666666 -0.0009765625 -0.0006510416666666666 -0.0009765625 -0.0006510416666666666 -0.0009765625 -0.0006510416666666666
0  0.2666015625 0.3072916666666667 0.009765625 0.0078125 -0.0009765625 -0.0006510416666666666 -0.0009765625 -0.0006510416666666666 -0.0009765625 -0.0006510416666666666 -0.0009765625 -0.0006510416666666666 -0.0009765625 -0.0006510416666666666
0  0.2822265625 0.3092447916666667 0.005859375 0.005208333333333333 -0.0009765625 -0.0006510416666666666 -0.0009765625 -0.0006510416666666666 -0.0009765625 -0.0006510416666666666 -0.0009765625 -0.0006510416666666666 -0.0009765625 -0.0006510416666666666
0  0.21533203125 0.3011067708333333 0.0087890625 0.005859375 -0.0009765625 -0.0006510416666666666 -0.0009765625 -0.0006510416666666666 -0.0009765625 -0.0006510416666666666 -0.0009765625 -0.0006510416666666666 -0.0009765625 -0.0006510416666666666
0  0.19287109375 0.3033854166666667 0.0087890625 0.0078125 -0.0009765625 -0.0006510416666666666 -0.0009765625 -0.0006510416666666666 -0.0009765625 -0.0006510416666666666 -0.0009765625 -0.0006510416666666666 -0.0009765625 -0.0006510416666666666
0  0.16162109375 0.30078125 0.0087890625 0.006510416666666667 -0.0009765625 -0.0006510416666666666 -0.0009765625 -0.0006510416666666666 -0.0009765625 -0.0006510416666666666 -0.0009765625 -0.0006510416666666666 -0.0009765625 -0.0006510416666666666
0  0.2421875 0.2877604166666667 0.0078125 0.006510416666666667 -0.0009765625 -0.0006510416666666666 -0.0009765625 -0.0006510416666666666 -0.0009765625 -0.0006510416666666666 -0.0009765625 -0.0006510416666666666 -0.0009765625 -0.0006510416666666666
0  0.185546875 0.2867838541666667 0.0078125 0.007161458333333333 -0.0009765625 -0.0006510416666666666 -0.0009765625 -0.0006510416666666666 -0.0009765625 -0.0006510416666666666 -0.0009765625 -0.0006510416666666666 -0.0009765625 -0.0006510416666666666
0  0.2822265625 0.2711588541666667 0.009765625 0.008463541666666666 -0.0009765625 -0.0006510416666666666 -0.0009765625 -0.0006510416666666666 -0.0009765625 -0.0006510416666666666 -0.0009765625 -0.0006510416666666666 -0.0009765625 -0.0006510416666666666
0  0.25 0.2731119791666667 0.009765625 0.007161458333333333 -0.0009765625 -0.0006510416666666666 -0.0009765625 -0.0006510416666666666 -0.0009765625 -0.0006510416666666666 -0.0009765625 -0.0006510416666666666 -0.0009765625 -0.0006510416666666666
0  0.2958984375 0.3063151041666667 0.0078125 0.007161458333333333 -0.0009765625 -0.0006510416666666666 -0.0009765625 -0.0006510416666666666 -0.0009765625 -0.0006510416666666666 -0.0009765625 -0.0006510416666666666 -0.0009765625 -0.0006510416666666666
0  0.47021484375 0.267578125 0.0087890625 0.006510416666666667 -0.0009765625 -0.0006510416666666666 -0.0009765625 -0.0006510416666666666 -0.0009765625 -0.0006510416666666666 -0.0009765625 -0.0006510416666666666 -0.0009765625 -0.0006510416666666666
0  0.5048828125 0.2672526041666667 0.009765625 0.007161458333333333 -0.0009765625 -0.0006510416666666666 -0.0009765625 -0.0006510416666666666 -0.0009765625 -0.0006510416666666666 -0.0009765625 -0.0006510416666666666 -0.0009765625 -0.0006510416666666666
0  0.490234375 0.2535807291666667 0.0078125 0.005859375 -0.0009765625 -0.0006510416666666666 -0.0009765625 -0.0006510416666666666 -0.0009765625 -0.0006510416666666666 -0.0009765625 -0.0006510416666666666 -0.0009765625 -0.0006510416666666666
0  0.48779296875 0.23046875 0.0068359375 0.006510416666666667 -0.0009765625 -0.0006510416666666666 -0.0009765625 -0.0006510416666666666 -0.0009765625 -0.0006510416666666666 -0.0009765625 -0.0006510416666666666 -0.0009765625 -0.0006510416666666666
0  0.4658203125 0.2294921875 0.0078125 0.005859375 -0.0009765625 -0.0006510416666666666 -0.0009765625 -0.0006510416666666666 -0.0009765625 -0.0006510416666666666 -0.0009765625 -0.0006510416666666666 -0.0009765625 -0.0006510416666666666
0  0.4404296875 0.22819010416666666 0.005859375 0.005859375 -0.0009765625 -0.0006510416666666666 -0.0009765625 -0.0006510416666666666 -0.0009765625 -0.0006510416666666666 -0.0009765625 -0.0006510416666666666 -0.0009765625 -0.0006510416666666666
0  0.02392578125 0.23665364583333334 0.0087890625 0.005859375 -0.0009765625 -0.0006510416666666666 -0.0009765625 -0.0006510416666666666 -0.0009765625 -0.0006510416666666666 -0.0009765625 -0.0006510416666666666 -0.0009765625 -0.0006510416666666666
0  0.0556640625 0.22623697916666666 0.0078125 0.005859375 -0.0009765625 -0.0006510416666666666 -0.0009765625 -0.0006510416666666666 -0.0009765625 -0.0006510416666666666 -0.0009765625 -0.0006510416666666666 -0.0009765625 -0.0006510416666666666
0  0.08984375 0.2265625 0.0078125 0.006510416666666667 -0.0009765625 -0.0006510416666666666 -0.0009765625 -0.0006510416666666666 -0.0009765625 -0.0006510416666666666 -0.0009765625 -0.0006510416666666666 -0.0009765625 -0.0006510416666666666
0  0.11279296875 0.23600260416666666 0.0087890625 0.007161458333333333 -0.0009765625 -0.0006510416666666666 -0.0009765625 -0.0006510416666666666 -0.0009765625 -0.0006510416666666666 -0.0009765625 -0.0006510416666666666 -0.0009765625 -0.0006510416666666666
0  0.2255859375 0.2610677083333333 0.0078125 0.0078125 -0.0009765625 -0.0006510416666666666 -0.0009765625 -0.0006510416666666666 -0.0009765625 -0.0006510416666666666 -0.0009765625 -0.0006510416666666666 -0.0009765625 -0.0006510416666666666
0  0.27880859375 0.234375 0.0087890625 0.0078125 -0.0009765625 -0.0006510416666666666 -0.0009765625 -0.0006510416666666666 -0.0009765625 -0.0006510416666666666 -0.0009765625 -0.0006510416666666666 -0.0009765625 -0.0006510416666666666
0  0.3076171875 0.2353515625 0.0078125 0.007161458333333333 -0.0009765625 -0.0006510416666666666 -0.0009765625 -0.0006510416666666666 -0.0009765625 -0.0006510416666666666 -0.0009765625 -0.0006510416666666666 -0.0009765625 -0.0006510416666666666
0  0.330078125 0.23274739583333334 0.0078125 0.007161458333333333 -0.0009765625 -0.0006510416666666666 -0.0009765625 -0.0006510416666666666 -0.0009765625 -0.0006510416666666666 -0.0009765625 -0.0006510416666666666 -0.0009765625 -0.0006510416666666666
0  0.7919921875 0.3824869791666667 0.015625 0.013671875 -0.0009765625 -0.0006510416666666666 -0.0009765625 -0.0006510416666666666 -0.0009765625 -0.0006510416666666666 -0.0009765625 -0.0006510416666666666 -0.0009765625 -0.0006510416666666666
0  0.60400390625 0.2864583333333333 0.0087890625 0.0078125 -0.0009765625 -0.0006510416666666666 -0.0009765625 -0.0006510416666666666 -0.0009765625 -0.0006510416666666666 -0.0009765625 -0.0006510416666666666 -0.0009765625 -0.0006510416666666666
0  0.63427734375 0.2825520833333333 0.0068359375 0.006510416666666667 -0.0009765625 -0.0006510416666666666 -0.0009765625 -0.0006510416666666666 -0.0009765625 -0.0006510416666666666 -0.0009765625 -0.0006510416666666666 -0.0009765625 -0.0006510416666666666
