0  0.89990234375 0.15690376569037656 0.0302734375 0.04881450488145049 0.8912353515625 0.16100139470013947 0.900634765625 0.14788145048814505 0.8974306640625 0.16313668061366807 0.8997802734375 0.17198326359832636 0.9055478515625 0.16466108786610878
0  0.849609375 0.29707112970711297 0.044921875 0.07531380753138076 0.83334375 0.29253835425383545 0.8481142578125 0.28486750348675033 0.83837890625 0.3059623430962343 0.840728515625 0.3222622036262204 0.851134765625 0.31842677824267784
0  0.7568359375 0.24407252440725244 0.02734375 0.04184100418410042 0.749755859375 0.2439860529986053 0.7607421875 0.23457182705718269 0.7574462890625 0.24686192468619247 0.7559814453125 0.25810599721059974 0.7653203125 0.25052301255230125
0  0.7080078125 0.3291492329149233 0.033203125 0.05578800557880056 0.695556640625 0.3218270571827057 0.71142578125 0.31764295676429566 0.702880859375 0.3288005578800558 0.69970703125 0.3437935843793584 0.712890625 0.3403068340306834
0  0.62060546875 0.30404463040446306 0.0244140625 0.04184100418410042 0.6174921875 0.2982608089260809 0.628177734375 0.29879637377963736 0.6234912109375 0.3073626220362622 0.6174921875 0.3159302649930265 0.6264912109375 0.3178047419804742
0  0.5556640625 0.2524407252440725 0.021484375 0.04184100418410042 0.553466796875 0.24659972105997213 0.562255859375 0.24947698744769875 0.559142578125 0.25732217573221755 0.55255078125 0.2633361227336123 0.560974609375 0.2651673640167364
0  0.51025390625 0.3682008368200837 0.0341796875 0.06415620641562064 0.501953125 0.3612273361227336 0.5185546875 0.3612273361227336 0.5126953125 0.3737796373779637 0.5029296875 0.3891213389121339 0.51953125 0.3891213389121339
0  0.41943359375 0.2419804741980474 0.0244140625 0.040446304044630406 0.4104130859375 0.23777824267782427 0.420958984375 0.23369316596931658 0.41541796875 0.24364853556485355 0.413630859375 0.253860529986053 0.4231044921875 0.2515634588563459
0  0.3447265625 0.3598326359832636 0.033203125 0.058577405857740586 0.340837890625 0.3461101813110181 0.355486328125 0.35358158995815897 0.347115234375 0.36292050209205023 0.3353447265625 0.3703919107391911 0.348162109375 0.3786108786610879
0  0.2744140625 0.24616457461645747 0.02734375 0.04602510460251046 0.2706474609375 0.2370934449093445 0.283556640625 0.24118967921896792 0.27658984375 0.24938354253835424 0.2700322265625 0.25845467224546725 0.2776142578125 0.2590404463040446
0  0.1865234375 0.2824267782426778 0.041015625 0.07391910739191074 0.18287890625 0.26658716875871685 0.2001083984375 0.271792189679219 0.191162109375 0.2893012552301255 0.1805595703125 0.3020767085076708 0.1944755859375 0.30396931659693166
0  0.14794921875 0.17573221757322174 0.0302734375 0.0502092050209205 0.14453125 0.16875871687587168 0.15625 0.17294281729428174 0.150390625 0.18270571827057183 0.140625 0.19246861924686193 0.1494140625 0.19665271966527198
