0  0.01220703125 0.2534722222222222 0.0205078125 0.11458333333333333 -0.01033203125 0.2504409722222222 0.0079130859375 0.2504409722222222 -0.001412109375 0.26269444444444445 -0.0070888671875 0.2814357638888889 0.0058857421875 0.28215625
0  0.13037109375 0.2309027777777778 0.0400390625 0.1076388888888889 0.118125 0.21857118055555558 0.1370888671875 0.21722395833333333 0.1253310546875 0.23407986111111112 0.1196416015625 0.25228645833333335 0.13367578125 0.25026388888888884
0  0.28076171875 0.20572916666666666 0.0419921875 0.11284722222222222 0.273455078125 0.193453125 0.29030078125 0.19202604166666667 0.2798720703125 0.21199131944444444 0.2750595703125 0.22910416666666666 0.2886962890625 0.22910416666666666
0  0.43408203125 0.15625 0.0400390625 0.1076388888888889 0.4271455078125 0.1439184027777778 0.4461103515625 0.14661631944444442 0.437765625 0.16077604166666667 0.4271455078125 0.17628472222222225 0.4442138671875 0.17965625
0  0.53173828125 0.2074652777777778 0.0341796875 0.109375 0.5190869140625 0.2052013888888889 0.5249716796875 0.20450520833333333 0.515947265625 0.22682638888888887 0.52771875 0.23728993055555556 0.5300732421875 0.23519618055555558
0  0.71630859375 0.171875 0.0400390625 0.12152777777777778 0.7028720703125 0.16410069444444444 0.717115234375 0.16333333333333333 0.7033037109375 0.18481770833333333 0.7067568359375 0.20400000000000001 0.71409375 0.2047673611111111
0  0.89208984375 0.1831597222222222 0.0400390625 0.0954861111111111 0.881400390625 0.16596875 0.901123046875 0.16173784722222223 0.888880859375 0.1774548611111111 0.8841201171875 0.19982291666666666 0.8967021484375 0.19680034722222223
0  0.12255859375 0.5442708333333334 0.0380859375 0.08506944444444445 0.1226806640625 0.5265833333333334 0.1361083984375 0.5314670138888888 0.135802734375 0.5406909722222222 0.125427734375 0.5607638888888888 0.1385498046875 0.5656458333333334
0  0.265625 0.5494791666666666 0.0390625 0.10243055555555555 0.2523193359375 0.5375434027777778 0.27392578125 0.5342881944444444 0.261474609375 0.5492621527777778 0.25341796875 0.5687934027777778 0.271728515625 0.5674913194444444
0  0.4287109375 0.5512152777777778 0.0390625 0.0920138888888889 0.4166259765625 0.5362100694444445 0.4381630859375 0.5356215277777777 0.4259033203125 0.5485798611111111 0.419939453125 0.5686076388888889 0.4325302734375 0.5686076388888889
0  0.5888671875 0.5373263888888888 0.04296875 0.11979166666666667 0.5755615234375 0.5243055555555556 0.5943603515625 0.5235451388888889 0.5836796875 0.5470920138888888 0.5772705078125 0.5668402777777778 0.592224609375 0.5668402777777778
0  0.75341796875 0.5225694444444444 0.0400390625 0.11458333333333333 0.7427939453125 0.5080069444444445 0.7622548828125 0.5087274305555556 0.750091796875 0.5231423611111111 0.7464423828125 0.5426041666666667 0.7606328125 0.5433246527777778
0  0.93408203125 0.5251736111111112 0.0439453125 0.109375 0.9210380859375 0.5117499999999999 0.941048828125 0.5089600694444445 0.9273154296875 0.5291875 0.9237841796875 0.5522065972222223 0.9383017578125 0.5494166666666667
