0  0.12939453125 0.43333333333333335 0.0244140625 0.038461538461538464 0.12676953125 0.429001282051282 0.1370810546875 0.4265397435897436 0.1342685546875 0.4312153846153846 0.1325810546875 0.43859871794871796 0.138205078125 0.4366294871794872
0  0.5537109375 0.37435897435897436 0.021484375 0.04358974358974359 0.54766796875 0.36530512820512817 0.554291015625 0.36670641025641026 0.5461728515625 0.37119358974358974 0.547455078125 0.3815705128205128 0.5504453125 0.38241153846153847
0  0.53173828125 0.4371794871794872 0.0244140625 0.04871794871794872 0.53008984375 0.4272897435897436 0.53173828125 0.4291435897435898 0.523498046875 0.43347051282051285 0.524205078125 0.44490641025641026 0.5256171875 0.4467602564102564
0  0.79150390625 0.43974358974358974 0.0166015625 0.046153846153846156 0.787162109375 0.4319141025641025 0.7889755859375 0.4331038461538462 0.7826279296875 0.4396525641025641 0.78444140625 0.4467948717948718 0.7855751953125 0.4473897435897436
0  0.1640625 0.507051282051282 0.02734375 0.026923076923076925 -0.0009765625 -0.001282051282051282 -0.0009765625 -0.001282051282051282 -0.0009765625 -0.001282051282051282 -0.0009765625 -0.001282051282051282 -0.0009765625 -0.001282051282051282
0  0.17724609375 0.14294871794871794 0.0166015625 0.029487179487179487 0.172572265625 0.13827820512820513 0.1801064453125 0.13754615384615385 0.177734375 0.14358974358974358 0.173828125 0.15128205128205127 0.1806640625 0.1518320512820513
0  0.23681640625 0.12884615384615383 0.0166015625 0.029487179487179487 0.2324306640625 0.1247025641025641 0.239693359375 0.1245076923076923 0.23569140625 0.13034615384615386 0.2337646484375 0.13696153846153847 0.2388046875 0.13657307692307694
0  0.29248046875 0.1358974358974359 0.0146484375 0.028205128205128206 0.2885048828125 0.1318679487179487 0.296177734375 0.13205128205128205 0.2914345703125 0.13791153846153845 0.287806640625 0.14358974358974358 0.295201171875 0.14358974358974358
0  0.3603515625 0.13525641025641025 0.013671875 0.02435897435897436 0.3564326171875 0.13193717948717948 0.3616162109375 0.13177051282051283 0.3590869140625 0.13757948717948718 0.357064453125 0.14206153846153846 0.361869140625 0.14156410256410257
0  0.41943359375 0.12371794871794872 0.0185546875 0.026923076923076925 0.414890625 0.11999230769230769 0.421107421875 0.11733076923076924 0.420162109375 0.12513717948717948 0.4189453125 0.13205641025641027 0.425162109375 0.1295730769230769
0  0.56005859375 0.11666666666666667 0.0166015625 0.03076923076923077 0.5558779296875 0.11181923076923077 0.5645751953125 0.11201923076923077 0.55938671875 0.11742820512820512 0.5572509765625 0.12263589743589744 0.5619814453125 0.12263589743589744
0  0.80712890625 0.10128205128205128 0.0166015625 0.02564102564102564 0.8039287109375 0.09698974358974359 0.8112529296875 0.09819102564102564 0.8074599609375 0.10471666666666667 0.80340625 0.10746282051282051 0.809291015625 0.10866538461538462
0  0.873046875 0.09935897435897435 0.015625 0.029487179487179487 0.866171875 0.09656538461538461 0.873365234375 0.09581025641025641 0.869625 0.10166538461538463 0.8684736328125 0.1080871794871795 0.8730771484375 0.1080871794871795
0  0.94580078125 0.1858974358974359 0.0185546875 0.035897435897435895 0.939 0.18507307692307692 0.94580078125 0.18621794871794872 0.94039453125 0.19377307692307694 0.9398720703125 0.19972564102564103 0.9438828125 0.20064102564102565
0  0.6328125 0.11346153846153846 0.017578125 0.02435897435897436 0.6288935546875 0.10697179487179488 0.6368974609375 0.10728076923076924 0.63277734375 0.11361666666666666 0.630423828125 0.11933333333333333 0.6341904296875 0.11933333333333333
0  0.69580078125 0.0955128205128205 0.0166015625 0.026923076923076925 -0.0009765625 -0.001282051282051282 -0.0009765625 -0.001282051282051282 -0.0009765625 -0.001282051282051282 -0.0009765625 -0.001282051282051282 -0.0009765625 -0.001282051282051282
0  0.92919921875 0.14807692307692308 0.0146484375 0.02435897435897436 -0.0009765625 -0.001282051282051282 -0.0009765625 -0.001282051282051282 -0.0009765625 -0.001282051282051282 -0.0009765625 -0.001282051282051282 -0.0009765625 -0.001282051282051282
0  0.56494140625 0.5551282051282052 0.0126953125 0.038461538461538464 -0.0009765625 -0.001282051282051282 -0.0009765625 -0.001282051282051282 -0.0009765625 -0.001282051282051282 -0.0009765625 -0.001282051282051282 -0.0009765625 -0.001282051282051282
0  0.51220703125 0.14166666666666666 0.0146484375 0.019230769230769232 -0.0009765625 -0.001282051282051282 -0.0009765625 -0.001282051282051282 -0.0009765625 -0.001282051282051282 -0.0009765625 -0.001282051282051282 -0.0009765625 -0.001282051282051282
0  0.07373046875 0.021794871794871794 0.0146484375 0.028205128205128206 -0.0009765625 -0.001282051282051282 -0.0009765625 -0.001282051282051282 -0.0009765625 -0.001282051282051282 -0.0009765625 -0.001282051282051282 -0.0009765625 -0.001282051282051282
0  0.04541015625 0.16346153846153846 0.0146484375 0.02435897435897436 -0.0009765625 -0.001282051282051282 -0.0009765625 -0.001282051282051282 -0.0009765625 -0.001282051282051282 -0.0009765625 -0.001282051282051282 -0.0009765625 -0.001282051282051282
0  0.11767578125 0.010897435897435897 0.0166015625 0.021794871794871794 0.1150595703125 0.002873076923076923 0.122689453125 0.0027294871794871795 0.119310546875 0.008883333333333333 0.1168037109375 0.013747435897435899 0.12225390625 0.013891025641025642
