0  0.42431640625 0.3514285714285714 0.0595703125 0.11314285714285714 0.417724609375 0.3372857142857143 0.4464111328125 0.33371428571428574 0.4403076171875 0.35085714285714287 0.4256591796875 0.37657142857142856 0.444580078125 0.37442857142857144
0  0.66650390625 0.18514285714285714 0.0556640625 0.10285714285714286 0.6533203125 0.16914285714285715 0.6630859375 0.1702857142857143 0.6396484375 0.184 0.646484375 0.2057142857142857 0.654296875 0.208
0  0.0908203125 0.09314285714285714 0.01953125 0.037714285714285714 0.0877509765625 0.08497942857142857 0.098423828125 0.08742857142857142 0.091517578125 0.09502057142857143 0.085240234375 0.10138742857142857 0.092564453125 0.10310171428571428
0  0.20361328125 0.104 0.0185546875 0.036571428571428574 0.1992275390625 0.09886742857142858 0.208251953125 0.10144914285714286 0.2042412109375 0.10849028571428572 0.198224609375 0.11271428571428571 0.204041015625 0.114592
0  0.10546875 0.2834285714285714 0.025390625 0.04342857142857143 0.10287890625 0.27346971428571426 0.116533203125 0.27346971428571426 0.1127666015625 0.2820102857142857 0.104998046875 0.29192914285714283 0.11700390625 0.29055085714285717
0  0.21142578125 0.2862857142857143 0.0205078125 0.04 0.20766796875 0.28341828571428573 0.2194384765625 0.28341828571428573 0.215951171875 0.29030628571428574 0.209412109375 0.2956628571428571 0.219220703125 0.2956628571428571
0  0.29345703125 0.29314285714285715 0.0185546875 0.04 0.29187890625 0.2905302857142857 0.30059765625 0.2920617142857143 0.297982421875 0.2997142857142857 0.292533203125 0.305072 0.300162109375 0.3066022857142857
0  0.31298828125 0.284 0.0166015625 0.04 0.310921875 0.275776 0.31876953125 0.2767954285714286 0.3150634765625 0.2836834285714286 0.312447265625 0.29108114285714287 0.3174609375 0.29108114285714287
0  0.4970703125 0.2794285714285714 0.015625 0.026285714285714287 0.494140625 0.2765714285714286 0.50390625 0.2765714285714286 0.4990234375 0.28114285714285714 0.4951171875 0.2857142857142857 0.5009765625 0.2857142857142857
0  0.33935546875 0.11085714285714286 0.0185546875 0.03428571428571429 0.3359375 0.10742857142857143 0.3447265625 0.10742857142857143 0.3388671875 0.11314285714285714 0.3349609375 0.11885714285714286 0.341796875 0.11885714285714286
0  0.0654296875 0.10571428571428572 0.021484375 0.037714285714285714 0.0615361328125 0.09924 0.0709619140625 0.10523428571428571 0.0666591796875 0.11050971428571428 0.058462890625 0.11530628571428571 0.068298828125 0.11962285714285714
0  0.0234375 0.2714285714285714 0.025390625 0.05142857142857143 0.014369140625 0.26148 0.03023828125 0.26048457142857145 0.02598828125 0.268776 0.020037109375 0.2807142857142857 0.0288212890625 0.279056
0  0.22265625 0.2742857142857143 0.017578125 0.03428571428571429 0.2216796875 0.26971428571428574 0.2275390625 0.26971428571428574 0.2255859375 0.2765714285714286 0.2236328125 0.2822857142857143 0.2275390625 0.2822857142857143
0  0.328125 0.288 0.013671875 0.036571428571428574 0.3232421875 0.2822857142857143 0.3291015625 0.2822857142857143 0.32421875 0.288 0.3212890625 0.2914285714285714 0.32421875 0.2914285714285714
0  0.61767578125 0.26971428571428574 0.0166015625 0.027428571428571427 0.6169345703125 0.26579542857142857 0.6227158203125 0.2661428571428571 0.62034375 0.271 0.6170830078125 0.27603085714285713 0.6224189453125 0.2762045714285714
0  0.51904296875 0.2702857142857143 0.0166015625 0.02857142857142857 0.516654296875 0.2678777142857143 0.523873046875 0.2676937142857143 0.521205078125 0.27467314285714284 0.5182236328125 0.27908114285714286 0.5235595703125 0.2792651428571429
0  0.54638671875 0.2674285714285714 0.0166015625 0.025142857142857144 0.5439453125 0.26285714285714284 0.55078125 0.26171428571428573 0.546875 0.2662857142857143 0.5439453125 0.27085714285714285 0.5498046875 0.26857142857142857
0  0.11181640625 0.08514285714285715 0.0185546875 0.04 0.107421875 0.08228571428571428 0.115234375 0.08457142857142858 0.1103515625 0.09028571428571429 0.1044921875 0.09485714285714286 0.1123046875 0.09714285714285714
0  0.16650390625 0.096 0.0244140625 0.036571428571428574 0.1689453125 0.09371428571428571 0.17578125 0.09485714285714286 0.169921875 0.10171428571428572 0.1630859375 0.10742857142857143 0.169921875 0.10857142857142857
0  0.0703125 0.27885714285714286 0.01953125 0.038857142857142854 0.0732421875 0.2765714285714286 0.078125 0.2754285714285714 0.076171875 0.28114285714285714 0.0732421875 0.2857142857142857 0.078125 0.2857142857142857
0  0.28955078125 0.12514285714285714 0.0166015625 0.02857142857142857 0.2890625 0.12228571428571429 0.296875 0.12114285714285715 0.2939453125 0.12914285714285714 0.2900390625 0.1337142857142857 0.294921875 0.1337142857142857
0  0.39697265625 0.12285714285714286 0.0205078125 0.04 0.3974609375 0.11542857142857142 0.4033203125 0.11885714285714286 0.3994140625 0.12228571428571429 0.39453125 0.12571428571428572 0.4013671875 0.128
0  0.45263671875 0.276 0.0166015625 0.030857142857142857 0.4521484375 0.27314285714285713 0.458984375 0.27314285714285713 0.45703125 0.28 0.4521484375 0.2857142857142857 0.4580078125 0.2857142857142857
0  0.4716796875 0.25771428571428573 0.017578125 0.02857142857142857 0.46901171875 0.25402057142857143 0.4762314453125 0.252 0.473091796875 0.2571428571428571 0.471208984375 0.2619188571428571 0.4762314453125 0.2619188571428571
0  0.470703125 0.16857142857142857 0.015625 0.030857142857142857 0.46875 0.1657142857142857 0.4755859375 0.1657142857142857 0.47265625 0.1702857142857143 0.4697265625 0.176 0.4755859375 0.176
0  0.826171875 0.26857142857142857 0.013671875 0.025142857142857144 0.822265625 0.264 0.8291015625 0.2651428571428571 0.8251953125 0.26971428571428574 0.8212890625 0.27314285714285713 0.8271484375 0.27314285714285713
0  0.77392578125 0.20057142857142857 0.0146484375 0.021714285714285714 0.771484375 0.1977142857142857 0.7763671875 0.19657142857142856 0.7734375 0.20114285714285715 0.771484375 0.2057142857142857 0.775390625 0.2057142857142857
0  0.908203125 0.20514285714285715 0.013671875 0.021714285714285714 0.9072265625 0.20342857142857143 0.912109375 0.2022857142857143 0.91015625 0.20685714285714285 0.9072265625 0.21142857142857144 0.912109375 0.2102857142857143
0  0.86669921875 0.18571428571428572 0.0146484375 0.019428571428571427 0.86328125 0.18171428571428572 0.869140625 0.18171428571428572 0.8671875 0.18514285714285714 0.8642578125 0.18857142857142858 0.8681640625 0.18971428571428572
0  0.81787109375 0.3262857142857143 0.0146484375 0.021714285714285714 0.81640625 0.32342857142857145 0.822265625 0.3222857142857143 0.8203125 0.32685714285714285 0.81640625 0.3325714285714286 0.8232421875 0.3325714285714286
0  0.64501953125 0.26857142857142857 0.0126953125 0.018285714285714287 0.64453125 0.26857142857142857 0.650390625 0.2674285714285714 0.6474609375 0.27314285714285713 0.64453125 0.2765714285714286 0.650390625 0.2754285714285714
0  0.6328125 0.2777142857142857 0.01171875 0.02057142857142857 0.62890625 0.2765714285714286 0.634765625 0.2765714285714286 0.6318359375 0.28 0.62890625 0.2822857142857143 0.6337890625 0.2822857142857143
0  0.12158203125 0.2845714285714286 0.0166015625 0.032 -0.0009765625 -0.001142857142857143 -0.0009765625 -0.001142857142857143 -0.0009765625 -0.001142857142857143 -0.0009765625 -0.001142857142857143 -0.0009765625 -0.001142857142857143
