0  0.30126953125 0.3235677083333333 0.0380859375 0.06640625 0.2923056640625 0.3099427083333333 0.3092568359375 0.3103606770833333 0.3023505859375 0.3233346354166667 0.29293359375 0.33714713541666663 0.307373046875 0.3375651041666667
0  0.4404296875 0.3125 0.03515625 0.06770833333333333 0.4310302734375 0.30251302083333337 0.4482158203125 0.30208854166666665 0.440259765625 0.31566796874999997 0.4323037109375 0.3262760416666667 0.446306640625 0.3262760416666667
0  0.55615234375 0.3502604166666667 0.0400390625 0.07291666666666667 0.54567578125 0.33996614583333334 0.5632412109375 0.33950651041666663 0.5556640625 0.3560390625 0.548775390625 0.36522265625 0.5642744140625 0.36292708333333334
0  0.63623046875 0.3274739583333333 0.0400390625 0.06640625 0.6266396484375 0.3184518229166667 0.64358984375 0.3151041666666667 0.634486328125 0.32473046875 0.63134765625 0.33770442708333337 0.6420205078125 0.33644921874999995
0  0.7509765625 0.3444010416666667 0.041015625 0.07161458333333333 0.7419873046875 0.3337747395833333 0.76341015625 0.3301484375 0.7521884765625 0.3487369791666666 0.746748046875 0.35961979166666663 0.7617099609375 0.3587122395833333
0  0.72314453125 0.625 0.0458984375 0.078125 0.7122802734375 0.6090325520833334 0.7356259765625 0.6075494791666667 0.723767578125 0.6248424479166667 0.713021484375 0.6386770833333334 0.7356259765625 0.6371953124999999
0  0.599609375 0.6145833333333334 0.044921875 0.08333333333333333 0.586029296875 0.60282421875 0.6074521484375 0.6022942708333333 0.5971376953125 0.6197513020833333 0.588806640625 0.6298020833333333 0.60824609375 0.6298020833333333
0  0.4912109375 0.556640625 0.041015625 0.07421875 0.483306640625 0.5467526041666667 0.50308203125 0.54533984375 0.492841796875 0.56276171875 0.4847197265625 0.5773580729166666 0.499904296875 0.5773580729166666
0  0.35107421875 0.591796875 0.0419921875 0.07942708333333333 0.3442119140625 0.5831471354166667 0.363333984375 0.5816471354166667 0.3524609375 0.59714453125 0.3457119140625 0.6121419270833334 0.362208984375 0.6121419270833334
0  0.19921875 0.5703125 0.037109375 0.06770833333333333 0.1885458984375 0.55608203125 0.209232421875 0.5556588541666666 0.19809375 0.5743294270833333 0.1901376953125 0.5857864583333333 0.2066865234375 0.5853619791666667
