0  0.04638671875 0.05222841225626741 0.0302734375 0.054317548746518104 0.041111328125 0.04607242339832869 0.055498046875 0.04538857938718663 0.0471064453125 0.05940947075208913 0.0415908203125 0.06727576601671309 0.05262109375 0.06795961002785515
0  0.11083984375 0.03969359331476323 0.0205078125 0.034818941504178275 0.1083984375 0.03503621169916434 0.1187744140625 0.036342618384401115 0.11328125 0.04352367688022284 0.10809375 0.04939972144846797 0.1164853515625 0.0504874651810585
0  0.19287109375 0.055710306406685235 0.0185546875 0.033426183844011144 -0.0009765625 -0.001392757660167131 -0.0009765625 -0.001392757660167131 -0.0009765625 -0.001392757660167131 -0.0009765625 -0.001392757660167131 -0.0009765625 -0.001392757660167131
0  0.251953125 0.05013927576601671 0.01953125 0.04178272980501393 0.2460068359375 0.04740389972144847 0.2578994140625 0.04712952646239554 0.2506103515625 0.05588440111420613 0.24658203125 0.0638175487465181 0.2577080078125 0.06600696378830084
0  0.2685546875 0.1873259052924791 0.0234375 0.05153203342618384 -0.0009765625 -0.001392757660167131 -0.0009765625 -0.001392757660167131 -0.0009765625 -0.001392757660167131 -0.0009765625 -0.001392757660167131 -0.0009765625 -0.001392757660167131
0  0.17041015625 0.18314763231197773 0.0224609375 0.05153203342618384 0.1639140625 0.17219777158774374 0.1777783203125 0.17186908077994428 0.1687666015625 0.18274373259052926 0.1648388671875 0.1955961002785515 0.177546875 0.19427715877437327
0  0.18310546875 0.15459610027855153 0.0185546875 0.03064066852367688 -0.0009765625 -0.001392757660167131 -0.0009765625 -0.001392757660167131 -0.0009765625 -0.001392757660167131 -0.0009765625 -0.001392757660167131 -0.0009765625 -0.001392757660167131
0  0.1015625 0.11977715877437325 0.021484375 0.036211699164345405 -0.0009765625 -0.001392757660167131 -0.0009765625 -0.001392757660167131 -0.0009765625 -0.001392757660167131 -0.0009765625 -0.001392757660167131 -0.0009765625 -0.001392757660167131
0  0.056640625 0.20264623955431754 0.0234375 0.04874651810584958 0.05615234375 0.197908077994429 0.065525390625 0.19604317548746517 0.066833984375 0.20910027855153202 0.056806640625 0.21811559888579388 0.0609482421875 0.21811559888579388
0  0.10205078125 0.25069637883008355 0.0224609375 0.04456824512534819 -0.0009765625 -0.001392757660167131 -0.0009765625 -0.001392757660167131 -0.0009765625 -0.001392757660167131 -0.0009765625 -0.001392757660167131 -0.0009765625 -0.001392757660167131
0  0.18896484375 0.2562674094707521 0.0302734375 0.052924791086350974 0.185037109375 0.2535933147632312 0.19658984375 0.25326462395543176 0.1908134765625 0.2638091922005571 0.1859609375 0.2697409470752089 0.1954345703125 0.2697409470752089
0  0.25634765625 0.28481894150417825 0.0244140625 0.04874651810584958 0.247955078125 0.2840362116991643 0.25799609375 0.2782465181058496 0.254578125 0.2925654596100279 0.2550048828125 0.3004874651810585 0.2618408203125 0.2928704735376045
0  0.2265625 0.36142061281337046 0.029296875 0.05988857938718663 0.2231923828125 0.35016713091922 0.2359580078125 0.3535807799442897 0.22877734375 0.36078690807799446 0.2210654296875 0.3676128133704736 0.2325 0.3706476323119777
0  0.0947265625 0.40668523676880225 0.03125 0.06406685236768803 0.0862255859375 0.4043718662952646 0.101810546875 0.4043718662952646 0.0933095703125 0.41770891364902507 0.088208984375 0.4278133704735376 0.0989775390625 0.427408077994429
0  0.18603515625 0.3906685236768802 0.0341796875 0.06824512534818941 0.18964453125 0.38498607242339833 0.198970703125 0.3802660167130919 0.1983681640625 0.3978565459610028 0.1899453125 0.4064359331476323 0.198669921875 0.40729526462395543
0  0.30322265625 0.4477715877437326 0.0224609375 0.05153203342618384 0.2936318359375 0.44254874651810583 0.305193359375 0.44707520891364905 0.296578125 0.45321866295264623 0.29521875 0.4638871866295265 0.3036064453125 0.4661504178272981
0  0.27392578125 0.40947075208913647 0.0244140625 0.055710306406685235 0.2684765625 0.4023955431754875 0.271955078125 0.4080654596100278 0.26251171875 0.4140905292479109 0.2657431640625 0.4250766016713092 0.2709609375 0.42826740947075204
0  0.318359375 0.35863509749303624 0.02734375 0.04874651810584958 0.3095400390625 0.3450557103064067 0.323638671875 0.3450557103064067 0.31231640625 0.35998467966573816 0.3091123046875 0.36821030640668523 0.3187255859375 0.3685153203342618
0  0.099609375 0.3711699164345404 0.03125 0.04317548746518106 -0.0009765625 -0.001392757660167131 -0.0009765625 -0.001392757660167131 -0.0009765625 -0.001392757660167131 -0.0009765625 -0.001392757660167131 -0.0009765625 -0.001392757660167131
0  0.345703125 0.04178272980501393 0.021484375 0.03064066852367688 -0.0009765625 -0.001392757660167131 -0.0009765625 -0.001392757660167131 -0.0009765625 -0.001392757660167131 -0.0009765625 -0.001392757660167131 -0.0009765625 -0.001392757660167131
0  0.3564453125 0.07311977715877438 0.01953125 0.0403899721448468 0.349669921875 0.06511142061281337 0.358826171875 0.06563370473537604 0.3509521484375 0.07503481894150418 0.350037109375 0.08286908077994429 0.354431640625 0.08365181058495821
0  0.39990234375 0.055710306406685235 0.0166015625 0.025069637883008356 -0.0009765625 -0.001392757660167131 -0.0009765625 -0.001392757660167131 -0.0009765625 -0.001392757660167131 -0.0009765625 -0.001392757660167131 -0.0009765625 -0.001392757660167131
0  0.421875 0.08008356545961003 0.017578125 0.037604456824512536 -0.0009765625 -0.001392757660167131 -0.0009765625 -0.001392757660167131 -0.0009765625 -0.001392757660167131 -0.0009765625 -0.001392757660167131 -0.0009765625 -0.001392757660167131
0  0.42578125 0.12186629526462396 0.01953125 0.04596100278551532 -0.0009765625 -0.001392757660167131 -0.0009765625 -0.001392757660167131 -0.0009765625 -0.001392757660167131 -0.0009765625 -0.001392757660167131 -0.0009765625 -0.001392757660167131
0  0.376953125 0.1532033426183844 0.0234375 0.04456824512534819 0.3712509765625 0.14837883008356545 0.384486328125 0.14952228412256266 0.3774677734375 0.1606768802228412 0.37345703125 0.16525348189415043 0.3812783203125 0.16553899721448467
0  0.35595703125 0.19080779944289694 0.0244140625 0.05013927576601671 0.3473076171875 0.1832715877437326 0.3595498046875 0.18682869080779943 0.3502548828125 0.19135515320334262 0.346173828125 0.20493454038997214 0.3538818359375 0.20687465181058495
0  0.3125 0.13857938718662952 0.021484375 0.04596100278551532 0.305912109375 0.13624094707520892 0.3143134765625 0.13624094707520892 0.3100107421875 0.14471587743732592 0.306732421875 0.15026880222841227 0.3122646484375 0.15026880222841227
0  0.27685546875 0.149025069637883 0.0224609375 0.04456824512534819 -0.0009765625 -0.001392757660167131 -0.0009765625 -0.001392757660167131 -0.0009765625 -0.001392757660167131 -0.0009765625 -0.001392757660167131 -0.0009765625 -0.001392757660167131
0  0.34375 0.27924791086350975 0.02734375 0.04596100278551532 0.340314453125 0.28012395543175483 0.3503544921875 0.28012395543175483 0.3458466796875 0.2912298050139276 0.34318359375 0.2970738161559889 0.3485107421875 0.29648885793871865
0  0.40478515625 0.27924791086350975 0.0224609375 0.05988857938718663 0.396318359375 0.272924791086351 0.4088173828125 0.27823398328690807 0.3968505859375 0.28619916434540393 0.3968505859375 0.29644011142061283 0.405892578125 0.2975779944289694
0  0.39892578125 0.3983286908077994 0.0302734375 0.055710306406685235 0.3907431640625 0.39125348189415043 0.397701171875 0.39267130919220056 0.387015625 0.40011281337047355 0.3857724609375 0.41216295264623953 0.3897490234375 0.4128718662952646
0  0.4443359375 0.03969359331476323 0.025390625 0.02924791086350975 -0.0009765625 -0.001392757660167131 -0.0009765625 -0.001392757660167131 -0.0009765625 -0.001392757660167131 -0.0009765625 -0.001392757660167131 -0.0009765625 -0.001392757660167131
0  0.52685546875 0.052924791086350974 0.0205078125 0.04178272980501393 -0.0009765625 -0.001392757660167131 -0.0009765625 -0.001392757660167131 -0.0009765625 -0.001392757660167131 -0.0009765625 -0.001392757660167131 -0.0009765625 -0.001392757660167131
0  0.50390625 0.14066852367688024 0.048828125 0.10306406685236769 0.5056845703125 0.12773537604456825 0.5247275390625 0.13161559888579388 0.5211005859375 0.1451949860724234 0.5074990234375 0.16459470752089136 0.5206474609375 0.16782729805013927
0  0.552734375 0.14415041782729804 0.0234375 0.054317548746518104 0.546630859375 0.1413649025069638 0.557373046875 0.1413649025069638 0.5498046875 0.15006963788300837 0.547119140625 0.15842618384401114 0.553955078125 0.15842618384401114
0  0.6083984375 0.07242339832869081 0.025390625 0.04735376044568245 0.6021904296875 0.06953899721448469 0.616001953125 0.06864345403899721 0.6095146484375 0.07729805013927576 0.6070029296875 0.08595264623955431 0.613490234375 0.08505710306406684
0  0.61376953125 0.034818941504178275 0.0205078125 0.025069637883008356 -0.0009765625 -0.001392757660167131 -0.0009765625 -0.001392757660167131 -0.0009765625 -0.001392757660167131 -0.0009765625 -0.001392757660167131 -0.0009765625 -0.001392757660167131
0  0.62060546875 0.14623955431754876 0.0244140625 0.0584958217270195 0.6100859375 0.13857381615598885 0.6221748046875 0.13783983286908078 0.61162890625 0.14994568245125348 0.609314453125 0.159483286908078 0.61831640625 0.16021727019498608
0  0.64404296875 0.19707520891364902 0.0302734375 0.054317548746518104 0.63851953125 0.19260445682451252 0.6473916015625 0.19465598885793872 0.6397177734375 0.20217966573816154 0.6339638671875 0.21038718662952646 0.64163671875 0.21243871866295266
0  0.5478515625 0.22493036211699163 0.0390625 0.07938718662952646 0.560826171875 0.21926044568245126 0.5615234375 0.2197576601671309 0.554896484375 0.23219220055710307 0.5576865234375 0.24860724233983286 0.558384765625 0.24860724233983286
0  0.6220703125 0.3043175487465181 0.02734375 0.04874651810584958 0.6173095703125 0.29761559888579386 0.6311953125 0.2985292479108635 0.625427734375 0.30644986072423397 0.62158203125 0.31559052924791087 0.62777734375 0.3149805013927577
0  0.6923828125 0.04387186629526462 0.01953125 0.037604456824512536 -0.0009765625 -0.001392757660167131 -0.0009765625 -0.001392757660167131 -0.0009765625 -0.001392757660167131 -0.0009765625 -0.001392757660167131 -0.0009765625 -0.001392757660167131
0  0.71044921875 0.07172701949860724 0.0224609375 0.04874651810584958 0.7079990234375 0.06232590529247911 0.71998828125 0.06729944289693593 0.7130126953125 0.07382869080779944 0.707126953125 0.08004596100278552 0.71562890625 0.08222284122562674
0  0.73095703125 0.09192200557103064 0.0224609375 0.04735376044568245 0.724853515625 0.08896239554317549 0.7393798828125 0.08743871866295265 0.732970703125 0.09810306406685237 0.72869921875 0.10450000000000001 0.73681640625 0.10358635097493037
0  0.75830078125 0.026462395543175487 0.0166015625 0.027855153203342618 -0.0009765625 -0.001392757660167131 -0.0009765625 -0.001392757660167131 -0.0009765625 -0.001392757660167131 -0.0009765625 -0.001392757660167131 -0.0009765625 -0.001392757660167131
0  0.77685546875 0.04874651810584958 0.0166015625 0.03899721448467967 -0.0009765625 -0.001392757660167131 -0.0009765625 -0.001392757660167131 -0.0009765625 -0.001392757660167131 -0.0009765625 -0.001392757660167131 -0.0009765625 -0.001392757660167131
0  0.78662109375 0.10167130919220056 0.0224609375 0.04456824512534819 -0.0009765625 -0.001392757660167131 -0.0009765625 -0.001392757660167131 -0.0009765625 -0.001392757660167131 -0.0009765625 -0.001392757660167131 -0.0009765625 -0.001392757660167131
0  0.84619140625 0.0988857938718663 0.0263671875 0.052924791086350974 -0.0009765625 -0.001392757660167131 -0.0009765625 -0.001392757660167131 -0.0009765625 -0.001392757660167131 -0.0009765625 -0.001392757660167131 -0.0009765625 -0.001392757660167131
0  0.7041015625 0.25348189415041783 0.025390625 0.05013927576601671 -0.0009765625 -0.001392757660167131 -0.0009765625 -0.001392757660167131 -0.0009765625 -0.001392757660167131 -0.0009765625 -0.001392757660167131 -0.0009765625 -0.001392757660167131
0  0.75390625 0.2214484679665738 0.01953125 0.05013927576601671 0.7482041015625 0.21918523676880222 0.7584052734375 0.21983147632311978 0.7518310546875 0.2301782729805014 0.7484306640625 0.2363217270194986 0.756591796875 0.23599721448467967
0  0.8359375 0.21239554317548748 0.021484375 0.04874651810584958 -0.0009765625 -0.001392757660167131 -0.0009765625 -0.001392757660167131 -0.0009765625 -0.001392757660167131 -0.0009765625 -0.001392757660167131 -0.0009765625 -0.001392757660167131
0  0.82958984375 0.27298050139275765 0.0205078125 0.05013927576601671 -0.0009765625 -0.001392757660167131 -0.0009765625 -0.001392757660167131 -0.0009765625 -0.001392757660167131 -0.0009765625 -0.001392757660167131 -0.0009765625 -0.001392757660167131
0  0.87890625 0.04805013927576602 0.01953125 0.037604456824512536 -0.0009765625 -0.001392757660167131 -0.0009765625 -0.001392757660167131 -0.0009765625 -0.001392757660167131 -0.0009765625 -0.001392757660167131 -0.0009765625 -0.001392757660167131
0  0.91162109375 0.032729805013927575 0.0205078125 0.023676880222841225 -0.0009765625 -0.001392757660167131 -0.0009765625 -0.001392757660167131 -0.0009765625 -0.001392757660167131 -0.0009765625 -0.001392757660167131 -0.0009765625 -0.001392757660167131
0  0.9287109375 0.11142061281337047 0.02734375 0.0584958217270195 -0.0009765625 -0.001392757660167131 -0.0009765625 -0.001392757660167131 -0.0009765625 -0.001392757660167131 -0.0009765625 -0.001392757660167131 -0.0009765625 -0.001392757660167131
0  0.970703125 0.1915041782729805 0.029296875 0.057103064066852366 0.9612119140625 0.18680919220055708 0.9756162109375 0.1853426183844011 0.969185546875 0.19854874651810583 0.9645556640625 0.2091866295264624 0.9730439453125 0.20845403899721446
0  0.869140625 0.26323119777158777 0.0234375 0.052924791086350974 -0.0009765625 -0.001392757660167131 -0.0009765625 -0.001392757660167131 -0.0009765625 -0.001392757660167131 -0.0009765625 -0.001392757660167131 -0.0009765625 -0.001392757660167131
0  0.88916015625 0.32729805013927576 0.0283203125 0.05013927576601671 0.8841376953125 0.32105571030640667 0.89547265625 0.32105571030640667 0.8893515625 0.3307548746518106 0.885044921875 0.3388384401114206 0.8941123046875 0.33851532033426185
0  0.91943359375 0.37047353760445684 0.0302734375 0.06406685236768803 -0.0009765625 -0.001392757660167131 -0.0009765625 -0.001392757660167131 -0.0009765625 -0.001392757660167131 -0.0009765625 -0.001392757660167131 -0.0009765625 -0.001392757660167131
0  0.92919921875 0.41086350974930363 0.0361328125 0.06963788300835655 0.917236328125 0.4047701949860724 0.934326171875 0.40302924791086353 0.9239501953125 0.4178272980501393 0.91876171875 0.4300139275766017 0.93341015625 0.4313203342618384
0  0.83056640625 0.3342618384401114 0.0244140625 0.04178272980501393 -0.0009765625 -0.001392757660167131 -0.0009765625 -0.001392757660167131 -0.0009765625 -0.001392757660167131 -0.0009765625 -0.001392757660167131 -0.0009765625 -0.001392757660167131
0  0.81298828125 0.3767409470752089 0.0283203125 0.054317548746518104 0.806640625 0.36629526462395545 0.818115234375 0.36664345403899723 0.810546875 0.3763927576601671 0.807373046875 0.38857938718662954 0.81494140625 0.38857938718662954
0  0.75341796875 0.31754874651810583 0.0283203125 0.06128133704735376 0.7456318359375 0.3071406685236769 0.7567138671875 0.3082966573816156 0.7496865234375 0.3156211699164346 0.745361328125 0.3271866295264624 0.7553623046875 0.3271866295264624
0  0.759765625 0.42479108635097496 0.033203125 0.06128133704735376 0.7511162109375 0.41977994428969356 0.76949609375 0.4193941504178273 0.760576171875 0.43057381615598883 0.7551708984375 0.4413676880222841 0.7649013671875 0.44175348189415037
0  0.8515625 0.4456824512534819 0.03125 0.06128133704735376 0.84566796875 0.44144150417827294 0.8629677734375 0.4410571030640668 0.8540478515625 0.4522353760445682 0.8486416015625 0.4638008356545961 0.8597236328125 0.4638008356545961
0  0.6845703125 0.36420612813370473 0.025390625 0.05153203342618384 0.6790595703125 0.36124651810584957 0.693115234375 0.36318662952646236 0.6854072265625 0.3712688022284123 0.679966796875 0.3774122562674095 0.68994140625 0.37902924791086345
0  0.6708984375 0.3969359331476323 0.03125 0.052924791086350974 0.6713603515625 0.39008356545961 0.6716005859375 0.3904261838440112 0.6581728515625 0.3955557103064067 0.6634482421875 0.4088927576601671 0.663927734375 0.4092339832869081
0  0.0107421875 0.3544568245125348 0.017578125 0.057103064066852366 -0.0009765625 -0.001392757660167131 -0.0009765625 -0.001392757660167131 -0.0009765625 -0.001392757660167131 -0.0009765625 -0.001392757660167131 -0.0009765625 -0.001392757660167131
0  0.013671875 0.2924791086350975 0.017578125 0.033426183844011144 -0.0009765625 -0.001392757660167131 -0.0009765625 -0.001392757660167131 -0.0009765625 -0.001392757660167131 -0.0009765625 -0.001392757660167131 -0.0009765625 -0.001392757660167131
0  0.02880859375 0.031337047353760444 0.0244140625 0.03203342618384401 -0.0009765625 -0.001392757660167131 -0.0009765625 -0.001392757660167131 -0.0009765625 -0.001392757660167131 -0.0009765625 -0.001392757660167131 -0.0009765625 -0.001392757660167131
