0  0.57861328125 0.05244299674267101 0.0263671875 0.024104234527687295 0.5693359375 0.04820846905537459 0.58203125 0.04820846905537459 0.57421875 0.051465798045602605 0.5693359375 0.05993485342019544 0.583984375 0.057980456026058634
0  0.6787109375 0.025407166123778503 0.021484375 0.018241042345276872 0.6728515625 0.024104234527687295 0.685546875 0.025407166123778503 0.6787109375 0.028664495114006514 0.669921875 0.031270358306188926 0.681640625 0.033876221498371335
0  0.69873046875 0.043973941368078175 0.0283203125 0.020195439739413682 0.6875 0.04234527687296417 0.7041015625 0.04234527687296417 0.6982421875 0.046905537459283386 0.693359375 0.054071661237785014 0.70703125 0.05472312703583062
0  0.6259765625 0.12084690553745929 0.021484375 0.018892508143322474 -0.0009765625 -0.0006514657980456026 -0.0009765625 -0.0006514657980456026 -0.0009765625 -0.0006514657980456026 -0.0009765625 -0.0006514657980456026 -0.0009765625 -0.0006514657980456026
0  0.53271484375 0.06579804560260587 0.0263671875 0.02214983713355049 0.5234375 0.06384364820846905 0.537109375 0.06384364820846905 0.529296875 0.06710097719869706 0.5244140625 0.07231270358306188 0.537109375 0.07231270358306188
0  0.55224609375 0.028990228013029317 0.0263671875 0.020195439739413682 0.5458984375 0.02736156351791531 0.5576171875 0.02736156351791531 0.552734375 0.02996742671009772 0.5458984375 0.03452768729641694 0.5576171875 0.03452768729641694
0  0.4560546875 0.05863192182410423 0.029296875 0.023452768729641693 0.448673828125 0.05430162866449511 0.46134765625 0.05415309446254072 0.4551220703125 0.05889967426710098 0.45267578125 0.06334918566775244 0.4591240234375 0.06334918566775244
0  0.46142578125 0.035830618892508145 0.0224609375 0.02214983713355049 0.4541015625 0.03322475570032573 0.4541015625 0.03322475570032573 0.44921875 0.03908794788273615 0.4521484375 0.040390879478827364 0.453125 0.040390879478827364
0  0.4501953125 0.016286644951140065 0.01953125 0.018241042345276872 0.4443359375 0.013680781758957655 0.455078125 0.013680781758957655 0.44921875 0.018241042345276872 0.4453125 0.02214983713355049 0.4541015625 0.021498371335504887
0  0.35791015625 0.012052117263843648 0.0302734375 0.020195439739413682 0.3505859375 0.010423452768729642 0.365234375 0.011074918566775244 0.359375 0.01498371335504886 0.3515625 0.021498371335504887 0.36328125 0.021498371335504887
0  0.37060546875 0.07100977198697069 0.0283203125 0.020846905537459284 0.3642578125 0.06970684039087947 0.3779296875 0.06970684039087947 0.3701171875 0.07296416938110749 0.365234375 0.0781758957654723 0.376953125 0.0781758957654723
0  0.2861328125 0.04755700325732899 0.0234375 0.020846905537459284 0.2802734375 0.04364820846905537 0.2939453125 0.04364820846905537 0.2841796875 0.04820846905537459 0.2783203125 0.05472312703583062 0.2919921875 0.05537459283387622
0  0.25732421875 0.05928338762214984 0.0302734375 0.023452768729641693 0.25705859375 0.05450814332247557 0.2697314453125 0.05510097719869707 0.266173828125 0.05955114006514658 0.2606162109375 0.06474201954397395 0.26817578125 0.0644456026058632
0  0.2783203125 0.014006514657980456 0.02734375 0.024104234527687295 0.2802734375 0.009120521172638436 0.2880859375 0.010423452768729642 0.2841796875 0.013680781758957655 0.2734375 0.019543973941368076 0.287109375 0.020846905537459284
0  0.1708984375 0.03061889250814332 0.02734375 0.023452768729641693 0.16796875 0.028664495114006514 0.1806640625 0.02996742671009772 0.1748046875 0.031921824104234525 0.16796875 0.03778501628664495 0.1796875 0.03973941368078176
0  0.064453125 0.028664495114006514 0.03125 0.02214983713355049 0.058349609375 0.0249185667752443 0.0745849609375 0.02648599348534202 0.06561328125 0.030191530944625407 0.058990234375 0.03247166123778502 0.0711669921875 0.03247166123778502
0  0.037109375 0.0752442996742671 0.0234375 0.01498371335504886 0.033203125 0.0749185667752443 0.044921875 0.0736156351791531 0.0380859375 0.0781758957654723 0.0341796875 0.08143322475570032 0.044921875 0.08078175895765473
0  0.12353515625 0.08892508143322475 0.0224609375 0.01758957654723127 -0.0009765625 -0.0006514657980456026 -0.0009765625 -0.0006514657980456026 -0.0009765625 -0.0006514657980456026 -0.0009765625 -0.0006514657980456026 -0.0009765625 -0.0006514657980456026
0  0.07470703125 0.012377850162866449 0.0224609375 0.018241042345276872 0.0673828125 0.012377850162866449 0.076171875 0.011074918566775244 0.0703125 0.015635179153094463 0.0673828125 0.019543973941368076 0.0791015625 0.018892508143322474
0  0.88720703125 0.41498371335504886 0.0322265625 0.026058631921824105 0.88074609375 0.4068664495114006 0.8968984375 0.40719804560260586 0.8879521484375 0.4148234527687297 0.882734375 0.420957654723127 0.8921767578125 0.420957654723127
0  0.90869140625 0.3482084690553746 0.0341796875 0.028013029315960912 0.89960546875 0.343014332247557 0.915283203125 0.34499739413680786 0.905822265625 0.34950553745928337 0.897984375 0.35509511400651467 0.9114990234375 0.3559967426710098
0  0.78369140625 0.3732899022801303 0.0302734375 0.026058631921824105 0.7730146484375 0.37080912052117265 0.78643359375 0.37097459283387624 0.7784814453125 0.37661107491856677 0.774505859375 0.3819159609120521 0.7827060546875 0.38224755700325735
0  0.71826171875 0.36188925081433226 0.0302734375 0.026710097719869708 0.710205078125 0.35818957654723127 0.723859375 0.35785276872964167 0.7147568359375 0.3646 0.7109638671875 0.368985667752443 0.721078125 0.368985667752443
0  0.607421875 0.35146579804560263 0.033203125 0.025407166123778503 0.6005859375 0.3485342019543974 0.6181640625 0.3485342019543974 0.6103515625 0.355700325732899 0.6015625 0.358957654723127 0.6181640625 0.358957654723127
0  0.9814453125 0.4420195439739414 0.029296875 0.026710097719869708 0.97265625 0.43713355048859937 0.986328125 0.4403908794788274 0.9765625 0.4449511400651466 0.96875 0.4495114006514658 0.9814453125 0.4527687296416938
0  0.66796875 0.48697068403908794 0.033203125 0.03061889250814332 0.6625888671875 0.4843413680781759 0.6795654296875 0.48318957654723127 0.672083984375 0.49086775244299674 0.663740234375 0.49643452768729646 0.6749619140625 0.49643452768729646
0  0.0400390625 0.2563517915309446 0.03515625 0.05276872964169381 -0.0009765625 -0.0006514657980456026 -0.0009765625 -0.0006514657980456026 -0.0009765625 -0.0006514657980456026 -0.0009765625 -0.0006514657980456026 -0.0009765625 -0.0006514657980456026
0  0.32421875 0.4293159609120521 0.03125 0.02214983713355049 -0.0009765625 -0.0006514657980456026 -0.0009765625 -0.0006514657980456026 -0.0009765625 -0.0006514657980456026 -0.0009765625 -0.0006514657980456026 -0.0009765625 -0.0006514657980456026
