0  0.90380859375 0.32958984375 0.0166015625 0.0244140625 -0.0009765625 -0.0009765625 -0.0009765625 -0.0009765625 -0.0009765625 -0.0009765625 -0.0009765625 -0.0009765625 -0.0009765625 -0.0009765625
0  0.7822265625 0.3447265625 0.017578125 0.021484375 -0.0009765625 -0.0009765625 -0.0009765625 -0.0009765625 -0.0009765625 -0.0009765625 -0.0009765625 -0.0009765625 -0.0009765625 -0.0009765625
0  0.8583984375 0.3671875 0.01171875 0.015625 -0.0009765625 -0.0009765625 -0.0009765625 -0.0009765625 -0.0009765625 -0.0009765625 -0.0009765625 -0.0009765625 -0.0009765625 -0.0009765625
0  0.15283203125 0.267578125 0.0361328125 0.05859375 0.16297265625 0.2593076171875 0.1677900390625 0.2593076171875 0.1703837890625 0.2663486328125 0.16037890625 0.2763544921875 0.164455078125 0.276724609375
0  0.23388671875 0.29736328125 0.0244140625 0.0322265625 0.2295048828125 0.2941328125 0.23975 0.2931083984375 0.235447265625 0.2994599609375 0.2303251953125 0.3047880859375 0.238521484375 0.3041728515625
0  0.02880859375 0.3115234375 0.0283203125 0.037109375 -0.0009765625 -0.0009765625 -0.0009765625 -0.0009765625 -0.0009765625 -0.0009765625 -0.0009765625 -0.0009765625 -0.0009765625 -0.0009765625
0  0.0048828125 0.2998046875 0.009765625 0.015625 -0.0009765625 -0.0009765625 -0.0009765625 -0.0009765625 -0.0009765625 -0.0009765625 -0.0009765625 -0.0009765625 -0.0009765625 -0.0009765625
0  0.41796875 0.25146484375 0.07421875 0.1025390625 0.4213779296875 0.2443193359375 0.4480107421875 0.24496875 0.444763671875 0.263806640625 0.420728515625 0.2774482421875 0.4337197265625 0.2761494140625
0  0.41845703125 0.32861328125 0.0107421875 0.0185546875 -0.0009765625 -0.0009765625 -0.0009765625 -0.0009765625 -0.0009765625 -0.0009765625 -0.0009765625 -0.0009765625 -0.0009765625 -0.0009765625
0  0.4716796875 0.3408203125 0.015625 0.021484375 -0.0009765625 -0.0009765625 -0.0009765625 -0.0009765625 -0.0009765625 -0.0009765625 -0.0009765625 -0.0009765625 -0.0009765625 -0.0009765625
0  0.5263671875 0.298828125 0.0234375 0.029296875 0.525015625 0.2944033203125 0.535888671875 0.2949658203125 0.5308271484375 0.3013388671875 0.525015625 0.3054638671875 0.5330771484375 0.3054638671875
0  0.57421875 0.29052734375 0.064453125 0.0830078125 0.5538154296875 0.2743447265625 0.5799736328125 0.2769599609375 0.5621865234375 0.293177734375 0.5512001953125 0.3031181640625 0.5794501953125 0.308873046875
0  0.67431640625 0.31298828125 0.0224609375 0.0341796875 0.676173828125 0.312064453125 0.6835849609375 0.310974609375 0.682712890625 0.31816796875 0.675083984375 0.3238349609375 0.684892578125 0.3236171875
0  0.64697265625 0.31298828125 0.0146484375 0.0224609375 0.64351953125 0.3122998046875 0.65215234375 0.308126953125 0.650712890625 0.317478515625 0.6471162109375 0.3202119140625 0.653302734375 0.3181982421875
0  0.28125 0.3037109375 0.015625 0.01953125 -0.0009765625 -0.0009765625 -0.0009765625 -0.0009765625 -0.0009765625 -0.0009765625 -0.0009765625 -0.0009765625 -0.0009765625 -0.0009765625
