0  0.7177734375 0.3938802083333333 0.1484375 0.23046875 0.6686318359375 0.3600729166666667 0.724853515625 0.36872265624999995 0.6805244140625 0.41773567708333337 0.66214453125 0.43215234374999995 0.727015625 0.4436848958333333
0  0.5439453125 0.4055989583333333 0.150390625 0.24609375 0.5260625 0.357015625 0.5921630859375 0.3709309895833333 0.5689697265625 0.4142252604166667 0.5179443359375 0.44360416666666663 0.58056640625 0.4544270833333333
0  0.2412109375 0.4921875 0.19140625 0.3020833333333333 0.2265537109375 0.43486067708333337 0.312984375 0.4499739583333333 0.2733115234375 0.5217630208333334 0.2109677734375 0.5368763020833334 0.2931474609375 0.5501015625
0  0.88818359375 0.365234375 0.0263671875 0.053385416666666664 0.8940166015625 0.3568294270833334 0.8967978515625 0.35548046875 0.9010966796875 0.3676171875 0.8967978515625 0.3790807291666667 0.8988212890625 0.3780690104166667
0  0.931640625 0.322265625 0.029296875 0.048177083333333336 0.922083984375 0.3204049479166667 0.9354599609375 0.312546875 0.933646484375 0.3249401041666667 0.93069921875 0.3391458333333333 0.9397666015625 0.3331002604166667
0  0.39306640625 0.083984375 0.0419921875 0.06640625 0.3941474609375 0.07161458333333333 0.411412109375 0.07454427083333333 0.41015625 0.08584505208333333 0.4007392578125 0.10342317708333333 0.4120400390625 0.10384114583333333
0  0.49658203125 0.09765625 0.0322265625 0.0546875 0.500208984375 0.08877473958333333 0.5117841796875 0.08911718749999999 0.514099609375 0.10180729166666667 0.5014951171875 0.11278125 0.5099833984375 0.11278125
0  0.25390625 0.022135416666666668 0.046875 0.044270833333333336 0.25401953125 0.0005703125 0.2648486328125 0.0009713541666666667 0.274173828125 0.0009713541666666667 0.2642470703125 0.020222656250000002 0.271767578125 0.021425781249999998
0  0.63916015625 0.044270833333333336 0.0126953125 0.020833333333333332 0.636365234375 0.04014322916666666 0.643083984375 0.0408125 0.6394736328125 0.046962239583333336 0.636966796875 0.050571614583333334 0.64137890625 0.05137369791666666
0  0.67626953125 0.054036458333333336 0.0166015625 0.02734375 -0.0009765625 -0.0013020833333333333 -0.0009765625 -0.0013020833333333333 -0.0009765625 -0.0013020833333333333 -0.0009765625 -0.0013020833333333333 -0.0009765625 -0.0013020833333333333
0  0.63720703125 0.279296875 0.0634765625 0.11067708333333333 -0.0009765625 -0.0013020833333333333 -0.0009765625 -0.0013020833333333333 -0.0009765625 -0.0013020833333333333 -0.0009765625 -0.0013020833333333333 -0.0009765625 -0.0013020833333333333
0  0.91259765625 0.09244791666666667 0.0126953125 0.018229166666666668 -0.0009765625 -0.0013020833333333333 -0.0009765625 -0.0013020833333333333 -0.0009765625 -0.0013020833333333333 -0.0009765625 -0.0013020833333333333 -0.0009765625 -0.0013020833333333333
0  0.87451171875 0.08463541666666667 0.0107421875 0.015625 -0.0009765625 -0.0013020833333333333 -0.0009765625 -0.0013020833333333333 -0.0009765625 -0.0013020833333333333 -0.0009765625 -0.0013020833333333333 -0.0009765625 -0.0013020833333333333
