0  0.08447265625 0.3169129720853859 0.0302734375 0.059113300492610835 0.0830771484375 0.303952380952381 0.0944130859375 0.30547783251231525 0.08987890625 0.3195812807881773 0.0819443359375 0.3302545155993432 0.0914658203125 0.3302545155993432
0  0.14013671875 0.33251231527093594 0.0322265625 0.05747126436781609 0.1341552734375 0.3228144499178982 0.14761328125 0.3253284072249589 0.1409912109375 0.3361050903119868 0.13394140625 0.3443661740558292 0.14697265625 0.3443661740558292
0  0.18310546875 0.47865353037766833 0.0302734375 0.07717569786535304 0.1744384765625 0.47013464696223317 0.1887509765625 0.47602955665024627 0.1788203125 0.488799671592775 0.1738544921875 0.4922364532019704 0.1829091796875 0.4971477832512315
0  0.2802734375 0.32348111658456485 0.029296875 0.06239737274220033 0.2734287109375 0.31590147783251227 0.28590625 0.3147142857142857 0.279314453125 0.330944170771757 0.27460546875 0.33965188834154353 0.285435546875 0.33886042692939244
0  0.40380859375 0.3464696223316913 0.0244140625 0.059113300492610835 0.3960654296875 0.3422758620689655 0.407173828125 0.3422758620689655 0.4015068359375 0.3556174055829228 0.3978798828125 0.3617175697865353 0.406041015625 0.3613366174055829
0  0.38330078125 0.5459770114942529 0.0244140625 0.07060755336617405 0.380951171875 0.5344975369458128 0.39238671875 0.5380755336617405 0.384673828125 0.5528308702791461 0.377759765625 0.5577504105090312 0.38653515625 0.5613267651888342
0  0.52978515625 0.36617405582922824 0.0244140625 0.06568144499178982 0.5235810546875 0.3599211822660099 0.537 0.3611740558292283 0.529296875 0.37412807881773397 0.52482421875 0.38123152709359603 0.5342666015625 0.3820673234811166
0  0.46240234375 0.33004926108374383 0.0244140625 0.052545155993431854 0.457009765625 0.31801313628899835 0.4674072265625 0.3190016420361248 0.461521484375 0.3325270935960591 0.4581865234375 0.34011330049261085 0.465837890625 0.34011330049261085
0  0.5078125 0.5632183908045977 0.02734375 0.06896551724137931 0.5021279296875 0.5539819376026273 0.5152060546875 0.5557405582922825 0.5068359375 0.568055829228243 0.502388671875 0.5786124794745484 0.5120673828125 0.5808111658456486
0  0.58642578125 0.3497536945812808 0.0244140625 0.05582922824302135 0.5816123046875 0.3360311986863711 0.592494140625 0.33814285714285713 0.5853798828125 0.3494022988505747 0.581822265625 0.3560870279146141 0.58935546875 0.35819868637110014
0  0.65185546875 0.4178981937602627 0.0263671875 0.05747126436781609 0.648533203125 0.4101133004926108 0.6603046875 0.41267816091954024 0.6533291015625 0.4225747126436782 0.6472255859375 0.42880623973727416 0.657470703125 0.4313711001642036
0  0.70166015625 0.3760262725779967 0.0244140625 0.04926108374384237 0.698974609375 0.36761083743842365 0.7081298828125 0.3706896551724138 0.70263671875 0.3793103448275862 0.6969609375 0.3833136288998358 0.7073974609375 0.38608374384236455
0  0.642578125 0.5796387520525451 0.02734375 0.06239737274220033 0.6392822265625 0.5716633825944171 0.6503466796875 0.5764137931034483 0.643048828125 0.5882889983579638 0.6371630859375 0.5950180623973728 0.6442265625 0.5989770114942529
0  0.7705078125 0.3587848932676519 0.025390625 0.047619047619047616 0.76389453125 0.34872742200328405 0.773904296875 0.3472249589490969 0.769078125 0.3574433497536946 0.764251953125 0.3646568144499179 0.7769423828125 0.3628538587848933
0  0.7509765625 0.5509031198686372 0.02734375 0.07389162561576355 0.7441103515625 0.5432577996715927 0.756744140625 0.5432577996715927 0.7490537109375 0.5561888341543514 0.743560546875 0.5677339901477833 0.7561953125 0.5677339901477833
0  0.8427734375 0.37110016420361247 0.025390625 0.059113300492610835 0.8352578125 0.3646206896551724 0.8468193359375 0.3669064039408867 0.8400185546875 0.3749113300492611 0.836390625 0.38406075533661743 0.845685546875 0.38520361247947454
0  0.890625 0.5665024630541872 0.029296875 0.06896551724137931 0.8833359375 0.5585862068965517 0.89719921875 0.5634236453201971 0.8890908203125 0.5739802955665024 0.8833359375 0.5832167487684728 0.893013671875 0.5840952380952381
0  0.9228515625 0.47865353037766833 0.02734375 0.060755336617405585 0.917873046875 0.4695205254515599 0.9305859375 0.4754581280788177 0.921404296875 0.48456157635467983 0.9166953125 0.49168801313628896 0.9237587890625 0.49604105090311984
