0  0.11328125 0.2611464968152866 0.021484375 0.03503184713375796 0.109375 0.2484076433121019 0.1190009765625 0.24817993630573248 0.1137001953125 0.25454936305732484 0.109654296875 0.263421974522293 0.1171875 0.263421974522293
0  0.17236328125 0.23885350318471338 0.0185546875 0.041401273885350316 0.167724609375 0.23669267515923567 0.1768359375 0.23804299363057327 0.1717001953125 0.24344585987261144 0.1672275390625 0.2507388535031847 0.1765048828125 0.252359872611465
0  0.19677734375 0.24601910828025478 0.0185546875 0.03343949044585987 0.1926396484375 0.23632324840764332 0.2012900390625 0.23896656050955414 0.196830078125 0.24601910828025478 0.1908828125 0.25218949044585987 0.201154296875 0.2537324840764331
0  0.2353515625 0.25477707006369427 0.017578125 0.04777070063694268 0.2289384765625 0.2490907643312102 0.2392490234375 0.2500063694267516 0.2341875 0.25826114649681525 0.2300634765625 0.2659028662420382 0.2386865234375 0.26620859872611463
0  0.26171875 0.2484076433121019 0.017578125 0.04777070063694268 0.2582314453125 0.24272133757961784 0.2666669921875 0.2442484076433121 0.26179296875 0.25128025477707006 0.2576689453125 0.25647611464968156 0.2655419921875 0.2580047770700637
0  0.29150390625 0.26831210191082805 0.0205078125 0.04936305732484077 0.2863291015625 0.2633566878980892 0.2957021484375 0.2648853503184714 0.290640625 0.27558439490445863 0.2859541015625 0.27955732484076434 0.2949521484375 0.2807802547770701
0  0.32373046875 0.25398089171974525 0.0146484375 0.04617834394904458 0.3233642578125 0.24870700636942672 0.3306884765625 0.2499012738853503 0.32940625 0.259156050955414 0.323181640625 0.2669187898089172 0.3299560546875 0.26662101910828023
0  0.35009765625 0.24044585987261147 0.0185546875 0.03821656050955414 0.345607421875 0.23426114649681531 0.35272265625 0.2345031847133758 0.349609375 0.24344585987261144 0.3463486328125 0.2490047770700637 0.35272265625 0.2490047770700637
0  0.3798828125 0.267515923566879 0.01953125 0.04777070063694268 0.3753447265625 0.2624394904458599 0.3847177734375 0.26366242038216564 0.38134375 0.2728328025477707 0.37628125 0.27894745222929934 0.3824677734375 0.27955732484076434
0  0.4013671875 0.25079617834394907 0.01953125 0.04617834394904458 0.397125 0.24920382165605096 0.4062412109375 0.2506608280254777 0.401236328125 0.25736464968152867 0.3965888671875 0.2623200636942675 0.404275390625 0.2634856687898089
0  0.42138671875 0.22452229299363058 0.0166015625 0.041401273885350316 0.41560546875 0.219390127388535 0.4237236328125 0.22020063694267517 0.41925 0.22587261146496818 0.41560546875 0.22992515923566878 0.4227294921875 0.2301942675159236
0  0.443359375 0.26910828025477707 0.021484375 0.041401273885350316 0.436576171875 0.2609474522292994 0.447060546875 0.2612101910828025 0.442060546875 0.27067993630573245 0.4368984375 0.27593949044585986 0.447060546875 0.27593949044585986
0  0.47119140625 0.22372611464968153 0.0146484375 0.03343949044585987 0.4682177734375 0.2204203821656051 0.4761923828125 0.2204203821656051 0.4718671875 0.2265907643312102 0.4687587890625 0.23077866242038217 0.474705078125 0.23099840764331211
0  0.49365234375 0.20780254777070065 0.0185546875 0.04617834394904458 0.48846484375 0.20312420382165605 0.497802734375 0.20461783439490447 0.4930419921875 0.2126783439490446 0.487 0.2171576433121019 0.49725390625 0.21864968152866243
0  0.5205078125 0.24761146496815287 0.01953125 0.04936305732484077 0.515119140625 0.24243630573248406 0.5245185546875 0.24431369426751592 0.5179970703125 0.2533837579617834 0.51416015625 0.2590143312101911 0.522408203125 0.26151592356687897
0  0.568359375 0.2269108280254777 0.017578125 0.04617834394904458 0.562927734375 0.22044267515923566 0.57244921875 0.21894904458598727 0.5682373046875 0.2243232484076433 0.5647578125 0.23507165605095542 0.572814453125 0.23357961783439488
0  0.189453125 0.38296178343949044 0.0234375 0.04617834394904458 0.1813359375 0.3782834394904459 0.1910400390625 0.37679140127388533 0.186095703125 0.38843630573248406 0.1822509765625 0.3956019108280255 0.19158984375 0.3956019108280255
0  0.25439453125 0.3877388535031847 0.0224609375 0.04936305732484077 0.24853515625 0.38131210191082804 0.258509765625 0.3844410828025478 0.2533310546875 0.38975796178343947 0.2489189453125 0.398828025477707 0.256400390625 0.4003917197452229
0  0.3466796875 0.43312101910828027 0.0234375 0.04777070063694268 0.3407548828125 0.425906050955414 0.3523779296875 0.42682324840764335 0.34637890625 0.4399665605095541 0.3416923828125 0.44516242038216564 0.3516279296875 0.4445525477707006
0  0.41943359375 0.4036624203821656 0.0205078125 0.04617834394904458 0.414306640625 0.3980891719745223 0.42401171875 0.39898407643312106 0.4196171875 0.4091369426751592 0.41357421875 0.4130175159235669 0.4227294921875 0.4127197452229299
0  0.47998046875 0.39729299363057324 0.0205078125 0.04617834394904458 0.47509765625 0.3914203821656051 0.4849853515625 0.3914203821656051 0.480408203125 0.40067675159235666 0.4769287109375 0.4096337579617834 0.4840703125 0.40903662420382164
0  0.53955078125 0.3964968152866242 0.0205078125 0.04777070063694268 0.533935546875 0.3877388535031847 0.542724609375 0.3892324840764331 0.53778125 0.3984872611464968 0.532287109375 0.40326433121019106 0.5423583984375 0.40505573248407645
0  0.2060546875 0.5015923566878981 0.025390625 0.054140127388535034 0.1990048828125 0.4941783439490446 0.2120361328125 0.4941783439490446 0.2052001953125 0.5081114649681528 0.1994326171875 0.5136847133757961 0.211822265625 0.5147292993630573
0  0.30078125 0.49761146496815284 0.0234375 0.0589171974522293 0.2952099609375 0.4908296178343949 0.30630078125 0.4927133757961783 0.2984443359375 0.5013789808917197 0.2938232421875 0.5089140127388535 0.3023720703125 0.5100445859872611
0  0.4072265625 0.5031847133757962 0.025390625 0.05732484076433121 0.400390625 0.49522292993630573 0.4140625 0.49522292993630573 0.4072265625 0.5031847133757962 0.4013671875 0.5127388535031847 0.412109375 0.5159235668789809
0  0.53076171875 0.5079617834394905 0.0244140625 0.06050955414012739 0.523228515625 0.5052738853503185 0.5354697265625 0.5052738853503185 0.52911328125 0.5148710191082803 0.5262890625 0.5229331210191083 0.5349990234375 0.5225493630573248
0  0.59716796875 0.25398089171974525 0.0185546875 0.04936305732484077 0.592267578125 0.2469283439490446 0.6014755859375 0.24724203821656052 0.59687109375 0.256 0.592267578125 0.2619426751592357 0.60205078125 0.26225477707006367
0  0.61376953125 0.22054140127388536 0.0146484375 0.042993630573248405 0.60941015625 0.22088216560509555 0.617955078125 0.22003025477707006 0.6141181640625 0.2254315286624204 0.6108046875 0.2348152866242038 0.6170830078125 0.2342468152866242
0  0.6455078125 0.2340764331210191 0.015625 0.03503184713375796 0.6420546875 0.22952707006369427 0.650255859375 0.22718152866242036 0.647234375 0.23586146496815288 0.6430625 0.2426640127388535 0.6512626953125 0.2398487261146497
0  0.6650390625 0.25398089171974525 0.01953125 0.042993630573248405 0.6604921875 0.2473264331210191 0.670353515625 0.2464952229299363 0.664572265625 0.25703025477707003 0.6594716796875 0.262297770700637 0.6689931640625 0.26202070063694266
0  0.59619140625 0.4211783439490446 0.0205078125 0.03980891719745223 0.589447265625 0.4161019108280255 0.601501953125 0.414609872611465 0.5950927734375 0.42456210191082805 0.591125 0.43227547770700636 0.600890625 0.43177707006369426
0  0.64208984375 0.5079617834394905 0.0244140625 0.054140127388535034 0.6368408203125 0.4981082802547771 0.648376953125 0.4977611464968153 0.6430361328125 0.5071656050955414 0.637267578125 0.5162229299363057 0.6481630859375 0.5162229299363057
0  0.66015625 0.3638535031847134 0.0234375 0.04936305732484077 0.656302734375 0.3574267515923567 0.66646875 0.35930414012738854 0.6605224609375 0.369 0.6541923828125 0.3718152866242038 0.66646875 0.37306687898089175
0  0.70703125 0.2372611464968153 0.017578125 0.03503184713375796 0.703125 0.23635191082802548 0.7120537109375 0.23384872611464969 0.7084267578125 0.24112898089171975 0.706333984375 0.24886305732484076 0.7124716796875 0.24704299363057325
0  0.72802734375 0.25 0.0244140625 0.044585987261146494 0.7223076171875 0.24203821656050956 0.7339912109375 0.24146974522292994 0.728759765625 0.24829458598726115 0.723876953125 0.25739331210191085 0.7339912109375 0.25653980891719746
0  0.802734375 0.25477707006369427 0.01953125 0.03821656050955414 0.7988583984375 0.24527229299363057 0.80648828125 0.24601910828025478 0.8034365234375 0.25572292993630574 0.7973330078125 0.2636847133757962 0.80679296875 0.2636847133757962
0  0.8359375 0.2659235668789809 0.01953125 0.03821656050955414 0.831447265625 0.2602229299363057 0.8400439453125 0.2594968152866242 0.8361904296875 0.26578184713375796 0.831595703125 0.27254936305732486 0.8400439453125 0.2720652866242038
0  0.89794921875 0.285828025477707 0.0244140625 0.04617834394904458 0.8897705078125 0.2718949044585987 0.90057421875 0.2718949044585987 0.89471484375 0.28533121019108276 0.892333984375 0.2966751592356688 0.899474609375 0.2966751592356688
0  0.76611328125 0.4171974522292994 0.0224609375 0.044585987261146494 0.7610908203125 0.40906528662420377 0.7708564453125 0.40991878980891716 0.7661484375 0.42129140127388537 0.7610908203125 0.42754777070063693 0.77103125 0.4278328025477707
0  0.859375 0.45143312101910826 0.021484375 0.042993630573248405 0.8536162109375 0.44401910828025476 0.86466796875 0.44346496815286623 0.8592265625 0.4556624203821656 0.8549765625 0.46120700636942674 0.8631376953125 0.4609299363057325
