0  0.91259765625 0.0703125 0.0322265625 0.07465277777777778 0.8990654296875 0.06479340277777777 0.90351171875 0.05874826388888889 0.8995888671875 0.08106944444444444 0.907173828125 0.09362673611111111 0.9108359375 0.08851041666666666
0  0.8935546875 0.17100694444444445 0.029296875 0.0642361111111111 0.8817314453125 0.1657048611111111 0.8873984375 0.16086979166666668 0.88014453125 0.1798107638888889 0.889212890625 0.18746875 0.890119140625 0.18787152777777777
0  0.82177734375 0.4088541666666667 0.0146484375 0.03298611111111111 0.8204345703125 0.4040798611111111 0.8267822265625 0.404296875 0.8238525390625 0.4123263888888889 0.820068359375 0.4175347222222222 0.8245849609375 0.4175347222222222
0  0.85595703125 0.3810763888888889 0.0126953125 0.029513888888888888 0.8521201171875 0.37797569444444445 0.8575615234375 0.37797569444444445 0.854212890625 0.3841145833333333 0.8531669921875 0.3893229166666667 0.8557822265625 0.38969444444444445
0  0.71142578125 0.3723958333333333 0.0185546875 0.043402777777777776 0.7137626953125 0.3676215277777778 0.7194130859375 0.37069097222222225 0.718314453125 0.3787829861111111 0.7132919921875 0.3846423611111111 0.716744140625 0.3849201388888889
0  0.54833984375 0.3663194444444444 0.0263671875 0.059027777777777776 0.538025390625 0.36013541666666665 0.546783203125 0.35367881944444446 0.5395205078125 0.368109375 0.54315234375 0.3833003472222222 0.5493466796875 0.37874305555555554
0  0.41943359375 0.3854166666666667 0.0185546875 0.04513888888888889 0.4174931640625 0.3770920138888889 0.4242685546875 0.3770920138888889 0.4223330078125 0.3845486111111111 0.4184609375 0.39372569444444444 0.4239462890625 0.3940121527777778
0  0.46826171875 0.4652777777777778 0.0146484375 0.034722222222222224 0.464599609375 0.4626736111111111 0.471435546875 0.4602864583333333 0.4669189453125 0.4683159722222222 0.4669189453125 0.4780815972222222 0.4725341796875 0.4761284722222222
0  0.27783203125 0.21875 0.0322265625 0.0798611111111111 0.2802734375 0.2152777777777778 0.2919921875 0.21006944444444445 0.291015625 0.22743055555555555 0.283203125 0.24479166666666666 0.2919921875 0.23958333333333334
0  0.0576171875 0.5243055555555556 0.015625 0.03819444444444445 0.05712890625 0.5188732638888889 0.06348046875 0.5183923611111111 0.0614541015625 0.5270416666666667 0.05848046875 0.5332881944444444 0.0622646484375 0.5335277777777778
0  0.08447265625 0.5112847222222222 0.0146484375 0.03298611111111111 0.082275390625 0.5056423611111112 0.0880126953125 0.5054253472222222 0.0859375 0.5125868055555556 0.0830078125 0.5203993055555556 0.0875244140625 0.5203993055555556
