0  0.552734375 0.24489795918367346 0.0234375 0.04081632653061224 0.5472236328125 0.24307580174927113 0.5575126953125 0.24125364431486881 0.5528037109375 0.24932361516034984 0.54931640625 0.2573921282798834 0.5575126953125 0.25583090379008744
0  0.5439453125 0.37026239067055394 0.0234375 0.04956268221574344 0.5379462890625 0.3634941690962099 0.5509208984375 0.3663061224489796 0.54443359375 0.37442711370262394 0.53857421875 0.381298833819242 0.549037109375 0.3819241982507289
0  0.666015625 0.5335276967930029 0.02734375 0.052478134110787174 0.65974609375 0.5268250728862973 0.672197265625 0.5281516034985423 0.66552734375 0.5384416909620992 0.661302734375 0.547402332361516 0.6693076171875 0.547402332361516
0  0.5595703125 0.5182215743440233 0.02734375 0.05102040816326531 0.5517451171875 0.5135743440233236 0.565751953125 0.5105874635568513 0.5581923828125 0.5235320699708454 0.5535234375 0.5308338192419825 0.5655302734375 0.5285102040816326
0  0.47265625 0.36370262390670555 0.0234375 0.04518950437317784 0.46559765625 0.35873032069970845 0.4775654296875 0.35960932944606416 0.4722685546875 0.3681020408163265 0.4683447265625 0.3748367346938775 0.4754072265625 0.3748367346938775
0  0.4580078125 0.49489795918367346 0.02734375 0.05102040816326531 0.4515380859375 0.48833819241982507 0.4635009765625 0.4892944606413994 0.457091796875 0.4991807580174927 0.4532470703125 0.5081078717201166 0.4609375 0.5081078717201166
0  0.35400390625 0.5145772594752187 0.0263671875 0.04956268221574344 0.34912109375 0.50832944606414 0.3597939453125 0.5080174927113703 0.353724609375 0.5183250728862974 0.34912109375 0.5264475218658892 0.359166015625 0.5270714285714286
0  0.4833984375 0.23396501457725946 0.021484375 0.04227405247813411 0.4779052734375 0.22957288629737607 0.488451171875 0.2293061224489796 0.4841611328125 0.23597521865889212 0.4796923828125 0.24531486880466472 0.487021484375 0.2455816326530612
0  0.32666015625 0.24198250728862974 0.0224609375 0.04081632653061224 0.321572265625 0.2396530612244898 0.3310458984375 0.2393862973760933 0.3272919921875 0.24552332361516035 0.3235390625 0.25379446064139943 0.3324755859375 0.2527274052478134
0  0.4013671875 0.24271137026239067 0.021484375 0.04227405247813411 -0.0009765625 -0.0014577259475218659 -0.0009765625 -0.0014577259475218659 -0.0009765625 -0.0014577259475218659 -0.0009765625 -0.0014577259475218659 -0.0009765625 -0.0014577259475218659
0  0.3984375 0.36443148688046645 0.0234375 0.043731778425655975 0.3924560546875 0.35814577259475217 0.403625 0.35841836734693877 0.3990478515625 0.36607142857142855 0.3948359375 0.3737244897959184 0.401794921875 0.37427113702623904
0  0.30712890625 0.35787172011661805 0.0244140625 0.048104956268221574 -0.0009765625 -0.0014577259475218659 -0.0009765625 -0.0014577259475218659 -0.0009765625 -0.0014577259475218659 -0.0009765625 -0.0014577259475218659 -0.0009765625 -0.0014577259475218659
0  0.22509765625 0.3651603498542274 0.0244140625 0.04518950437317784 0.219705078125 0.3590174927113703 0.229513671875 0.35872448979591837 0.224609375 0.37190233236151604 0.2212744140625 0.3777594752186588 0.22990625 0.377466472303207
0  0.1591796875 0.3629737609329446 0.0234375 0.04664723032069971 0.1529013671875 0.3566807580174927 0.1638876953125 0.3566807580174927 0.158787109375 0.3666370262390671 0.1550595703125 0.37337317784256563 0.1627109375 0.37366618075801744
0  0.15771484375 0.24416909620991253 0.0224609375 0.04518950437317784 0.1551640625 0.24006997084548104 0.1636005859375 0.24006997084548104 0.1606572265625 0.2491472303206997 0.156341796875 0.2570539358600583 0.16301171875 0.25676093294460645
0  0.2509765625 0.24125364431486881 0.021484375 0.04227405247813411 0.2476279296875 0.23751895043731777 0.2571015625 0.2380524781341108 0.2533486328125 0.24712390670553933 0.24905859375 0.2535276967930029 0.2565654296875 0.25379446064139943
0  0.25439453125 0.521865889212828 0.0283203125 0.04956268221574344 0.24786328125 0.518768221574344 0.2581171875 0.5171734693877551 0.2536318359375 0.5280160349854227 0.25 0.5366253644314869 0.2587587890625 0.5353498542274052
0  0.88134765625 0.26895043731778423 0.0263671875 0.048104956268221574 0.8749169921875 0.26565743440233236 0.8870068359375 0.26535131195335276 0.8802451171875 0.27330466472303205 0.8751220703125 0.28064431486880465 0.88577734375 0.28095043731778424
0  0.74658203125 0.3892128279883382 0.0244140625 0.04956268221574344 0.7401123046875 0.38529446064139944 0.751220703125 0.38306268221574347 0.745453125 0.3932667638483965 0.74267578125 0.40155830903790085 0.7516484375 0.40028279883381923
0  0.689453125 0.3782798833819242 0.0234375 0.03935860058309038 -0.0009765625 -0.0014577259475218659 -0.0009765625 -0.0014577259475218659 -0.0009765625 -0.0014577259475218659 -0.0009765625 -0.0014577259475218659 -0.0009765625 -0.0014577259475218659
0  0.70849609375 0.260932944606414 0.0224609375 0.04081632653061224 0.7026455078125 0.256201166180758 0.7130126953125 0.25460058309037903 0.707650390625 0.2610043731778426 0.705505859375 0.27087609329446066 0.711404296875 0.27087609329446066
0  0.78955078125 0.2478134110787172 0.0244140625 0.04956268221574344 0.7833427734375 0.24375218658892128 0.7940146484375 0.24375218658892128 0.7889931640625 0.2549985422740525 0.78271484375 0.260932944606414 0.794224609375 0.2615583090379009
0  0.62744140625 0.2536443148688047 0.0224609375 0.04081632653061224 0.6219482421875 0.24837900874635568 0.632494140625 0.24757871720116617 0.6264169921875 0.25584985422740525 0.623556640625 0.2635874635568513 0.6299921875 0.26332069970845484
0  0.61865234375 0.3782798833819242 0.0224609375 0.048104956268221574 0.6146025390625 0.3724679300291545 0.6234130859375 0.373997084548105 0.6199296875 0.38470262390670557 0.613373046875 0.3914314868804665 0.6234130859375 0.39204373177842566
