0  0.2470703125 0.20442708333333334 0.044921875 0.08854166666666667 0.23779296875 0.19363802083333334 0.25830078125 0.1953125 0.247837890625 0.21316927083333334 0.23779296875 0.22433072916666666 0.25537109375 0.22712109375
0  0.392578125 0.22786458333333334 0.044921875 0.08333333333333333 0.38473046875 0.2129609375 0.402779296875 0.21452994791666666 0.39336328125 0.23022395833333334 0.384337890625 0.24539583333333334 0.4023876953125 0.24435026041666666
0  0.12109375 0.5436197916666666 0.048828125 0.08463541666666667 0.1092880859375 0.53173828125 0.13255078125 0.5328072916666667 0.1193154296875 0.55419921875 0.110892578125 0.5654296875 0.129341796875 0.56596484375
0  0.26611328125 0.5143229166666666 0.0458984375 0.08072916666666667 0.2547783203125 0.5022786458333334 0.2754951171875 0.5033020833333334 0.2636025390625 0.5206940104166666 0.2566962890625 0.5329700520833334 0.2739609375 0.5324596354166666
0  0.53759765625 0.185546875 0.0458984375 0.07942708333333333 0.528115234375 0.17189192708333334 0.5478388671875 0.1729036458333333 0.53759765625 0.18807552083333334 0.5307705078125 0.20375260416666666 0.5448037109375 0.20425911458333335
0  0.6982421875 0.24934895833333334 0.04296875 0.07942708333333333 0.6884765625 0.23958333333333334 0.70703125 0.23958333333333334 0.697265625 0.2565104166666667 0.6904296875 0.2708333333333333 0.7041015625 0.2708333333333333
0  0.85546875 0.23567708333333334 0.04296875 0.08333333333333333 0.8451708984375 0.22181901041666666 0.865966796875 0.22286588541666666 0.854587890625 0.23803645833333334 0.848310546875 0.25268489583333337 0.8600810546875 0.25268489583333337
0  0.87060546875 0.541015625 0.0498046875 0.08463541666666667 0.8560791015625 0.53073828125 0.87773828125 0.53073828125 0.865705078125 0.5553385416666666 0.8596884765625 0.56389453125 0.8753310546875 0.5633606770833334
0  0.7431640625 0.548828125 0.04296875 0.08203125 0.732587890625 0.539515625 0.75198828125 0.5400338541666666 0.7422880859375 0.55451953125 0.732587890625 0.5684869791666667 0.75082421875 0.5695221354166666
0  0.59912109375 0.494140625 0.0439453125 0.08463541666666667 0.589896484375 0.48332812500000005 0.6103515625 0.4827942708333333 0.6007255859375 0.5009765625 0.5906982421875 0.5154153645833334 0.6079453125 0.5154153645833334
0  0.4345703125 0.5286458333333334 0.04296875 0.078125 0.424076171875 0.517125 0.443716796875 0.5166302083333333 0.43408203125 0.5339244791666666 0.4262998046875 0.5477591145833333 0.4414931640625 0.5472643229166666
