0  0.8427734375 0.25 0.0390625 0.07771260997067449 0.832013671875 0.24327126099706745 0.84791796875 0.24177859237536656 0.8379775390625 0.26018475073313785 0.832013671875 0.27262316715542523 0.846923828125 0.27262316715542523
0  0.9453125 0.49266862170087977 0.005859375 0.01466275659824047 -0.0009765625 -0.001466275659824047 -0.0009765625 -0.001466275659824047 -0.0009765625 -0.001466275659824047 -0.0009765625 -0.001466275659824047 -0.0009765625 -0.001466275659824047
0  0.14697265625 0.2602639296187683 0.0380859375 0.0718475073313783 0.139587890625 0.25174193548387097 0.15606640625 0.25128299120234604 0.147216796875 0.2659457478005865 0.139892578125 0.2796920821114369 0.15606640625 0.2801495601173021
0  0.2646484375 0.26392961876832843 0.037109375 0.07038123167155426 0.25676171875 0.254425219941349 0.2716591796875 0.2517932551319648 0.2646484375 0.2671436950146628 0.25822265625 0.2829325513196481 0.273119140625 0.2811774193548387
0  0.39111328125 0.24486803519061584 0.0341796875 0.07624633431085044 0.3844951171875 0.23518035190615835 0.4003037109375 0.2346950146627566 0.392560546875 0.25164956011730205 0.3857861328125 0.2661818181818182 0.3993359375 0.26569648093841647
0  0.205078125 0.5593841642228738 0.037109375 0.07771260997067449 0.19910546875 0.5484780058651026 0.215880859375 0.5494472140762463 0.2084609375 0.5649486803519062 0.2003955078125 0.5809325513196482 0.2129775390625 0.5809325513196482
0  0.39404296875 0.5513196480938416 0.0380859375 0.07331378299120235 0.3859951171875 0.5431510263929619 0.4027099609375 0.5431510263929619 0.39404296875 0.5584868035190615 0.3859951171875 0.5710351906158359 0.4014716796875 0.5724296187683284
0  0.49658203125 0.24120234604105573 0.0361328125 0.08357771260997067 0.4889091796875 0.234708211143695 0.5035576171875 0.234708211143695 0.497279296875 0.25094281524926687 0.4878623046875 0.2656055718475073 0.5059990234375 0.2661290322580645
0  0.5986328125 0.2375366568914956 0.0390625 0.07624633431085044 0.5914609375 0.23011436950146627 0.6070556640625 0.229158357771261 0.6000537109375 0.24158211143695013 0.592416015625 0.25926246334310854 0.6061005859375 0.25687390029325513
0  0.72412109375 0.21994134897360704 0.0380859375 0.07917888563049853 0.715240234375 0.21114369501466276 0.735046875 0.2091275659824047 0.7246396484375 0.22777712609970674 0.71893359375 0.24289736070381232 0.732361328125 0.24189002932551318
0  0.58154296875 0.5535190615835777 0.0380859375 0.08357771260997067 0.5722265625 0.5498079178885631 0.5895302734375 0.5492771260997068 0.5817607421875 0.5673049853372434 0.5746982421875 0.5816202346041056 0.5891767578125 0.5816202346041056
0  0.7646484375 0.5740469208211144 0.0390625 0.0718475073313783 0.7545341796875 0.5653533724340176 0.7725830078125 0.5653533724340176 0.76295703125 0.5820659824046921 0.7560380859375 0.5942609970674487 0.7692744140625 0.5947126099706744
