0  0.068359375 0.3001302083333333 0.025390625 0.045572916666666664 0.0636767578125 0.29395703125 0.0771923828125 0.2945377604166667 0.0710888671875 0.30151302083333337 0.0643310546875 0.3105234375 0.0754482421875 0.31081380208333337
0  0.07568359375 0.3209635416666667 0.0146484375 0.029947916666666668 -0.0009765625 -0.0013020833333333333 -0.0009765625 -0.0013020833333333333 -0.0009765625 -0.0013020833333333333 -0.0009765625 -0.0013020833333333333 -0.0009765625 -0.0013020833333333333
0  0.1103515625 0.33203125 0.0234375 0.044270833333333336 0.1062314453125 0.3234049479166667 0.117767578125 0.3234049479166667 0.1117861328125 0.32995572916666666 0.1079404296875 0.3399244791666667 0.114990234375 0.34020963541666666
0  0.01318359375 0.375 0.0263671875 0.0546875 0.0073935546875 0.3685885416666667 0.0194833984375 0.37338932291666665 0.014595703125 0.3795625 0.0066220703125 0.386765625 0.0143388671875 0.39088020833333337
0  0.0126953125 0.4576822916666667 0.025390625 0.061197916666666664 0.005841796875 0.453078125 0.0203681640625 0.4542643229166667 0.015625 0.4649361979166667 0.005841796875 0.4740286458333333 0.0174033203125 0.47600390625000005
0  0.03125 0.45703125 0.0234375 0.052083333333333336 0.0341796875 0.4482421875 0.041015625 0.447265625 0.04248046875 0.4586588541666667 0.033447265625 0.4700520833333333 0.038330078125 0.4694010416666667
0  0.05419921875 0.4388020833333333 0.0185546875 0.033854166666666664 -0.0009765625 -0.0013020833333333333 -0.0009765625 -0.0013020833333333333 -0.0009765625 -0.0013020833333333333 -0.0009765625 -0.0013020833333333333 -0.0009765625 -0.0013020833333333333
0  0.17236328125 0.5846354166666666 0.0341796875 0.057291666666666664 0.1699521484375 0.5755611979166667 0.185607421875 0.5755611979166667 0.1823125 0.58837890625 0.173248046875 0.5986328125 0.1825869140625 0.5986328125
0  0.16357421875 0.369140625 0.0283203125 0.048177083333333336 0.1649697265625 0.3631536458333333 0.1736796875 0.36283984375 0.171796875 0.37225651041666663 0.16567578125 0.38261458333333337 0.1736796875 0.3829283854166667
0  0.1923828125 0.3391927083333333 0.0234375 0.04296875 0.1930107421875 0.3360299479166667 0.2030556640625 0.3368671875 0.2005439453125 0.3441223958333333 0.193638671875 0.3524921875 0.2020087890625 0.35277213541666663
0  0.2216796875 0.37890625 0.02734375 0.046875 0.2202587890625 0.3729192708333333 0.230263671875 0.37469791666666663 0.227595703125 0.38507421875000003 0.2200361328125 0.393078125 0.230041015625 0.39278125
0  0.26123046875 0.3841145833333333 0.0263671875 0.044270833333333336 0.2620849609375 0.37805208333333334 0.27084375 0.38089973958333334 0.269134765625 0.38773567708333334 0.2603759765625 0.3937174479166667 0.2678525390625 0.3971354166666667
0  0.2998046875 0.4016927083333333 0.017578125 0.037760416666666664 -0.0009765625 -0.0013020833333333333 -0.0009765625 -0.0013020833333333333 -0.0009765625 -0.0013020833333333333 -0.0009765625 -0.0013020833333333333 -0.0009765625 -0.0013020833333333333
0  0.28271484375 0.4108072916666667 0.0185546875 0.03515625 0.28173828125 0.40595963541666663 0.288033203125 0.4108190104166667 0.2838916015625 0.4165625 0.27809375 0.419875 0.2822353515625 0.4227473958333334
0  0.2958984375 0.22591145833333334 0.0546875 0.053385416666666664 0.2862021484375 0.22684114583333334 0.2865517578125 0.22637630208333334 0.2921318359375 0.25148828125 0.3081748046875 0.24265234375 0.3085244140625 0.24172265625
0  0.46337890625 0.4029947916666667 0.0185546875 0.032552083333333336 0.4622626953125 0.3973216145833333 0.4701103515625 0.39836718750000005 0.4665 0.4050638020833333 0.4613212890625 0.4105052083333333 0.4680703125 0.41071484374999995
0  0.50732421875 0.3815104166666667 0.0185546875 0.028645833333333332 0.508091796875 0.3768606770833333 0.5152060546875 0.37834765625000005 0.5118583984375 0.3831848958333333 0.5076728515625 0.3880208333333333 0.512416015625 0.3893229166666667
0  0.5517578125 0.4466145833333333 0.017578125 0.026041666666666668 0.5513955078125 0.4427604166666667 0.5584755859375 0.4429296875 0.5558212890625 0.4476497395833334 0.55228125 0.4530442708333333 0.5589814453125 0.45270703124999995
0  0.568359375 0.4537760416666667 0.013671875 0.022135416666666668 0.567216796875 0.45043359374999997 0.572994140625 0.4510143229166667 0.570595703125 0.4546484375 0.5680888671875 0.45900781249999995 0.5720126953125 0.45944401041666666
0  0.57666015625 0.4010416666666667 0.0146484375 0.028645833333333332 0.5746025390625 0.3978671875 0.5802783203125 0.39840885416666666 0.5773056640625 0.40309375000000003 0.5739267578125 0.4068776041666667 0.5794677734375 0.4068776041666667
0  0.5888671875 0.3776041666666667 0.01171875 0.0234375 0.5859638671875 0.3750924479166667 0.5920849609375 0.375546875 0.58868359375 0.37856901041666663 0.5866435546875 0.38310286458333337 0.591404296875 0.38325390625
0  0.72998046875 0.4134114583333333 0.0087890625 0.022135416666666668 0.7265498046875 0.4083307291666667 0.731671875 0.4094934895833333 0.7287294921875 0.41457942708333334 0.726767578125 0.419375 0.7307998046875 0.4202473958333333
0  0.76025390625 0.3912760416666667 0.0126953125 0.022135416666666668 0.758580078125 0.3883932291666667 0.764439453125 0.38825390624999995 0.76171875 0.3922994791666667 0.7587890625 0.3982981770833333 0.76558984375 0.39885546875000005
0  0.77490234375 0.39453125 0.0166015625 0.028645833333333332 0.7727919921875 0.38847395833333337 0.780630859375 0.38775390625 0.77779296875 0.39424088541666663 0.7734677734375 0.40072786458333337 0.7796845703125 0.40072786458333337
0  0.81494140625 0.4251302083333333 0.0126953125 0.01953125 0.8150419921875 0.42419401041666666 0.819353515625 0.4251302083333333 0.817849609375 0.429140625 0.813236328125 0.4326171875 0.8156435546875 0.43355338541666666
0  0.8134765625 0.455078125 0.009765625 0.01953125 0.811828125 0.4545546875 0.816240234375 0.4548111979166667 0.8138427734375 0.4580078125 0.81163671875 0.46171614583333337 0.814994140625 0.46197265625
0  0.83447265625 0.4322916666666667 0.0107421875 0.015625 -0.0009765625 -0.0013020833333333333 -0.0009765625 -0.0013020833333333333 -0.0009765625 -0.0013020833333333333 -0.0009765625 -0.0013020833333333333 -0.0009765625 -0.0013020833333333333
0  0.84521484375 0.4212239583333333 0.0126953125 0.01953125 0.8440546875 0.41852734374999995 0.8489462890625 0.4201888020833333 0.846548828125 0.4231302083333333 0.843767578125 0.4255598958333333 0.8470283203125 0.42709505208333337
0  0.85986328125 0.4401041666666667 0.0107421875 0.018229166666666668 0.8594619140625 0.4381276041666667 0.8636474609375 0.4408020833333333 0.86103125 0.44289453124999995 0.8570205078125 0.4439401041666667 0.859810546875 0.44673046875
0  0.86181640625 0.4192708333333333 0.0126953125 0.020833333333333332 0.861119140625 0.4178763020833333 0.8663505859375 0.4182942708333333 0.8643623046875 0.4227591145833333 0.862060546875 0.4273619791666667 0.8654091796875 0.4276419270833333
0  0.6904296875 0.19596354166666666 0.048828125 0.07161458333333333 0.6889208984375 0.17898958333333334 0.708984375 0.1826171875 0.7015029296875 0.19984635416666666 0.686201171875 0.21254166666666666 0.70286328125 0.21480859375000003
0  0.02294921875 0.3177083333333333 0.0244140625 0.046875 0.0202373046875 0.3123138020833333 0.0313544921875 0.31201692708333334 0.0286865234375 0.3191328125 0.021349609375 0.3301015625 0.031798828125 0.32980468749999997
0  0.8837890625 0.421875 0.01171875 0.018229166666666668 0.88201953125 0.41866015625 0.88687109375 0.4192708333333333 0.884125 0.4226888020833333 0.881744140625 0.4251302083333333 0.88540625 0.42574088541666666
0  0.87353515625 0.453125 0.0087890625 0.015625 -0.0009765625 -0.0013020833333333333 -0.0009765625 -0.0013020833333333333 -0.0009765625 -0.0013020833333333333 -0.0009765625 -0.0013020833333333333 -0.0009765625 -0.0013020833333333333
0  0.8984375 0.427734375 0.01171875 0.016927083333333332 0.8982021484375 0.4254088541666667 0.9029892578125 0.425828125 0.9009482421875 0.42917578125000005 0.8984375 0.43179166666666663 0.9018115234375 0.4322109375
0  0.8984375 0.4635416666666667 0.009765625 0.013020833333333334 0.8983681640625 0.4615885416666667 0.9012275390625 0.46344921874999995 0.899693359375 0.4659596354166667 0.8975302734375 0.4676341145833333 0.8994833984375 0.4683776041666667
0  0.91357421875 0.4192708333333333 0.0107421875 0.015625 -0.0009765625 -0.0013020833333333333 -0.0009765625 -0.0013020833333333333 -0.0009765625 -0.0013020833333333333 -0.0009765625 -0.0013020833333333333 -0.0009765625 -0.0013020833333333333
0  0.93359375 0.4166666666666667 0.0078125 0.015625 -0.0009765625 -0.0013020833333333333 -0.0009765625 -0.0013020833333333333 -0.0009765625 -0.0013020833333333333 -0.0009765625 -0.0013020833333333333 -0.0009765625 -0.0013020833333333333
0  0.939453125 0.4212239583333333 0.0078125 0.014322916666666666 -0.0009765625 -0.0013020833333333333 -0.0009765625 -0.0013020833333333333 -0.0009765625 -0.0013020833333333333 -0.0009765625 -0.0013020833333333333 -0.0009765625 -0.0013020833333333333
0  0.9619140625 0.416015625 0.009765625 0.016927083333333332 -0.0009765625 -0.0013020833333333333 -0.0009765625 -0.0013020833333333333 -0.0009765625 -0.0013020833333333333 -0.0009765625 -0.0013020833333333333 -0.0009765625 -0.0013020833333333333
0  0.97314453125 0.416015625 0.0087890625 0.014322916666666666 -0.0009765625 -0.0013020833333333333 -0.0009765625 -0.0013020833333333333 -0.0009765625 -0.0013020833333333333 -0.0009765625 -0.0013020833333333333 -0.0009765625 -0.0013020833333333333
0  0.8193359375 0.14973958333333334 0.0078125 0.015625 -0.0009765625 -0.0013020833333333333 -0.0009765625 -0.0013020833333333333 -0.0009765625 -0.0013020833333333333 -0.0009765625 -0.0013020833333333333 -0.0009765625 -0.0013020833333333333
0  0.9775390625 0.48046875 0.02734375 0.036458333333333336 -0.0009765625 -0.0013020833333333333 -0.0009765625 -0.0013020833333333333 -0.0009765625 -0.0013020833333333333 -0.0009765625 -0.0013020833333333333 -0.0009765625 -0.0013020833333333333
0  0.31787109375 0.3697916666666667 0.0166015625 0.03125 0.322701171875 0.3672799479166667 0.32646875 0.3656067708333333 0.32741015625 0.3729309895833333 0.3233291015625 0.37774348958333337 0.3275673828125 0.37669791666666663
0  0.25732421875 0.3470052083333333 0.0166015625 0.02734375 -0.0009765625 -0.0013020833333333333 -0.0009765625 -0.0013020833333333333 -0.0009765625 -0.0013020833333333333 -0.0009765625 -0.0013020833333333333 -0.0009765625 -0.0013020833333333333
0  0.06640625 0.4134114583333333 0.017578125 0.032552083333333336 -0.0009765625 -0.0013020833333333333 -0.0009765625 -0.0013020833333333333 -0.0009765625 -0.0013020833333333333 -0.0009765625 -0.0013020833333333333 -0.0009765625 -0.0013020833333333333
0  0.1826171875 0.4869791666666667 0.029296875 0.033854166666666664 -0.0009765625 -0.0013020833333333333 -0.0009765625 -0.0013020833333333333 -0.0009765625 -0.0013020833333333333 -0.0009765625 -0.0013020833333333333 -0.0009765625 -0.0013020833333333333
0  0.3349609375 0.3951822916666667 0.01953125 0.03515625 -0.0009765625 -0.0013020833333333333 -0.0009765625 -0.0013020833333333333 -0.0009765625 -0.0013020833333333333 -0.0009765625 -0.0013020833333333333 -0.0009765625 -0.0013020833333333333
0  0.44384765625 0.388671875 0.0166015625 0.03515625 -0.0009765625 -0.0013020833333333333 -0.0009765625 -0.0013020833333333333 -0.0009765625 -0.0013020833333333333 -0.0009765625 -0.0013020833333333333 -0.0009765625 -0.0013020833333333333
0  0.93994140625 0.4505208333333333 0.0087890625 0.015625 -0.0009765625 -0.0013020833333333333 -0.0009765625 -0.0013020833333333333 -0.0009765625 -0.0013020833333333333 -0.0009765625 -0.0013020833333333333 -0.0009765625 -0.0013020833333333333
0  0.5517578125 0.3893229166666667 0.013671875 0.020833333333333332 -0.0009765625 -0.0013020833333333333 -0.0009765625 -0.0013020833333333333 -0.0009765625 -0.0013020833333333333 -0.0009765625 -0.0013020833333333333 -0.0009765625 -0.0013020833333333333
