0  0.31591796875 0.2908745247148289 0.0380859375 0.0697084917617237 0.3101806640625 0.28185551330798475 0.3285439453125 0.28273764258555134 0.3231025390625 0.2871508238276299 0.31528125 0.3087769328263625 0.32718359375 0.3087769328263625
0  0.3330078125 0.30354879594423323 0.0234375 0.062103929024081114 0.3310546875 0.30164765525982257 0.3408203125 0.30164765525982257 0.3349609375 0.31305449936628643 0.3291015625 0.3269961977186312 0.3388671875 0.3257287705956908
0  0.35498046875 0.2946768060836502 0.0263671875 0.046894803548795945 0.3524169921875 0.2887465145754119 0.3619384765625 0.28904182509505705 0.362845703125 0.2913954372623574 0.3553642578125 0.3028694550063371 0.363978515625 0.30581242078580484
0  0.48095703125 0.3288973384030418 0.0361328125 0.06463878326996197 0.478515625 0.3231939163498099 0.4912109375 0.3181242078580482 0.4912109375 0.33079847908745247 0.4912109375 0.3409378960709759 0.501953125 0.3358681875792142
0  0.55224609375 0.24968314321926488 0.0380859375 0.053231939163498096 0.5463564453125 0.2423726235741445 0.559474609375 0.23936882129277565 0.5540732421875 0.24871609632446134 0.5504716796875 0.2620684410646388 0.5633330078125 0.26106717363751586
0  0.650390625 0.2376425855513308 0.0390625 0.07984790874524715 0.65313671875 0.23242585551330797 0.657845703125 0.22987959442332065 0.66883203125 0.24108238276299113 0.6602001953125 0.2604334600760456 0.6625537109375 0.25788719898605833
0  0.72998046875 0.25918884664131814 0.0341796875 0.057034220532319393 0.7275869140625 0.25497972116603296 0.7434560546875 0.2557148288973384 0.74090625 0.26306970849176176 0.73523828125 0.2766780735107731 0.741189453125 0.27557541191381496
0  0.79345703125 0.3257287705956908 0.0244140625 0.048162230671736375 0.7911201171875 0.3208973384030418 0.801517578125 0.32179594423320657 0.7985146484375 0.3286932826362484 0.792275390625 0.33708998732572876 0.79920703125 0.3373903675538657
0  0.87451171875 0.21419518377693283 0.0458984375 0.06844106463878327 0.873517578125 0.2081977186311787 0.8933974609375 0.20948795944233206 0.8880966796875 0.2124980988593156 0.8768310546875 0.23055893536121674 0.892072265625 0.23055893536121674
0  0.986328125 0.28453738910012677 0.025390625 0.036755386565272496 0.9867470703125 0.27966539923954375 0.99729296875 0.27873764258555134 0.9944326171875 0.28824968314321925 0.987640625 0.2963688212927757 0.999080078125 0.2963688212927757
