0  0.1435546875 0.5546875 0.0078125 0.018229166666666668 -0.0009765625 -0.0013020833333333333 -0.0009765625 -0.0013020833333333333 -0.0009765625 -0.0013020833333333333 -0.0009765625 -0.0013020833333333333 -0.0009765625 -0.0013020833333333333
0  0.21240234375 0.5755208333333334 0.0185546875 0.0234375 0.2073974609375 0.5729166666666666 0.21484375 0.57177734375 0.2103271484375 0.580078125 0.2109375 0.5831705729166666 0.21533203125 0.5813802083333334
0  0.26953125 0.5833333333333334 0.015625 0.018229166666666668 -0.0009765625 -0.0013020833333333333 -0.0009765625 -0.0013020833333333333 -0.0009765625 -0.0013020833333333333 -0.0009765625 -0.0013020833333333333 -0.0009765625 -0.0013020833333333333
0  0.15234375 0.4694010416666667 0.00390625 0.009114583333333334 -0.0009765625 -0.0013020833333333333 -0.0009765625 -0.0013020833333333333 -0.0009765625 -0.0013020833333333333 -0.0009765625 -0.0013020833333333333 -0.0009765625 -0.0013020833333333333
0  0.27294921875 0.4791666666666667 0.0048828125 0.005208333333333333 -0.0009765625 -0.0013020833333333333 -0.0009765625 -0.0013020833333333333 -0.0009765625 -0.0013020833333333333 -0.0009765625 -0.0013020833333333333 -0.0009765625 -0.0013020833333333333
0  0.28466796875 0.4791666666666667 0.0029296875 0.005208333333333333 -0.0009765625 -0.0013020833333333333 -0.0009765625 -0.0013020833333333333 -0.0009765625 -0.0013020833333333333 -0.0009765625 -0.0013020833333333333 -0.0009765625 -0.0013020833333333333
0  0.36669921875 0.58203125 0.0205078125 0.028645833333333332 0.3597939453125 0.58258984375 0.3705361328125 0.5822174479166666 0.3646767578125 0.5889140625 0.3627236328125 0.59226171875 0.3692802734375 0.5911458333333334
0  0.43017578125 0.5716145833333334 0.0068359375 0.010416666666666666 -0.0009765625 -0.0013020833333333333 -0.0009765625 -0.0013020833333333333 -0.0009765625 -0.0013020833333333333 -0.0009765625 -0.0013020833333333333 -0.0009765625 -0.0013020833333333333
0  0.48828125 0.578125 0.005859375 0.0078125 -0.0009765625 -0.0013020833333333333 -0.0009765625 -0.0013020833333333333 -0.0009765625 -0.0013020833333333333 -0.0009765625 -0.0013020833333333333 -0.0009765625 -0.0013020833333333333
0  0.49609375 0.5670572916666666 0.005859375 0.009114583333333334 -0.0009765625 -0.0013020833333333333 -0.0009765625 -0.0013020833333333333 -0.0009765625 -0.0013020833333333333 -0.0009765625 -0.0013020833333333333 -0.0009765625 -0.0013020833333333333
0  0.50634765625 0.5657552083333334 0.0068359375 0.009114583333333334 -0.0009765625 -0.0013020833333333333 -0.0009765625 -0.0013020833333333333 -0.0009765625 -0.0013020833333333333 -0.0009765625 -0.0013020833333333333 -0.0009765625 -0.0013020833333333333
0  0.55224609375 0.5768229166666666 0.0166015625 0.020833333333333332 0.5485146484375 0.5711497395833333 0.55615234375 0.5711497395833333 0.5518623046875 0.57756640625 0.54976953125 0.5817526041666666 0.55374609375 0.58161328125
0  0.53271484375 0.5618489583333334 0.0029296875 0.006510416666666667 -0.0009765625 -0.0013020833333333333 -0.0009765625 -0.0013020833333333333 -0.0009765625 -0.0013020833333333333 -0.0009765625 -0.0013020833333333333 -0.0009765625 -0.0013020833333333333
0  0.79150390625 0.4576822916666667 0.0029296875 0.006510416666666667 -0.0009765625 -0.0013020833333333333 -0.0009765625 -0.0013020833333333333 -0.0009765625 -0.0013020833333333333 -0.0009765625 -0.0013020833333333333 -0.0009765625 -0.0013020833333333333
0  0.80517578125 0.4615885416666667 0.0048828125 0.006510416666666667 -0.0009765625 -0.0013020833333333333 -0.0009765625 -0.0013020833333333333 -0.0009765625 -0.0013020833333333333 -0.0009765625 -0.0013020833333333333 -0.0009765625 -0.0013020833333333333
