0  0.1572265625 0.16623207301173404 0.04296875 0.08213820078226858 0.15673828125 0.15300782268578877 0.17596484375 0.16138983050847458 0.168509765625 0.17029465449804435 0.15320703125 0.18077183833116034 0.1700791015625 0.18810560625814862
0  0.2890625 0.25097783572359844 0.033203125 0.061277705345501955 0.287109375 0.242503259452412 0.3037109375 0.24641460234680573 0.296875 0.2529335071707953 0.2880859375 0.2646675358539765 0.302734375 0.26727509778357234
0  0.3779296875 0.3057366362451108 0.029296875 0.06388526727509779 0.373474609375 0.3001955671447197 0.38934375 0.3001955671447197 0.383240234375 0.310380704041721 0.3746953125 0.3213820078226858 0.3878173828125 0.3201590612777054
0  0.43896484375 0.35853976531942633 0.0283203125 0.04954367666232073 0.435359375 0.3537262059973924 0.447587890625 0.3566075619295958 0.44039453125 0.3652503259452412 0.4346396484375 0.3735736636245111 0.4439912109375 0.3745345501955671
0  0.4833984375 0.3859191655801825 0.01953125 0.04432855280312908 0.4788515625 0.3801329856584094 0.4906005859375 0.3812750977835723 0.4861142578125 0.38954498044328556 0.478423828125 0.39553455019556716 0.48910546875 0.3966753585397653
0  0.52685546875 0.4165580182529335 0.0205078125 0.03780964797913951 0.5235595703125 0.41028422425032596 0.5330810546875 0.4095501955671447 0.5286865234375 0.41615123859191655 0.524841796875 0.42421773142112124 0.5316162109375 0.423973924380704
0  0.5478515625 0.4315514993481095 0.01953125 0.03389830508474576 0.5460732421875 0.42443937418513694 0.5549443359375 0.4242229465449805 0.5513955078125 0.42960756192959587 0.548169921875 0.438651890482399 0.5544609375 0.43757627118644066
0  0.57275390625 0.44198174706649285 0.0185546875 0.03389830508474576 0.5693359375 0.4367666232073012 0.5771484375 0.4367666232073012 0.57421875 0.4445893089960887 0.5703125 0.4498044328552803 0.5771484375 0.4498044328552803
0  0.59326171875 0.4511082138200782 0.0166015625 0.028683181225554105 0.5897744140625 0.4485006518904824 0.597865234375 0.44775619295958274 0.5953544921875 0.4555788787483702 0.5914482421875 0.45911734028683177 0.5966103515625 0.45837157757496744
0  0.60791015625 0.4641460234680574 0.0126953125 0.02607561929595828 -0.0009765625 -0.001303780964797914 -0.0009765625 -0.001303780964797914 -0.0009765625 -0.001303780964797914 -0.0009765625 -0.001303780964797914 -0.0009765625 -0.001303780964797914
0  0.61376953125 0.4791395045632334 0.0107421875 0.01955671447196871 0.6083984375 0.4745762711864407 0.6142578125 0.4745762711864407 0.6103515625 0.4810951760104302 0.607421875 0.4863102998696219 0.61328125 0.4863102998696219
0  0.6298828125 0.485006518904824 0.015625 0.02607561929595828 0.6279296875 0.48370273794002605 0.634765625 0.48239895697522817 0.6298828125 0.48891786179921776 0.626953125 0.49282920469361147 0.6337890625 0.49282920469361147
0  0.64892578125 0.4941329856584094 0.0126953125 0.02346805736636245 0.6484375 0.48891786179921776 0.654296875 0.48891786179921776 0.6513671875 0.49674054758800523 0.6484375 0.500651890482399 0.654296875 0.500651890482399
0  0.666015625 0.4941329856584094 0.013671875 0.02346805736636245 0.6640625 0.48891786179921776 0.669921875 0.48891786179921776 0.6669921875 0.4954367666232073 0.6640625 0.49934810951760106 0.6689453125 0.500651890482399
0  0.69384765625 0.5078226857887875 0.0126953125 0.02216427640156454 0.6919951171875 0.5060769230769231 0.69820703125 0.506658409387223 0.695591796875 0.5111694915254238 0.6926484375 0.5143702737940026 0.695591796875 0.5148070404172099
0  0.71435546875 0.5091264667535854 0.0107421875 0.02216427640156454 0.7137060546875 0.5053494132985659 0.7192646484375 0.5059308996088657 0.7166484375 0.5098591916558018 0.7137060546875 0.5127705345501956 0.718283203125 0.5132059973924381
0  0.7392578125 0.5195567144719687 0.01171875 0.01955671447196871 0.737810546875 0.5183924380704042 0.7429892578125 0.5185202086049544 0.73982421875 0.5245384615384616 0.737810546875 0.526715775749674 0.7411669921875 0.5268435462842243
0  0.76123046875 0.5254237288135594 0.0126953125 0.020860495436766623 0.7587890625 0.5215123859191656 0.7646484375 0.5215123859191656 0.76171875 0.5254237288135594 0.7587890625 0.529335071707953 0.763671875 0.529335071707953
0  0.78564453125 0.530638852672751 0.0107421875 0.020860495436766623 0.7847373046875 0.5281238591916558 0.79007421875 0.5286831812255541 0.7875625 0.5325945241199479 0.7848427734375 0.5362268578878748 0.7892373046875 0.536645371577575
0  0.80859375 0.5312907431551499 0.01171875 0.01955671447196871 0.8076171875 0.529335071707953 0.8125 0.529335071707953 0.810546875 0.5345501955671447 0.8076171875 0.5384615384615384 0.8115234375 0.5384615384615384
0  0.83740234375 0.5338983050847458 0.0107421875 0.01694915254237288 0.8359375 0.5345501955671447 0.83984375 0.5332464146023468 0.8369140625 0.5371577574967406 0.833984375 0.5410691003911343 0.83984375 0.5423728813559322
0  0.8603515625 0.529986962190352 0.01171875 0.01694915254237288 0.857421875 0.5280312907431551 0.86328125 0.5280312907431551 0.861328125 0.5332464146023468 0.8583984375 0.5371577574967406 0.86328125 0.5371577574967406
0  0.8779296875 0.545632333767927 0.009765625 0.01694915254237288 0.8759765625 0.5449804432855281 0.880859375 0.5449804432855281 0.87890625 0.5488917861799217 0.876953125 0.5514993481095176 0.880859375 0.5514993481095176
0  0.8955078125 0.5449804432855281 0.009765625 0.01564537157757497 0.8935546875 0.5449804432855281 0.8984375 0.5449804432855281 0.8955078125 0.5488917861799217 0.892578125 0.5514993481095176 0.8955078125 0.5514993481095176
0  0.9306640625 0.5541069100391134 0.01171875 0.018252933507170794 0.9296875 0.5514993481095176 0.93359375 0.5514993481095176 0.931640625 0.5567144719687093 0.9287109375 0.559322033898305 0.935546875 0.559322033898305
