0  0.08154296875 0.3719115734720416 0.0283203125 0.04681404421326398 0.0810546875 0.36889336801040307 0.0926162109375 0.36741222366710014 0.08928125 0.3759986996098829 0.08083203125 0.38162418725617686 0.093283203125 0.3819193758127439
0  0.34423828125 0.4375812743823147 0.0322265625 0.0611183355006502 0.347978515625 0.4350156046814044 0.3580498046875 0.43041742522756826 0.355171875 0.44536020806241877 0.3439501953125 0.45378933680104033 0.351431640625 0.45378933680104033
0  0.36767578125 0.35565669700910274 0.0146484375 0.0247074122236671 0.36376953125 0.3566319895968791 0.3709716796875 0.3566319895968791 0.36669921875 0.3602080624187256 0.3656005859375 0.3660598179453836 0.3685302734375 0.3660598179453836
0  0.4228515625 0.5786736020806242 0.03125 0.05721716514954486 0.41680859375 0.5771287386215865 0.4297177734375 0.5709115734720416 0.4253232421875 0.5771287386215865 0.424224609375 0.590296488946684 0.4332890625 0.5851755526657998
0  0.5498046875 0.34980494148244473 0.03515625 0.06762028608582575 0.540283203125 0.35022236671001306 0.5538330078125 0.3562366710013004 0.5451220703125 0.36525877763329 0.5360888671875 0.367407022106632 0.547380859375 0.3738504551365409
0  0.73876953125 0.36996098829648894 0.0185546875 0.045513654096228866 0.7436171875 0.36996098829648894 0.7445068359375 0.36996098829648894 0.74673046875 0.37884265279583873 0.7387255859375 0.38506111833550066 0.739392578125 0.38476462938881667
0  0.66796875 0.3576072821846554 0.009765625 0.018205461638491547 0.6669921875 0.3576072821846554 0.669921875 0.3576072821846554 0.6650390625 0.36150845253576075 0.6689453125 0.36280884265279584 0.6689453125 0.36280884265279584
0  0.64892578125 0.4206762028608583 0.0068359375 0.014304291287386216 -0.0009765625 -0.0013003901170351106 -0.0009765625 -0.0013003901170351106 -0.0009765625 -0.0013003901170351106 -0.0009765625 -0.0013003901170351106 -0.0009765625 -0.0013003901170351106
0  0.77734375 0.38881664499349805 0.009765625 0.013003901170351105 0.77309765625 0.3845955786736021 0.7776748046875 0.38398699609882964 0.7747978515625 0.3871209362808843 0.77584375 0.3904304291287386 0.7788525390625 0.39008192457737323
0  0.83447265625 0.35695708712613783 0.0107421875 0.01950585175552666 0.8316826171875 0.35860598179453834 0.833888671875 0.35784005201560465 0.832353515625 0.3625643693107933 0.833888671875 0.3637139141742523 0.83590234375 0.3634590377113134
0  0.91796875 0.40052015604681407 0.01953125 0.033810143042912875 0.9166787109375 0.3998465539661899 0.924525390625 0.39817425227568276 0.922171875 0.40590767230169045 0.916521484375 0.40841482444733423 0.92483984375 0.40632509752925877
0  0.8193359375 0.4154746423927178 0.0078125 0.014304291287386216 -0.0009765625 -0.0013003901170351106 -0.0009765625 -0.0013003901170351106 -0.0009765625 -0.0013003901170351106 -0.0009765625 -0.0013003901170351106 -0.0009765625 -0.0013003901170351106
0  0.78271484375 0.33550065019505854 0.0087890625 0.015604681404421327 -0.0009765625 -0.0013003901170351106 -0.0009765625 -0.0013003901170351106 -0.0009765625 -0.0013003901170351106 -0.0009765625 -0.0013003901170351106 -0.0009765625 -0.0013003901170351106
