0  0.7880859375 0.6510500807754442 0.052734375 0.10016155088852989 0.773943359375 0.6251437802907917 0.8031484375 0.6326736672051696 0.7830458984375 0.6370662358642972 0.773943359375 0.6653004846526657 0.792908203125 0.6696930533117933
0  0.888671875 0.46607431340872374 0.041015625 0.08562197092084006 0.875923828125 0.4416978998384491 0.891166015625 0.45211147011308567 0.8702919921875 0.458140549273021 0.872611328125 0.47842164781906293 0.8858642578125 0.4828061389337642
0  0.8291015625 0.462843295638126 0.037109375 0.0791599353796446 0.81426953125 0.45294830371567046 0.830138671875 0.4645589660743134 0.817931640625 0.47415185783521807 0.8121337890625 0.48323909531502424 0.82373046875 0.48879159935379646
0  0.734375 0.5290791599353797 0.041015625 0.08239095315024232 0.7260390625 0.502827140549273 0.7401650390625 0.5111357027463651 0.7222724609375 0.5132132471728594 0.718505859375 0.5396946688206785 0.7291787109375 0.5448885298869144
0  0.6494140625 0.5428109854604201 0.041015625 0.07754442649434572 0.64832421875 0.529562197092084 0.6594541015625 0.552453957996769 0.6546416015625 0.5499660743134087 0.6392998046875 0.5549418416801293 0.65103125 0.5713634894991922
0  0.61865234375 0.4281098546042003 0.0400390625 0.08077544426494346 0.6076396484375 0.4165492730210016 0.6243544921875 0.42320516962843296 0.6101162109375 0.43293537964458806 0.60547265625 0.44420032310177704 0.61692578125 0.4488077544426495
0  0.5986328125 0.35218093699515346 0.02734375 0.05492730210016155 -0.0009765625 -0.0016155088852988692 -0.0009765625 -0.0016155088852988692 -0.0009765625 -0.0016155088852988692 -0.0009765625 -0.0016155088852988692 -0.0009765625 -0.0016155088852988692
0  0.6396484375 0.0395799676898223 0.029296875 0.06946688206785137 0.631966796875 0.03451050080775444 0.645154296875 0.03609693053311793 0.6353232421875 0.052756058158319866 0.63292578125 0.05989660743134087 0.6417978515625 0.060689822294022616
0  0.7216796875 0.0420032310177706 0.0234375 0.06462035541195477 0.71248046875 0.03310339256865913 0.7244873046875 0.03388206785137318 0.71601171875 0.04790306946688207 0.7113037109375 0.059975767366720514 0.72119140625 0.06075444264943457
0  0.83642578125 0.08239095315024232 0.0205078125 0.061389337641357025 -0.0009765625 -0.0016155088852988692 -0.0009765625 -0.0016155088852988692 -0.0009765625 -0.0016155088852988692 -0.0009765625 -0.0016155088852988692 -0.0009765625 -0.0016155088852988692
0  0.9013671875 0.19143780290791598 0.02734375 0.05977382875605816 0.898158203125 0.18050403877221324 0.909720703125 0.18875444264943456 0.8992919921875 0.19325525040387723 0.89453125 0.2018804523424879 0.9017861328125 0.20675605815831988
0  0.865234375 0.3255250403877221 0.03125 0.06623586429725363 -0.0009765625 -0.0016155088852988692 -0.0009765625 -0.0016155088852988692 -0.0009765625 -0.0016155088852988692 -0.0009765625 -0.0016155088852988692 -0.0009765625 -0.0016155088852988692
0  0.865234375 0.27867528271405495 0.0234375 0.05654281098546042 0.852103515625 0.27137641357027464 0.865181640625 0.2760646203554119 0.8551552734375 0.28652180936995153 0.8516669921875 0.29445557350565427 0.86016796875 0.2966187399030695
0  0.68408203125 0.2972536348949919 0.0244140625 0.048465266558966075 0.6800322265625 0.2908642972536349 0.6894052734375 0.2862116316639741 0.6882802734375 0.29861712439418414 0.68321875 0.3128820678513732 0.692404296875 0.3100904684975767
0  0.66357421875 0.3852988691437803 0.0283203125 0.0791599353796446 0.6578984375 0.3632875605815832 0.669494140625 0.37187075928917607 0.6578984375 0.3804523424878837 0.653625 0.39559773828756056 0.664611328125 0.4026655896607431
0  0.61767578125 0.29321486268174474 0.0205078125 0.05654281098546042 0.611083984375 0.29096445880452343 0.6213291015625 0.2931276252019386 0.612609375 0.3035864297253635 0.60825 0.3097156704361874 0.616751953125 0.31151857835218094
0  0.572265625 0.06704361873990307 0.02734375 0.06946688206785137 0.5633984375 0.060423263327948305 0.5763720703125 0.059975767366720514 0.569615234375 0.07607269789983845 0.5652900390625 0.08725201938610662 0.57583203125 0.08725201938610662
0  0.748046875 0.36106623586429726 0.037109375 0.08239095315024232 0.7346884765625 0.345718901453958 0.7494423828125 0.3540274636510501 0.73343359375 0.3628546042003231 0.732177734375 0.376875605815832 0.74410546875 0.3825864297253635
0  0.68408203125 0.9450726978998385 0.0712890625 0.1098546042003231 0.667724609375 0.9418416801292407 0.6944755859375 0.965843295638126 0.6654580078125 0.9725945072697899 0.65775 0.9935961227786752 0.6668173828125 1.0078465266558965
0  0.58740234375 0.7948303715670436 0.0439453125 0.09693053311793215 -0.0009765625 -0.0016155088852988692 -0.0009765625 -0.0016155088852988692 -0.0009765625 -0.0016155088852988692 -0.0009765625 -0.0016155088852988692 -0.0009765625 -0.0016155088852988692
0  0.95703125 0.944264943457189 0.046875 0.1050080775444265 -0.0009765625 -0.0016155088852988692 -0.0009765625 -0.0016155088852988692 -0.0009765625 -0.0016155088852988692 -0.0009765625 -0.0016155088852988692 -0.0009765625 -0.0016155088852988692
0  0.6025390625 0.5064620355411955 0.03515625 0.05654281098546042 0.589599609375 0.5008723747980615 0.6084990234375 0.5038158319870759 0.594046875 0.5148497576736673 0.603384765625 0.5354474959612278 0.6038291015625 0.5350791599353797
0  0.4814453125 0.45234248788368336 0.029296875 0.07108239095315025 0.4746396484375 0.42836187399030695 0.483978515625 0.43472374798061386 0.47051953125 0.4501712439418417 0.46859765625 0.4615315024232633 0.477111328125 0.467891760904685
0  0.41015625 0.48222940226171246 0.033203125 0.05977382875605816 0.39765234375 0.47842164781906293 0.4139755859375 0.487421647819063 0.4019599609375 0.5005476575121163 0.3958388671875 0.5009224555735057 0.40898828125 0.508048465266559
0  0.15478515625 0.29079159935379645 0.0478515625 0.15508885298869143 -0.0009765625 -0.0016155088852988692 -0.0009765625 -0.0016155088852988692 -0.0009765625 -0.0016155088852988692 -0.0009765625 -0.0016155088852988692 -0.0009765625 -0.0016155088852988692
0  0.3193359375 0.24232633279483037 0.02734375 0.0840064620355412 -0.0009765625 -0.0016155088852988692 -0.0009765625 -0.0016155088852988692 -0.0009765625 -0.0016155088852988692 -0.0009765625 -0.0016155088852988692 -0.0009765625 -0.0016155088852988692
0  0.23681640625 0.14539579967689822 0.0439453125 0.11308562197092084 0.24064453125 0.12959450726978997 0.2531611328125 0.1331647819063005 0.2531611328125 0.1503004846526656 0.2449599609375 0.1588675282714055 0.2535927734375 0.1610096930533118
0  0.37255859375 0.03231017770597738 0.0244140625 0.035541195476575124 0.366419921875 0.023453957996768984 0.3775634765625 0.020857835218093698 0.3744248046875 0.03669466882067851 0.3692451171875 0.04759935379644588 0.3819580078125 0.045003231017770595
0  0.3095703125 0.07108239095315025 0.025390625 0.05815831987075929 -0.0009765625 -0.0016155088852988692 -0.0009765625 -0.0016155088852988692 -0.0009765625 -0.0016155088852988692 -0.0009765625 -0.0016155088852988692 -0.0009765625 -0.0016155088852988692
0  0.34375 0.049273021001615507 0.01171875 0.0210016155088853 -0.0009765625 -0.0016155088852988692 -0.0009765625 -0.0016155088852988692 -0.0009765625 -0.0016155088852988692 -0.0009765625 -0.0016155088852988692 -0.0009765625 -0.0016155088852988692
0  0.33837890625 0.0210016155088853 0.0126953125 0.01615508885298869 -0.0009765625 -0.0016155088852988692 -0.0009765625 -0.0016155088852988692 -0.0009765625 -0.0016155088852988692 -0.0009765625 -0.0016155088852988692 -0.0009765625 -0.0016155088852988692
0  0.77099609375 0.0210016155088853 0.0263671875 0.0420032310177706 -0.0009765625 -0.0016155088852988692 -0.0009765625 -0.0016155088852988692 -0.0009765625 -0.0016155088852988692 -0.0009765625 -0.0016155088852988692 -0.0009765625 -0.0016155088852988692
0  0.39697265625 0.11631663974151858 0.0439453125 0.08077544426494346 -0.0009765625 -0.0016155088852988692 -0.0009765625 -0.0016155088852988692 -0.0009765625 -0.0016155088852988692 -0.0009765625 -0.0016155088852988692 -0.0009765625 -0.0016155088852988692
0  0.474609375 0.05331179321486268 0.03125 0.06785137318255251 0.4676904296875 0.03675928917609047 0.4795224609375 0.03761066235864297 0.473091796875 0.05250403877221325 0.46717578125 0.06399353796445881 0.4787509765625 0.06526978998384492
0  0.51318359375 0.08239095315024232 0.0283203125 0.06462035541195477 -0.0009765625 -0.0016155088852988692 -0.0009765625 -0.0016155088852988692 -0.0009765625 -0.0016155088852988692 -0.0009765625 -0.0016155088852988692 -0.0009765625 -0.0016155088852988692
