0  0.9599609375 0.4720052083333333 0.01171875 0.022135416666666668 0.9563681640625 0.47041276041666663 0.958330078125 0.470703125 0.954515625 0.4746263020833333 0.956259765625 0.4789869791666667 0.9576767578125 0.4791315104166667
0  0.98681640625 0.4654947916666667 0.0068359375 0.01171875 -0.0009765625 -0.0013020833333333333 -0.0009765625 -0.0013020833333333333 -0.0009765625 -0.0013020833333333333 -0.0009765625 -0.0013020833333333333 -0.0009765625 -0.0013020833333333333
0  0.9404296875 0.4518229166666667 0.005859375 0.010416666666666666 -0.0009765625 -0.0013020833333333333 -0.0009765625 -0.0013020833333333333 -0.0009765625 -0.0013020833333333333 -0.0009765625 -0.0013020833333333333 -0.0009765625 -0.0013020833333333333
0  0.94384765625 0.4440104166666667 0.0048828125 0.0078125 -0.0009765625 -0.0013020833333333333 -0.0009765625 -0.0013020833333333333 -0.0009765625 -0.0013020833333333333 -0.0009765625 -0.0013020833333333333 -0.0009765625 -0.0013020833333333333
0  0.92138671875 0.453125 0.0107421875 0.020833333333333332 0.9142373046875 0.4518697916666667 0.9178994140625 0.4518697916666667 0.9137138671875 0.45703125 0.915806640625 0.4609375 0.918736328125 0.46051953124999995
0  0.900390625 0.46875 0.01171875 0.0234375 -0.0009765625 -0.0013020833333333333 -0.0009765625 -0.0013020833333333333 -0.0009765625 -0.0013020833333333333 -0.0009765625 -0.0013020833333333333 -0.0009765625 -0.0013020833333333333
0  0.9169921875 0.4967447916666667 0.009765625 0.01953125 -0.0009765625 -0.0013020833333333333 -0.0009765625 -0.0013020833333333333 -0.0009765625 -0.0013020833333333333 -0.0009765625 -0.0013020833333333333 -0.0009765625 -0.0013020833333333333
0  0.9091796875 0.5768229166666666 0.0078125 0.020833333333333332 -0.0009765625 -0.0013020833333333333 -0.0009765625 -0.0013020833333333333 -0.0009765625 -0.0013020833333333333 -0.0009765625 -0.0013020833333333333 -0.0009765625 -0.0013020833333333333
0  0.90478515625 0.546875 0.0087890625 0.020833333333333332 -0.0009765625 -0.0013020833333333333 -0.0009765625 -0.0013020833333333333 -0.0009765625 -0.0013020833333333333 -0.0009765625 -0.0013020833333333333 -0.0009765625 -0.0013020833333333333
0  0.8427734375 0.689453125 0.02734375 0.05078125 0.838134765625 0.6848958333333334 0.83935546875 0.6852213541666666 0.83056640625 0.6940104166666666 0.832763671875 0.7034505208333334 0.839111328125 0.7041015625
0  0.95361328125 0.6966145833333334 0.0126953125 0.046875 -0.0009765625 -0.0013020833333333333 -0.0009765625 -0.0013020833333333333 -0.0009765625 -0.0013020833333333333 -0.0009765625 -0.0013020833333333333 -0.0009765625 -0.0013020833333333333
0  0.77685546875 0.61328125 0.0126953125 0.036458333333333336 0.77197265625 0.6044453125 0.7772041015625 0.60700390625 0.770751953125 0.6125833333333334 0.7735419921875 0.6207213541666666 0.777552734375 0.6211861979166667
0  0.85595703125 0.5859375 0.0107421875 0.0234375 -0.0009765625 -0.0013020833333333333 -0.0009765625 -0.0013020833333333333 -0.0009765625 -0.0013020833333333333 -0.0009765625 -0.0013020833333333333 -0.0009765625 -0.0013020833333333333
0  0.6767578125 0.498046875 0.0078125 0.01953125 -0.0009765625 -0.0013020833333333333 -0.0009765625 -0.0013020833333333333 -0.0009765625 -0.0013020833333333333 -0.0009765625 -0.0013020833333333333 -0.0009765625 -0.0013020833333333333
0  0.61279296875 0.52734375 0.0068359375 0.015625 -0.0009765625 -0.0013020833333333333 -0.0009765625 -0.0013020833333333333 -0.0009765625 -0.0013020833333333333 -0.0009765625 -0.0013020833333333333 -0.0009765625 -0.0013020833333333333
0  0.6396484375 0.53515625 0.01171875 0.020833333333333332 0.6375556640625 0.5320989583333333 0.6399619140625 0.5326328125 0.6357509765625 0.5358424479166667 0.636552734375 0.5410559895833333 0.6387587890625 0.5417252604166667
0  0.5986328125 0.51171875 0.01171875 0.015625 -0.0009765625 -0.0013020833333333333 -0.0009765625 -0.0013020833333333333 -0.0009765625 -0.0013020833333333333 -0.0009765625 -0.0013020833333333333 -0.0009765625 -0.0013020833333333333
0  0.5615234375 0.521484375 0.005859375 0.01953125 -0.0009765625 -0.0013020833333333333 -0.0009765625 -0.0013020833333333333 -0.0009765625 -0.0013020833333333333 -0.0009765625 -0.0013020833333333333 -0.0009765625 -0.0013020833333333333
0  0.609375 0.6106770833333334 0.01171875 0.0234375 0.606296875 0.6034348958333333 0.61053515625 0.6034348958333333 0.60547265625 0.6089270833333333 0.6064150390625 0.6159895833333333 0.6097109375 0.6161471354166667
0  0.748046875 0.5338541666666666 0.009765625 0.020833333333333332 -0.0009765625 -0.0013020833333333333 -0.0009765625 -0.0013020833333333333 -0.0009765625 -0.0013020833333333333 -0.0009765625 -0.0013020833333333333 -0.0009765625 -0.0013020833333333333
0  0.7197265625 0.505859375 0.0078125 0.016927083333333332 -0.0009765625 -0.0013020833333333333 -0.0009765625 -0.0013020833333333333 -0.0009765625 -0.0013020833333333333 -0.0009765625 -0.0013020833333333333 -0.0009765625 -0.0013020833333333333
0  0.85205078125 0.5559895833333334 0.0087890625 0.0234375 -0.0009765625 -0.0013020833333333333 -0.0009765625 -0.0013020833333333333 -0.0009765625 -0.0013020833333333333 -0.0009765625 -0.0013020833333333333 -0.0009765625 -0.0013020833333333333
0  0.80224609375 0.54296875 0.0107421875 0.020833333333333332 -0.0009765625 -0.0013020833333333333 -0.0009765625 -0.0013020833333333333 -0.0009765625 -0.0013020833333333333 -0.0009765625 -0.0013020833333333333 -0.0009765625 -0.0013020833333333333
0  0.79541015625 0.5279947916666666 0.0087890625 0.01953125 -0.0009765625 -0.0013020833333333333 -0.0009765625 -0.0013020833333333333 -0.0009765625 -0.0013020833333333333 -0.0009765625 -0.0013020833333333333 -0.0009765625 -0.0013020833333333333
0  0.8095703125 0.57421875 0.009765625 0.0234375 -0.0009765625 -0.0013020833333333333 -0.0009765625 -0.0013020833333333333 -0.0009765625 -0.0013020833333333333 -0.0009765625 -0.0013020833333333333 -0.0009765625 -0.0013020833333333333
0  0.83984375 0.650390625 0.01171875 0.029947916666666668 -0.0009765625 -0.0013020833333333333 -0.0009765625 -0.0013020833333333333 -0.0009765625 -0.0013020833333333333 -0.0009765625 -0.0013020833333333333 -0.0009765625 -0.0013020833333333333
0  0.8271484375 0.6354166666666666 0.013671875 0.026041666666666668 -0.0009765625 -0.0013020833333333333 -0.0009765625 -0.0013020833333333333 -0.0009765625 -0.0013020833333333333 -0.0009765625 -0.0013020833333333333 -0.0009765625 -0.0013020833333333333
0  0.76220703125 0.5852864583333334 0.0107421875 0.01953125 -0.0009765625 -0.0013020833333333333 -0.0009765625 -0.0013020833333333333 -0.0009765625 -0.0013020833333333333 -0.0009765625 -0.0013020833333333333 -0.0009765625 -0.0013020833333333333
0  0.8095703125 0.451171875 0.005859375 0.009114583333333334 -0.0009765625 -0.0013020833333333333 -0.0009765625 -0.0013020833333333333 -0.0009765625 -0.0013020833333333333 -0.0009765625 -0.0013020833333333333 -0.0009765625 -0.0013020833333333333
0  0.5947265625 0.4153645833333333 0.005859375 0.0078125 -0.0009765625 -0.0013020833333333333 -0.0009765625 -0.0013020833333333333 -0.0009765625 -0.0013020833333333333 -0.0009765625 -0.0013020833333333333 -0.0009765625 -0.0013020833333333333
0  0.57861328125 0.4212239583333333 0.0068359375 0.009114583333333334 -0.0009765625 -0.0013020833333333333 -0.0009765625 -0.0013020833333333333 -0.0009765625 -0.0013020833333333333 -0.0009765625 -0.0013020833333333333 -0.0009765625 -0.0013020833333333333
0  0.501953125 0.509765625 0.015625 0.016927083333333332 -0.0009765625 -0.0013020833333333333 -0.0009765625 -0.0013020833333333333 -0.0009765625 -0.0013020833333333333 -0.0009765625 -0.0013020833333333333 -0.0009765625 -0.0013020833333333333
0  0.50927734375 0.599609375 0.0087890625 0.02734375 -0.0009765625 -0.0013020833333333333 -0.0009765625 -0.0013020833333333333 -0.0009765625 -0.0013020833333333333 -0.0009765625 -0.0013020833333333333 -0.0009765625 -0.0013020833333333333
0  0.5810546875 0.5540364583333334 0.009765625 0.022135416666666668 -0.0009765625 -0.0013020833333333333 -0.0009765625 -0.0013020833333333333 -0.0009765625 -0.0013020833333333333 -0.0009765625 -0.0013020833333333333 -0.0009765625 -0.0013020833333333333
0  0.4482421875 0.41796875 0.00390625 0.0078125 -0.0009765625 -0.0013020833333333333 -0.0009765625 -0.0013020833333333333 -0.0009765625 -0.0013020833333333333 -0.0009765625 -0.0013020833333333333 -0.0009765625 -0.0013020833333333333
0  0.4501953125 0.509765625 0.009765625 0.01953125 -0.0009765625 -0.0013020833333333333 -0.0009765625 -0.0013020833333333333 -0.0009765625 -0.0013020833333333333 -0.0009765625 -0.0013020833333333333 -0.0009765625 -0.0013020833333333333
0  0.40771484375 0.5104166666666666 0.0087890625 0.015625 0.4064248046875 0.5069635416666667 0.4109755859375 0.506859375 0.4087001953125 0.5088476562500001 0.4065810546875 0.5135559895833334 0.409798828125 0.5136601562499999
0  0.3388671875 0.5078125 0.01171875 0.020833333333333332 0.339076171875 0.5080911458333334 0.3444130859375 0.50725390625 0.342005859375 0.5115794270833333 0.3399130859375 0.5138111979166667 0.3433662109375 0.513671875
0  0.29248046875 0.474609375 0.0068359375 0.009114583333333334 -0.0009765625 -0.0013020833333333333 -0.0009765625 -0.0013020833333333333 -0.0009765625 -0.0013020833333333333 -0.0009765625 -0.0013020833333333333 -0.0009765625 -0.0013020833333333333
0  0.35595703125 0.3951822916666667 0.0068359375 0.01171875 -0.0009765625 -0.0013020833333333333 -0.0009765625 -0.0013020833333333333 -0.0009765625 -0.0013020833333333333 -0.0009765625 -0.0013020833333333333 -0.0009765625 -0.0013020833333333333
0  0.251953125 0.4225260416666667 0.005859375 0.006510416666666667 -0.0009765625 -0.0013020833333333333 -0.0009765625 -0.0013020833333333333 -0.0009765625 -0.0013020833333333333 -0.0009765625 -0.0013020833333333333 -0.0009765625 -0.0013020833333333333
0  0.2685546875 0.4016927083333333 0.00390625 0.006510416666666667 -0.0009765625 -0.0013020833333333333 -0.0009765625 -0.0013020833333333333 -0.0009765625 -0.0013020833333333333 -0.0009765625 -0.0013020833333333333 -0.0009765625 -0.0013020833333333333
0  0.236328125 0.4270833333333333 0.005859375 0.0078125 -0.0009765625 -0.0013020833333333333 -0.0009765625 -0.0013020833333333333 -0.0009765625 -0.0013020833333333333 -0.0009765625 -0.0013020833333333333 -0.0009765625 -0.0013020833333333333
0  0.0615234375 0.4381510416666667 0.005859375 0.00390625 -0.0009765625 -0.0013020833333333333 -0.0009765625 -0.0013020833333333333 -0.0009765625 -0.0013020833333333333 -0.0009765625 -0.0013020833333333333 -0.0009765625 -0.0013020833333333333
0  0.056640625 0.48046875 0.01171875 0.018229166666666668 -0.0009765625 -0.0013020833333333333 -0.0009765625 -0.0013020833333333333 -0.0009765625 -0.0013020833333333333 -0.0009765625 -0.0013020833333333333 -0.0009765625 -0.0013020833333333333
0  0.05126953125 0.5162760416666666 0.0087890625 0.016927083333333332 -0.0009765625 -0.0013020833333333333 -0.0009765625 -0.0013020833333333333 -0.0009765625 -0.0013020833333333333 -0.0009765625 -0.0013020833333333333 -0.0009765625 -0.0013020833333333333
0  0.06103515625 0.5442708333333334 0.0087890625 0.0234375 -0.0009765625 -0.0013020833333333333 -0.0009765625 -0.0013020833333333333 -0.0009765625 -0.0013020833333333333 -0.0009765625 -0.0013020833333333333 -0.0009765625 -0.0013020833333333333
0  0.091796875 0.5188802083333334 0.009765625 0.022135416666666668 -0.0009765625 -0.0013020833333333333 -0.0009765625 -0.0013020833333333333 -0.0009765625 -0.0013020833333333333 -0.0009765625 -0.0013020833333333333 -0.0009765625 -0.0013020833333333333
0  0.1015625 0.5110677083333334 0.009765625 0.01953125 -0.0009765625 -0.0013020833333333333 -0.0009765625 -0.0013020833333333333 -0.0009765625 -0.0013020833333333333 -0.0009765625 -0.0013020833333333333 -0.0009765625 -0.0013020833333333333
0  0.126953125 0.51171875 0.009765625 0.018229166666666668 -0.0009765625 -0.0013020833333333333 -0.0009765625 -0.0013020833333333333 -0.0009765625 -0.0013020833333333333 -0.0009765625 -0.0013020833333333333 -0.0009765625 -0.0013020833333333333
0  0.12353515625 0.5338541666666666 0.0126953125 0.018229166666666668 -0.0009765625 -0.0013020833333333333 -0.0009765625 -0.0013020833333333333 -0.0009765625 -0.0013020833333333333 -0.0009765625 -0.0013020833333333333 -0.0009765625 -0.0013020833333333333
0  0.14501953125 0.6022135416666666 0.0107421875 0.01953125 -0.0009765625 -0.0013020833333333333 -0.0009765625 -0.0013020833333333333 -0.0009765625 -0.0013020833333333333 -0.0009765625 -0.0013020833333333333 -0.0009765625 -0.0013020833333333333
0  0.099609375 0.65234375 0.015625 0.026041666666666668 -0.0009765625 -0.0013020833333333333 -0.0009765625 -0.0013020833333333333 -0.0009765625 -0.0013020833333333333 -0.0009765625 -0.0013020833333333333 -0.0009765625 -0.0013020833333333333
0  0.17333984375 0.5234375 0.0087890625 0.018229166666666668 0.1712822265625 0.5202747395833334 0.1756416015625 0.5202747395833334 0.1732001953125 0.5244609375 0.17206640625 0.5271341145833334 0.1741591796875 0.5270182291666666
0  0.17626953125 0.50390625 0.0087890625 0.015625 -0.0009765625 -0.0013020833333333333 -0.0009765625 -0.0013020833333333333 -0.0009765625 -0.0013020833333333333 -0.0009765625 -0.0013020833333333333 -0.0009765625 -0.0013020833333333333
0  0.2001953125 0.5130208333333334 0.0078125 0.015625 0.198546875 0.5120794270833333 0.2025498046875 0.5122890625 0.20098046875 0.5156367187500001 0.1995673828125 0.51804296875 0.201529296875 0.517625
0  0.2138671875 0.521484375 0.009765625 0.016927083333333332 0.2161171875 0.5194388020833333 0.219255859375 0.5193216145833334 0.2186455078125 0.5221119791666667 0.216552734375 0.5257161458333334 0.219255859375 0.5253671875
0  0.23681640625 0.5188802083333334 0.0087890625 0.016927083333333332 -0.0009765625 -0.0013020833333333333 -0.0009765625 -0.0013020833333333333 -0.0009765625 -0.0013020833333333333 -0.0009765625 -0.0013020833333333333 -0.0009765625 -0.0013020833333333333
0  0.24609375 0.4993489583333333 0.0078125 0.016927083333333332 0.24188671875 0.49923828125 0.2464423828125 0.4993489583333333 0.243875 0.50409765625 0.242880859375 0.50641796875 0.2454482421875 0.5063072916666667
0  0.26025390625 0.5110677083333334 0.0087890625 0.016927083333333332 0.2587197265625 0.5105325520833334 0.263166015625 0.5100677083333334 0.2608994140625 0.5137877604166666 0.258806640625 0.5164622395833333 0.2628173828125 0.5162291666666666
0  0.25146484375 0.5266927083333334 0.0087890625 0.016927083333333332 0.2475234375 0.52487890625 0.2538017578125 0.5247630208333333 0.2515341796875 0.5284830729166666 0.24883203125 0.5305755208333334 0.253365234375 0.5304596354166666
0  0.26171875 0.4973958333333333 0.0078125 0.015625 -0.0009765625 -0.0013020833333333333 -0.0009765625 -0.0013020833333333333 -0.0009765625 -0.0013020833333333333 -0.0009765625 -0.0013020833333333333 -0.0009765625 -0.0013020833333333333
0  0.2841796875 0.5149739583333334 0.01171875 0.01953125 0.2846416015625 0.5124049479166667 0.2890537109375 0.51125390625 0.2879990234375 0.5159856770833333 0.285984375 0.5198216145833333 0.289341796875 0.51956640625
0  0.29443359375 0.5123697916666666 0.0087890625 0.016927083333333332 0.294224609375 0.50823046875 0.2984091796875 0.50823046875 0.296142578125 0.51171875 0.2943115234375 0.5135794270833333 0.298322265625 0.5135794270833333
0  0.34326171875 0.5755208333333334 0.0087890625 0.028645833333333332 -0.0009765625 -0.0013020833333333333 -0.0009765625 -0.0013020833333333333 -0.0009765625 -0.0013020833333333333 -0.0009765625 -0.0013020833333333333 -0.0009765625 -0.0013020833333333333
0  0.03125 0.5227864583333334 0.009765625 0.016927083333333332 -0.0009765625 -0.0013020833333333333 -0.0009765625 -0.0013020833333333333 -0.0009765625 -0.0013020833333333333 -0.0009765625 -0.0013020833333333333 -0.0009765625 -0.0013020833333333333
0  0.017578125 0.5403645833333334 0.0078125 0.0234375 0.0182666015625 0.5379869791666666 0.0212099609375 0.5368880208333333 0.0229755859375 0.5408125 0.0190908203125 0.5466197916666666 0.022033203125 0.5464622395833333
0  0.14208984375 0.513671875 0.0068359375 0.016927083333333332 -0.0009765625 -0.0013020833333333333 -0.0009765625 -0.0013020833333333333 -0.0009765625 -0.0013020833333333333 -0.0009765625 -0.0013020833333333333 -0.0009765625 -0.0013020833333333333
0  0.54345703125 0.5338541666666666 0.0087890625 0.020833333333333332 -0.0009765625 -0.0013020833333333333 -0.0009765625 -0.0013020833333333333 -0.0009765625 -0.0013020833333333333 -0.0009765625 -0.0013020833333333333 -0.0009765625 -0.0013020833333333333
0  0.86279296875 0.4186197916666667 0.0087890625 0.014322916666666666 -0.0009765625 -0.0013020833333333333 -0.0009765625 -0.0013020833333333333 -0.0009765625 -0.0013020833333333333 -0.0009765625 -0.0013020833333333333 -0.0009765625 -0.0013020833333333333
0  0.6484375 0.5240885416666666 0.01171875 0.01953125 -0.0009765625 -0.0013020833333333333 -0.0009765625 -0.0013020833333333333 -0.0009765625 -0.0013020833333333333 -0.0009765625 -0.0013020833333333333 -0.0009765625 -0.0013020833333333333
0  0.2578125 0.572265625 0.013671875 0.02734375 -0.0009765625 -0.0013020833333333333 -0.0009765625 -0.0013020833333333333 -0.0009765625 -0.0013020833333333333 -0.0009765625 -0.0013020833333333333 -0.0009765625 -0.0013020833333333333
0  0.25244140625 0.6796875 0.0126953125 0.036458333333333336 -0.0009765625 -0.0013020833333333333 -0.0009765625 -0.0013020833333333333 -0.0009765625 -0.0013020833333333333 -0.0009765625 -0.0013020833333333333 -0.0009765625 -0.0013020833333333333
0  0.298828125 0.4830729166666667 0.005859375 0.010416666666666666 -0.0009765625 -0.0013020833333333333 -0.0009765625 -0.0013020833333333333 -0.0009765625 -0.0013020833333333333 -0.0009765625 -0.0013020833333333333 -0.0009765625 -0.0013020833333333333
