0  0.57275390625 0.3521021021021021 0.0849609375 0.16066066066066065 0.5525166015625 0.33995645645645645 0.5926728515625 0.34096846846846846 0.57358203125 0.383478978978979 0.557783203125 0.4047357357357357 0.58740625 0.4047357357357357
0  0.7431640625 0.2545045045045045 0.048828125 0.1006006006006006 0.737365234375 0.24750000000000003 0.7613876953125 0.24558858858858862 0.7535185546875 0.26724024024024023 0.7402646484375 0.28124924924924927 0.75973046875 0.27997597597597595
0  0.7041015625 0.18993993993993993 0.03125 0.052552552552552555 0.69925390625 0.18516666666666667 0.71255078125 0.18784834834834835 0.7060107421875 0.19689789789789788 0.698599609375 0.20326576576576577 0.707537109375 0.20494144144144147
0  0.56982421875 0.15990990990990991 0.0263671875 0.05855855855855856 0.569580078125 0.1539039039039039 0.578125 0.1493993993993994 0.580322265625 0.16441441441441443 0.5703125 0.1753003003003003 0.576416015625 0.1753003003003003
0  0.49365234375 0.2927927927927928 0.0439453125 0.08708708708708708 0.4780185546875 0.2967882882882883 0.500541015625 0.2923903903903904 0.4894580078125 0.3138273273273273 0.484810546875 0.3253693693693694 0.4987529296875 0.3215225225225225
0  0.16455078125 0.24024024024024024 0.0673828125 0.10810810810810811 -0.0009765625 -0.0015015015015015015 -0.0009765625 -0.0015015015015015015 -0.0009765625 -0.0015015015015015015 -0.0009765625 -0.0015015015015015015 -0.0009765625 -0.0015015015015015015
0  0.21630859375 0.0990990990990991 0.0361328125 0.06906906906906907 0.2047734375 0.09954204204204205 0.21916015625 0.09511711711711711 0.211966796875 0.11414114114114114 0.2162822265625 0.1221036036036036 0.227216796875 0.11723723723723724
0  0.494140625 0.08033033033033032 0.005859375 0.013513513513513514 -0.0009765625 -0.0015015015015015015 -0.0009765625 -0.0015015015015015015 -0.0009765625 -0.0015015015015015015 -0.0009765625 -0.0015015015015015015 -0.0009765625 -0.0015015015015015015
0  0.46875 0.07432432432432433 0.009765625 0.025525525525525526 0.46728125 0.07282282282282282 0.4708779296875 0.07299099099099099 0.4680439453125 0.07768318318318318 0.466736328125 0.08136936936936937 0.468806640625 0.0817042042042042
0  0.45361328125 0.08033033033033032 0.0126953125 0.028528528528528527 -0.0009765625 -0.0015015015015015015 -0.0009765625 -0.0015015015015015015 -0.0009765625 -0.0015015015015015015 -0.0009765625 -0.0015015015015015015 -0.0009765625 -0.0015015015015015015
0  0.5166015625 0.0960960960960961 0.005859375 0.012012012012012012 -0.0009765625 -0.0015015015015015015 -0.0009765625 -0.0015015015015015015 -0.0009765625 -0.0015015015015015015 -0.0009765625 -0.0015015015015015015 -0.0009765625 -0.0015015015015015015
0  0.55126953125 0.09684684684684684 0.0107421875 0.02252252252252252 -0.0009765625 -0.0015015015015015015 -0.0009765625 -0.0015015015015015015 -0.0009765625 -0.0015015015015015015 -0.0009765625 -0.0015015015015015015 -0.0009765625 -0.0015015015015015015
0  0.62548828125 0.11486486486486487 0.0126953125 0.028528528528528527 0.621822265625 0.11245795795795796 0.6282958984375 0.11173423423423424 0.62594140625 0.11734534534534535 0.623234375 0.12132732732732733 0.628884765625 0.12078378378378378
0  0.6396484375 0.12312312312312312 0.017578125 0.036036036036036036 -0.0009765625 -0.0015015015015015015 -0.0009765625 -0.0015015015015015015 -0.0009765625 -0.0015015015015015015 -0.0009765625 -0.0015015015015015015 -0.0009765625 -0.0015015015015015015
0  0.58154296875 0.10735735735735735 0.0126953125 0.025525525525525526 -0.0009765625 -0.0015015015015015015 -0.0009765625 -0.0015015015015015015 -0.0009765625 -0.0015015015015015015 -0.0009765625 -0.0015015015015015015 -0.0009765625 -0.0015015015015015015
0  0.60498046875 0.08633633633633633 0.0087890625 0.013513513513513514 -0.0009765625 -0.0015015015015015015 -0.0009765625 -0.0015015015015015015 -0.0009765625 -0.0015015015015015015 -0.0009765625 -0.0015015015015015015 -0.0009765625 -0.0015015015015015015
0  0.5673828125 0.08033033033033032 0.005859375 0.013513513513513514 -0.0009765625 -0.0015015015015015015 -0.0009765625 -0.0015015015015015015 -0.0009765625 -0.0015015015015015015 -0.0009765625 -0.0015015015015015015 -0.0009765625 -0.0015015015015015015
0  0.7998046875 0.13063063063063063 0.0234375 0.05105105105105105 0.795318359375 0.12725225225225226 0.804291015625 0.12626726726726725 0.800873046875 0.1357927927927928 0.7972412109375 0.14367567567567568 0.80450390625 0.14301801801801803
0  0.81689453125 0.09009009009009009 0.0107421875 0.02702702702702703 -0.0009765625 -0.0015015015015015015 -0.0009765625 -0.0015015015015015015 -0.0009765625 -0.0015015015015015015 -0.0009765625 -0.0015015015015015015 -0.0009765625 -0.0015015015015015015
0  0.68798828125 0.08633633633633633 0.0166015625 0.04054054054054054 0.6857216796875 0.08424474474474475 0.6932197265625 0.08478078078078077 0.6904296875 0.09228828828828829 0.6857216796875 0.10006456456456457 0.6914755859375 0.10006456456456457
0  0.7451171875 0.09309309309309309 0.0078125 0.021021021021021023 -0.0009765625 -0.0015015015015015015 -0.0009765625 -0.0015015015015015015 -0.0009765625 -0.0015015015015015015 -0.0009765625 -0.0015015015015015015 -0.0009765625 -0.0015015015015015015
0  0.67236328125 0.11336336336336336 0.0126953125 0.025525525525525526 -0.0009765625 -0.0015015015015015015 -0.0009765625 -0.0015015015015015015 -0.0009765625 -0.0015015015015015015 -0.0009765625 -0.0015015015015015015 -0.0009765625 -0.0015015015015015015
0  0.6572265625 0.08408408408408409 0.0078125 0.018018018018018018 -0.0009765625 -0.0015015015015015015 -0.0009765625 -0.0015015015015015015 -0.0009765625 -0.0015015015015015015 -0.0009765625 -0.0015015015015015015 -0.0009765625 -0.0015015015015015015
0  0.5048828125 0.07432432432432433 0.005859375 0.013513513513513514 -0.0009765625 -0.0015015015015015015 -0.0009765625 -0.0015015015015015015 -0.0009765625 -0.0015015015015015015 -0.0009765625 -0.0015015015015015015 -0.0009765625 -0.0015015015015015015
0  0.62109375 0.09834834834834835 0.009765625 0.02252252252252252 -0.0009765625 -0.0015015015015015015 -0.0009765625 -0.0015015015015015015 -0.0009765625 -0.0015015015015015015 -0.0009765625 -0.0015015015015015015 -0.0009765625 -0.0015015015015015015
0  0.63427734375 0.08183183183183183 0.0068359375 0.016516516516516516 -0.0009765625 -0.0015015015015015015 -0.0009765625 -0.0015015015015015015 -0.0009765625 -0.0015015015015015015 -0.0009765625 -0.0015015015015015015 -0.0009765625 -0.0015015015015015015
0  0.5556640625 0.07132132132132132 0.005859375 0.010510510510510511 -0.0009765625 -0.0015015015015015015 -0.0009765625 -0.0015015015015015015 -0.0009765625 -0.0015015015015015015 -0.0009765625 -0.0015015015015015015 -0.0009765625 -0.0015015015015015015
0  0.6533203125 0.11036036036036036 0.009765625 0.025525525525525526 -0.0009765625 -0.0015015015015015015 -0.0009765625 -0.0015015015015015015 -0.0009765625 -0.0015015015015015015 -0.0009765625 -0.0015015015015015015 -0.0009765625 -0.0015015015015015015
0  0.734375 0.08408408408408409 0.0078125 0.021021021021021023 -0.0009765625 -0.0015015015015015015 -0.0009765625 -0.0015015015015015015 -0.0009765625 -0.0015015015015015015 -0.0009765625 -0.0015015015015015015 -0.0009765625 -0.0015015015015015015
0  0.9384765625 0.2515015015015015 0.05078125 0.11261261261261261 0.926435546875 0.24151351351351352 0.9518515625 0.25501351351351353 0.938912109375 0.2642507507507508 0.9213515625 0.2727777777777778 0.93798828125 0.28414564564564565
0  0.53369140625 0.06531531531531531 0.0068359375 0.013513513513513514 -0.0009765625 -0.0015015015015015015 -0.0009765625 -0.0015015015015015015 -0.0009765625 -0.0015015015015015015 -0.0009765625 -0.0015015015015015015 -0.0009765625 -0.0015015015015015015
