0  0.1591796875 0.7036082474226805 0.044921875 0.04845360824742268 0.142578125 0.6997515463917526 0.16041796875 0.6961061855670103 0.1512099609375 0.710079381443299 0.148908203125 0.7182804123711339 0.1644462890625 0.714939175257732
0  0.24072265625 0.7041237113402062 0.0439453125 0.049484536082474224 0.2306083984375 0.6985268041237114 0.2519658203125 0.6972567010309279 0.2420390625 0.707101030927835 0.2324130859375 0.717581443298969 0.2492587890625 0.7169463917525773
0  0.3701171875 0.6912371134020618 0.041015625 0.05257731958762887 0.3633505859375 0.6854195876288659 0.3812431640625 0.6870762886597939 0.3721396484375 0.6990061855670102 0.3636650390625 0.7049701030927835 0.377162109375 0.7066278350515464
0  0.4921875 0.6958762886597938 0.041015625 0.049484536082474224 0.4832763671875 0.6890092783505155 0.5019267578125 0.6883742268041236 0.4938046875 0.7001247422680412 0.4847802734375 0.7064752577319587 0.5025283203125 0.705840206185567
0  0.60400390625 0.681958762886598 0.0458984375 0.04639175257731959 0.5934453125 0.6732422680412371 0.614162109375 0.6732422680412371 0.6029404296875 0.6835690721649484 0.5948837890625 0.6917711340206186 0.6109970703125 0.6920742268041237
0  0.7158203125 0.6670103092783505 0.04296875 0.04742268041237113 0.7068134765625 0.6603278350515465 0.726955078125 0.6588092783505154 0.71803515625 0.6700474226804124 0.7114169921875 0.6812865979381443 0.7255166015625 0.679160824742268
0  0.84814453125 0.6582474226804124 0.0400390625 0.0443298969072165 0.8338271484375 0.6496360824742269 0.8503154296875 0.6521628865979381 0.839146484375 0.6577783505154638 0.833029296875 0.6642350515463917 0.8503154296875 0.6678845360824742
0  0.11572265625 0.4350515463917526 0.0439453125 0.05154639175257732 0.1064453125 0.4298969072164949 0.1279296875 0.42783505154639173 0.1171875 0.4350515463917526 0.10546875 0.44742268041237115 0.1279296875 0.44536082474226807
0  0.22314453125 0.44329896907216493 0.0458984375 0.049484536082474224 0.21465234375 0.437260824742268 0.2333291015625 0.43475670103092784 0.2244345703125 0.4472752577319588 0.2173203125 0.4569773195876288 0.2327353515625 0.45572577319587626
0  0.3330078125 0.4190721649484536 0.044921875 0.05463917525773196 0.3249990234375 0.413898969072165 0.344291015625 0.4132082474226804 0.3357890625 0.42460000000000003 0.326306640625 0.4332288659793815 0.3449443359375 0.4308123711340206
0  0.421875 0.438659793814433 0.044921875 0.058762886597938144 0.410923828125 0.4333577319587629 0.4321982421875 0.4318855670103092 0.422083984375 0.4444030927835052 0.412318359375 0.4536082474226804 0.4315009765625 0.4521350515463918
0  0.513671875 0.42577319587628865 0.0390625 0.04742268041237113 0.5077998046875 0.4165824742268041 0.5276357421875 0.4168814432989691 0.5182841796875 0.42795051546391755 0.5077998046875 0.4357278350515464 0.5236689453125 0.4357278350515464
0  0.6044921875 0.3984536082474227 0.04296875 0.04639175257731959 0.5900576171875 0.3910432989690722 0.608458984375 0.3916237113402062 0.596099609375 0.3982927835051546 0.58868359375 0.40728041237113405 0.6051640625 0.4081505154639175
0  0.70849609375 0.4134020618556701 0.0439453125 0.05567010309278351 0.7017822265625 0.4096969072164949 0.721923828125 0.41146907216494844 0.7131953125 0.4213917525773196 0.700439453125 0.42635257731958764 0.71923828125 0.4274164948453608
0  0.78466796875 0.4144329896907217 0.0419921875 0.049484536082474224 0.7723349609375 0.41169484536082473 0.7897822265625 0.4094721649484536 0.7819609375 0.4234443298969072 0.7759443359375 0.4288432989690722 0.7900830078125 0.4285257731958763
0  0.1767578125 0.3510309278350515 0.037109375 0.042268041237113405 0.1689541015625 0.34544329896907217 0.1858955078125 0.3443762886597938 0.1793212890625 0.354519587628866 0.1717353515625 0.362260824742268 0.185642578125 0.3609257731958763
0  0.23974609375 0.32268041237113404 0.0322265625 0.04329896907216495 0.2314453125 0.3185567010309278 0.2490234375 0.31752577319587627 0.2412109375 0.32783505154639175 0.23046875 0.33505154639175255 0.2490234375 0.33505154639175255
0  0.32421875 0.33350515463917524 0.0390625 0.0443298969072165 0.3194052734375 0.33070721649484536 0.3377861328125 0.32928041237113403 0.3329208984375 0.33869690721649487 0.32373046875 0.3466865979381443 0.336705078125 0.34440309278350517
0  0.37548828125 0.3402061855670103 0.0380859375 0.04742268041237113 0.37244921875 0.3375969072164948 0.387751953125 0.33729793814432985 0.382083984375 0.3474690721649485 0.3730166015625 0.3522556701030928 0.385201171875 0.3513577319587629
0  0.42529296875 0.3216494845360825 0.0380859375 0.04742268041237113 0.4179248046875 0.3175443298969072 0.43776171875 0.31694639175257733 0.4295439453125 0.326219587628866 0.4201923828125 0.3325020618556701 0.4360615234375 0.3331
0  0.51025390625 0.34123711340206186 0.0322265625 0.03917525773195876 0.501953125 0.33505154639175255 0.5205078125 0.33814432989690724 0.5107421875 0.34329896907216495 0.4990234375 0.34845360824742266 0.51953125 0.3494845360824742
0  0.55908203125 0.31443298969072164 0.0361328125 0.049484536082474224 0.551478515625 0.309959793814433 0.568376953125 0.3118371134020619 0.5594833984375 0.32091340206185565 0.551478515625 0.32560721649484536 0.5618544921875 0.32717216494845364
0  0.61767578125 0.31288659793814433 0.0341796875 0.0443298969072165 0.6100068359375 0.3048371134020619 0.6262294921875 0.30989072164948456 0.612400390625 0.3152247422680412 0.6062841796875 0.3216814432989691 0.6214423828125 0.32448865979381447
0  0.67626953125 0.3319587628865979 0.0361328125 0.05154639175257732 0.665078125 0.32817525773195877 0.679626953125 0.3307896907216495 0.6675546875 0.3402659793814433 0.66383984375 0.3451670103092784 0.6780791015625 0.34745463917525776
0  0.75048828125 0.30567010309278353 0.0361328125 0.04845360824742268 0.74113671875 0.29826907216494847 0.7572021484375 0.3035113402061856 0.74493359375 0.31029587628865984 0.737923828125 0.3173876288659794 0.748439453125 0.3217051546391752
0  0.28466796875 0.2422680412371134 0.0341796875 0.03711340206185567 0.2790224609375 0.2330680412371134 0.2943642578125 0.2330680412371134 0.2888056640625 0.24480412371134022 0.279689453125 0.2487938144329897 0.293697265625 0.24902886597938143
0  0.35205078125 0.23247422680412372 0.0361328125 0.0443298969072165 0.3475732421875 0.22498659793814432 0.363263671875 0.22975876288659794 0.35528515625 0.2370577319587629 0.3441162109375 0.24014639175257732 0.356880859375 0.2452
0  0.41748046875 0.22216494845360824 0.0322265625 0.04020618556701031 0.411376953125 0.21443298969072164 0.427001953125 0.2157216494845361 0.419921875 0.22577319587628866 0.411376953125 0.2304123711340206 0.426025390625 0.23144329896907218
0  0.49853515625 0.2252577319587629 0.0341796875 0.0443298969072165 0.4942626953125 0.21989175257731958 0.5093994140625 0.22131855670103093 0.5023720703125 0.22902268041237112 0.49237109375 0.23444432989690722 0.506966796875 0.23558556701030928
0  0.5771484375 0.2309278350515464 0.033203125 0.03917525773195876 0.572265625 0.22577319587628866 0.587890625 0.2268041237113402 0.5791015625 0.23402061855670103 0.5712890625 0.24020618556701032 0.5849609375 0.24123711340206186
0  0.658203125 0.21855670103092784 0.03515625 0.04329896907216495 0.6509140625 0.21275773195876288 0.668177734375 0.21248144329896906 0.6590224609375 0.22242268041237112 0.6516982421875 0.2287742268041237 0.6655625 0.2284979381443299
0  0.73974609375 0.2458762886597938 0.0341796875 0.042268041237113405 0.7292265625 0.2415319587628866 0.7464599609375 0.23827319587628865 0.7364287109375 0.24832061855670104 0.7323125 0.2551082474226804 0.7456884765625 0.25347938144329896
