0  0.18310546875 0.5240885416666666 0.0517578125 0.08463541666666667 0.179408203125 0.5175546875 0.203072265625 0.51701953125 0.19264453125 0.53466796875 0.1790078125 0.54643359375 0.1998642578125 0.5469674479166667
0  0.298828125 0.525390625 0.044921875 0.07421875 0.30078125 0.515625 0.318359375 0.5130208333333334 0.3125 0.5325520833333334 0.30078125 0.5442708333333334 0.3154296875 0.5442708333333334
0  0.3974609375 0.5143229166666666 0.041015625 0.07552083333333333 0.3912529296875 0.50920703125 0.4098427734375 0.5068242187499999 0.4030498046875 0.5244609375 0.3912529296875 0.5325638020833333 0.4109150390625 0.5292265625
0  0.5078125 0.48828125 0.041015625 0.07291666666666667 0.4989541015625 0.4827005208333333 0.5191826171875 0.47991015625000005 0.511509765625 0.4989765625 0.5013955078125 0.50827734375 0.5205771484375 0.5040924479166666
0  0.583984375 0.533203125 0.044921875 0.07161458333333333 0.5714462890625 0.5284713541666667 0.5908291015625 0.524390625 0.5816474609375 0.5452473958333334 0.5745068359375 0.5547682291666667 0.5915087890625 0.5534088541666666
0  0.66015625 0.4934895833333333 0.041015625 0.06770833333333333 0.647107421875 0.4868984375 0.6684306640625 0.4885950520833333 0.6553828125 0.5047200520833334 0.647744140625 0.5157526041666667 0.6627021484375 0.5170260416666667
0  0.6904296875 0.60546875 0.041015625 0.06510416666666667 0.682203125 0.601515625 0.70294140625 0.5990390625 0.694583984375 0.613484375 0.6846796875 0.6238020833333333 0.702013671875 0.6221510416666667
0  0.76904296875 0.5592447916666666 0.0439453125 0.06380208333333333 0.75439453125 0.5528971354166666 0.77362109375 0.5500494791666667 0.76171875 0.5671380208333333 0.75958203125 0.57568359375 0.775146484375 0.5744635416666667
0  0.693359375 0.4485677083333333 0.00390625 0.006510416666666667 -0.0009765625 -0.0013020833333333333 -0.0009765625 -0.0013020833333333333 -0.0009765625 -0.0013020833333333333 -0.0009765625 -0.0013020833333333333 -0.0009765625 -0.0013020833333333333
0  0.7548828125 0.4420572916666667 0.005859375 0.009114583333333334 -0.0009765625 -0.0013020833333333333 -0.0009765625 -0.0013020833333333333 -0.0009765625 -0.0013020833333333333 -0.0009765625 -0.0013020833333333333 -0.0009765625 -0.0013020833333333333
