0  0.9521484375 0.2631771595900439 0.0078125 0.00951683748169839 -0.0009765625 -0.0007320644216691069 -0.0009765625 -0.0007320644216691069 -0.0009765625 -0.0007320644216691069 -0.0009765625 -0.0007320644216691069 -0.0009765625 -0.0007320644216691069
0  0.91650390625 0.270497803806735 0.0087890625 0.00951683748169839 -0.0009765625 -0.0007320644216691069 -0.0009765625 -0.0007320644216691069 -0.0009765625 -0.0007320644216691069 -0.0009765625 -0.0007320644216691069 -0.0009765625 -0.0007320644216691069
0  0.5107421875 0.16800878477306003 0.044921875 0.04172767203513909 0.5001396484375 0.16006076134699854 0.521763671875 0.16058345534407029 0.5092080078125 0.17130307467057102 0.501185546875 0.17574743777452415 0.5186240234375 0.17627086383601756
0  0.2666015625 0.3989751098096633 0.048828125 0.040995607613469986 0.263013671875 0.393703513909224 0.2829892578125 0.39267057101024894 0.277478515625 0.40403074670571004 0.2654248046875 0.4094524158125915 0.28230078125 0.4086778916544656
0  0.357421875 0.38945827232796487 0.04296875 0.040995607613469986 0.3562451171875 0.38496120058565153 0.3717431640625 0.38160468521229873 0.3727763671875 0.39064128843338214 0.3631328125 0.3981288433382138 0.3758759765625 0.3950307467057101
0  0.666015625 0.3784773060029283 0.04296875 0.040995607613469986 0.6510625 0.3719150805270864 0.66966015625 0.37423865300146414 0.654505859375 0.38017642752562225 0.648306640625 0.3848243045387994 0.6672490234375 0.3874055636896047
0  0.7314453125 0.40702781844802344 0.046875 0.0424597364568082 0.717568359375 0.3990666178623719 0.73783203125 0.4006939970717423 0.72299609375 0.4118155197657394 0.7143115234375 0.41507101024890186 0.7367470703125 0.41724084919472915
0  0.59423828125 0.5062225475841874 0.0498046875 0.04319180087847731 0.5853271484375 0.5009150805270863 0.606201171875 0.5053074670571011 0.59375 0.5140922401171303 0.5802001953125 0.5140922401171303 0.5992431640625 0.5187591508052709
0  0.50146484375 0.5109809663250366 0.0517578125 0.040995607613469986 0.488921875 0.5077752562225476 0.513375 0.5090658857979502 0.5013212890625 0.5183601756954612 0.489611328125 0.5222335285505124 0.5092421875 0.5230080527086384
0  0.4033203125 0.5095168374816984 0.048828125 0.043923865300146414 0.395791015625 0.5027613469985359 0.41654296875 0.5044282576866764 0.404314453125 0.5147064421669107 0.393197265625 0.5185959004392386 0.4120966796875 0.5205402635431918
0  0.22607421875 0.5966325036603221 0.0556640625 0.04685212298682284 0.216796875 0.5922401171303074 0.2431640625 0.5893118594436311 0.232421875 0.6010248901903368 0.2216796875 0.609809663250366 0.2431640625 0.6068814055636896
0  0.3798828125 0.5907759882869692 0.05859375 0.05124450951683748 0.3677412109375 0.5852335285505125 0.3932060546875 0.587497803806735 0.377236328125 0.5991456808199122 0.3673095703125 0.6017342606149342 0.3901845703125 0.6036756954612006
0  0.5244140625 0.7060761346998536 0.05859375 0.05490483162518302 0.50867578125 0.7005139092240118 0.5345546875 0.6994743777452416 0.52069140625 0.7133316251830161 0.5100625 0.7174882869692534 0.535478515625 0.7171420204978038
0  0.65966796875 0.6094436310395315 0.0576171875 0.05197657393850659 0.6539482421875 0.6038484626647145 0.677490234375 0.6048286969253295 0.667462890625 0.6175746705710102 0.6504599609375 0.6211698389458272 0.67138671875 0.6221500732064421
0  0.75439453125 0.6160322108345534 0.0576171875 0.04758418740849195 0.7374619140625 0.6087510980966325 0.763130859375 0.6141625183016106 0.7430771484375 0.6225812591508053 0.7338515625 0.624685944363104 0.755912109375 0.6297979502196193
