0  0.43115234375 0.40161527165932454 0.0205078125 0.03671071953010279 0.4228515625 0.3964757709251101 0.4326171875 0.3935389133627019 0.427734375 0.4023494860499266 0.423828125 0.41262848751835535 0.4326171875 0.40969162995594716
0  0.46630859375 0.3898678414096916 0.0205078125 0.039647577092511016 0.462271484375 0.38149632892804697 0.4697529296875 0.38098531571218797 0.4661826171875 0.38916593245227604 0.4638017578125 0.3970925110132159 0.468392578125 0.3963245227606461
0  0.513671875 0.37738619676945667 0.0234375 0.041116005873715125 0.5121025390625 0.37109251101321583 0.522740234375 0.3713553597650514 0.520298828125 0.3794845814977973 0.514369140625 0.3878751835535976 0.521693359375 0.3878751835535976
0  0.0380859375 0.4265785609397944 0.013671875 0.027900146842878122 -0.0009765625 -0.0014684287812041115 -0.0009765625 -0.0014684287812041115 -0.0009765625 -0.0014684287812041115 -0.0009765625 -0.0014684287812041115 -0.0009765625 -0.0014684287812041115
0  0.05810546875 0.3986784140969163 0.0205078125 0.039647577092511016 0.0535361328125 0.3922863436123348 0.0625478515625 0.3915198237885463 0.0586376953125 0.40021292217327464 0.055236328125 0.40737151248164466 0.0623779296875 0.4068590308370044
0  0.24853515625 0.3766519823788546 0.0205078125 0.03671071953010279 0.2421875 0.37298091042584436 0.25390625 0.37298091042584436 0.248046875 0.3803230543318649 0.2431640625 0.3876651982378855 0.2509765625 0.38619676945668135
0  0.1416015625 0.38839941262848754 0.013671875 0.027900146842878122 -0.0009765625 -0.0014684287812041115 -0.0009765625 -0.0014684287812041115 -0.0009765625 -0.0014684287812041115 -0.0009765625 -0.0014684287812041115 -0.0009765625 -0.0014684287812041115
0  0.43359375 0.6321585903083701 0.0859375 0.1130690161527166 0.40858203125 0.6207723935389133 0.4472744140625 0.6174933920704846 0.4200263671875 0.614215859030837 0.40422265625 0.6625624082232011 0.439099609375 0.6592848751835536
0  0.91748046875 0.3964757709251101 0.0224609375 0.041116005873715125 0.91015625 0.39060205580029367 0.921875 0.39060205580029367 0.916015625 0.39794419970631423 0.912109375 0.4067547723935389 0.921875 0.4067547723935389
0  0.80322265625 0.4052863436123348 0.0244140625 0.03524229074889868 0.79296875 0.4008810572687225 0.7998046875 0.3964757709251101 0.796875 0.40822320117474303 0.7978515625 0.4185022026431718 0.802734375 0.41409691629955947
0  0.76171875 0.39133627019089573 0.021484375 0.042584434654919234 0.7578125 0.3803230543318649 0.76953125 0.38619676945668135 0.76171875 0.3920704845814978 0.75390625 0.3964757709251101 0.7626953125 0.4052863436123348
0  0.72802734375 0.36123348017621143 0.0205078125 0.041116005873715125 0.7197265625 0.35389133627019087 0.7294921875 0.35389133627019087 0.724609375 0.36123348017621143 0.720703125 0.37151248164464024 0.7294921875 0.3700440528634361
0  0.67626953125 0.38179148311306904 0.0205078125 0.0381791483113069 0.6689453125 0.37298091042584436 0.681640625 0.37298091042584436 0.67578125 0.3803230543318649 0.6708984375 0.3891336270190896 0.6787109375 0.39060205580029367
0  0.63427734375 0.3957415565345081 0.0185546875 0.033773861967694566 0.6279296875 0.38619676945668135 0.640625 0.3891336270190896 0.6337890625 0.3935389133627019 0.6279296875 0.4008810572687225 0.6376953125 0.40381791483113066
0  0.3828125 0.434654919236417 0.021484375 0.03524229074889868 0.376953125 0.42731277533039647 0.38671875 0.42290748898678415 0.3857421875 0.43171806167400884 0.3837890625 0.4419970631424376 0.3916015625 0.43759177679882527
