0  0.17236328125 0.8671071953010279 0.0576171875 0.21879588839941264 0.18896484375 0.8612334801762115 0.19580078125 0.8599486049926579 0.1881103515625 0.8959251101321586 0.1761474609375 0.9370411160058737 0.17529296875 0.9306167400881057
0  0.462890625 0.7687224669603524 0.044921875 0.09544787077826726 0.4583916015625 0.7667826725403818 0.478044921875 0.7607503671071953 0.4744345703125 0.7878913362701908 0.46240234375 0.801762114537445 0.479248046875 0.7957312775330397
0  0.48193359375 0.6784140969162996 0.0458984375 0.07929515418502203 0.48062109375 0.6721277533039648 0.4957275390625 0.6791938325991189 0.489349609375 0.6968604992657856 0.4762578125 0.7008986784140969 0.4873349609375 0.7054419970631425
0  0.2451171875 0.3751835535976505 0.009765625 0.022026431718061675 -0.0009765625 -0.0014684287812041115 -0.0009765625 -0.0014684287812041115 -0.0009765625 -0.0014684287812041115 -0.0009765625 -0.0014684287812041115 -0.0009765625 -0.0014684287812041115
0  0.22412109375 0.37298091042584436 0.0107421875 0.011747430249632892 -0.0009765625 -0.0014684287812041115 -0.0009765625 -0.0014684287812041115 -0.0009765625 -0.0014684287812041115 -0.0009765625 -0.0014684287812041115 -0.0009765625 -0.0014684287812041115
0  0.31884765625 0.3634361233480176 0.0087890625 0.01908957415565345 0.3181845703125 0.3620469897209985 0.3226318359375 0.361784140969163 0.3208876953125 0.3659794419970631 0.319056640625 0.36951982378854625 0.3221962890625 0.36951982378854625
0  0.34716796875 0.43832599118942733 0.0205078125 0.039647577092511016 0.34716796875 0.4368575624082232 0.35430859375 0.4358355359765051 0.350908203125 0.44350513950073417 0.347337890625 0.4481071953010279 0.35005859375 0.4483627019089574
0  0.5625 0.566813509544787 0.0078125 0.014684287812041116 0.560826171875 0.5644008810572687 0.564662109375 0.5639809104258444 0.5628486328125 0.5683861967694567 0.560826171875 0.572057268722467 0.5641044921875 0.5722672540381791
0  0.5166015625 0.5763582966226138 0.005859375 0.013215859030837005 -0.0009765625 -0.0014684287812041115 -0.0009765625 -0.0014684287812041115 -0.0009765625 -0.0014684287812041115 -0.0009765625 -0.0014684287812041115 -0.0009765625 -0.0014684287812041115
0  0.6494140625 0.4882525697503671 0.005859375 0.010279001468428781 -0.0009765625 -0.0014684287812041115 -0.0009765625 -0.0014684287812041115 -0.0009765625 -0.0014684287812041115 -0.0009765625 -0.0014684287812041115 -0.0009765625 -0.0014684287812041115
0  0.85498046875 0.5572687224669604 0.0087890625 0.016152716593245228 -0.0009765625 -0.0014684287812041115 -0.0009765625 -0.0014684287812041115 -0.0009765625 -0.0014684287812041115 -0.0009765625 -0.0014684287812041115 -0.0009765625 -0.0014684287812041115
0  0.892578125 0.5763582966226138 0.005859375 0.016152716593245228 -0.0009765625 -0.0014684287812041115 -0.0009765625 -0.0014684287812041115 -0.0009765625 -0.0014684287812041115 -0.0009765625 -0.0014684287812041115 -0.0009765625 -0.0014684287812041115
0  0.30078125 0.3832599118942731 0.005859375 0.020558002936857563 -0.0009765625 -0.0014684287812041115 -0.0009765625 -0.0014684287812041115 -0.0009765625 -0.0014684287812041115 -0.0009765625 -0.0014684287812041115 -0.0009765625 -0.0014684287812041115
0  0.37841796875 0.3854625550660793 0.0068359375 0.030837004405286344 -0.0009765625 -0.0014684287812041115 -0.0009765625 -0.0014684287812041115 -0.0009765625 -0.0014684287812041115 -0.0009765625 -0.0014684287812041115 -0.0009765625 -0.0014684287812041115
0  0.53173828125 0.447870778267254 0.0048828125 0.00881057268722467 -0.0009765625 -0.0014684287812041115 -0.0009765625 -0.0014684287812041115 -0.0009765625 -0.0014684287812041115 -0.0009765625 -0.0014684287812041115 -0.0009765625 -0.0014684287812041115
0  0.52685546875 0.4889867841409692 0.0048828125 0.00881057268722467 -0.0009765625 -0.0014684287812041115 -0.0009765625 -0.0014684287812041115 -0.0009765625 -0.0014684287812041115 -0.0009765625 -0.0014684287812041115 -0.0009765625 -0.0014684287812041115
0  0.6005859375 0.5154185022026432 0.005859375 0.014684287812041116 -0.0009765625 -0.0014684287812041115 -0.0009765625 -0.0014684287812041115 -0.0009765625 -0.0014684287812041115 -0.0009765625 -0.0014684287812041115 -0.0009765625 -0.0014684287812041115
0  0.60498046875 0.4882525697503671 0.0048828125 0.010279001468428781 -0.0009765625 -0.0014684287812041115 -0.0009765625 -0.0014684287812041115 -0.0009765625 -0.0014684287812041115 -0.0009765625 -0.0014684287812041115 -0.0009765625 -0.0014684287812041115
0  0.62109375 0.5154185022026432 0.005859375 0.00881057268722467 -0.0009765625 -0.0014684287812041115 -0.0009765625 -0.0014684287812041115 -0.0009765625 -0.0014684287812041115 -0.0009765625 -0.0014684287812041115 -0.0009765625 -0.0014684287812041115
0  0.65283203125 0.5220264317180616 0.0048828125 0.010279001468428781 -0.0009765625 -0.0014684287812041115 -0.0009765625 -0.0014684287812041115 -0.0009765625 -0.0014684287812041115 -0.0009765625 -0.0014684287812041115 -0.0009765625 -0.0014684287812041115
0  0.6650390625 0.49632892804698975 0.005859375 0.00881057268722467 -0.0009765625 -0.0014684287812041115 -0.0009765625 -0.0014684287812041115 -0.0009765625 -0.0014684287812041115 -0.0009765625 -0.0014684287812041115 -0.0009765625 -0.0014684287812041115
0  0.65478515625 0.5022026431718062 0.0048828125 0.00881057268722467 -0.0009765625 -0.0014684287812041115 -0.0009765625 -0.0014684287812041115 -0.0009765625 -0.0014684287812041115 -0.0009765625 -0.0014684287812041115 -0.0009765625 -0.0014684287812041115
0  0.87744140625 0.5022026431718062 0.0048828125 0.011747430249632892 -0.0009765625 -0.0014684287812041115 -0.0009765625 -0.0014684287812041115 -0.0009765625 -0.0014684287812041115 -0.0009765625 -0.0014684287812041115 -0.0009765625 -0.0014684287812041115
0  0.86279296875 0.49412628487518356 0.0048828125 0.010279001468428781 -0.0009765625 -0.0014684287812041115 -0.0009765625 -0.0014684287812041115 -0.0009765625 -0.0014684287812041115 -0.0009765625 -0.0014684287812041115 -0.0009765625 -0.0014684287812041115
0  0.8515625 0.4897209985315712 0.00390625 0.007342143906020558 -0.0009765625 -0.0014684287812041115 -0.0009765625 -0.0014684287812041115 -0.0009765625 -0.0014684287812041115 -0.0009765625 -0.0014684287812041115 -0.0009765625 -0.0014684287812041115
0  0.82568359375 0.48751835535976507 0.0048828125 0.00881057268722467 -0.0009765625 -0.0014684287812041115 -0.0009765625 -0.0014684287812041115 -0.0009765625 -0.0014684287812041115 -0.0009765625 -0.0014684287812041115 -0.0009765625 -0.0014684287812041115
0  0.9912109375 0.618208516886931 0.0078125 0.01762114537444934 0.9912890625 0.6174478707782673 0.9912109375 0.6174478707782673 0.9887001953125 0.6190998531571219 0.99026953125 0.6234654919236416 0.99026953125 0.6235844346549192
0  0.73583984375 0.5418502202643172 0.0068359375 0.00881057268722467 -0.0009765625 -0.0014684287812041115 -0.0009765625 -0.0014684287812041115 -0.0009765625 -0.0014684287812041115 -0.0009765625 -0.0014684287812041115 -0.0009765625 -0.0014684287812041115
0  0.73876953125 0.4955947136563877 0.0048828125 0.010279001468428781 -0.0009765625 -0.0014684287812041115 -0.0009765625 -0.0014684287812041115 -0.0009765625 -0.0014684287812041115 -0.0009765625 -0.0014684287812041115 -0.0009765625 -0.0014684287812041115
