0  0.08349609375 0.15815485996705106 0.0341796875 0.085667215815486 0.081072265625 0.1494316309719934 0.097525390625 0.1559637561779242 0.0933310546875 0.16249423393739704 0.0804267578125 0.1744678747940692 0.094298828125 0.1793657331136738
0  0.14501953125 0.18204283360790774 0.0361328125 0.08072487644151564 0.13983203125 0.17555518945634266 0.156005859375 0.1771004942339374 0.15020703125 0.19048599670510707 0.138916015625 0.19923887973640858 0.15448046875 0.20026688632619438
0  0.2041015625 0.14909390444810544 0.029296875 0.07084019769357495 0.2012587890625 0.14120922570016475 0.214861328125 0.14253377265238878 0.2104140625 0.1544481054365733 0.200212890625 0.16371499176276771 0.2130302734375 0.16371499176276771
0  0.2265625 0.37397034596375617 0.03515625 0.06260296540362438 0.2197353515625 0.37118945634266887 0.2369208984375 0.36324711696869855 0.2312705078125 0.3866787479406919 0.225150390625 0.3878714991762767 0.2378623046875 0.38270840197693573
0  0.25927734375 0.1630971993410214 0.0263671875 0.05271828665568369 0.2554541015625 0.1516820428336079 0.267029296875 0.1487034596375618 0.2660478515625 0.16425864909390445 0.25604296875 0.17187149917627675 0.26663671875 0.17054695222405272
0  0.30322265625 0.14332784184514002 0.0263671875 0.06919275123558484 0.2979912109375 0.13285502471169688 0.3110703125 0.13241350906095553 0.306361328125 0.14609390444810544 0.299560546875 0.15403624382207579 0.3110703125 0.15271169686985173
0  0.36279296875 0.08401976935749589 0.0302734375 0.05601317957166392 0.3535458984375 0.07439209225700165 0.367431640625 0.06682372322899506 0.361876953125 0.08520428336079078 0.3603818359375 0.09565403624382207 0.370849609375 0.08844810543657332
0  0.45849609375 0.051894563426688634 0.0283203125 0.0642504118616145 0.45458984375 0.04695222405271829 0.4677734375 0.045304777594728174 0.462890625 0.05560131795716639 0.458984375 0.06672158154859967 0.467529296875 0.06548599670510709
0  0.4365234375 0.12685337726523888 0.033203125 0.07907742998352553 0.4283271484375 0.12020428336079077 0.4437431640625 0.11570345963756178 0.437517578125 0.12970675453047775 0.43040234375 0.14071004942339374 0.445818359375 0.13620922570016475
0  0.501953125 0.12108731466227347 0.025390625 0.0642504118616145 0.4951171875 0.11449752883031301 0.509765625 0.11696869851729819 0.501953125 0.12602965403624383 0.495361328125 0.13467874794069193 0.507568359375 0.13550247116968697
0  0.15478515625 0.5189456342668863 0.0400390625 0.08237232289950576 0.1510625 0.5080313014827018 0.166931640625 0.500823723228995 0.164794921875 0.5219308072487644 0.154724609375 0.5353179571663921 0.1690673828125 0.5275947281713345
0  0.328125 0.37808896210873144 0.033203125 0.06754530477759473 0.316345703125 0.36429159802306427 0.33075 0.3629901153212521 0.321232421875 0.369499176276771 0.3189169921875 0.3859884678747941 0.3284345703125 0.38642174629324544
0  0.31201171875 0.5403624382207578 0.0400390625 0.10214168039538715 0.3028037109375 0.5313014827018122 0.321986328125 0.5313014827018122 0.3143134765625 0.5507182866556837 0.3031875 0.5591317957166392 0.3208359375 0.5610724876441516
0  0.44140625 0.3747940691927512 0.03125 0.057660626029654036 0.43243359375 0.35981219110378915 0.44610546875 0.3587314662273476 0.4388427734375 0.3727858319604613 0.4343564453125 0.3832372322899506 0.4467470703125 0.38179571663920925
0  0.51318359375 0.35502471169686983 0.0302734375 0.07413509060955518 0.508509765625 0.3499654036243822 0.5235771484375 0.3480823723228995 0.5191123046875 0.3650263591433278 0.510462890625 0.3711466227347611 0.5210654296875 0.37067545304777594
0  0.45703125 0.5395387149917628 0.0390625 0.08731466227347612 0.45241015625 0.525830313014827 0.4706337890625 0.5280658978583196 0.462349609375 0.5453937397034596 0.4520791015625 0.5599258649093904 0.4659951171875 0.5627199341021417
0  0.564453125 0.10378912685337727 0.02734375 0.06919275123558484 0.55833203125 0.09732454695222405 0.5714501953125 0.10122899505766063 0.5629619140625 0.11424711696869852 0.5573037109375 0.12032289950576606 0.566048828125 0.12335914332784186
0  0.60888671875 0.07990115321252059 0.0263671875 0.060955518945634266 0.608193359375 0.07084678747940691 0.6192841796875 0.07396540362438221 0.6160498046875 0.08487973640856672 0.6068076171875 0.08994728171334432 0.6146630859375 0.09384514003294893
0  0.6484375 0.08401976935749589 0.0234375 0.05601317957166392 0.6494833984375 0.07425205930807248 0.6597373046875 0.07601812191103789 0.6553427734375 0.08696210873146623 0.6480185546875 0.0954349258649094 0.6547158203125 0.09790609555189457
0  0.7001953125 0.09225700164744646 0.02734375 0.06260296540362438 0.6920341796875 0.08657990115321253 0.7047421875 0.08455683690280066 0.69658984375 0.09507413509060955 0.694431640625 0.10680395387149917 0.7021044921875 0.10599505766062603
0  0.76318359375 0.11202635914332784 0.0283203125 0.05930807248764415 0.75589453125 0.10311202635914332 0.7704033203125 0.10081713344316309 0.7640556640625 0.11382042833607907 0.758841796875 0.1233822075782537 0.76972265625 0.12146952224052718
0  0.80322265625 0.11367380560131796 0.0341796875 0.06919275123558484 0.7957890625 0.10807742998352553 0.81122265625 0.10417133443163097 0.802734375 0.12326359143327842 0.798361328125 0.13020757825370677 0.8099365234375 0.12890609555189456
0  0.90185546875 0.0815485996705107 0.0361328125 0.08072487644151564 0.8932451171875 0.06987644151565074 0.9097900390625 0.06886161449752883 0.900765625 0.0815485996705107 0.8938466796875 0.09626523887973641 0.9061806640625 0.09575782537067545
0  0.6171875 0.3319604612850082 0.03125 0.07742998352553541 0.61151953125 0.32773970345963754 0.6233173828125 0.32531136738056016 0.6181376953125 0.34035914332784184 0.6152607421875 0.35152388797364087 0.6236044921875 0.3500675453047776
0  0.685546875 0.32207578253706753 0.03125 0.07084019769357495 0.6789423828125 0.31100658978583196 0.69170703125 0.3128023064250412 0.68532421875 0.32312026359143325 0.6805380859375 0.3352339373970346 0.690376953125 0.3352339373970346
0  0.62109375 0.4958813838550247 0.041015625 0.09225700164744646 0.615513671875 0.48305436573311367 0.6336494140625 0.4848204283360791 0.624232421875 0.5007067545304777 0.6151650390625 0.5101202635914333 0.6312080078125 0.5118846787479406
0  0.7529296875 0.28665568369028005 0.033203125 0.07248764415156507 0.7455751953125 0.2825881383855025 0.7609560546875 0.27795551894563425 0.7551875 0.2932454695222405 0.750244140625 0.30297528830313014 0.761779296875 0.30112191103789127
0  0.796875 0.4917627677100494 0.0390625 0.07742998352553541 0.7861630859375 0.4725453047775947 0.8057333984375 0.4695881383855025 0.7975546875 0.4858500823723229 0.7902529296875 0.5060527182866557 0.80690234375 0.5030955518945635
0  0.9052734375 0.4464579901153213 0.04296875 0.085667215815486 0.8942958984375 0.4361169686985173 0.9123623046875 0.43557331136738053 0.9020390625 0.45190115321252056 0.8959091796875 0.46496210873146626 0.9126845703125 0.46496210873146626
