0  0.1650390625 0.15787545787545787 0.0234375 0.021245421245421246 -0.0009765625 -0.0007326007326007326 -0.0009765625 -0.0007326007326007326 -0.0009765625 -0.0007326007326007326 -0.0009765625 -0.0007326007326007326 -0.0009765625 -0.0007326007326007326
0  0.10986328125 0.12857142857142856 0.0048828125 0.005128205128205128 -0.0009765625 -0.0007326007326007326 -0.0009765625 -0.0007326007326007326 -0.0009765625 -0.0007326007326007326 -0.0009765625 -0.0007326007326007326 -0.0009765625 -0.0007326007326007326
0  0.046875 0.16263736263736264 0.029296875 0.020512820512820513 0.041015625 0.15824175824175823 0.0458984375 0.15384615384615385 0.044921875 0.1597069597069597 0.0439453125 0.16556776556776556 0.0517578125 0.16117216117216118
0  0.3193359375 0.22014652014652014 0.052734375 0.04322344322344322 0.329833984375 0.21510989010989012 0.3397216796875 0.2118131868131868 0.3419189453125 0.22445054945054946 0.3272705078125 0.23324175824175825 0.3323974609375 0.23351648351648352
0  0.26953125 0.11611721611721612 0.021484375 0.015384615384615385 -0.0009765625 -0.0007326007326007326 -0.0009765625 -0.0007326007326007326 -0.0009765625 -0.0007326007326007326 -0.0009765625 -0.0007326007326007326 -0.0009765625 -0.0007326007326007326
0  0.50927734375 0.1347985347985348 0.0048828125 0.005860805860805861 -0.0009765625 -0.0007326007326007326 -0.0009765625 -0.0007326007326007326 -0.0009765625 -0.0007326007326007326 -0.0009765625 -0.0007326007326007326 -0.0009765625 -0.0007326007326007326
0  0.57275390625 0.13956043956043956 0.0068359375 0.009523809523809525 -0.0009765625 -0.0007326007326007326 -0.0009765625 -0.0007326007326007326 -0.0009765625 -0.0007326007326007326 -0.0009765625 -0.0007326007326007326 -0.0009765625 -0.0007326007326007326
0  0.6005859375 0.16043956043956045 0.029296875 0.03076923076923077 0.5977431640625 0.15695970695970696 0.60663671875 0.15833333333333333 0.6016669921875 0.16284688644688644 0.5953896484375 0.16794871794871793 0.604021484375 0.16892967032967032
0  0.67333984375 0.2032967032967033 0.0576171875 0.054945054945054944 0.65234375 0.19633699633699633 0.666015625 0.19487179487179487 0.65625 0.20732600732600734 0.658203125 0.21904761904761905 0.6708984375 0.21831501831501832
0  0.765625 0.1010989010989011 0.03125 0.026373626373626374 0.7598876953125 0.0950945054945055 0.7725830078125 0.09526446886446886 0.7651015625 0.1007062271062271 0.7598876953125 0.1052981684981685 0.77144921875 0.10546813186813186
0  0.86474609375 0.17472527472527472 0.0283203125 0.02271062271062271 -0.0009765625 -0.0007326007326007326 -0.0009765625 -0.0007326007326007326 -0.0009765625 -0.0007326007326007326 -0.0009765625 -0.0007326007326007326 -0.0009765625 -0.0007326007326007326
