0  0.22265625 0.2825520833333333 0.046875 0.06510416666666667 0.2218583984375 0.261265625 0.2416689453125 0.261265625 0.2444541015625 0.27117057291666663 0.2308349609375 0.2946953125 0.24259765625 0.29552083333333334
0  0.232421875 0.1640625 0.048828125 0.07552083333333333 0.2337431640625 0.14555989583333334 0.252197265625 0.14555989583333334 0.251111328125 0.1667890625 0.23193359375 0.17740364583333335 0.2503876953125 0.17933333333333334
0  0.30810546875 0.173828125 0.0400390625 0.07682291666666667 0.3076171875 0.16048177083333334 0.3233642578125 0.16145833333333334 0.3204345703125 0.17952473958333334 0.3046875 0.18587239583333334 0.324462890625 0.18538411458333334
0  0.37451171875 0.19856770833333334 0.0361328125 0.055989583333333336 0.3688876953125 0.18674479166666666 0.3859169921875 0.18458203124999997 0.3799697265625 0.20188151041666666 0.3729423828125 0.210890625 0.38645703125 0.21161197916666666
0  0.37841796875 0.13736979166666666 0.0380859375 0.061197916666666664 0.3790810546875 0.13902083333333334 0.3946181640625 0.13595182291666666 0.389439453125 0.14592578125 0.3865615234375 0.15858723958333334 0.39576953125 0.158203125
0  0.49609375 0.18489583333333334 0.0390625 0.06510416666666667 0.491890625 0.17103776041666666 0.5061298828125 0.16691145833333332 0.5030341796875 0.18135546875 0.4928193359375 0.19249869791666666 0.509224609375 0.18919791666666666
0  0.54833984375 0.2421875 0.0400390625 0.0625 0.5430380859375 0.22830078125 0.561087890625 0.23511848958333334 0.5514609375 0.24675 0.5382255859375 0.2535690104166667 0.5571767578125 0.25677734375
0  0.59716796875 0.18619791666666666 0.0361328125 0.046875 0.5944130859375 0.17133984375 0.608921875 0.17224739583333334 0.6018935546875 0.18282682291666666 0.5916923828125 0.19219661458333334 0.606654296875 0.19249869791666666
0  0.68798828125 0.18098958333333334 0.0302734375 0.049479166666666664 0.684142578125 0.16659114583333332 0.7002080078125 0.16403385416666666 0.69565234375 0.17394401041666666 0.68630078125 0.18673307291666666 0.699009765625 0.18609374999999997
0  0.70068359375 0.13802083333333334 0.0400390625 0.06510416666666667 0.702052734375 0.13530598958333334 0.7147431640625 0.13076692708333335 0.7107197265625 0.14355989583333334 0.7066953125 0.15552864583333334 0.71443359375 0.15305338541666666
0  0.77880859375 0.181640625 0.0400390625 0.055989583333333336 0.7758876953125 0.16909635416666668 0.7937275390625 0.16837500000000002 0.7864296875 0.17846614583333334 0.7766982421875 0.18999999999999997 0.7902138671875 0.18963932291666666
