0  0.986328125 0.7239583333333334 0.021484375 0.0546875 0.977634765625 0.7191914062500001 0.98715234375 0.7198776041666667 0.977892578125 0.728109375 0.98046484375 0.7377109375 0.987923828125 0.7370260416666666
0  0.8955078125 0.716796875 0.021484375 0.045572916666666664 0.892578125 0.7109375 0.9013671875 0.7109375 0.8984375 0.71875 0.8955078125 0.7265625 0.9033203125 0.7265625
0  0.80712890625 0.677734375 0.0205078125 0.037760416666666664 0.801326171875 0.6750026041666667 0.810263671875 0.6764322916666666 0.8056162109375 0.6826289062500001 0.802041015625 0.6881106770833334 0.8081181640625 0.6888255208333334
0  0.89892578125 0.5345052083333334 0.0166015625 0.032552083333333336 0.8955380859375 0.53055859375 0.9025576171875 0.53076171875 0.8978271484375 0.53544140625 0.894623046875 0.54032421875 0.90057421875 0.54073046875
0  0.7255859375 0.556640625 0.015625 0.02734375 0.72265625 0.5520833333333334 0.7314453125 0.5533854166666666 0.7275390625 0.55859375 0.7236328125 0.5638020833333334 0.73046875 0.5638020833333334
0  0.71533203125 0.5442708333333334 0.0146484375 0.0234375 -0.0009765625 -0.0013020833333333333 -0.0009765625 -0.0013020833333333333 -0.0009765625 -0.0013020833333333333 -0.0009765625 -0.0013020833333333333 -0.0009765625 -0.0013020833333333333
0  0.63623046875 0.4036458333333333 0.0419921875 0.0625 0.6376259765625 0.3870442708333333 0.6545234375 0.3878346354166667 0.656005859375 0.4044361979166667 0.6399970703125 0.41985156250000005 0.6545234375 0.4202473958333333
0  0.525390625 0.533203125 0.009765625 0.016927083333333332 0.5234375 0.53125 0.5283203125 0.53125 0.525390625 0.5338541666666666 0.5234375 0.5390625 0.5283203125 0.5390625
0  0.49755859375 0.5260416666666666 0.0126953125 0.0234375 0.4970703125 0.5234375 0.5029296875 0.5234375 0.5029296875 0.5286458333333334 0.4990234375 0.5338541666666666 0.50390625 0.5325520833333334
0  0.4384765625 0.3756510416666667 0.029296875 0.05859375 0.4393837890625 0.3701640625 0.449427734375 0.37053515625000005 0.4463583984375 0.3816966145833333 0.4371513671875 0.38727734374999995 0.4466376953125 0.38988151041666663
