0  0.2724609375 0.38042430086788814 0.0390625 0.05303760848601736 0.2668720703125 0.37591224686595953 0.2831943359375 0.3769199614271938 0.2740126953125 0.38464320154291226 0.2641513671875 0.39169527483124394 0.280814453125 0.3930376084860173
0  0.3671875 0.3919961427193828 0.037109375 0.054966248794599805 0.3572822265625 0.3897917068466731 0.3740234375 0.3901359691417551 0.3642578125 0.40012439729990357 0.357630859375 0.4077010607521697 0.372279296875 0.40804532304725166
0  0.4013671875 0.491321118611379 0.04296875 0.05303760848601736 0.3896572265625 0.4894956605593057 0.40733984375 0.4894956605593057 0.397478515625 0.4978900675024108 0.38863671875 0.5049421407907425 0.40801953125 0.5066210221793636
0  0.2919921875 0.4758919961427194 0.044921875 0.06075216972034716 0.284833984375 0.4703731918997107 0.3009208984375 0.46921022179363553 0.291896484375 0.48199614271938285 0.2852255859375 0.4916827386692382 0.2969970703125 0.49207039537126324
0  0.1884765625 0.4889103182256509 0.04296875 0.055930568948891035 0.1807509765625 0.4841407907425265 0.1999296875 0.48378302796528444 0.1901591796875 0.4937878495660559 0.1807509765625 0.5023635486981678 0.1970341796875 0.5020057859209258
0  0.8447265625 0.3944069431051109 0.04296875 0.052073288331726135 0.8345029296875 0.39027868852459013 0.85430859375 0.3896152362584378 0.8432314453125 0.4015486981677917 0.836853515625 0.40851012536162007 0.8499453125 0.40851012536162007
0  0.7734375 0.4522661523625844 0.048828125 0.06171648987463838 0.76303125 0.4510009643201543 0.7812802734375 0.4478669238187078 0.77294921875 0.46471166827386695 0.7681884765625 0.47176374156219864 0.7848515625 0.46941272902603665
0  0.65283203125 0.49373191899710706 0.0419921875 0.05785920925747348 0.6419677734375 0.4873953712632594 0.661978515625 0.48556509161041467 0.651232421875 0.5009344262295082 0.6445615234375 0.5078871745419479 0.6634609375 0.5067888138862102
0  0.5263671875 0.5207328833172613 0.041015625 0.055930568948891035 0.516109375 0.5120327868852459 0.5349248046875 0.510960462873674 0.52479296875 0.5248958534233366 0.516109375 0.5334715525554484 0.5345634765625 0.5334715525554484
0  0.48486328125 0.39247830279652846 0.0419921875 0.052073288331726135 0.476318359375 0.38602892960462876 0.493103515625 0.3866923818707811 0.4830322265625 0.39829411764705885 0.4753115234375 0.40525554484088716 0.49041796875 0.40558727097396335
0  0.6044921875 0.3977820636451302 0.041015625 0.04918032786885246 0.593017578125 0.38893056894889105 0.6121650390625 0.3880009643201543 0.6011787109375 0.3988495660559306 0.5936455078125 0.4065988428158148 0.610595703125 0.4062883317261331
0  0.736328125 0.4059787849566056 0.041015625 0.044358727097396335 0.726205078125 0.3985014464802314 0.74519140625 0.39654194792671166 0.7369736328125 0.40689585342333656 0.7304560546875 0.4180887174541948 0.744908203125 0.4180887174541948
