0  0.9189453125 0.18725361366622864 0.05078125 0.08804204993429698 0.9031328125 0.17889356110381077 0.9230126953125 0.1805663600525624 0.909759765625 0.19505650459921156 0.9014765625 0.20843101182654403 0.91721484375 0.20787385019710908
0  0.91650390625 0.04664914586070959 0.0439453125 0.08541392904073587 0.9020732421875 0.04185019710906702 0.916015625 0.04473718791064389 0.90421875 0.060130091984231276 0.9031455078125 0.07215637319316688 0.916373046875 0.07408015768725361
0  0.82421875 0.0735873850197109 0.037109375 0.07095926412614981 0.8101455078125 0.06647700394218134 0.8290322265625 0.06424835742444153 0.81809765625 0.07896057818659658 0.815447265625 0.09590275952693823 0.8270439453125 0.09545729303547963
0  0.78173828125 0.18134034165571616 0.0517578125 0.08409986859395532 0.7696533203125 0.17238896189224703 0.786712890625 0.1702522996057819 0.777587890625 0.18573455978975031 0.77520703125 0.2033508541392904 0.7835390625 0.20174901445466492
0  0.6669921875 0.17017082785808146 0.0546875 0.06964520367936924 0.647216796875 0.16561235216819975 0.669603515625 0.15912483574244415 0.6620263671875 0.18600394218134034 0.6589267578125 0.1938830486202365 0.6768359375 0.18971222076215508
0  0.7421875 0.03810775295663601 0.046875 0.0735873850197109 0.7315146484375 0.029519053876478317 0.751673828125 0.029918528252299608 0.7401123046875 0.039093298291721416 0.7359619140625 0.057842312746386335 0.74485546875 0.05824047306176084
0  0.60205078125 0.07030223390275953 0.0439453125 0.07490144546649145 0.5874375 0.0613850197109067 0.6040341796875 0.05805913272010513 0.5948525390625 0.07421550591327201 0.59096875 0.08656898817345599 0.603328125 0.08466885676741132
0  0.46533203125 0.19908015768725362 0.0419921875 0.09067017082785808 0.450888671875 0.19737319316688567 0.4682265625 0.19794218134034164 0.457654296875 0.21216819973718792 0.4530029296875 0.22923915900131406 0.4644208984375 0.2286701708278581
0  0.4599609375 0.045992115637319315 0.052734375 0.08672798948751642 0.4453125 0.040735873850197106 0.4638671875 0.03679369250985545 0.4580078125 0.056504599211563734 0.4501953125 0.07227332457293036 0.466796875 0.07227332457293036
0  0.392578125 0.059789750328515114 0.041015625 0.07752956636005257 0.3844912109375 0.048250985545335086 0.4036689453125 0.04678975032851511 0.3942607421875 0.06431800262812089 0.389556640625 0.08136005256241786 0.401498046875 0.08184756898817346
0  0.412109375 0.19579500657030224 0.05078125 0.08409986859395532 0.3972470703125 0.19567148488830488 0.4154970703125 0.19033377135348226 0.4075625 0.20848357424441524 0.40478515625 0.22289750328515112 0.4166875 0.21862680683311433
0  0.3056640625 0.22207621550591328 0.05078125 0.0735873850197109 0.2926201171875 0.21550591327201052 0.31005859375 0.21128252299605782 0.3013388671875 0.22442312746386334 0.2943642578125 0.2380328515111695 0.31005859375 0.23568593955321945
0  0.25439453125 0.07687253613666228 0.0478515625 0.08541392904073587 0.2359443359375 0.0713587385019711 0.2551962890625 0.07405650459921156 0.2439658203125 0.09186727989487517 0.2415595703125 0.09996189224704335 0.2547958984375 0.10050197109067018
0  0.19677734375 0.18199737187910645 0.0458984375 0.08278580814717477 0.1884287109375 0.17598423127463864 0.20744140625 0.17598423127463864 0.1973525390625 0.1895584756898817 0.1915322265625 0.2057437582128778 0.2031728515625 0.2057437582128778
0  0.171875 0.08541392904073587 0.03125 0.0735873850197109 0.1591796875 0.0761222076215506 0.1637138671875 0.07518265440210249 0.157435546875 0.09113929040735874 0.1626669921875 0.10240341655716163 0.1661552734375 0.10146386333771354
0  0.09716796875 0.08081471747700394 0.0419921875 0.08015768725361366 0.087890625 0.06307490144546649 0.1044921875 0.06307490144546649 0.095703125 0.07490144546649145 0.08984375 0.09724047306176084 0.1005859375 0.09724047306176084
0  0.02001953125 0.17871222076215507 0.0400390625 0.0735873850197109 0.0048828125 0.1721419185282523 0.0224609375 0.16819973718791065 0.013671875 0.18659658344283836 0.0087890625 0.20367936925098554 0.021484375 0.19842312746386334
