0  0.56396484375 0.7514367816091954 0.0576171875 0.04454022988505747 0.5740966796875 0.7396379310344827 0.580544921875 0.741591235632184 0.59078515625 0.7491242816091954 0.5797861328125 0.7577737068965517 0.5877509765625 0.7600064655172415
0  0.4423828125 0.7144396551724138 0.056640625 0.04956896551724138 0.435224609375 0.704655172413793 0.46138671875 0.7055387931034482 0.4507421875 0.7153951149425287 0.435546875 0.7239655172413793 0.459150390625 0.7245689655172414
0  0.25927734375 0.6936063218390804 0.0419921875 0.040948275862068964 0.2601845703125 0.6891422413793103 0.279017578125 0.688628591954023 0.2723916015625 0.6963261494252874 0.26123046875 0.7037665229885057 0.2748330078125 0.7035100574712644
0  0.39404296875 0.7209051724137931 0.0478515625 0.05100574712643678 0.406197265625 0.7118864942528735 0.4127373046875 0.711566091954023 0.4144814453125 0.7253563218390805 0.4088134765625 0.7330538793103448 0.4149169921875 0.7327327586206897
0  0.21875 0.8326149425287356 0.05078125 0.03879310344827586 0.21792578125 0.8280574712643678 0.2410888671875 0.8280574712643678 0.231353515625 0.8399109195402299 0.21859765625 0.8443563218390805 0.2279970703125 0.8443563218390805
0  0.07080078125 0.6799568965517241 0.0419921875 0.03807471264367816 0.067662109375 0.6749669540229885 0.0875419921875 0.6749669540229885 0.0802529296875 0.6825222701149426 0.0709755859375 0.6900783045977011 0.0855537109375 0.6898347701149425
0  0.08642578125 0.6095545977011494 0.0361328125 0.028017241379310345 0.079345703125 0.6041666666666666 0.094482421875 0.6036278735632183 0.0888671875 0.6095545977011494 0.08251953125 0.6147629310344828 0.093017578125 0.6145833333333334
0  0.26806640625 0.5894396551724138 0.0380859375 0.035201149425287355 0.253845703125 0.5832435344827587 0.2694091796875 0.5845905172413793 0.25567578125 0.5906522988505747 0.253845703125 0.5976113505747126 0.2620849609375 0.5978362068965517
0  0.46044921875 0.6382902298850575 0.0380859375 0.033764367816091954 0.45478125 0.6311573275862069 0.472333984375 0.6320043103448276 0.4634140625 0.638989224137931 0.4524794921875 0.6444928160919541 0.4674423828125 0.6444928160919541
0  0.01220703125 0.6799568965517241 0.0244140625 0.04669540229885057 -0.0009765625 -0.0007183908045977011 -0.0009765625 -0.0007183908045977011 -0.0009765625 -0.0007183908045977011 -0.0009765625 -0.0007183908045977011 -0.0009765625 -0.0007183908045977011
0  0.01513671875 0.6415229885057471 0.0302734375 0.031609195402298854 -0.0009765625 -0.0007183908045977011 -0.0009765625 -0.0007183908045977011 -0.0009765625 -0.0007183908045977011 -0.0009765625 -0.0007183908045977011 -0.0009765625 -0.0007183908045977011
0  0.1201171875 0.6770833333333334 0.0390625 0.036637931034482756 0.1171181640625 0.669566091954023 0.126220703125 0.669566091954023 0.1199423828125 0.6760316091954023 0.125279296875 0.6827277298850575 0.1171181640625 0.6827277298850575
0  0.1044921875 0.5686063218390804 0.0234375 0.029454022988505746 -0.0009765625 -0.0007183908045977011 -0.0009765625 -0.0007183908045977011 -0.0009765625 -0.0007183908045977011 -0.0009765625 -0.0007183908045977011 -0.0009765625 -0.0007183908045977011
