0  0.5439453125 0.4778645833333333 0.013671875 0.03125 0.5397509765625 0.4737955729166667 0.539306640625 0.47339973958333337 0.53812109375 0.4830846354166667 0.5443466796875 0.4862473958333333 0.5439013671875 0.4860494791666667
0  0.4990234375 0.4485677083333333 0.017578125 0.029947916666666668 0.4955703125 0.4445572916666667 0.502833984375 0.44475390625000005 0.500017578125 0.45048567708333337 0.496015625 0.4562174479166667 0.5017958984375 0.4562174479166667
0  0.5615234375 0.4609375 0.015625 0.033854166666666664 -0.0009765625 -0.0013020833333333333 -0.0009765625 -0.0013020833333333333 -0.0009765625 -0.0013020833333333333 -0.0009765625 -0.0013020833333333333 -0.0009765625 -0.0013020833333333333
0  0.6982421875 0.5123697916666666 0.037109375 0.06380208333333333 0.6928271484375 0.5090625 0.7069658203125 0.5082604166666667 0.7027548828125 0.5259075520833333 0.69433203125 0.5287161458333333 0.7060634765625 0.5283151041666666
0  0.69140625 0.4453125 0.013671875 0.020833333333333332 -0.0009765625 -0.0013020833333333333 -0.0009765625 -0.0013020833333333333 -0.0009765625 -0.0013020833333333333 -0.0009765625 -0.0013020833333333333 -0.0009765625 -0.0013020833333333333
0  0.96630859375 0.6640625 0.0673828125 0.13020833333333334 0.997837890625 0.6519375 0.999681640625 0.6519375 0.999681640625 0.6822630208333332 0.9849287109375 0.6986549479166667 0.986158203125 0.7002942708333334
0  0.8486328125 0.5305989583333334 0.041015625 0.053385416666666664 0.837646484375 0.5233671875 0.8536025390625 0.52685546875 0.8386923828125 0.53662109375 0.8366005859375 0.54045703125 0.852294921875 0.54255078125
0  0.79052734375 0.509765625 0.0244140625 0.03515625 0.7943642578125 0.5026041666666666 0.8016884765625 0.5028372395833333 0.8001181640625 0.5135325520833333 0.7940146484375 0.5177174479166667 0.7976767578125 0.5181822916666666
0  0.419921875 0.6673177083333334 0.072265625 0.11588541666666667 0.384826171875 0.6446940104166666 0.40625 0.6615390625 0.38262890625 0.6776536458333333 0.39306640625 0.693765625 0.410095703125 0.6981614583333333
0  0.28955078125 0.5475260416666666 0.0380859375 0.053385416666666664 0.2774306640625 0.5340638020833334 0.2835 0.5424921875000001 0.2736376953125 0.5512578124999999 0.2814765625 0.5606979166666667 0.288556640625 0.5617096354166666
0  0.2509765625 0.4680989583333333 0.01953125 0.037760416666666664 0.257080078125 0.4642734375 0.258728515625 0.4650065104166667 0.258361328125 0.4757486979166667 0.252501953125 0.4781901041666667 0.2537841796875 0.4803880208333333
0  0.10791015625 0.5833333333333334 0.0947265625 0.12239583333333333 0.1008994140625 0.5660807291666666 0.1424033203125 0.560546875 0.1246162109375 0.6008645833333334 0.09912109375 0.6071888020833334 0.1346962890625 0.6056080729166667
0  0.3828125 0.4954427083333333 0.015625 0.03515625 0.376953125 0.4921875 0.3779296875 0.4921875 0.375 0.4973958333333333 0.3779296875 0.5091145833333334 0.3779296875 0.5091145833333334
