0  0.26171875 0.27712609970674484 0.05078125 0.05278592375366569 0.2504189453125 0.27298973607038124 0.2726787109375 0.2691143695014663 0.26396875 0.29430205278592375 0.255580078125 0.28752052785923754 0.2717109375 0.2870366568914956
0  0.07080078125 0.24780058651026393 0.0224609375 0.04398826979472141 0.0737998046875 0.2420014662756598 0.080548828125 0.24340762463343107 0.0779248046875 0.25297800586510266 0.0737998046875 0.2594516129032258 0.0779248046875 0.26001466275659824
0  0.11669921875 0.2991202346041056 0.0166015625 0.03225806451612903 0.1124443359375 0.29723460410557184 0.1156533203125 0.29639736070381234 0.1089560546875 0.3007961876832845 0.1104912109375 0.31001319648093845 0.1138388671875 0.3093841642228739
0  0.3349609375 0.23387096774193547 0.01953125 0.045454545454545456 0.3312119140625 0.22795307917888563 0.3312119140625 0.22910557184750732 0.32373046875 0.23544134897360702 0.32929296875 0.24494721407624634 0.32929296875 0.24552199413489736
0  0.2958984375 0.2404692082111437 0.01953125 0.04105571847507331 0.2978515625 0.23460410557184752 0.3037109375 0.23460410557184752 0.302734375 0.24633431085043989 0.2939453125 0.250733137829912 0.298828125 0.2536656891495601
0  0.55908203125 0.28885630498533726 0.0537109375 0.10557184750733138 0.54098046875 0.2742390029325513 0.56828125 0.27688416422287393 0.55375 0.30597360703812315 0.5431826171875 0.31456891495601175 0.5678408203125 0.31456891495601175
0  0.6728515625 0.15029325513196481 0.029296875 0.06598240469208211 0.6614814453125 0.14118181818181819 0.67626953125 0.1382492668621701 0.660923828125 0.14579032258064517 0.6600869140625 0.16380351906158358 0.6712470703125 0.1608709677419355
0  0.7314453125 0.2155425219941349 0.033203125 0.08797653958944282 0.7167099609375 0.2087873900293255 0.7167099609375 0.2087873900293255 0.7170849609375 0.23974926686217007 0.72870703125 0.23524633431085043 0.72870703125 0.23524633431085043
0  0.916015625 0.2368035190615836 0.0234375 0.04838709677419355 0.910892578125 0.23218914956011732 0.9221630859375 0.2291114369501466 0.9166298828125 0.24018768328445747 0.913556640625 0.24787976539589443 0.923392578125 0.24510997067448678
0  0.8603515625 0.26832844574780057 0.009765625 0.02346041055718475 -0.0009765625 -0.001466275659824047 -0.0009765625 -0.001466275659824047 -0.0009765625 -0.001466275659824047 -0.0009765625 -0.001466275659824047 -0.0009765625 -0.001466275659824047
0  0.888671875 0.2727272727272727 0.01171875 0.026392961876832845 0.8857421875 0.2697947214076246 0.890625 0.2697947214076246 0.8876953125 0.27419354838709675 0.88671875 0.2785923753665689 0.8896484375 0.27712609970674484
0  0.3984375 0.3519061583577713 0.009765625 0.020527859237536656 -0.0009765625 -0.001466275659824047 -0.0009765625 -0.001466275659824047 -0.0009765625 -0.001466275659824047 -0.0009765625 -0.001466275659824047 -0.0009765625 -0.001466275659824047
0  0.04345703125 0.26099706744868034 0.0166015625 0.04398826979472141 -0.0009765625 -0.001466275659824047 -0.0009765625 -0.001466275659824047 -0.0009765625 -0.001466275659824047 -0.0009765625 -0.001466275659824047 -0.0009765625 -0.001466275659824047
