0  0.6806640625 0.48944860449285227 0.2578125 0.2545949625595643 0.6499326171875 0.4667719537100068 0.766662109375 0.4635806671204901 0.7437744140625 0.5082539142273655 0.6911318359375 0.5561184479237576 0.7781064453125 0.552927161334241
0  0.30078125 0.5588835942818243 0.263671875 0.2491490810074881 0.25108984375 0.5335990469707284 0.369625 0.5320401633764466 0.3137119140625 0.5803689584751531 0.2801640625 0.6396113002042206 0.369625 0.6318162014976174
0  0.4755859375 0.17699115044247787 0.060546875 0.05854322668481961 0.4734580078125 0.17142954390742002 0.49845703125 0.17291286589516677 0.4926064453125 0.18440639891082367 0.469203125 0.18922600408441118 0.493669921875 0.19070932607215793
0  0.17529296875 0.16575901974132062 0.0693359375 0.0742001361470388 0.158875 0.15746221919673248 0.1911015625 0.16354663036078965 0.1702880859375 0.1747787610619469 0.154845703125 0.18367052416609939 0.177673828125 0.18788291354663036
0  0.19921875 0.27978216473791695 0.0625 0.06262763784887679 0.182158203125 0.2734921715452689 0.209921875 0.27205582028590874 0.1955078125 0.28459496255956435 0.185166015625 0.2936895847515317 0.213447265625 0.2921783526208305
0  0.1318359375 0.30428863172226006 0.076171875 0.08304969366916269 0.1141005859375 0.29958407079646016 0.15459375 0.2985391422736555 0.140345703125 0.32206058543226684 0.1178505859375 0.3267651463580667 0.15084375 0.32728795098706603
0  0.84326171875 0.19230769230769232 0.0654296875 0.06603131381892444 0.8308544921875 0.18483798502382573 0.83987890625 0.1869346494213751 0.8182197265625 0.1957420013614704 0.821228515625 0.20664533696392104 0.825439453125 0.2083233492171545
0  0.7529296875 0.13716814159292035 0.08203125 0.08373042886317222 0.7260439453125 0.12823076923076923 0.7780849609375 0.12297277059223961 0.7494248046875 0.13821987746766506 0.743390625 0.15767256637168142 0.766771484375 0.15399183117767187
0  0.6865234375 0.7096664397549354 0.04296875 0.045609257998638526 0.6835498046875 0.7090891763104152 0.7026015625 0.7111102791014297 0.695146484375 0.7197712729748128 0.677751953125 0.7223696392103472 0.695560546875 0.7241014295439073
0  0.2919921875 0.7151123213070115 0.0546875 0.053778080326752895 0.271484375 0.7134104833219878 0.2978515625 0.7134104833219878 0.28125 0.7236215112321307 0.2763671875 0.731790333560245 0.291015625 0.731790333560245
