0  0.19677734375 0.23572474377745242 0.0673828125 0.09370424597364568 0.210732421875 0.22104392386530017 0.2251103515625 0.2280190336749634 0.22933984375 0.24069838945827232 0.2166533203125 0.25654904831625186 0.2246875 0.2622562225475842
0  0.5673828125 0.5922401171303074 0.046875 0.10102489019033675 0.549068359375 0.5732196193265008 0.5499140625 0.5700497803806734 0.546107421875 0.5973118594436311 0.559216796875 0.6163323572474377 0.5596396484375 0.613796486090776
0  0.619140625 0.46266471449487556 0.025390625 0.05856515373352855 0.609314453125 0.45432503660322104 0.6189228515625 0.45394582723279653 0.6108310546875 0.4619062957540264 0.609314453125 0.478207906295754 0.616646484375 0.47744948755490485
0  0.63330078125 0.513177159590044 0.0400390625 0.06881405563689605 -0.0009765625 -0.0014641288433382138 -0.0009765625 -0.0014641288433382138 -0.0009765625 -0.0014641288433382138 -0.0009765625 -0.0014641288433382138 -0.0009765625 -0.0014641288433382138
0  0.46728515625 0.5051244509516838 0.0283203125 0.043923865300146414 -0.0009765625 -0.0014641288433382138 -0.0009765625 -0.0014641288433382138 -0.0009765625 -0.0014641288433382138 -0.0009765625 -0.0014641288433382138 -0.0009765625 -0.0014641288433382138
0  0.54052734375 0.4992679355783309 0.0263671875 0.043923865300146414 0.530064453125 0.4886266471449488 0.5377373046875 0.48977745241581255 0.5306396484375 0.49696778916544654 0.528337890625 0.5038696925329429 0.537353515625 0.5050204978038066
0  0.5625 0.46486090775988287 0.013671875 0.021961932650073207 0.559326171875 0.46284773060029283 0.5640869140625 0.4607891654465593 0.562439453125 0.46669106881405564 0.56298828125 0.4708081991215227 0.566009765625 0.4686120058565154
0  0.59716796875 0.4333821376281113 0.0185546875 0.03513909224011713 0.59161328125 0.4269311859443631 0.5992431640625 0.42738799414348466 0.5929873046875 0.4331068814055637 0.5908505859375 0.4482064421669107 0.5969541015625 0.45232503660322104
0  0.7998046875 0.5995607613469985 0.080078125 0.15373352855051245 0.779802734375 0.5698081991215227 0.79270703125 0.5823836017569546 0.7623818359375 0.5959267935578331 0.7733505859375 0.6288169838945827 0.783673828125 0.6413923865300147
0  0.7255859375 0.47218155197657397 0.03125 0.06588579795021962 0.717005859375 0.46391947291361646 0.7242607421875 0.4605724743777453 0.711146484375 0.4760512445095168 0.7197958984375 0.4877642752562225 0.7262138671875 0.4848360175695461
0  0.78515625 0.40775988286969256 0.01953125 0.03953147877013177 0.779087890625 0.40572035139092244 0.7879814453125 0.4023221083455344 0.783447265625 0.4088579795021962 0.7824013671875 0.4206237188872621 0.7904228515625 0.41800878477306
0  0.70947265625 0.39092240117130306 0.0185546875 0.029282576866764276 0.704162109375 0.39056954612005856 0.710357421875 0.3873469985358711 0.7064384765625 0.3970146412884334 0.7068173828125 0.4004260614934114 0.7116220703125 0.39928843338213765
0  0.92626953125 0.3711566617862372 0.0302734375 0.0424597364568082 -0.0009765625 -0.0014641288433382138 -0.0009765625 -0.0014641288433382138 -0.0009765625 -0.0014641288433382138 -0.0009765625 -0.0014641288433382138 -0.0009765625 -0.0014641288433382138
0  0.90234375 0.32284040995607616 0.015625 0.024890190336749635 0.8985859375 0.3225139092240117 0.9043623046875 0.31908199121522696 0.90065625 0.3249648609077599 0.901310546875 0.3306837481698389 0.9055615234375 0.33019326500732066
0  0.9404296875 0.31259150805270863 0.01953125 0.03074670571010249 -0.0009765625 -0.0014641288433382138 -0.0009765625 -0.0014641288433382138 -0.0009765625 -0.0014641288433382138 -0.0009765625 -0.0014641288433382138 -0.0009765625 -0.0014641288433382138
0  0.5185546875 0.46266471449487556 0.017578125 0.02342606149341142 -0.0009765625 -0.0014641288433382138 -0.0009765625 -0.0014641288433382138 -0.0009765625 -0.0014641288433382138 -0.0009765625 -0.0014641288433382138 -0.0009765625 -0.0014641288433382138
0  0.75244140625 0.3931185944363104 0.0166015625 0.027818448023426062 -0.0009765625 -0.0014641288433382138 -0.0009765625 -0.0014641288433382138 -0.0009765625 -0.0014641288433382138 -0.0009765625 -0.0014641288433382138 -0.0009765625 -0.0014641288433382138
