0  0.88134765625 0.10972568578553615 0.0517578125 0.09226932668329177 0.872162109375 0.0933216957605985 0.8987119140625 0.09682793017456359 0.88589453125 0.11903865336658354 0.8707890625 0.12839027431421446 0.8923037109375 0.13072817955112218
0  0.66748046875 0.11346633416458853 0.0615234375 0.10224438902743142 0.6509482421875 0.10003990024937656 0.68153125 0.10003990024937656 0.6674931640625 0.12308478802992519 0.652453125 0.1333279301745636 0.680529296875 0.1346072319201995
0  0.39599609375 0.11471321695760599 0.0634765625 0.09975062344139651 0.3818359375 0.10349127182044887 0.4150390625 0.1059850374064838 0.396484375 0.12344139650872818 0.3818359375 0.1396508728179551 0.408203125 0.14089775561097256
0  0.52734375 0.185785536159601 0.037109375 0.057356608478802994 0.5214716796875 0.1775635910224439 0.5407412109375 0.17684039900249376 0.5322392578125 0.1909513715710723 0.524021484375 0.2007206982543641 0.5353564453125 0.2007206982543641
0  0.29248046875 0.17955112219451372 0.0361328125 0.057356608478802994 0.2815068359375 0.17169077306733166 0.29879296875 0.17494763092269325 0.288025390625 0.18869700748129678 0.28207421875 0.19267705735660845 0.2968095703125 0.19520947630922691
0  0.16064453125 0.1172069825436409 0.0595703125 0.09975062344139651 0.1572001953125 0.10463216957605986 0.1842958984375 0.10651995012468828 0.1719794921875 0.12853491271820447 0.154244140625 0.13797007481296758 0.17690625 0.1404862842892768
0  0.23583984375 0.185785536159601 0.0244140625 0.0399002493765586 0.2276435546875 0.1773354114713217 0.236267578125 0.17861596009975061 0.2300498046875 0.1855299251870324 0.2294482421875 0.19423566084788027 0.23606640625 0.19602743142144638
0  0.3525390625 0.19139650872817954 0.015625 0.03117206982543641 0.3462216796875 0.1922930174563591 0.3538515625 0.18898004987531172 0.34896875 0.19696882793017456 0.3512578125 0.20320324189526184 0.355072265625 0.2014488778054863
0  0.3349609375 0.19077306733167082 0.015625 0.02743142144638404 -0.0009765625 -0.0012468827930174563 -0.0009765625 -0.0012468827930174563 -0.0009765625 -0.0012468827930174563 -0.0009765625 -0.0012468827930174563 -0.0009765625 -0.0012468827930174563
0  0.7919921875 0.2013715710723192 0.009765625 0.016209476309226933 -0.0009765625 -0.0012468827930174563 -0.0009765625 -0.0012468827930174563 -0.0009765625 -0.0012468827930174563 -0.0009765625 -0.0012468827930174563 -0.0009765625 -0.0012468827930174563
0  0.97900390625 0.22443890274314215 0.0068359375 0.014962593516209476 -0.0009765625 -0.0012468827930174563 -0.0009765625 -0.0012468827930174563 -0.0009765625 -0.0012468827930174563 -0.0009765625 -0.0012468827930174563 -0.0009765625 -0.0012468827930174563
0  0.99169921875 0.22069825436408977 0.0068359375 0.012468827930174564 -0.0009765625 -0.0012468827930174563 -0.0009765625 -0.0012468827930174563 -0.0009765625 -0.0012468827930174563 -0.0009765625 -0.0012468827930174563 -0.0009765625 -0.0012468827930174563
0  0.96337890625 0.22630922693266833 0.0087890625 0.01371571072319202 -0.0009765625 -0.0012468827930174563 -0.0009765625 -0.0012468827930174563 -0.0009765625 -0.0012468827930174563 -0.0009765625 -0.0012468827930174563 -0.0009765625 -0.0012468827930174563
0  0.5576171875 0.14214463840399003 0.015625 0.02743142144638404 0.556640625 0.1396508728179551 0.564453125 0.14214463840399003 0.5615234375 0.14588528678304238 0.5576171875 0.15087281795511223 0.5634765625 0.15211970074812967
