0  0.912109375 0.2421875 0.083984375 0.12239583333333333 0.8762509765625 0.234578125 0.9000244140625 0.21834374999999998 0.8808896484375 0.25158723958333334 0.883208984375 0.28173828125 0.905822265625 0.2693684895833333
0  0.82275390625 0.322265625 0.0654296875 0.09765625 0.795 0.30805859375 0.812560546875 0.3006653645833333 0.7908408203125 0.3216145833333333 0.7982353515625 0.348109375 0.8120986328125 0.3394830729166667
0  0.775390625 0.353515625 0.046875 0.09244791666666667 0.7936484375 0.30810546875 0.8106513671875 0.2999674479166667 0.788853515625 0.3220559895833333 0.797572265625 0.3453072916666667 0.8102158203125 0.34123828125000005
0  0.62548828125 0.4069010416666667 0.0576171875 0.09244791666666667 0.6032021484375 0.3946236979166667 0.614537109375 0.39113671874999995 0.5975341796875 0.4068307291666667 0.607125 0.4289205729166667 0.616716796875 0.42601432291666663
0  0.4404296875 0.439453125 0.052734375 0.08463541666666667 0.43633203125 0.4227591145833333 0.4583916015625 0.42329296875 0.451171875 0.43719791666666663 0.4339248046875 0.45751953125 0.45879296875 0.4585885416666667
0  0.34130859375 0.4908854166666667 0.0517578125 0.07291666666666667 0.326171875 0.4817708333333333 0.34765625 0.4778645833333333 0.3330078125 0.4921875 0.328125 0.51171875 0.3466796875 0.5091145833333334
0  0.29638671875 0.4680989583333333 0.0341796875 0.06380208333333333 0.2855224609375 0.4560546875 0.289794921875 0.4576822916666667 0.280029296875 0.46459895833333337 0.28338671875 0.47924739583333337 0.287658203125 0.480875
0  0.19873046875 0.5045572916666666 0.0341796875 0.048177083333333336 0.1866806640625 0.4969544270833333 0.1977890625 0.4981627604166667 0.1835068359375 0.5051158854166666 0.185546875 0.5187174479166666 0.1941611328125 0.5184153645833333
0  0.25048828125 0.5221354166666666 0.0322265625 0.059895833333333336 0.25056640625 0.5056145833333333 0.2488662109375 0.5044817708333333 0.237248046875 0.5177057291666667 0.2454658203125 0.5297968750000001 0.24744921875 0.5305520833333334
0  0.1181640625 0.53125 0.037109375 0.0546875 0.1035283203125 0.5233971354166667 0.1199912109375 0.5251119791666666 0.1097021484375 0.5333424479166667 0.1037861328125 0.5426028645833333 0.120248046875 0.5443177083333334
0  0.0654296875 0.5859375 0.02734375 0.0390625 -0.0009765625 -0.0013020833333333333 -0.0009765625 -0.0013020833333333333 -0.0009765625 -0.0013020833333333333 -0.0009765625 -0.0013020833333333333 -0.0009765625 -0.0013020833333333333
0  0.16259765625 0.5618489583333334 0.0224609375 0.037760416666666664 -0.0009765625 -0.0013020833333333333 -0.0009765625 -0.0013020833333333333 -0.0009765625 -0.0013020833333333333 -0.0009765625 -0.0013020833333333333 -0.0009765625 -0.0013020833333333333
0  0.029296875 0.54296875 0.01171875 0.026041666666666668 -0.0009765625 -0.0013020833333333333 -0.0009765625 -0.0013020833333333333 -0.0009765625 -0.0013020833333333333 -0.0009765625 -0.0013020833333333333 -0.0009765625 -0.0013020833333333333
