0  0.02587890625 0.2862371888726208 0.0517578125 0.12445095168374817 0.012416015625 0.2823674963396779 0.0370048828125 0.2745241581259151 0.0322958984375 0.3011918008784773 0.02444921875 0.3239385065885798 0.042759765625 0.3137423133235725
0  0.384765625 0.363103953147877 0.103515625 0.17862371888726208 0.367130859375 0.3646076134699853 0.4178251953125 0.3567833089311859 0.3954599609375 0.3936676427525622 0.3798046875 0.43390483162518306 0.416333984375 0.4149033674963397
0  0.67822265625 0.2840409956076135 0.0732421875 0.1581259150805271 0.651720703125 0.27530893118594435 0.671064453125 0.27130893118594435 0.6423818359375 0.2993103953147877 0.6510537109375 0.32031039531478767 0.66639453125 0.3213103953147877
0  0.83349609375 0.43484626647144947 0.1279296875 0.23133235724743778 0.8018974609375 0.38309809663250366 0.812591796875 0.4005900439238653 0.770787109375 0.4428594436310396 0.79217578125 0.4851303074670571 0.8018974609375 0.499705710102489
0  0.5166015625 0.3923865300146413 0.03125 0.06734992679355783 0.509765625 0.383601756954612 0.5263671875 0.38799414348462663 0.5166015625 0.39824304538799415 0.5087890625 0.40702781844802344 0.5224609375 0.4128843338213763
0  0.61669921875 0.3418740849194729 0.0185546875 0.09809663250366032 -0.0009765625 -0.0014641288433382138 -0.0009765625 -0.0014641288433382138 -0.0009765625 -0.0014641288433382138 -0.0009765625 -0.0014641288433382138 -0.0009765625 -0.0014641288433382138
0  0.474609375 0.3711566617862372 0.017578125 0.05417276720351391 -0.0009765625 -0.0014641288433382138 -0.0009765625 -0.0014641288433382138 -0.0009765625 -0.0014641288433382138 -0.0009765625 -0.0014641288433382138 -0.0009765625 -0.0014641288433382138
0  0.45263671875 0.2972181551976574 0.0146484375 0.029282576866764276 -0.0009765625 -0.0014641288433382138 -0.0009765625 -0.0014641288433382138 -0.0009765625 -0.0014641288433382138 -0.0009765625 -0.0014641288433382138 -0.0009765625 -0.0014641288433382138
0  0.4521484375 0.38872620790629575 0.01953125 0.0424597364568082 -0.0009765625 -0.0014641288433382138 -0.0009765625 -0.0014641288433382138 -0.0009765625 -0.0014641288433382138 -0.0009765625 -0.0014641288433382138 -0.0009765625 -0.0014641288433382138
0  0.59423828125 0.38872620790629575 0.0302734375 0.0629575402635432 -0.0009765625 -0.0014641288433382138 -0.0009765625 -0.0014641288433382138 -0.0009765625 -0.0014641288433382138 -0.0009765625 -0.0014641288433382138 -0.0009765625 -0.0014641288433382138
0  0.28369140625 0.2759882869692533 0.0693359375 0.20937042459736457 -0.0009765625 -0.0014641288433382138 -0.0009765625 -0.0014641288433382138 -0.0009765625 -0.0014641288433382138 -0.0009765625 -0.0014641288433382138 -0.0009765625 -0.0014641288433382138
