0  0.16015625 0.6140988372093024 0.017578125 0.06831395348837209 -0.0009765625 -0.0014534883720930232 -0.0009765625 -0.0014534883720930232 -0.0009765625 -0.0014534883720930232 -0.0009765625 -0.0014534883720930232 -0.0009765625 -0.0014534883720930232
0  0.8203125 0.34375 0.015625 0.03343023255813953 0.81463671875 0.34059593023255813 0.8218994140625 0.3408168604651163 0.818490234375 0.3485392441860465 0.815525390625 0.3540537790697674 0.8233818359375 0.3542747093023256
0  0.8056640625 0.33502906976744184 0.013671875 0.030523255813953487 0.802337890625 0.3327703488372093 0.8090947265625 0.3321671511627907 0.805986328125 0.3380014534883721 0.8034189453125 0.34343168604651164 0.8089599609375 0.34343168604651164
0  0.76171875 0.33066860465116277 0.017578125 0.03343023255813953 0.7581220703125 0.3259578488372093 0.7670419921875 0.326171511627907 0.76258203125 0.3336656976744186 0.7585537109375 0.33902034883720933 0.764740234375 0.33944767441860463
0  0.70947265625 0.3539244186046512 0.0166015625 0.03924418604651163 0.7049384765625 0.3500828488372093 0.7122626953125 0.3500828488372093 0.7079033203125 0.35838808139534883 0.7054619140625 0.3640988372093023 0.7119140625 0.36383866279069765
0  0.73681640625 0.33575581395348836 0.0126953125 0.02616279069767442 0.73583984375 0.3299476744186046 0.7413720703125 0.32977325581395345 0.74113671875 0.3371308139534884 0.73760546875 0.3399345930232558 0.7412548828125 0.33975872093023257
0  0.67724609375 0.37136627906976744 0.0166015625 0.03343023255813953 0.6725029296875 0.36865406976744186 0.6802109375 0.3682122093023256 0.6766533203125 0.3746104651162791 0.6726513671875 0.3814505813953488 0.6806552734375 0.3812296511627907
0  0.63134765625 0.376453488372093 0.0166015625 0.03488372093023256 0.6273017578125 0.3741177325581395 0.6344169921875 0.37389680232558137 0.6305625 0.38161918604651157 0.62833984375 0.3864723837209302 0.63352734375 0.3864723837209302
0  0.58837890625 0.3808139534883721 0.0166015625 0.03488372093023256 0.5833125 0.3773619186046512 0.591248046875 0.3773619186046512 0.5874326171875 0.3848561046511628 0.584228515625 0.39007994186046513 0.591400390625 0.3898531976744186
0  0.662109375 0.3059593023255814 0.01171875 0.024709302325581394 -0.0009765625 -0.0014534883720930232 -0.0009765625 -0.0014534883720930232 -0.0009765625 -0.0014534883720930232 -0.0009765625 -0.0014534883720930232 -0.0009765625 -0.0014534883720930232
0  0.6796875 0.31468023255813954 0.009765625 0.02180232558139535 -0.0009765625 -0.0014534883720930232 -0.0009765625 -0.0014534883720930232 -0.0009765625 -0.0014534883720930232 -0.0009765625 -0.0014534883720930232 -0.0009765625 -0.0014534883720930232
0  0.5693359375 0.3684593023255814 0.015625 0.030523255813953487 -0.0009765625 -0.0014534883720930232 -0.0009765625 -0.0014534883720930232 -0.0009765625 -0.0014534883720930232 -0.0009765625 -0.0014534883720930232 -0.0009765625 -0.0014534883720930232
0  0.08349609375 0.4309593023255814 0.0146484375 0.027616279069767442 0.08154296875 0.4265988372093023 0.0880126953125 0.4258720930232558 0.08642578125 0.4304142441860465 0.084228515625 0.43568313953488375 0.08837890625 0.4355014534883721
0  0.07080078125 0.32049418604651164 0.0146484375 0.024709302325581394 -0.0009765625 -0.0014534883720930232 -0.0009765625 -0.0014534883720930232 -0.0009765625 -0.0014534883720930232 -0.0009765625 -0.0014534883720930232 -0.0009765625 -0.0014534883720930232
0  0.0908203125 0.29723837209302323 0.01171875 0.024709302325581394 -0.0009765625 -0.0014534883720930232 -0.0009765625 -0.0014534883720930232 -0.0009765625 -0.0014534883720930232 -0.0009765625 -0.0014534883720930232 -0.0009765625 -0.0014534883720930232
0  0.1015625 0.33502906976744184 0.01171875 0.024709302325581394 -0.0009765625 -0.0014534883720930232 -0.0009765625 -0.0014534883720930232 -0.0009765625 -0.0014534883720930232 -0.0009765625 -0.0014534883720930232 -0.0009765625 -0.0014534883720930232
0  0.2646484375 0.34011627906976744 0.009765625 0.023255813953488372 -0.0009765625 -0.0014534883720930232 -0.0009765625 -0.0014534883720930232 -0.0009765625 -0.0014534883720930232 -0.0009765625 -0.0014534883720930232 -0.0009765625 -0.0014534883720930232
0  0.28271484375 0.3234011627906977 0.0107421875 0.024709302325581394 0.2812412109375 0.31744476744186045 0.286568359375 0.3169389534883721 0.2849814453125 0.32301162790697674 0.2830546875 0.32790406976744185 0.2871357421875 0.3275668604651163
0  0.29833984375 0.3495639534883721 0.0146484375 0.03343023255813953 0.2943984375 0.3466119186046512 0.302599609375 0.3466119186046512 0.2968447265625 0.3523924418604651 0.294111328125 0.3596729651162791 0.30044140625 0.3601017441860465
0  0.32080078125 0.3808139534883721 0.0166015625 0.0436046511627907 -0.0009765625 -0.0014534883720930232 -0.0009765625 -0.0014534883720930232 -0.0009765625 -0.0014534883720930232 -0.0009765625 -0.0014534883720930232 -0.0009765625 -0.0014534883720930232
0  0.3720703125 0.3706395348837209 0.015625 0.0377906976744186 0.368591796875 0.36669476744186047 0.37571484375 0.36669476744186047 0.3717392578125 0.37409156976744184 0.369087890625 0.38099563953488375 0.3762119140625 0.3814883720930233
0  0.40087890625 0.37281976744186046 0.0185546875 0.036337209302325583 0.3983505859375 0.3683561046511628 0.4071396484375 0.3683561046511628 0.4024306640625 0.3767645348837209 0.3986640625 0.381203488372093 0.4050986328125 0.3807354651162791
0  0.46142578125 0.34375 0.0166015625 0.04215116279069767 0.45552734375 0.33644331395348837 0.4633916015625 0.33617732558139535 0.4591025390625 0.3446904069767442 0.4549912109375 0.35107558139534883 0.4651796875 0.35134156976744185
0  0.5263671875 0.3808139534883721 0.015625 0.03197674418604651 0.5218330078125 0.375 0.5293662109375 0.37417005813953486 0.526158203125 0.38226744186046513 0.5228095703125 0.3889113372093024 0.529505859375 0.38870494186046506
0  0.2841796875 0.40334302325581395 0.021484375 0.03924418604651163 0.2797587890625 0.40030668604651165 0.287919921875 0.3992936046511628 0.284689453125 0.40764534883720926 0.28162890625 0.412453488372093 0.2882607421875 0.412453488372093
0  0.2373046875 0.36191860465116277 0.013671875 0.03488372093023256 0.2320859375 0.35801162790697677 0.235443359375 0.35710465116279066 0.230408203125 0.36618895348837205 0.23193359375 0.3716395348837209 0.2349853515625 0.3709578488372093
0  0.20263671875 0.37790697674418605 0.0205078125 0.0377906976744186 0.1976845703125 0.37374127906976745 0.2056357421875 0.37349418604651163 0.2011630859375 0.3791656976744186 0.19884375 0.38705668604651167 0.2049736328125 0.38705668604651167
0  0.17431640625 0.3488372093023256 0.0205078125 0.029069767441860465 0.1676201171875 0.34265988372093026 0.1776904296875 0.3393502906976744 0.1740283203125 0.3409084302325581 0.172982421875 0.3494738372093023 0.179259765625 0.3461642441860465
0  0.31494140625 0.31976744186046513 0.0107421875 0.020348837209302327 0.3116103515625 0.31623691860465114 0.31719140625 0.31623691860465114 0.314662109375 0.3200014534883721 0.3129189453125 0.3222078488372093 0.31640625 0.3225959302325581
0  0.3388671875 0.34011627906976744 0.01171875 0.023255813953488372 -0.0009765625 -0.0014534883720930232 -0.0009765625 -0.0014534883720930232 -0.0009765625 -0.0014534883720930232 -0.0009765625 -0.0014534883720930232 -0.0009765625 -0.0014534883720930232
0  0.365234375 0.3125 0.009765625 0.023255813953488372 -0.0009765625 -0.0014534883720930232 -0.0009765625 -0.0014534883720930232 -0.0009765625 -0.0014534883720930232 -0.0009765625 -0.0014534883720930232 -0.0009765625 -0.0014534883720930232
0  0.3916015625 0.32776162790697677 0.01171875 0.027616279069767442 0.3897177734375 0.33109011627906976 0.3958388671875 0.3305654069767442 0.3931318359375 0.33547093023255814 0.3905419921875 0.3407267441860465 0.3953681640625 0.3402005813953488
0  0.5517578125 0.3386627906976744 0.01171875 0.023255813953488372 -0.0009765625 -0.0014534883720930232 -0.0009765625 -0.0014534883720930232 -0.0009765625 -0.0014534883720930232 -0.0009765625 -0.0014534883720930232 -0.0009765625 -0.0014534883720930232
0  0.52099609375 0.3183139534883721 0.0126953125 0.023255813953488372 0.5179970703125 0.31613372093023256 0.5239609375 0.3158226744186047 0.52103125 0.3211177325581395 0.517787109375 0.3254781976744186 0.522705078125 0.3267238372093023
0  0.486328125 0.3321220930232558 0.009765625 0.0188953488372093 -0.0009765625 -0.0014534883720930232 -0.0009765625 -0.0014534883720930232 -0.0009765625 -0.0014534883720930232 -0.0009765625 -0.0014534883720930232 -0.0009765625 -0.0014534883720930232
0  0.43115234375 0.34593023255813954 0.0166015625 0.03197674418604651 0.4324775390625 0.3488372093023256 0.4388955078125 0.3467601744186046 0.4369423828125 0.35485901162790695 0.434291015625 0.35984156976744186 0.4386162109375 0.35838808139534883
0  0.4521484375 0.3495639534883721 0.015625 0.03343023255813953 0.455544921875 0.3365014534883721 0.463025390625 0.3365014534883721 0.4598603515625 0.3450668604651163 0.455400390625 0.3510625 0.463169921875 0.35063517441860464
0  0.32861328125 0.35828488372093026 0.0146484375 0.03343023255813953 -0.0009765625 -0.0014534883720930232 -0.0009765625 -0.0014534883720930232 -0.0009765625 -0.0014534883720930232 -0.0009765625 -0.0014534883720930232 -0.0009765625 -0.0014534883720930232
0  0.2783203125 0.30377906976744184 0.01171875 0.02616279069767442 0.27734375 0.3013139534883721 0.2823310546875 0.2997950581395349 0.2819912109375 0.30502470930232556 0.279724609375 0.3092427325581395 0.2838046875 0.3080610465116279
0  0.4248046875 0.3125 0.0078125 0.02616279069767442 -0.0009765625 -0.0014534883720930232 -0.0009765625 -0.0014534883720930232 -0.0009765625 -0.0014534883720930232 -0.0009765625 -0.0014534883720930232 -0.0009765625 -0.0014534883720930232
0  0.58154296875 0.31976744186046513 0.0087890625 0.023255813953488372 -0.0009765625 -0.0014534883720930232 -0.0009765625 -0.0014534883720930232 -0.0009765625 -0.0014534883720930232 -0.0009765625 -0.0014534883720930232 -0.0009765625 -0.0014534883720930232
0  0.56396484375 0.32776162790697677 0.0068359375 0.024709302325581394 -0.0009765625 -0.0014534883720930232 -0.0009765625 -0.0014534883720930232 -0.0009765625 -0.0014534883720930232 -0.0009765625 -0.0014534883720930232 -0.0009765625 -0.0014534883720930232
0  0.6142578125 0.3379360465116279 0.01171875 0.030523255813953487 -0.0009765625 -0.0014534883720930232 -0.0009765625 -0.0014534883720930232 -0.0009765625 -0.0014534883720930232 -0.0009765625 -0.0014534883720930232 -0.0009765625 -0.0014534883720930232
