0  0.10009765625 0.43321513002364065 0.0263671875 0.03900709219858156 -0.0009765625 -0.001182033096926714 -0.0009765625 -0.001182033096926714 -0.0009765625 -0.001182033096926714 -0.0009765625 -0.001182033096926714 -0.0009765625 -0.001182033096926714
0  0.0859375 0.4716312056737589 0.021484375 0.03546099290780142 0.0869140625 0.46808510638297873 0.0859375 0.4657210401891253 0.0966796875 0.46926713947990545 0.091796875 0.48108747044917255 0.0927734375 0.48108747044917255
0  0.10107421875 0.3947990543735225 0.0107421875 0.018912529550827423 -0.0009765625 -0.001182033096926714 -0.0009765625 -0.001182033096926714 -0.0009765625 -0.001182033096926714 -0.0009765625 -0.001182033096926714 -0.0009765625 -0.001182033096926714
0  0.1875 0.41548463356973997 0.033203125 0.03900709219858156 -0.0009765625 -0.001182033096926714 -0.0009765625 -0.001182033096926714 -0.0009765625 -0.001182033096926714 -0.0009765625 -0.001182033096926714 -0.0009765625 -0.001182033096926714
0  0.40869140625 0.4438534278959811 0.0322265625 0.0508274231678487 0.403826171875 0.4396631205673759 0.4070693359375 0.4403179669030733 0.4003125 0.45078723404255316 0.4008525390625 0.4609290780141844 0.40869140625 0.46158392434988177
0  0.337890625 0.40602836879432624 0.017578125 0.024822695035460994 -0.0009765625 -0.001182033096926714 -0.0009765625 -0.001182033096926714 -0.0009765625 -0.001182033096926714 -0.0009765625 -0.001182033096926714 -0.0009765625 -0.001182033096926714
0  0.5322265625 0.48699763593380613 0.017578125 0.0425531914893617 0.5369521484375 0.47840661938534285 0.5380859375 0.4781323877068558 0.5385390625 0.4858156028368794 0.5383125 0.49267612293144203 0.5392197265625 0.49267612293144203
0  0.5478515625 0.4562647754137116 0.029296875 0.04491725768321513 0.557033203125 0.44771631205673756 0.5584453125 0.4471465721040189 0.5629189453125 0.4593995271867612 0.554443359375 0.465952718676123 0.5567978515625 0.46509810874704494
0  0.63671875 0.3894799054373522 0.017578125 0.01773049645390071 0.6328125 0.38652482269503546 0.6416015625 0.38652482269503546 0.63671875 0.3912529550827423 0.6337890625 0.3971631205673759 0.6396484375 0.3983451536643026
0  0.65283203125 0.43617021276595747 0.0263671875 0.04491725768321513 0.6521083984375 0.43617021276595747 0.6627021484375 0.4341749408983452 0.6610546875 0.4441489361702128 0.655875 0.45326713947990543 0.6622314453125 0.4526973995271868
0  0.7119140625 0.5254137115839244 0.03125 0.05555555555555555 0.704232421875 0.5119361702127659 0.717755859375 0.5164645390070922 0.707109375 0.5223853427895981 0.7004921875 0.526563829787234 0.7099873046875 0.5307434988179669
0  0.72412109375 0.46158392434988177 0.0244140625 0.03900709219858156 0.7144248046875 0.4589669030732861 0.7186103515625 0.4561808510638298 0.7129599609375 0.4647919621749409 0.7227958984375 0.4728971631205674 0.7255166015625 0.47112411347517735
0  0.68017578125 0.44208037825059104 0.0185546875 0.037825059101654845 -0.0009765625 -0.001182033096926714 -0.0009765625 -0.001182033096926714 -0.0009765625 -0.001182033096926714 -0.0009765625 -0.001182033096926714 -0.0009765625 -0.001182033096926714
0  0.798828125 0.42730496453900707 0.017578125 0.022458628841607566 0.7939453125 0.4231678486997636 0.802734375 0.4231678486997636 0.7978515625 0.42671394799054374 0.7939453125 0.4314420803782506 0.802734375 0.4326241134751773
0  0.80908203125 0.44030732860520094 0.0185546875 0.02955082742316785 -0.0009765625 -0.001182033096926714 -0.0009765625 -0.001182033096926714 -0.0009765625 -0.001182033096926714 -0.0009765625 -0.001182033096926714 -0.0009765625 -0.001182033096926714
0  0.859375 0.4426713947990544 0.021484375 0.027186761229314422 0.8623046875 0.4397163120567376 0.86328125 0.44089834515366433 0.8681640625 0.450354609929078 0.861328125 0.45508274231678486 0.86328125 0.45508274231678486
0  0.845703125 0.4875886524822695 0.021484375 0.0508274231678487 0.8387890625 0.48672813238770685 0.840650390625 0.48608510638297875 0.83586328125 0.49574113475177306 0.84198046875 0.503145390070922 0.8435751953125 0.5021796690307329
0  0.92333984375 0.44799054373522457 0.0205078125 0.03309692671394799 0.916015625 0.44562647754137114 0.9228515625 0.44680851063829785 0.9169921875 0.4515366430260047 0.919921875 0.458628841607565 0.9208984375 0.458628841607565
0  0.58544921875 0.41962174940898345 0.0126953125 0.01182033096926714 -0.0009765625 -0.001182033096926714 -0.0009765625 -0.001182033096926714 -0.0009765625 -0.001182033096926714 -0.0009765625 -0.001182033096926714 -0.0009765625 -0.001182033096926714
0  0.0478515625 0.36347517730496454 0.0078125 0.010638297872340425 -0.0009765625 -0.001182033096926714 -0.0009765625 -0.001182033096926714 -0.0009765625 -0.001182033096926714 -0.0009765625 -0.001182033096926714 -0.0009765625 -0.001182033096926714
0  0.51953125 0.4391252955082742 0.0234375 0.034278959810874705 -0.0009765625 -0.001182033096926714 -0.0009765625 -0.001182033096926714 -0.0009765625 -0.001182033096926714 -0.0009765625 -0.001182033096926714 -0.0009765625 -0.001182033096926714
0  0.935546875 0.4781323877068558 0.021484375 0.03664302600472813 -0.0009765625 -0.001182033096926714 -0.0009765625 -0.001182033096926714 -0.0009765625 -0.001182033096926714 -0.0009765625 -0.001182033096926714 -0.0009765625 -0.001182033096926714
