0  0.90966796875 0.5494791666666666 0.0478515625 0.0859375 0.9136396484375 0.5347721354166667 0.929857421875 0.5326106770833333 0.9282353515625 0.554234375 0.9176943359375 0.5715338541666667 0.927830078125 0.5699114583333333
0  0.84228515625 0.484375 0.0322265625 0.06510416666666667 0.843654296875 0.47464453125 0.8479873046875 0.47381901041666663 0.8551064453125 0.4828984375 0.8473681640625 0.49982031250000003 0.8504638671875 0.5002330729166666
0  0.365234375 0.4459635416666667 0.02734375 0.045572916666666664 0.3596796875 0.43746484375 0.37188671875 0.43746484375 0.3662197265625 0.4426966145833333 0.3616416015625 0.45141666666666663 0.3705791015625 0.45199739583333337
0  0.60693359375 0.3483072916666667 0.0146484375 0.022135416666666668 0.6035546875 0.3491796875 0.6098759765625 0.34903385416666666 0.6061708984375 0.35353906249999995 0.6038818359375 0.3570260416666667 0.60911328125 0.35688151041666666
0  0.6689453125 0.353515625 0.01171875 0.029947916666666668 -0.0009765625 -0.0013020833333333333 -0.0009765625 -0.0013020833333333333 -0.0009765625 -0.0013020833333333333 -0.0009765625 -0.0013020833333333333 -0.0009765625 -0.0013020833333333333
0  0.80029296875 0.33203125 0.0146484375 0.0234375 -0.0009765625 -0.0013020833333333333 -0.0009765625 -0.0013020833333333333 -0.0009765625 -0.0013020833333333333 -0.0009765625 -0.0013020833333333333 -0.0009765625 -0.0013020833333333333
0  0.8115234375 0.3326822916666667 0.013671875 0.022135416666666668 -0.0009765625 -0.0013020833333333333 -0.0009765625 -0.0013020833333333333 -0.0009765625 -0.0013020833333333333 -0.0009765625 -0.0013020833333333333 -0.0009765625 -0.0013020833333333333
0  0.85009765625 0.34765625 0.0126953125 0.020833333333333332 -0.0009765625 -0.0013020833333333333 -0.0009765625 -0.0013020833333333333 -0.0009765625 -0.0013020833333333333 -0.0009765625 -0.0013020833333333333 -0.0009765625 -0.0013020833333333333
0  0.875 0.3203125 0.01171875 0.026041666666666668 -0.0009765625 -0.0013020833333333333 -0.0009765625 -0.0013020833333333333 -0.0009765625 -0.0013020833333333333 -0.0009765625 -0.0013020833333333333 -0.0009765625 -0.0013020833333333333
0  0.91015625 0.3053385416666667 0.01171875 0.02734375 -0.0009765625 -0.0013020833333333333 -0.0009765625 -0.0013020833333333333 -0.0009765625 -0.0013020833333333333 -0.0009765625 -0.0013020833333333333 -0.0009765625 -0.0013020833333333333
0  0.0810546875 0.3079427083333333 0.095703125 0.16276041666666666 0.0567802734375 0.2980846354166667 0.0982138671875 0.2919453125 0.0767294921875 0.3277526041666667 0.0667548828125 0.3512838541666667 0.1005166015625 0.34821484374999995
0  0.27734375 0.341796875 0.021484375 0.040364583333333336 0.28241796875 0.33807682291666663 0.285103515625 0.33782031250000005 0.2879814453125 0.3454934895833333 0.2822265625 0.3518880208333333 0.2852958984375 0.35163281249999995
0  0.49951171875 0.3372395833333333 0.0810546875 0.1328125 0.467228515625 0.31830078125 0.4971533203125 0.31580729166666666 0.4722158203125 0.34240755208333334 0.470345703125 0.3698385416666667 0.499646484375 0.36401953125000003
0  0.73583984375 0.349609375 0.0107421875 0.01953125 -0.0009765625 -0.0013020833333333333 -0.0009765625 -0.0013020833333333333 -0.0009765625 -0.0013020833333333333 -0.0009765625 -0.0013020833333333333 -0.0009765625 -0.0013020833333333333
0  0.4462890625 0.3509114583333333 0.01171875 0.016927083333333332 -0.0009765625 -0.0013020833333333333 -0.0009765625 -0.0013020833333333333 -0.0009765625 -0.0013020833333333333 -0.0009765625 -0.0013020833333333333 -0.0009765625 -0.0013020833333333333
0  0.5634765625 0.3795572916666667 0.0078125 0.016927083333333332 -0.0009765625 -0.0013020833333333333 -0.0009765625 -0.0013020833333333333 -0.0009765625 -0.0013020833333333333 -0.0009765625 -0.0013020833333333333 -0.0009765625 -0.0013020833333333333
0  0.30029296875 0.4954427083333333 0.0205078125 0.037760416666666664 -0.0009765625 -0.0013020833333333333 -0.0009765625 -0.0013020833333333333 -0.0009765625 -0.0013020833333333333 -0.0009765625 -0.0013020833333333333 -0.0009765625 -0.0013020833333333333
