0  0.7353515625 0.78515625 0.03125 0.052083333333333336 0.74169921875 0.7744140625 0.745849609375 0.771484375 0.746337890625 0.7884114583333334 0.73828125 0.798828125 0.74169921875 0.7965494791666666
0  0.7802734375 0.7734375 0.037109375 0.049479166666666664 0.771544921875 0.7749609375 0.7861416015625 0.7699375 0.7800205078125 0.78375 0.7774306640625 0.7919114583333333 0.785435546875 0.7884583333333333
0  0.81689453125 0.7356770833333334 0.0419921875 0.0859375 -0.0009765625 -0.0013020833333333333 -0.0009765625 -0.0013020833333333333 -0.0009765625 -0.0013020833333333333 -0.0009765625 -0.0013020833333333333 -0.0009765625 -0.0013020833333333333
0  0.91552734375 0.7063802083333334 0.0244140625 0.05078125 -0.0009765625 -0.0013020833333333333 -0.0009765625 -0.0013020833333333333 -0.0009765625 -0.0013020833333333333 -0.0009765625 -0.0013020833333333333 -0.0009765625 -0.0013020833333333333
0  0.53271484375 0.2955729166666667 0.0322265625 0.0390625 0.5286171875 0.28874218749999997 0.542345703125 0.28737630208333337 0.535583984375 0.29639192708333334 0.5312802734375 0.3065013020833333 0.5405009765625 0.3054088541666667
0  0.6767578125 0.2838541666666667 0.025390625 0.044270833333333336 0.6697080078125 0.27978515625 0.67269921875 0.27836067708333334 0.6673583984375 0.290609375 0.6765439453125 0.29545052083333334 0.6782529296875 0.2945963541666667
0  0.498046875 0.388671875 0.017578125 0.032552083333333336 -0.0009765625 -0.0013020833333333333 -0.0009765625 -0.0013020833333333333 -0.0009765625 -0.0013020833333333333 -0.0009765625 -0.0013020833333333333 -0.0009765625 -0.0013020833333333333
0  0.52001953125 0.376953125 0.0244140625 0.040364583333333336 0.52730859375 0.3721861979166667 0.535365234375 0.3775572916666667 0.5311455078125 0.38164973958333337 0.5236640625 0.3849752604166667 0.528267578125 0.3890677083333333
0  0.34130859375 0.4134114583333333 0.0185546875 0.037760416666666664 -0.0009765625 -0.0013020833333333333 -0.0009765625 -0.0013020833333333333 -0.0009765625 -0.0013020833333333333 -0.0009765625 -0.0013020833333333333 -0.0009765625 -0.0013020833333333333
0  0.4375 0.4485677083333333 0.017578125 0.040364583333333336 -0.0009765625 -0.0013020833333333333 -0.0009765625 -0.0013020833333333333 -0.0009765625 -0.0013020833333333333 -0.0009765625 -0.0013020833333333333 -0.0009765625 -0.0013020833333333333
0  0.447265625 0.3776041666666667 0.015625 0.028645833333333332 -0.0009765625 -0.0013020833333333333 -0.0009765625 -0.0013020833333333333 -0.0009765625 -0.0013020833333333333 -0.0009765625 -0.0013020833333333333 -0.0009765625 -0.0013020833333333333
0  0.74853515625 0.3977864583333333 0.0166015625 0.029947916666666668 -0.0009765625 -0.0013020833333333333 -0.0009765625 -0.0013020833333333333 -0.0009765625 -0.0013020833333333333 -0.0009765625 -0.0013020833333333333 -0.0009765625 -0.0013020833333333333
0  0.80859375 0.3678385416666667 0.013671875 0.022135416666666668 0.804931640625 0.3661302083333333 0.810712890625 0.3665833333333333 0.8070849609375 0.37111718749999995 0.8059521484375 0.3748958333333334 0.8094658203125 0.375046875
0  0.3525390625 0.3912760416666667 0.015625 0.02734375 -0.0009765625 -0.0013020833333333333 -0.0009765625 -0.0013020833333333333 -0.0009765625 -0.0013020833333333333 -0.0009765625 -0.0013020833333333333 -0.0009765625 -0.0013020833333333333
