0  0.31689453125 0.17082111436950145 0.0244140625 0.05718475073313783 -0.0009765625 -0.001466275659824047 -0.0009765625 -0.001466275659824047 -0.0009765625 -0.001466275659824047 -0.0009765625 -0.001466275659824047 -0.0009765625 -0.001466275659824047
0  0.69287109375 0.2001466275659824 0.0068359375 0.01906158357771261 -0.0009765625 -0.001466275659824047 -0.0009765625 -0.001466275659824047 -0.0009765625 -0.001466275659824047 -0.0009765625 -0.001466275659824047 -0.0009765625 -0.001466275659824047
0  0.59423828125 0.2155425219941349 0.0107421875 0.020527859237536656 -0.0009765625 -0.001466275659824047 -0.0009765625 -0.001466275659824047 -0.0009765625 -0.001466275659824047 -0.0009765625 -0.001466275659824047 -0.0009765625 -0.001466275659824047
0  0.11376953125 0.187683284457478 0.0263671875 0.05865102639296188 -0.0009765625 -0.001466275659824047 -0.0009765625 -0.001466275659824047 -0.0009765625 -0.001466275659824047 -0.0009765625 -0.001466275659824047 -0.0009765625 -0.001466275659824047
0  0.0263671875 0.45894428152492667 0.044921875 0.09970674486803519 0.0203505859375 0.46202052785923753 0.0398037109375 0.45821114369501464 0.037689453125 0.47852932551319655 0.0220419921875 0.4918636363636364 0.0334599609375 0.493133431085044
0  0.130859375 0.5623167155425219 0.041015625 0.08651026392961877 0.12796484375 0.5552536656891496 0.1438857421875 0.5503636363636364 0.140267578125 0.5672067448680351 0.129412109375 0.5829618768328445 0.1464189453125 0.5824193548387097
0  0.5751953125 0.2280058651026393 0.021484375 0.039589442815249266 -0.0009765625 -0.001466275659824047 -0.0009765625 -0.001466275659824047 -0.0009765625 -0.001466275659824047 -0.0009765625 -0.001466275659824047 -0.0009765625 -0.001466275659824047
0  0.8369140625 0.48533724340175954 0.029296875 0.06158357771260997 0.8267470703125 0.48180205278592375 0.83642578125 0.4861231671554252 0.825701171875 0.4947639296187683 0.824916015625 0.5022258064516129 0.8338095703125 0.5069384164222874
0  0.90478515625 0.437683284457478 0.0283203125 0.04838709677419355 0.8971123046875 0.43192228739002936 0.9090400390625 0.4328651026392962 0.901087890625 0.4413489736070381 0.8973212890625 0.4501466275659824 0.9063193359375 0.451717008797654
0  0.970703125 0.21334310850439883 0.037109375 0.0718475073313783 0.9580078125 0.20527859237536658 0.976623046875 0.20436217008797655 0.963806640625 0.21398533724340174 0.957091796875 0.2281891495601173 0.971740234375 0.2281891495601173
0  0.88134765625 0.17082111436950145 0.0224609375 0.05718475073313783 0.88525390625 0.1689882697947214 0.8896484375 0.16788856304985336 0.890380859375 0.17705278592375367 0.884521484375 0.18548387096774194 0.8876953125 0.18475073313782991
0  0.80859375 0.5601173020527859 0.04296875 0.06451612903225806 0.801513671875 0.5503108504398827 0.8215634765625 0.5519618768328446 0.8125 0.5593841642228738 0.8039853515625 0.5713431085043988 0.81854296875 0.5709310850439883
0  0.75927734375 0.4912023460410557 0.0322265625 0.06744868035190615 0.750208984375 0.4823856304985338 0.76239453125 0.48536363636363633 0.7482255859375 0.489192082111437 0.743974609375 0.5053607038123167 0.752759765625 0.5066378299120234
0  0.7041015625 0.37023460410557185 0.025390625 0.051319648093841645 0.6989306640625 0.3714648093841642 0.70939453125 0.3701554252199413 0.704380859375 0.3796480938416423 0.7002392578125 0.3865205278592376 0.7083046875 0.38488416422287386
0  0.73193359375 0.3313782991202346 0.0166015625 0.026392961876832845 0.7296669921875 0.3276994134897361 0.735673828125 0.3276994134897361 0.7330673828125 0.332124633431085 0.7309130859375 0.3385923753665689 0.734767578125 0.3387624633431085
0  0.74365234375 0.21627565982404692 0.0126953125 0.01906158357771261 -0.0009765625 -0.001466275659824047 -0.0009765625 -0.001466275659824047 -0.0009765625 -0.001466275659824047 -0.0009765625 -0.001466275659824047 -0.0009765625 -0.001466275659824047
0  0.04150390625 0.7895894428152492 0.0615234375 0.17155425219941348 0.02460546875 0.7952976539589444 0.0610703125 0.7856363636363636 0.0489150390625 0.8253563049853373 0.0260361328125 0.8500469208211143 0.053919921875 0.8403856304985338
0  0.29248046875 0.6964809384164223 0.0615234375 0.10557184750733138 -0.0009765625 -0.001466275659824047 -0.0009765625 -0.001466275659824047 -0.0009765625 -0.001466275659824047 -0.0009765625 -0.001466275659824047 -0.0009765625 -0.001466275659824047
0  0.51123046875 0.6898826979472141 0.0556640625 0.09237536656891496 0.4952216796875 0.6607536656891496 0.5247109375 0.6659970674486804 0.5056982421875 0.6823093841642228 0.492505859375 0.6997859237536657 0.517337890625 0.708524926686217
0  0.81689453125 0.6400293255131965 0.0576171875 0.10703812316715543 0.800537109375 0.6243196480938417 0.8277412109375 0.6345307917888563 0.81005859375 0.6433812316715543 0.79736328125 0.6644853372434018 0.8177666015625 0.6719736070381231
0  0.97265625 0.6686217008797654 0.052734375 0.12903225806451613 0.960201171875 0.6637976539589443 0.990173828125 0.6719794721407625 0.968919921875 0.6907991202346041 0.9591103515625 0.703891495601173 0.971099609375 0.7079824046920821
0  0.96826171875 0.7969208211143695 0.0634765625 0.15395894428152493 0.9420693359375 0.7865000000000001 0.9659423828125 0.7990938416422287 0.9401328125 0.8116876832844575 0.941423828125 0.8388137829912024 0.9627158203125 0.8514090909090908
0  0.8310546875 0.8335777126099707 0.041015625 0.09237536656891496 -0.0009765625 -0.001466275659824047 -0.0009765625 -0.001466275659824047 -0.0009765625 -0.001466275659824047 -0.0009765625 -0.001466275659824047 -0.0009765625 -0.001466275659824047
0  0.9365234375 0.23900293255131966 0.017578125 0.04398826979472141 0.9313486328125 0.237425219941349 0.93772265625 0.23939589442815248 0.9307861328125 0.24586950146627565 0.9300361328125 0.25149853372434017 0.9317236328125 0.25234310850439884
0  0.1875 0.18328445747800587 0.0390625 0.07624633431085044 0.1838291015625 0.17920674486803517 0.19910546875 0.17872873900293254 0.19433203125 0.19019648093841643 0.186056640625 0.20501026392961877 0.2006962890625 0.20357624633431085
0  0.048828125 0.16788856304985336 0.044921875 0.09824046920821114 0.04965625 0.15647214076246335 0.06580859375 0.15958211143695014 0.06622265625 0.16953225806451613 0.056697265625 0.18943108504398828 0.0670517578125 0.19067448680351906
0  0.22509765625 0.20967741935483872 0.0224609375 0.04105571847507331 0.22848046875 0.20454545454545456 0.233189453125 0.20375953079178885 0.234583984375 0.2121392961876833 0.2300498046875 0.22182697947214075 0.2352822265625 0.2197316715542522
0  0.36181640625 0.20087976539589442 0.0224609375 0.05278592375366569 0.357474609375 0.1936275659824047 0.36767578125 0.1936275659824047 0.363822265625 0.2004340175953079 0.3595146484375 0.2120073313782991 0.36767578125 0.2123475073313783
0  0.388671875 0.2287390029325513 0.01953125 0.0469208211143695 -0.0009765625 -0.001466275659824047 -0.0009765625 -0.001466275659824047 -0.0009765625 -0.001466275659824047 -0.0009765625 -0.001466275659824047 -0.0009765625 -0.001466275659824047
0  0.494140625 0.2287390029325513 0.044921875 0.08211143695014662 0.4903037109375 0.24245894428152492 0.5025107421875 0.24612463343108504 0.4937919921875 0.25607478005865103 0.4833291015625 0.2628826979472141 0.4906533203125 0.2655
0  0.0087890625 0.18475073313782991 0.013671875 0.026392961876832845 0.004904296875 0.181366568914956 0.0105546875 0.1838401759530792 0.0069052734375 0.18737536656891496 0.00266796875 0.19179472140762463 0.0076123046875 0.194975073313783
