0  0.767578125 0.21937783538561245 0.041015625 0.0304601425793908 0.7544296875 0.21179779650032401 0.77226953125 0.21160661049902788 0.7601845703125 0.22000842514581984 0.754716796875 0.22401879455605964 0.7731328125 0.2236364225534673
0  0.52490234375 0.21970187945560596 0.0439453125 0.03629293583927414 0.5096044921875 0.2221205443940376 0.521314453125 0.22006351263771873 0.5164921875 0.22920609202851588 0.519591796875 0.2317206740116656 0.529236328125 0.2301205443940376
0  0.51318359375 0.13609850939727802 0.0400390625 0.03240440699935191 -0.0009765625 -0.0006480881399870382 -0.0009765625 -0.0006480881399870382 -0.0009765625 -0.0006480881399870382 -0.0009765625 -0.0006480881399870382 -0.0009765625 -0.0006480881399870382
0  0.38671875 0.08846403110823071 0.044921875 0.0356448476992871 -0.0009765625 -0.0006480881399870382 -0.0009765625 -0.0006480881399870382 -0.0009765625 -0.0006480881399870382 -0.0009765625 -0.0006480881399870382 -0.0009765625 -0.0006480881399870382
0  0.265625 0.018794556059624108 0.044921875 0.037589112119248216 0.252625 0.016 0.2742919921875 0.014379779650032403 0.26513671875 0.02450550874918989 0.2608642578125 0.027543745949449125 0.273681640625 0.026733635774465327
0  0.30908203125 0.24594944912508102 0.0361328125 0.03305249513933895 -0.0009765625 -0.0006480881399870382 -0.0009765625 -0.0006480881399870382 -0.0009765625 -0.0006480881399870382 -0.0009765625 -0.0006480881399870382 -0.0009765625 -0.0006480881399870382
0  0.14599609375 0.42287751134154244 0.0517578125 0.02268308489954634 0.144513671875 0.4238729747245625 0.161412109375 0.4214543097861309 0.15478515625 0.4287103046014258 0.1471640625 0.4287103046014258 0.1597548828125 0.4273907971484122
0  0.97900390625 0.3525599481529488 0.0419921875 0.033700583279325985 0.983646484375 0.3494899546338302 0.9846015625 0.3492793259883344 0.97314453125 0.36237394685677254 0.984919921875 0.36427478937135455 0.985875 0.36427478937135455
0  0.59033203125 0.8097861309138042 0.0595703125 0.034348671419313026 0.600716796875 0.801748541801685 0.6040908203125 0.7972702527543747 0.6160888671875 0.7995093972780298 0.61046484375 0.8134432922877511 0.61233984375 0.8107064160725859
0  0.46728515625 0.7790019442644199 0.0498046875 0.0440699935191186 0.4672197265625 0.7722229423201555 0.477369140625 0.7677329876863254 0.4883642578125 0.7741872974724562 0.4777919921875 0.7879390797148412 0.487095703125 0.7842909915748543
