0  0.125 0.7446300715990454 0.033203125 0.10501193317422435 0.13262109375 0.7244081145584725 0.13397265625 0.7191217183770884 0.1393779296875 0.7283723150357995 0.1396484375 0.7706491646778043 0.139107421875 0.7686658711217185
0  0.23681640625 0.5704057279236276 0.0263671875 0.081145584725537 0.2421875 0.5560859188544153 0.244140625 0.5560859188544153 0.2490234375 0.568019093078759 0.240234375 0.5847255369928401 0.2431640625 0.5847255369928401
0  0.27734375 0.5167064439140812 0.025390625 0.050119331742243436 0.2784599609375 0.5123484486873509 0.282169921875 0.49618615751789974 0.2879765625 0.5076181384248211 0.284912109375 0.5293007159904535 0.2863642578125 0.524964200477327
0  0.37646484375 0.5978520286396182 0.0224609375 0.06921241050119331 -0.0009765625 -0.002386634844868735 -0.0009765625 -0.002386634844868735 -0.0009765625 -0.002386634844868735 -0.0009765625 -0.002386634844868735 -0.0009765625 -0.002386634844868735
0  0.47412109375 0.6050119331742243 0.0205078125 0.08353221957040573 0.4815322265625 0.5905011933174225 0.4804423828125 0.5920978520286396 0.4839306640625 0.5974248210023866 0.4821865234375 0.6219307875894988 0.4828408203125 0.621398568019093
0  0.4892578125 0.14439140811455847 0.037109375 0.10739856801909307 0.478568359375 0.13053937947494032 0.4955703125 0.12915513126491646 0.4850859375 0.15200954653937948 0.4839521484375 0.1734797136038186 0.492736328125 0.17070883054892602
0  0.61669921875 0.4128878281622912 0.0244140625 0.0954653937947494 0.611986328125 0.3965107398568019 0.6114892578125 0.40379952267303104 0.6057734375 0.4086587112171838 0.6092529296875 0.43234367541766106 0.6085078125 0.43780906921241053
0  0.6650390625 0.48329355608591884 0.025390625 0.07875894988066826 0.659349609375 0.4708926014319809 0.6632431640625 0.4728949880668258 0.6532021484375 0.481909307875895 0.65730078125 0.5019379474940334 0.6605791015625 0.5034415274463008
0  0.80859375 0.6050119331742243 0.029296875 0.0883054892601432 0.8001708984375 0.5894128878281623 0.804251953125 0.6021575178997614 0.79473046875 0.60381861575179 0.79541015625 0.6243174224343675 0.799037109375 0.6326276849642005
0  0.720703125 0.7088305489260143 0.0234375 0.09069212410501193 -0.0009765625 -0.002386634844868735 -0.0009765625 -0.002386634844868735 -0.0009765625 -0.002386634844868735 -0.0009765625 -0.002386634844868735 -0.0009765625 -0.002386634844868735
0  0.59423828125 0.5632458233890215 0.0263671875 0.081145584725537 0.587890625 0.5439832935560859 0.5885185546875 0.5460286396181384 0.58349609375 0.5552338902147972 0.5849609375 0.5813150357995227 0.58642578125 0.5808042959427208
