0  0.75048828125 0.4150805270863836 0.0439453125 0.11566617862371889 0.74612890625 0.4056486090775988 0.764517578125 0.4114524158125915 0.7596787109375 0.4332181551976574 0.7412890625 0.44990629575402635 0.75387109375 0.45353294289897506
0  0.90576171875 0.4985358711566618 0.0673828125 0.14202049780380674 0.9000068359375 0.484207906295754 0.9280791015625 0.48152122986822843 0.9244951171875 0.510177159590044 0.9029931640625 0.5316676427525623 0.9292734375 0.5325636896046851
0  0.70263671875 0.6295754026354319 0.0673828125 0.1376281112737921 0.705138671875 0.6045021961932651 0.724853515625 0.5949399707174231 0.73065234375 0.6227584187408491 0.70571875 0.6584011713030746 0.7219541015625 0.6549224011713031
0  0.67626953125 0.34992679355783307 0.0361328125 0.07027818448023426 0.6711552734375 0.3406251830161054 0.6873994140625 0.34152708638360174 0.679578125 0.35911713030746706 0.6672451171875 0.3658814055636896 0.6867978515625 0.3649795021961933
0  0.7109375 0.31551976573938506 0.025390625 0.048316251830161056 0.7041015625 0.31332357247437775 0.7138671875 0.3089311859443631 0.7099609375 0.3206442166910688 0.7080078125 0.3323572474377745 0.7177734375 0.3279648609077599
0  0.77783203125 0.3323572474377745 0.0322265625 0.06149341142020498 0.7716845703125 0.3285402635431918 0.78403125 0.3235270863836017 0.7806875 0.34473645680819914 0.77580078125 0.35399267935578327 0.78917578125 0.3505212298682284
0  0.59375 0.30600292825768666 0.01953125 0.04685212298682284 0.5898525390625 0.30453879941434847 0.600080078125 0.30393704245973646 0.59566796875 0.3126573938506588 0.5910556640625 0.3195724743777452 0.5998798828125 0.3195724743777452
0  0.4765625 0.38726207906295756 0.041015625 0.08345534407027819 0.4649130859375 0.37764128843338207 0.482701171875 0.37450366032210836 0.4732841796875 0.39123572474377744 0.467005859375 0.4053543191800879 0.48828125 0.4001259150805271
0  0.53271484375 0.3103953147877013 0.0146484375 0.03513909224011713 0.5341796875 0.3074670571010249 0.5400390625 0.30453879941434847 0.5400390625 0.31332357247437775 0.5322265625 0.3206442166910688 0.5390625 0.3206442166910688
0  0.5048828125 0.37481698389458273 0.0234375 0.055636896046852125 0.5009765625 0.35871156661786235 0.5107421875 0.35871156661786235 0.5048828125 0.3689604685212299 0.5 0.3821376281112738 0.5078125 0.3821376281112738
0  0.4931640625 0.3169838945827233 0.025390625 0.060029282576866766 0.4975888671875 0.3092708638360176 0.5045341796875 0.30849926793557836 0.5042763671875 0.3177554904831625 0.4986181640625 0.3304816983894583 0.5058203125 0.3281669106881406
0  0.638671875 0.3191800878477306 0.015625 0.040995607613469986 0.636265625 0.30961054172767205 0.636265625 0.30961054172767205 0.6303359375 0.31823865300146414 0.636962890625 0.32503660322108346 0.636962890625 0.32503660322108346
0  0.37744140625 0.6339677891654466 0.0849609375 0.1903367496339678 0.3878134765625 0.6093133235724744 0.3981845703125 0.6033323572474378 0.418927734375 0.6308433382137628 0.3862177734375 0.6786896046852123 0.392599609375 0.6762972181551976
0  0.328125 0.3140556368960469 0.03515625 0.0746705710102489 0.3207314453125 0.30532357247437775 0.335169921875 0.29873499267935577 0.3304619140625 0.3086178623718887 0.3238701171875 0.3232064421669107 0.3379951171875 0.3175592972181552
0  0.224609375 0.34333821376281115 0.048828125 0.10395314787701318 0.2113515625 0.33079502196193267 0.23512890625 0.3288140556368961 0.22412109375 0.3552210834553441 0.2157548828125 0.3690849194729136 0.236890625 0.36842459736456806
0  0.02783203125 0.3711566617862372 0.0478515625 0.09809663250366032 0.0129521484375 0.35749633967789163 0.036560546875 0.34942313323572477 0.02910546875 0.374882869692533 0.0199931640625 0.39040556368960466 0.039458984375 0.38357540263543194
0  0.1357421875 0.44875549048316254 0.044921875 0.10688140556368961 0.119837890625 0.42627086383601753 0.1425087890625 0.4235519765739385 0.1302666015625 0.4446251830161054 0.125279296875 0.45821961932650074 0.144775390625 0.4548213762811127
0  0.19140625 0.5380673499267935 0.03515625 0.10688140556368961 0.196306640625 0.5211185944363104 0.1976533203125 0.5197715959004393 0.2075322265625 0.5372767203513908 0.1931630859375 0.559493411420205 0.195408203125 0.5588199121522693
0  0.0048828125 0.4443631039531479 0.009765625 0.10102489019033675 0.0009765625 0.42313323572474376 0.001953125 0.42313323572474376 0.0048828125 0.45534407027818447 0.0009765625 0.47291361639824303 0.0048828125 0.47291361639824303
0  0.046875 0.3579795021961933 0.0234375 0.05710102489019034 0.0262451171875 0.35112298682284043 0.03703515625 0.35004392386530014 0.0296015625 0.37341142020497803 0.02696484375 0.388510980966325 0.0396728515625 0.3841961932650073
0  0.14404296875 0.36676427525622257 0.0244140625 0.04538799414348463 -0.0009765625 -0.0014641288433382138 -0.0009765625 -0.0014641288433382138 -0.0009765625 -0.0014641288433382138 -0.0009765625 -0.0014641288433382138 -0.0009765625 -0.0014641288433382138
