0  0.05908203125 0.33186490455212925 0.0361328125 0.09104258443465492 0.0595703125 0.328928046989721 0.07421875 0.328928046989721 0.076171875 0.3436123348017621 0.0615234375 0.35389133627019087 0.07421875 0.3568281938325991
0  0.1181640625 0.34801762114537443 0.029296875 0.06167400881057269 0.1166298828125 0.34458296622613804 0.1276162109375 0.34458296622613804 0.1263076171875 0.3587430249632893 0.11715234375 0.3673950073421439 0.1260458984375 0.3673950073421439
0  0.16162109375 0.3641703377386197 0.0244140625 0.055800293685756244 0.1533642578125 0.3624008810572687 0.164193359375 0.36381644640234945 0.155953125 0.37585168869309843 0.1547763671875 0.3857635829662261 0.1639580078125 0.38470190895741563
0  0.19921875 0.34508076358296624 0.02734375 0.06167400881057269 0.19850390625 0.3436123348017621 0.209751953125 0.3440058737151248 0.2066123046875 0.35659177679882526 0.1971962890625 0.36249192364170335 0.209751953125 0.3628854625550661
0  0.30517578125 0.3237885462555066 0.0322265625 0.11894273127753303 0.3096572265625 0.31259177679882527 0.312142578125 0.31259177679882527 0.3215859375 0.3297797356828194 0.3086630859375 0.3499574155653451 0.3096572265625 0.3499574155653451
0  0.1533203125 0.3201174743024963 0.01953125 0.0381791483113069 0.149923828125 0.3162305433186491 0.1579892578125 0.3162305433186491 0.1549248046875 0.32302202643171807 0.1494404296875 0.32957121879588835 0.1565380859375 0.32908516886930983
0  0.34912109375 0.355359765051395 0.0126953125 0.032305433186490456 0.3427041015625 0.3536813509544787 0.3485634765625 0.3524229074889868 0.345912109375 0.3589265785609398 0.3456337890625 0.36375036710719527 0.3489814453125 0.36270190895741555
0  0.388671875 0.394273127753304 0.03515625 0.06607929515418502 0.3818359375 0.38472834067547723 0.3974609375 0.38619676945668135 0.38671875 0.39794419970631423 0.3818359375 0.40969162995594716 0.39453125 0.40969162995594716
0  0.53955078125 0.3957415565345081 0.0341796875 0.06020558002936858 0.526419921875 0.38664317180616736 0.5410849609375 0.3881629955947137 0.5307177734375 0.4003303964757709 0.5286953125 0.41021585903083707 0.5393154296875 0.41059618208516885
0  0.64453125 0.3509544787077827 0.017578125 0.041116005873715125 0.63671875 0.355359765051395 0.64453125 0.35389133627019087 0.6416015625 0.36270190895741555 0.6416015625 0.3671071953010279 0.6484375 0.368575624082232
0  0.7353515625 0.3737151248164464 0.033203125 0.06901615271659324 0.7234931640625 0.3676314243759178 0.7353515625 0.36896916299559473 0.72141796875 0.38011306901615277 0.72141796875 0.39170337738619676 0.731201171875 0.39571512481644644
0  0.4990234375 0.39060205580029367 0.013671875 0.02936857562408223 0.4967041015625 0.39079882525697507 0.5011513671875 0.39060205580029367 0.4995810546875 0.3970925110132159 0.4965732421875 0.3998458149779736 0.50128125 0.3998458149779736
0  0.44677734375 0.3854625550660793 0.0166015625 0.033773861967694566 0.444505859375 0.38399412628487517 0.44925390625 0.383345080763583 0.4472392578125 0.3891864904552129 0.4456572265625 0.39567547723935387 0.449541015625 0.3954596182085169
0  0.529296875 0.28928046989721 0.015625 0.02643171806167401 0.5263671875 0.2966226138032305 0.5322265625 0.29515418502202645 0.5302734375 0.3010279001468429 0.52734375 0.3054331864904552 0.5341796875 0.302496328928047
0  0.46044921875 0.2958883994126285 0.0107421875 0.01908957415565345 0.45703125 0.2922173274596182 0.4638671875 0.2922173274596182 0.4609375 0.2966226138032305 0.4580078125 0.302496328928047 0.46484375 0.29955947136563876
0  0.82470703125 0.37151248164464024 0.0185546875 0.03524229074889868 0.819771484375 0.3651409691629956 0.8295546875 0.36380323054331865 0.825404296875 0.37227312775330396 0.82140234375 0.3794052863436123 0.8289619140625 0.3785139500734214
0  0.94287109375 0.368575624082232 0.0185546875 0.04405286343612335 0.933685546875 0.3638942731277533 0.94080859375 0.3647400881057269 0.934060546875 0.3729148311306902 0.934810546875 0.38024375917767994 0.94024609375 0.3810895741556534
0  0.7890625 0.37591776798825255 0.01171875 0.020558002936857563 0.78497265625 0.37490748898678417 0.7898251953125 0.3751835535976505 0.787169921875 0.37848751835535976 0.785705078125 0.38261674008810576 0.78891015625 0.38275477239353894
