0  0.36669921875 0.436608557844691 0.0498046875 0.11885895404120443 0.3483583984375 0.42165134706814583 0.37353515625 0.4246244057052298 0.3556826171875 0.4476529318541997 0.3483583984375 0.46548177496038035 0.37124609375 0.46770998415213944
0  0.45947265625 0.4635499207606973 0.0361328125 0.10301109350237718 0.4556884765625 0.451041204437401 0.45608984375 0.4516925515055467 0.441650390625 0.46340887480190174 0.44365625 0.4868399366085579 0.444056640625 0.4868399366085579
0  0.4072265625 0.2844690966719493 0.029296875 0.06497622820919176 0.397220703125 0.2752852614896989 0.4139404296875 0.27570364500792394 0.4036513671875 0.2886434231378764 0.3979931640625 0.2953217115689382 0.411625 0.30074801901743264
0  0.43701171875 0.3288431061806656 0.0302734375 0.06497622820919176 0.432712890625 0.32025356576862124 0.4400458984375 0.3268193343898574 0.4301845703125 0.33051347068145803 0.4268974609375 0.34118225039619654 0.4311962890625 0.34610618066561016
0  0.48828125 0.3526148969889065 0.01953125 0.0491283676703645 -0.0009765625 -0.001584786053882726 -0.0009765625 -0.001584786053882726 -0.0009765625 -0.001584786053882726 -0.0009765625 -0.001584786053882726 -0.0009765625 -0.001584786053882726
0  0.5107421875 0.34548335974643424 0.013671875 0.04120443740095087 -0.0009765625 -0.001584786053882726 -0.0009765625 -0.001584786053882726 -0.0009765625 -0.001584786053882726 -0.0009765625 -0.001584786053882726 -0.0009765625 -0.001584786053882726
0  0.25390625 0.37004754358161646 0.033203125 0.08716323296354993 -0.0009765625 -0.001584786053882726 -0.0009765625 -0.001584786053882726 -0.0009765625 -0.001584786053882726 -0.0009765625 -0.001584786053882726 -0.0009765625 -0.001584786053882726
0  0.14404296875 0.37004754358161646 0.0224609375 0.07131537242472266 -0.0009765625 -0.001584786053882726 -0.0009765625 -0.001584786053882726 -0.0009765625 -0.001584786053882726 -0.0009765625 -0.001584786053882726 -0.0009765625 -0.001584786053882726
0  0.79541015625 0.36370839936608557 0.0380859375 0.10301109350237718 0.7852958984375 0.35380348652931853 0.8109658203125 0.3544548335974643 0.80254296875 0.3733296354992076 0.7885048828125 0.39546117274167986 0.8045478515625 0.3980649762282092
0  0.8388671875 0.3906497622820919 0.0390625 0.09984152139461172 0.82673828125 0.37647226624405705 0.849630859375 0.38150871632329636 0.8387666015625 0.3947321711568938 0.83139453125 0.4123629160063392 0.8422587890625 0.41865927099841516
0  0.73681640625 0.34548335974643424 0.0263671875 0.060221870047543584 0.728087890625 0.3374041204437401 0.741271484375 0.33969572107765456 0.7311484375 0.35153882725832014 0.727146484375 0.36070839936608556 0.735857421875 0.36185419968304283
0  0.693359375 0.47385103011093505 0.0390625 0.1045958795562599 0.6801669921875 0.46387480190174324 0.685494140625 0.4691949286846276 0.6707412109375 0.48449128367670363 0.6732001953125 0.5011172741679873 0.676888671875 0.5071030110935024
0  0.6806640625 0.401743264659271 0.02734375 0.06497622820919176 -0.0009765625 -0.001584786053882726 -0.0009765625 -0.001584786053882726 -0.0009765625 -0.001584786053882726 -0.0009765625 -0.001584786053882726 -0.0009765625 -0.001584786053882726
0  0.6552734375 0.3795562599049128 0.017578125 0.042789223454833596 0.650896484375 0.37872900158478606 0.659908203125 0.3798320126782884 0.6561669921875 0.3875578446909667 0.65140625 0.3944564183835182 0.6597373046875 0.39418066561014264
0  0.697265625 0.3185419968304279 0.017578125 0.03803486529318542 -0.0009765625 -0.001584786053882726 -0.0009765625 -0.001584786053882726 -0.0009765625 -0.001584786053882726 -0.0009765625 -0.001584786053882726 -0.0009765625 -0.001584786053882726
0  0.66455078125 0.3272583201267829 0.0146484375 0.03328050713153724 0.6587919921875 0.3228225039619651 0.6654140625 0.3204104595879556 0.662169921875 0.3300602218700475 0.660548828125 0.3368589540412044 0.6663603515625 0.3340079239302694
0  0.6162109375 0.3185419968304279 0.009765625 0.025356576862123614 -0.0009765625 -0.001584786053882726 -0.0009765625 -0.001584786053882726 -0.0009765625 -0.001584786053882726 -0.0009765625 -0.001584786053882726 -0.0009765625 -0.001584786053882726
0  0.64208984375 0.3375594294770206 0.0126953125 0.025356576862123614 -0.0009765625 -0.001584786053882726 -0.0009765625 -0.001584786053882726 -0.0009765625 -0.001584786053882726 -0.0009765625 -0.001584786053882726 -0.0009765625 -0.001584786053882726
0  0.52734375 0.3098256735340729 0.01171875 0.02694136291600634 -0.0009765625 -0.001584786053882726 -0.0009765625 -0.001584786053882726 -0.0009765625 -0.001584786053882726 -0.0009765625 -0.001584786053882726 -0.0009765625 -0.001584786053882726
0  0.51318359375 0.3153724247226624 0.0126953125 0.03486529318541997 -0.0009765625 -0.001584786053882726 -0.0009765625 -0.001584786053882726 -0.0009765625 -0.001584786053882726 -0.0009765625 -0.001584786053882726 -0.0009765625 -0.001584786053882726
0  0.560546875 0.5174326465927099 0.041015625 0.10618066561014262 -0.0009765625 -0.001584786053882726 -0.0009765625 -0.001584786053882726 -0.0009765625 -0.001584786053882726 -0.0009765625 -0.001584786053882726 -0.0009765625 -0.001584786053882726
