0  0.47412109375 0.18456375838926176 0.0693359375 0.12483221476510067 0.45406640625 0.16728187919463086 0.485142578125 0.16490872483221478 0.4667275390625 0.19259328859060404 0.460396484375 0.21553154362416108 0.4857177734375 0.21078657718120805
0  0.60888671875 0.2302013422818792 0.0673828125 0.11677852348993288 0.5864130859375 0.2169342281879195 0.61215234375 0.202193288590604 0.6003544921875 0.23757181208053693 0.6019638671875 0.2582093959731544 0.6223408203125 0.24273154362416108
0  0.7578125 0.24563758389261744 0.056640625 0.11275167785234899 0.740234375 0.21208053691275167 0.7431640625 0.21476510067114093 0.7333984375 0.23758389261744967 0.7412109375 0.25906040268456376 0.744140625 0.26174496644295303
0  0.421875 0.10738255033557047 0.0546875 0.0912751677852349 0.4092490234375 0.0918510067114094 0.434361328125 0.0906993288590604 0.4234794921875 0.10968322147651006 0.413853515625 0.12751677852348994 0.431431640625 0.12233959731543624
0  0.21875 0.1348993288590604 0.05078125 0.09798657718120805 0.2271552734375 0.12322684563758389 0.233380859375 0.12139328859060403 0.244498046875 0.13789530201342282 0.22359765625 0.15928859060402684 0.2298232421875 0.15867651006711408
0  0.83935546875 0.03087248322147651 0.0361328125 0.06174496644295302 0.8330078125 0.028187919463087248 0.853515625 0.02953020134228188 0.841796875 0.038926174496644296 0.8359375 0.049664429530201344 0.8466796875 0.05100671140939597
0  0.85400390625 0.0006711409395973154 0.0029296875 0.0013422818791946308 -0.0009765625 -0.0013422818791946308 -0.0009765625 -0.0013422818791946308 -0.0009765625 -0.0013422818791946308 -0.0009765625 -0.0013422818791946308 -0.0009765625 -0.0013422818791946308
0  0.87109375 0.012080536912751677 0.04296875 0.024161073825503355 -0.0009765625 -0.0013422818791946308 -0.0009765625 -0.0013422818791946308 -0.0009765625 -0.0013422818791946308 -0.0009765625 -0.0013422818791946308 -0.0009765625 -0.0013422818791946308
0  0.97900390625 0.1389261744966443 0.0419921875 0.10067114093959731 0.96487890625 0.12809261744966444 0.988447265625 0.1299973154362416 0.977818359375 0.1471476510067114 0.9676513671875 0.16556778523489932 0.987060546875 0.16810872483221476
0  0.9580078125 0.040268456375838924 0.048828125 0.07516778523489932 -0.0009765625 -0.0013422818791946308 -0.0009765625 -0.0013422818791946308 -0.0009765625 -0.0013422818791946308 -0.0009765625 -0.0013422818791946308 -0.0009765625 -0.0013422818791946308
0  0.0107421875 0.29463087248322145 0.021484375 0.07919463087248323 -0.0009765625 -0.0013422818791946308 -0.0009765625 -0.0013422818791946308 -0.0009765625 -0.0013422818791946308 -0.0009765625 -0.0013422818791946308 -0.0009765625 -0.0013422818791946308
