0  0.92626953125 0.2375366568914956 0.0322265625 0.05865102639296188 0.9138447265625 0.22822140762463342 0.92751171875 0.22710263929618765 0.917572265625 0.2394149560117302 0.9150869140625 0.25135483870967745 0.9267666015625 0.25135483870967745
0  0.818359375 0.21700879765395895 0.03125 0.05278592375366569 0.809064453125 0.20447947214076248 0.8217734375 0.20552052785923752 0.8122998046875 0.217316715542522 0.808140625 0.22460263929618768 0.8222353515625 0.226683284457478
0  0.66357421875 0.12243401759530792 0.0283203125 0.0747800586510264 0.6558662109375 0.11133284457478006 0.654296875 0.11180351906158358 0.653041015625 0.1268856304985337 0.661830078125 0.1396099706744868 0.6605751953125 0.14008211143695015
0  0.63818359375 0.16422287390029325 0.0380859375 0.06451612903225806 0.6298828125 0.1598240469208211 0.64453125 0.15395894428152493 0.6376953125 0.1656891495601173 0.6376953125 0.18475073313782991 0.6484375 0.1774193548387097
0  0.544921875 0.14076246334310852 0.0390625 0.08504398826979472 0.5503798828125 0.13432111436950148 0.5607470703125 0.13324780058651026 0.5611044921875 0.14827712609970675 0.5500224609375 0.16223313782991203 0.5582451171875 0.16223313782991203
0  0.78857421875 0.47580645161290325 0.0537109375 0.10410557184750734 0.777078125 0.4632448680351906 0.80085546875 0.46390615835777127 0.7885263671875 0.47845161290322574 0.776197265625 0.49894574780058654 0.8004150390625 0.4982844574780058
0  0.50537109375 0.5168621700879765 0.0517578125 0.10997067448680352 0.4863720703125 0.507108504398827 0.5030078125 0.5098841642228739 0.4840615234375 0.5216803519061584 0.48313671875 0.5445777126099707 0.496076171875 0.5459648093841643
0  0.384765625 0.13196480938416422 0.0546875 0.09970674486803519 0.3910439453125 0.1325014662756598 0.404576171875 0.12996187683284458 0.4011923828125 0.15218475073313784 0.383431640625 0.15980498533724338 0.393158203125 0.1591700879765396
0  0.408203125 0.15395894428152493 0.025390625 0.05865102639296188 0.400390625 0.15249266862170088 0.4140625 0.14809384164222875 0.408203125 0.16129032258064516 0.4033203125 0.1744868035190616 0.416015625 0.17302052785923755
0  0.14501953125 0.1590909090909091 0.0322265625 0.0689149560117302 0.1336279296875 0.16128445747800585 0.1415146484375 0.16128445747800585 0.131875 0.17312463343108503 0.133919921875 0.1827741935483871 0.1394697265625 0.18365102639296188
0  0.1083984375 0.019794721407624633 0.025390625 0.03372434017595308 0.09731640625 0.002853372434017595 0.10460546875 0.0038489736070381232 0.095162109375 0.01578885630498534 0.0993046875 0.02499266862170088 0.104439453125 0.02424633431085044
0  0.0478515625 0.09604105571847507 0.025390625 0.039589442815249266 0.0408759765625 0.09242815249266863 0.052734375 0.0885 0.04593359375 0.10368621700879765 0.0452353515625 0.11075659824046921 0.0532578125 0.10787536656891496
0  0.06396484375 0.16862170087976538 0.0244140625 0.05865102639296188 0.0582578125 0.16714222873900292 0.0595009765625 0.16714222873900292 0.0522939453125 0.17609677419354838 0.059251953125 0.1843049853372434 0.0582578125 0.1843049853372434
0  0.07568359375 0.5703812316715543 0.0322265625 0.10557184750733138 0.08582421875 0.555024926686217 0.084044921875 0.5536891495601173 0.09160546875 0.567042521994135 0.084044921875 0.6030967741935485 0.0827109375 0.6017624633431085
