0  0.8427734375 0.33475609756097563 0.01953125 0.032926829268292684 0.8373330078125 0.33162560975609756 0.845154296875 0.3318378048780488 0.840392578125 0.3379951219512195 0.8380126953125 0.34309146341463415 0.8437939453125 0.34309146341463415
0  0.876953125 0.28536585365853656 0.01953125 0.03170731707317073 0.872109375 0.2847560975609756 0.880013671875 0.2847560975609756 0.8753359375 0.29180609756097564 0.8724326171875 0.2956341463414634 0.8782392578125 0.29583536585365855
0  0.9013671875 0.35548780487804876 0.017578125 0.02804878048780488 0.89742578125 0.3531524390243902 0.904619140625 0.3533317073170732 0.9010224609375 0.35908048780487806 0.8977138671875 0.3628536585365854 0.903755859375 0.36249512195121947
0  0.91796875 0.42317073170731706 0.01953125 0.03170731707317073 0.91267578125 0.4190548780487805 0.920296875 0.4188475609756097 0.916486328125 0.42546829268292685 0.9133388671875 0.42981219512195123 0.9196337890625 0.4300195121951219
0  0.8310546875 0.42865853658536585 0.017578125 0.03048780487804878 0.826599609375 0.42534268292682925 0.8349912109375 0.42534268292682925 0.83071875 0.431440243902439 0.8278203125 0.43601341463414633 0.8348388671875 0.4356329268292683
0  0.7783203125 0.3335365853658537 0.01953125 0.03048780487804878 0.7728095703125 0.33077073170731713 0.78128515625 0.33077073170731713 0.77610546875 0.33665121951219507 0.7728095703125 0.34174634146341465 0.7797158203125 0.34174634146341465
0  0.74462890625 0.2841463414634146 0.0166015625 0.024390243902439025 0.7395888671875 0.2799048780487805 0.7475546875 0.2799048780487805 0.7433818359375 0.2851158536585366 0.74034765625 0.28953658536585364 0.7471748046875 0.28953658536585364
0  0.7451171875 0.42865853658536585 0.01953125 0.03048780487804878 0.740705078125 0.4264804878048781 0.7483955078125 0.42687317073170733 0.743216796875 0.4317731707317073 0.740705078125 0.4372609756097561 0.747767578125 0.43667195121951224
0  0.701171875 0.3384146341463415 0.017578125 0.02804878048780488 0.6962890625 0.33414634146341465 0.7041015625 0.3353658536585366 0.69921875 0.3402439024390244 0.6962890625 0.3439024390243902 0.703125 0.34512195121951217
0  0.65869140625 0.4274390243902439 0.0185546875 0.03780487804878049 0.6549423828125 0.42489146341463413 0.662615234375 0.42489146341463413 0.658203125 0.4313585365853658 0.65475 0.4368682926829269 0.66165625 0.4371085365853658
0  0.58251953125 0.4292682926829268 0.0185546875 0.03170731707317073 0.57755859375 0.4274280487804878 0.585509765625 0.4274280487804878 0.5815341796875 0.43508292682926825 0.5778896484375 0.4381853658536585 0.584681640625 0.4383926829268293
0  0.6220703125 0.33658536585365856 0.017578125 0.026829268292682926 0.618443359375 0.33414634146341465 0.625279296875 0.3344951219512195 0.6215126953125 0.3397207317073171 0.618861328125 0.3439024390243902 0.6258369140625 0.34337926829268295
0  0.55078125 0.33719512195121953 0.017578125 0.03048780487804878 0.547154296875 0.33325365853658534 0.55547265625 0.33325365853658534 0.5513916015625 0.33893780487804875 0.5482529296875 0.34364146341463414 0.5545302734375 0.34364146341463414
0  0.67919921875 0.27195121951219514 0.0185546875 0.03170731707317073 0.6751669921875 0.27053536585365856 0.6837158203125 0.27093902439024387 0.67871484375 0.2749670731707317 0.67484375 0.2812121951219512 0.68194140625 0.2812121951219512
0  0.6025390625 0.276219512195122 0.017578125 0.03048780487804878 0.5973427734375 0.2734536585365854 0.60550390625 0.2734536585365854 0.6014228515625 0.2791378048780488 0.5978134765625 0.28325365853658535 0.605189453125 0.28345
0  0.52734375 0.27682926829268295 0.017578125 0.02926829268292683 0.5234375 0.275609756097561 0.5302734375 0.275609756097561 0.5263671875 0.2804878048780488 0.5244140625 0.28536585365853656 0.5302734375 0.2841463414634146
0  0.45166015625 0.2804878048780488 0.0166015625 0.024390243902439025 0.447509765625 0.27515243902439024 0.4544677734375 0.27515243902439024 0.4505615234375 0.2807926829268293 0.447021484375 0.2858231707317073 0.4532470703125 0.2858231707317073
0  0.47802734375 0.3304878048780488 0.0166015625 0.02926829268292683 0.472900390625 0.32852804878048775 0.4807568359375 0.3283426829268293 0.4764580078125 0.3331560975609756 0.4737900390625 0.3383390243902439 0.4794228515625 0.33815365853658536
0  0.40087890625 0.33719512195121953 0.0166015625 0.025609756097560974 0.39712109375 0.33282926829268294 0.404052734375 0.33250243902439025 0.400259765625 0.3382182926829268 0.396859375 0.3436085365853659 0.403921875 0.34328170731707314
0  0.3779296875 0.2847560975609756 0.017578125 0.02804878048780488 0.37278125 0.28155975609756095 0.3796865234375 0.281740243902439 0.3752265625 0.28677073170731704 0.37191796875 0.2909024390243902 0.3792548828125 0.29144146341463417
0  0.32568359375 0.34207317073170734 0.0185546875 0.025609756097560974 0.321759765625 0.33934024390243905 0.32973828125 0.33885000000000004 0.325421875 0.3452195121951219 0.3234599609375 0.3494658536585366 0.3282998046875 0.3494658536585366
0  0.30859375 0.28597560975609754 0.017578125 0.025609756097560974 0.304740234375 0.2829158536585366 0.311541015625 0.28275243902439023 0.308533203125 0.28797926829268294 0.3052626953125 0.29173536585365856 0.3111484375 0.29173536585365856
0  0.2529296875 0.34207317073170734 0.017578125 0.025609756097560974 0.2472451171875 0.3395036585365853 0.2544384765625 0.3395036585365853 0.2502529296875 0.34375 0.247505859375 0.34914024390243903 0.2540458984375 0.34930365853658535
0  0.2353515625 0.2810975609756098 0.017578125 0.03048780487804878 0.231427734375 0.2799 0.2394326171875 0.27970365853658535 0.2351943359375 0.28538780487804877 0.23268359375 0.29009146341463415 0.2388046875 0.2898951219512195
0  0.16943359375 0.29024390243902437 0.0166015625 0.026829268292682926 0.16455078125 0.2883280487804878 0.17138671875 0.2883280487804878 0.1673408203125 0.2935536585365854 0.1641318359375 0.29773536585365856 0.1712470703125 0.2980841463414634
0  0.17578125 0.35 0.01953125 0.02926829268292683 0.1715869140625 0.348780487804878 0.1801845703125 0.34840975609756103 0.17558984375 0.3545182926829268 0.1721796875 0.3589609756097561 0.18048046875 0.3589609756097561
0  0.17724609375 0.4304878048780488 0.0185546875 0.03170731707317073 0.1722412109375 0.4284682926829268 0.1796611328125 0.4284682926829268 0.1754677734375 0.43410853658536586 0.1725634765625 0.4383390243902439 0.1788544921875 0.4383390243902439
0  0.265625 0.42865853658536585 0.017578125 0.03048780487804878 0.262298828125 0.4249621951219512 0.27069140625 0.4249621951219512 0.266265625 0.4306780487804878 0.26351953125 0.4350609756097561 0.269927734375 0.4350609756097561
0  0.34033203125 0.4304878048780488 0.0205078125 0.03414634146341464 0.3353798828125 0.4303573170731707 0.343052734375 0.4299219512195122 0.3392158203125 0.4351475609756098 0.335205078125 0.43950365853658535 0.3435751953125 0.4399390243902439
0  0.42236328125 0.4189024390243902 0.0185546875 0.032926829268292684 0.4167744140625 0.41508048780487805 0.4259560546875 0.41508048780487805 0.4211953125 0.42145 0.4167744140625 0.42718292682926834 0.424765625 0.4263341463414634
0  0.50927734375 0.4378048780487805 0.0205078125 0.03170731707317073 0.503626953125 0.4357853658536585 0.510724609375 0.43538170731707315 0.506853515625 0.4404182926829268 0.504111328125 0.4436414634146342 0.5116923828125 0.44404390243902436
0  0.091796875 0.42134146341463413 0.017578125 0.02804878048780488 0.087794921875 0.41832560975609756 0.0950576171875 0.41814024390243903 0.0910556640625 0.425359756097561 0.0872021484375 0.42998658536585366 0.09431640625 0.4294317073170732
0  0.12646484375 0.35304878048780486 0.0205078125 0.03048780487804878 0.12109375 0.35224268292682925 0.1292548828125 0.3518512195121951 0.1256455078125 0.3557707317073171 0.122505859375 0.3616512195121951 0.1287841796875 0.36106219512195126
0  0.07177734375 0.3469512195121951 0.0185546875 0.02804878048780488 0.0694755859375 0.34355365853658537 0.076171875 0.3442512195121951 0.0724052734375 0.34825731707317076 0.0693359375 0.35313536585365857 0.0756142578125 0.353309756097561
0  0.8134765625 0.2841463414634146 0.01953125 0.024390243902439025 0.8046875 0.2817073170731707 0.8125 0.2804878048780488 0.8076171875 0.28536585365853656 0.806640625 0.2926829268292683 0.8134765625 0.2914634146341463
