0  0.88671875 0.42972181551976574 0.037109375 0.0746705710102489 0.878208984375 0.42145973645680823 0.8982978515625 0.4205183016105417 0.888880859375 0.4355783308931186 0.879150390625 0.4440497803806735 0.895787109375 0.4440497803806735
0  0.75439453125 0.4224011713030747 0.0361328125 0.0746705710102489 0.7454306640625 0.414086383601757 0.7630087890625 0.4136163982430454 0.7545341796875 0.42914641288433386 0.746373046875 0.4380878477306003 0.761439453125 0.4385592972181552
0  0.64208984375 0.4224011713030747 0.0361328125 0.07174231332357248 0.6344609375 0.4125183016105417 0.6512451171875 0.41389165446559295 0.6414794921875 0.4294465592972182 0.63232421875 0.4353953147877013 0.6500244140625 0.4358535871156662
0  0.5185546875 0.4253294289897511 0.03515625 0.07174231332357248 0.5107333984375 0.4184538799414348 0.5275791015625 0.4184538799414348 0.5185546875 0.429276720351391 0.5113349609375 0.4428081991215227 0.5254736328125 0.44190483162518307
0  0.7998046875 0.27159590043923865 0.03515625 0.06588579795021962 0.789681640625 0.26437335285505126 0.8047001953125 0.26394875549048313 0.7956328125 0.27626939970717423 0.7893984375 0.28646559297218155 0.80555078125 0.28646559297218155
0  0.69482421875 0.28111273792093705 0.0341796875 0.05856515373352855 0.68588671875 0.2710658857979502 0.7012939453125 0.2706939970717423 0.6938388671875 0.2837335285505124 0.6873779296875 0.2937935578330893 0.700548828125 0.29304831625183014
0  0.5791015625 0.2767203513909224 0.037109375 0.06734992679355783 0.5704736328125 0.26919033674963394 0.585208984375 0.26919033674963394 0.57755859375 0.28236163982430457 0.56933984375 0.29043338213762815 0.58492578125 0.2912825768667643
0  0.4716796875 0.26939970717423134 0.037109375 0.06442166910688141 0.464935546875 0.2604319180087848 0.481140625 0.2657847730600293 0.4696044921875 0.27484480234260616 0.4621884765625 0.2814333821376281 0.4761962890625 0.28719765739385067
0  0.37158203125 0.2540263543191801 0.0322265625 0.06588579795021962 0.3646064453125 0.24911127379209372 0.3805107421875 0.24911127379209372 0.373255859375 0.25998682284040997 0.365443359375 0.2700278184480234 0.37939453125 0.2708638360175695
0  0.2880859375 0.28184480234260617 0.03125 0.0629575402635432 0.27978515625 0.2736617862371889 0.2962646484375 0.2720922401171303 0.2886787109375 0.28581844802342604 0.2808310546875 0.2952313323572474 0.2962646484375 0.29444655929721814
0  0.36669921875 0.43923865300146414 0.0380859375 0.08199121522693997 0.357255859375 0.43540849194729137 0.3741328125 0.43334260614934117 0.3665556640625 0.44831771595900444 0.3586337890625 0.45916105417276726 0.37619921875 0.45657979502196194
0  0.23974609375 0.43704245973645683 0.0341796875 0.07174231332357248 0.2313232421875 0.4312767203513909 0.2471923828125 0.4276163982430454 0.240783203125 0.44546120058565153 0.234375 0.45552708638360173 0.249939453125 0.4514084919472914
0  0.1943359375 0.2964860907759883 0.03515625 0.06881405563689605 0.188380859375 0.2871259150805271 0.2042060546875 0.28971449487554907 0.19730078125 0.30006734992679357 0.187517578125 0.3095592972181552 0.2016162109375 0.3121464128843338
0  0.1435546875 0.43997071742313326 0.0390625 0.0746705710102489 0.1349052734375 0.43170863836017576 0.154994140625 0.4345329428989751 0.1440078125 0.4462972181551977 0.13521875 0.4547686676427526 0.15185546875 0.45665153733528546
0  0.58642578125 0.09297218155197658 0.0166015625 0.036603221083455345 0.5846865234375 0.09105124450951683 0.5921630859375 0.09105124450951683 0.589111328125 0.09814202049780381 0.58514453125 0.10180234260614934 0.5901796875 0.10180234260614934
0  0.56005859375 0.09004392386530015 0.0126953125 0.03074670571010249 0.5590126953125 0.08774377745241582 0.5648974609375 0.08715519765739385 0.5626748046875 0.09225329428989751 0.559796875 0.09676281112737921 0.563720703125 0.09695900439238653
0  0.61669921875 0.10834553440702782 0.0107421875 0.020497803806734993 0.6162109375 0.1054172767203514 0.6220703125 0.1054172767203514 0.619140625 0.10980966325036604 0.6162109375 0.11420204978038068 0.62109375 0.11273792093704246
0  0.599609375 0.09370424597364568 0.009765625 0.02342606149341142 0.59765625 0.09224011713030747 0.6044921875 0.09224011713030747 0.6015625 0.0951683748169839 0.599609375 0.09956076134699854 0.6044921875 0.09956076134699854
0  0.64697265625 0.1171303074670571 0.0146484375 0.02342606149341142 0.64453125 0.10980966325036604 0.65234375 0.10980966325036604 0.650390625 0.11566617862371889 0.646484375 0.12152269399707175 0.6533203125 0.12152269399707175
0  0.716796875 0.13396778916544655 0.013671875 0.01903367496339678 -0.0009765625 -0.0014641288433382138 -0.0009765625 -0.0014641288433382138 -0.0009765625 -0.0014641288433382138 -0.0009765625 -0.0014641288433382138 -0.0009765625 -0.0014641288433382138
0  0.87109375 0.10322108345534407 0.013671875 0.021961932650073207 0.869140625 0.09809663250366032 0.8759765625 0.09663250366032211 0.8720703125 0.10102489019033675 0.869140625 0.10688140556368961 0.8740234375 0.10688140556368961
0  0.7822265625 0.10834553440702782 0.0078125 0.01171303074670571 -0.0009765625 -0.0014641288433382138 -0.0009765625 -0.0014641288433382138 -0.0009765625 -0.0014641288433382138 -0.0009765625 -0.0014641288433382138 -0.0009765625 -0.0014641288433382138
0  0.162109375 0.1273792093704246 0.01171875 0.017569546120058566 0.1605224609375 0.1250922401171303 0.1642109375 0.12520937042459737 0.162169921875 0.12920937042459738 0.1607578125 0.13250366032210834 0.1636611328125 0.1326207906295754
0  0.16552734375 0.18887262079062958 0.0087890625 0.014641288433382138 0.166015625 0.18887262079062958 0.1689453125 0.18887262079062958 0.1669921875 0.191800878477306 0.166015625 0.19472913616398244 0.1689453125 0.19472913616398244
0  0.16748046875 0.06954612005856516 0.0087890625 0.013177159590043924 0.1650390625 0.06734992679355783 0.1689453125 0.06734992679355783 0.1669921875 0.06881405563689605 0.1650390625 0.07320644216691069 0.1689453125 0.07320644216691069
0  0.142578125 0.06954612005856516 0.0078125 0.013177159590043924 0.141466796875 0.06825183016105417 0.14452734375 0.06808199121522694 0.1430537109375 0.07165153733528551 0.14163671875 0.07360468521229868 0.1442998046875 0.07326500732064421
0  0.11865234375 0.06881405563689605 0.0068359375 0.01171303074670571 0.117484375 0.06689311859443631 0.1203173828125 0.06689311859443631 0.11895703125 0.06927086383601756 0.117767578125 0.07088579795021961 0.1198076171875 0.07088579795021961
0  0.091796875 0.06954612005856516 0.0078125 0.013177159590043924 0.0908203125 0.06734992679355783 0.0947265625 0.06734992679355783 0.0927734375 0.07174231332357248 0.091796875 0.07320644216691069 0.0947265625 0.07320644216691069
0  0.068359375 0.07101024890190337 0.0078125 0.013177159590043924 0.0673828125 0.06881405563689605 0.072265625 0.06881405563689605 0.0693359375 0.07174231332357248 0.0673828125 0.0746705710102489 0.0703125 0.0746705710102489
0  0.07275390625 0.13030746705710103 0.0107421875 0.017569546120058566 0.07132421875 0.12766617862371887 0.075248046875 0.12672620790629577 0.073599609375 0.12966617862371888 0.0719521484375 0.1321376281112738 0.0747763671875 0.13190190336749633
0  0.068359375 0.1903367496339678 0.005859375 0.01171303074670571 0.06640625 0.1903367496339678 0.0712890625 0.1903367496339678 0.068359375 0.19326500732064422 0.0673828125 0.19619326500732065 0.0703125 0.19619326500732065
0  0.06689453125 0.23938506588579794 0.0068359375 0.010248901903367497 0.0654296875 0.23865300146412885 0.0703125 0.23865300146412885 0.068359375 0.24158125915080528 0.0654296875 0.2445095168374817 0.0693359375 0.2445095168374817
0  0.09326171875 0.23938506588579794 0.0068359375 0.013177159590043924 0.091796875 0.24011713030746706 0.095703125 0.23865300146412885 0.09375 0.24158125915080528 0.0927734375 0.2445095168374817 0.0947265625 0.2445095168374817
0  0.1162109375 0.24011713030746706 0.009765625 0.01171303074670571 0.1142578125 0.23865300146412885 0.119140625 0.23718887262079064 0.1171875 0.24158125915080528 0.1142578125 0.2445095168374817 0.119140625 0.2445095168374817
0  0.1416015625 0.23865300146412885 0.0078125 0.01171303074670571 0.140625 0.23865300146412885 0.14453125 0.23718887262079064 0.142578125 0.24158125915080528 0.140625 0.2445095168374817 0.1435546875 0.2445095168374817
0  0.166015625 0.23792093704245973 0.0078125 0.013177159590043924 0.165130859375 0.23690190336749634 0.168701171875 0.23681698389458275 0.1671708984375 0.2395358711566618 0.16609375 0.24267935578330893 0.168021484375 0.24267935578330893
0  0.06591796875 0.28989751098096633 0.0087890625 0.008784773060029283 0.0654296875 0.28989751098096633 0.0693359375 0.2884333821376281 0.0673828125 0.2913616398243045 0.0654296875 0.29428989751098095 0.0693359375 0.29428989751098095
0  0.09130859375 0.29062957540263545 0.0068359375 0.010248901903367497 0.08984375 0.2869692532942899 0.09375 0.2869692532942899 0.091796875 0.28989751098096633 0.08984375 0.29428989751098095 0.09375 0.29428989751098095
0  0.1162109375 0.2884333821376281 0.0078125 0.01171303074670571 0.1148681640625 0.2870732064421669 0.1175888671875 0.28730893118594436 0.1160712890625 0.2890351390922401 0.1153916015625 0.29154465592972184 0.116751953125 0.29146559297218155
0  0.14208984375 0.287701317715959 0.0068359375 0.010248901903367497 0.140625 0.2869692532942899 0.14453125 0.2869692532942899 0.142578125 0.2913616398243045 0.140625 0.29282576866764276 0.1435546875 0.29428989751098095
0  0.1650390625 0.2884333821376281 0.0078125 0.01171303074670571 0.1640625 0.2869692532942899 0.1689453125 0.28550512445095166 0.166015625 0.28989751098096633 0.1630859375 0.29282576866764276 0.16796875 0.2913616398243045
0  0.24462890625 0.07027818448023426 0.0087890625 0.014641288433382138 0.2427021484375 0.06797803806734994 0.245775390625 0.06817276720351391 0.244009765625 0.07140849194729136 0.242505859375 0.07346852122986823 0.2457099609375 0.07376134699853587
0  0.27587890625 0.07101024890190337 0.0087890625 0.013177159590043924 0.275390625 0.06881405563689605 0.279296875 0.06881405563689605 0.27734375 0.07320644216691069 0.275390625 0.07613469985358712 0.279296875 0.07613469985358712
0  0.244140625 0.12518301610541727 0.0078125 0.016105417276720352 0.2431640625 0.12298682284040996 0.2470703125 0.12298682284040996 0.24609375 0.1273792093704246 0.244140625 0.12884333821376281 0.2470703125 0.12884333821376281
0  0.27734375 0.12445095168374817 0.0078125 0.014641288433382138 0.275390625 0.12445095168374817 0.279296875 0.12445095168374817 0.2783203125 0.1273792093704246 0.275390625 0.13177159590043924 0.2802734375 0.13177159590043924
0  0.244140625 0.1808199121522694 0.0078125 0.013177159590043924 0.2431640625 0.1800878477306003 0.2470703125 0.1815519765739385 0.2451171875 0.18448023426061494 0.2431640625 0.18740849194729137 0.2470703125 0.18740849194729137
0  0.275390625 0.1822840409956076 0.0078125 0.016105417276720352 0.2744140625 0.1815519765739385 0.279296875 0.1815519765739385 0.2763671875 0.18448023426061494 0.2744140625 0.18887262079062958 0.2783203125 0.18887262079062958
0  0.24462890625 0.23792093704245973 0.0087890625 0.016105417276720352 0.2431640625 0.23572474377745242 0.248046875 0.23718887262079064 0.2451171875 0.23865300146412885 0.2431640625 0.2430453879941435 0.2470703125 0.2430453879941435
0  0.33984375 0.1822840409956076 0.0078125 0.013177159590043924 0.337890625 0.1800878477306003 0.3427734375 0.17862371888726208 0.3408203125 0.18448023426061494 0.3388671875 0.18740849194729137 0.3427734375 0.18740849194729137
0  0.306640625 0.1800878477306003 0.0078125 0.014641288433382138 0.3056640625 0.17862371888726208 0.310546875 0.17715959004392387 0.30859375 0.18301610541727673 0.306640625 0.18594436310395315 0.3115234375 0.18448023426061494
0  0.30712890625 0.12445095168374817 0.0087890625 0.014641288433382138 0.306640625 0.12298682284040996 0.3115234375 0.12298682284040996 0.30859375 0.1259150805270864 0.306640625 0.12884333821376281 0.3115234375 0.12884333821376281
0  0.3388671875 0.12371888726207907 0.0078125 0.013177159590043924 0.337890625 0.12298682284040996 0.341796875 0.12152269399707175 0.33984375 0.1273792093704246 0.337890625 0.12884333821376281 0.3427734375 0.12884333821376281
0  0.33935546875 0.07027818448023426 0.0087890625 0.014641288433382138 0.337890625 0.06734992679355783 0.3427734375 0.06734992679355783 0.33984375 0.07027818448023426 0.3388671875 0.0746705710102489 0.341796875 0.0746705710102489
0  0.30810546875 0.06808199121522694 0.0087890625 0.016105417276720352 0.3064619140625 0.06674816983894583 0.31001953125 0.06730453879941435 0.3077958984375 0.07130453879941435 0.3063134765625 0.07297071742313323 0.3090556640625 0.07330453879941434
0  0.3388671875 0.23865300146412885 0.009765625 0.014641288433382138 0.3388671875 0.23718887262079064 0.34375 0.23718887262079064 0.341796875 0.24011713030746706 0.3388671875 0.2445095168374817 0.3427734375 0.2445095168374817
