0  0.87646484375 0.8809523809523809 0.0595703125 0.02271062271062271 -0.0009765625 -0.0007326007326007326 -0.0009765625 -0.0007326007326007326 -0.0009765625 -0.0007326007326007326 -0.0009765625 -0.0007326007326007326 -0.0009765625 -0.0007326007326007326
0  0.68408203125 0.6267399267399267 0.0400390625 0.046153846153846156 0.68359375 0.6127684981684981 0.701830078125 0.6150967032967033 0.7010537109375 0.6203362637362637 0.68825 0.6331435897435898 0.699501953125 0.6337260073260073
0  0.1318359375 0.08644688644688645 0.0859375 0.08351648351648351 0.1092353515625 0.07472527472527472 0.1434150390625 0.07472527472527472 0.125279296875 0.09147032967032967 0.115513671875 0.1055992673992674 0.1455078125 0.10612234432234433
0  0.2177734375 0.20952380952380953 0.029296875 0.02490842490842491 0.213099609375 0.2029824175824176 0.2235634765625 0.20235457875457874 0.2164482421875 0.207378021978022 0.212681640625 0.2139714285714286 0.2206337890625 0.21334358974358975
0  0.3505859375 0.21025641025641026 0.037109375 0.03223443223443224 0.3408203125 0.20366300366300366 0.353515625 0.20293040293040293 0.345703125 0.20805860805860807 0.341796875 0.2153846153846154 0.349609375 0.2153846153846154
0  0.3505859375 0.05860805860805861 0.025390625 0.026373626373626374 0.345703125 0.054945054945054944 0.353515625 0.054945054945054944 0.349609375 0.05860805860805861 0.345703125 0.06227106227106227 0.353515625 0.06227106227106227
0  0.27099609375 0.26556776556776557 0.0419921875 0.046153846153846156 0.2637412109375 0.2646124542124542 0.2778671875 0.2631413919413919 0.2708046875 0.27256043956043957 0.2672734375 0.2781531135531135 0.2794365234375 0.2766813186813187
0  0.11669921875 0.2743589743589744 0.0380859375 0.035897435897435895 0.1118857421875 0.2729494505494506 0.1275283203125 0.2734007326007326 0.11910546875 0.2792681318681319 0.11308984375 0.2849098901098901 0.1230166015625 0.28468424908424905
0  0.3779296875 0.2956043956043956 0.0390625 0.035897435897435895 0.363830078125 0.2885992673992674 0.3818359375 0.28814065934065936 0.3739013671875 0.2966117216117216 0.3720703125 0.30347985347985346 0.38397265625 0.303021978021978
0  0.3935546875 0.40402930402930404 0.037109375 0.02857142857142857 0.3861123046875 0.3995326007326007 0.40553515625 0.398992673992674 0.3973828125 0.4083465201465202 0.389708984375 0.4128432234432234 0.40121875 0.41230402930402926
0  0.40771484375 0.44945054945054946 0.0380859375 0.03882783882783883 0.4008525390625 0.4396424908424908 0.4165478515625 0.4411142857142857 0.408373046875 0.4474915750915751 0.3975830078125 0.4573032967032967 0.4149130859375 0.45877509157509155
0  0.36962890625 0.4611721611721612 0.0263671875 0.035897435897435895 0.3720703125 0.45714285714285713 0.3759765625 0.45787545787545786 0.3798828125 0.46153846153846156 0.369140625 0.4695970695970696 0.3720703125 0.4695970695970696
0  0.1259765625 0.33992673992673994 0.037109375 0.03076923076923077 0.1165947265625 0.33286227106227106 0.1322890625 0.33305860805860804 0.121826171875 0.3407113553113553 0.11790234375 0.3462058608058608 0.1281044921875 0.3464021978021978
0  0.08935546875 0.5153846153846153 0.0205078125 0.02857142857142857 -0.0009765625 -0.0007326007326007326 -0.0009765625 -0.0007326007326007326 -0.0009765625 -0.0007326007326007326 -0.0009765625 -0.0007326007326007326 -0.0009765625 -0.0007326007326007326
0  0.70556640625 0.22014652014652014 0.0322265625 0.03296703296703297 0.6934599609375 0.21674505494505497 0.7070615234375 0.2173831501831502 0.698560546875 0.22354798534798534 0.696009765625 0.22631135531135532 0.708478515625 0.22631135531135532
0  0.82861328125 0.2032967032967033 0.0341796875 0.027106227106227107 0.8193359375 0.19487179487179487 0.8349609375 0.19267399267399268 0.822265625 0.2 0.8212890625 0.20805860805860807 0.8388671875 0.20805860805860807
0  0.7265625 0.27216117216117214 0.0390625 0.03296703296703297 0.71630859375 0.2717948717948718 0.72998046875 0.27095750915750916 0.72021484375 0.27681831501831505 0.71630859375 0.28372600732600733 0.7310966796875 0.2833069597069597
0  0.61669921875 0.31758241758241756 0.0302734375 0.02564102564102564 -0.0009765625 -0.0007326007326007326 -0.0009765625 -0.0007326007326007326 -0.0009765625 -0.0007326007326007326 -0.0009765625 -0.0007326007326007326 -0.0009765625 -0.0007326007326007326
0  0.861328125 0.273992673992674 0.041015625 0.035164835164835165 0.85302734375 0.2670981684981685 0.8663681640625 0.2693223443223443 0.857474609375 0.2742153846153846 0.8494697265625 0.2813318681318681 0.862513671875 0.28266593406593404
0  0.95263671875 0.20476190476190476 0.0361328125 0.030036630036630037 0.943359375 0.19633699633699633 0.95703125 0.1956043956043956 0.94921875 0.20293040293040293 0.943359375 0.20805860805860807 0.955078125 0.2087912087912088
0  0.92919921875 0.3710622710622711 0.0341796875 0.03296703296703297 0.9183173828125 0.36462564102564105 0.9322685546875 0.36588205128205126 0.9219443359375 0.37216117216117217 0.9188759765625 0.3782315018315018 0.933384765625 0.3782315018315018
0  0.77392578125 0.3813186813186813 0.0341796875 0.0315018315018315 0.76953125 0.3728937728937729 0.7763671875 0.37216117216117217 0.771484375 0.38168498168498166 0.7685546875 0.3860805860805861 0.779296875 0.38534798534798537
0  0.630859375 0.3769230769230769 0.03515625 0.0315018315018315 0.6219921875 0.3682432234432234 0.6336142578125 0.36945934065934066 0.626857421875 0.377570695970696 0.622802734375 0.38243736263736267 0.632533203125 0.3838564102564103
0  0.53466796875 0.3783882783882784 0.0361328125 0.02857142857142857 0.52734375 0.37216117216117217 0.54296875 0.37216117216117217 0.5361328125 0.37875457875457874 0.529296875 0.38534798534798537 0.5400390625 0.38461538461538464
0  0.5478515625 0.2750915750915751 0.01953125 0.01684981684981685 -0.0009765625 -0.0007326007326007326 -0.0009765625 -0.0007326007326007326 -0.0009765625 -0.0007326007326007326 -0.0009765625 -0.0007326007326007326 -0.0009765625 -0.0007326007326007326
0  0.9189453125 0.34725274725274724 0.01953125 0.02197802197802198 -0.0009765625 -0.0007326007326007326 -0.0009765625 -0.0007326007326007326 -0.0009765625 -0.0007326007326007326 -0.0009765625 -0.0007326007326007326 -0.0009765625 -0.0007326007326007326
0  0.982421875 0.3553113553113553 0.01953125 0.026373626373626374 0.989537109375 0.34553919413919415 0.99087109375 0.3457054945054945 0.991982421875 0.3510432234432234 0.986646484375 0.3558805860805861 0.988203125 0.3558805860805861
0  0.42626953125 0.19816849816849816 0.0283203125 0.02271062271062271 -0.0009765625 -0.0007326007326007326 -0.0009765625 -0.0007326007326007326 -0.0009765625 -0.0007326007326007326 -0.0009765625 -0.0007326007326007326 -0.0009765625 -0.0007326007326007326
0  0.4501953125 0.05238095238095238 0.029296875 0.024175824175824177 -0.0009765625 -0.0007326007326007326 -0.0009765625 -0.0007326007326007326 -0.0009765625 -0.0007326007326007326 -0.0009765625 -0.0007326007326007326 -0.0009765625 -0.0007326007326007326
