0  0.39453125 0.14186691312384472 0.03125 0.03974121996303143 0.3915576171875 0.1368003696857671 0.3920986328125 0.13705637707948243 0.37939453125 0.1414048059149723 0.385611328125 0.15189279112754162 0.38615234375 0.15214879852125693
0  0.45947265625 0.13585951940850277 0.0322265625 0.04436229205175601 0.4503173828125 0.12765711645101663 0.4555751953125 0.12986876155268023 0.4453515625 0.1367800369685767 0.4482724609375 0.1447966728280961 0.4523623046875 0.14700739371534197
0  0.787109375 0.11136783733826247 0.0234375 0.036044362292051754 0.783203125 0.10166358595194085 0.783203125 0.10166358595194085 0.77734375 0.11275415896487985 0.779296875 0.1256931608133087 0.779296875 0.12476894639556377
0  0.87060546875 0.1256931608133087 0.0263671875 0.04066543438077634 0.86407421875 0.12237153419593347 0.8676455078125 0.12263216266173751 0.8610537109375 0.12964972273567468 0.861876953125 0.13640850277264324 0.8646240234375 0.13666820702402957
0  0.3134765625 0.8553604436229205 0.03125 0.024953789279112754 0.3046875 0.8548983364140481 0.3125 0.8530499075785583 0.3076171875 0.8622920517560074 0.3154296875 0.8641404805914972 0.3212890625 0.8613678373382625
0  0.43701171875 0.6885397412199631 0.0263671875 0.029574861367837338 0.42769921875 0.6849334565619223 0.4375263671875 0.6845545286506469 0.42950390625 0.6919556377079483 0.434517578125 0.6967005545286507 0.4389296875 0.696511090573013
0  0.58203125 0.8359519408502772 0.021484375 0.02865064695009242 0.5771484375 0.8299445471349353 0.5771484375 0.8299445471349353 0.576171875 0.8382624768946395 0.58203125 0.8438077634011091 0.580078125 0.8438077634011091
0  0.82080078125 0.6806839186691312 0.0205078125 0.03234750462107209 0.8134765625 0.6756007393715342 0.81640625 0.6765249537892791 0.8115234375 0.6811460258780037 0.814453125 0.6885397412199631 0.818359375 0.6885397412199631
0  0.92236328125 0.660351201478743 0.0185546875 0.034195933456561925 0.9144814453125 0.6506802218114602 0.917947265625 0.6522107208872459 0.9137880859375 0.6594269870609981 0.9158671875 0.666862292051756 0.9193330078125 0.6690489833641404
0  0.7822265625 0.12384473197781885 0.021484375 0.031423290203327174 -0.0009765625 -0.0009242144177449168 -0.0009765625 -0.0009242144177449168 -0.0009765625 -0.0009242144177449168 -0.0009765625 -0.0009242144177449168 -0.0009765625 -0.0009242144177449168
