0  0.076171875 0.2708638360175695 0.021484375 0.03806734992679356 0.071005859375 0.2621508052708638 0.0806845703125 0.26069985358711567 0.075361328125 0.272792093704246 0.0747158203125 0.27883748169838946 0.0826201171875 0.27714494875549045
0  0.16748046875 0.24158125915080528 0.0087890625 0.029282576866764276 -0.0009765625 -0.0014641288433382138 -0.0009765625 -0.0014641288433382138 -0.0009765625 -0.0014641288433382138 -0.0009765625 -0.0014641288433382138 -0.0009765625 -0.0014641288433382138
0  0.18017578125 0.2225475841874085 0.0146484375 0.032210834553440704 -0.0009765625 -0.0014641288433382138 -0.0009765625 -0.0014641288433382138 -0.0009765625 -0.0014641288433382138 -0.0009765625 -0.0014641288433382138 -0.0009765625 -0.0014641288433382138
0  0.279296875 0.27379209370424595 0.01171875 0.02342606149341142 -0.0009765625 -0.0014641288433382138 -0.0009765625 -0.0014641288433382138 -0.0009765625 -0.0014641288433382138 -0.0009765625 -0.0014641288433382138 -0.0009765625 -0.0014641288433382138
0  0.296875 0.2430453879941435 0.0078125 0.014641288433382138 -0.0009765625 -0.0014641288433382138 -0.0009765625 -0.0014641288433382138 -0.0009765625 -0.0014641288433382138 -0.0009765625 -0.0014641288433382138 -0.0009765625 -0.0014641288433382138
0  0.32861328125 0.27013177159590046 0.0107421875 0.01903367496339678 -0.0009765625 -0.0014641288433382138 -0.0009765625 -0.0014641288433382138 -0.0009765625 -0.0014641288433382138 -0.0009765625 -0.0014641288433382138 -0.0009765625 -0.0014641288433382138
0  0.35595703125 0.26207906295754024 0.0087890625 0.017569546120058566 -0.0009765625 -0.0014641288433382138 -0.0009765625 -0.0014641288433382138 -0.0009765625 -0.0014641288433382138 -0.0009765625 -0.0014641288433382138 -0.0009765625 -0.0014641288433382138
0  0.38671875 0.2591508052708638 0.01171875 0.020497803806734993 -0.0009765625 -0.0014641288433382138 -0.0009765625 -0.0014641288433382138 -0.0009765625 -0.0014641288433382138 -0.0009765625 -0.0014641288433382138 -0.0009765625 -0.0014641288433382138
0  0.39208984375 0.23060029282576866 0.0068359375 0.013177159590043924 -0.0009765625 -0.0014641288433382138 -0.0009765625 -0.0014641288433382138 -0.0009765625 -0.0014641288433382138 -0.0009765625 -0.0014641288433382138 -0.0009765625 -0.0014641288433382138
0  0.47265625 0.28257686676427524 0.0078125 0.020497803806734993 -0.0009765625 -0.0014641288433382138 -0.0009765625 -0.0014641288433382138 -0.0009765625 -0.0014641288433382138 -0.0009765625 -0.0014641288433382138 -0.0009765625 -0.0014641288433382138
0  0.48486328125 0.246705710102489 0.0048828125 0.013177159590043924 -0.0009765625 -0.0014641288433382138 -0.0009765625 -0.0014641288433382138 -0.0009765625 -0.0014641288433382138 -0.0009765625 -0.0014641288433382138 -0.0009765625 -0.0014641288433382138
0  0.43212890625 0.22913616398243045 0.0068359375 0.013177159590043924 -0.0009765625 -0.0014641288433382138 -0.0009765625 -0.0014641288433382138 -0.0009765625 -0.0014641288433382138 -0.0009765625 -0.0014641288433382138 -0.0009765625 -0.0014641288433382138
0  0.4990234375 0.23865300146412885 0.005859375 0.01171303074670571 -0.0009765625 -0.0014641288433382138 -0.0009765625 -0.0014641288433382138 -0.0009765625 -0.0014641288433382138 -0.0009765625 -0.0014641288433382138 -0.0009765625 -0.0014641288433382138
0  0.50146484375 0.2540263543191801 0.0048828125 0.010248901903367497 -0.0009765625 -0.0014641288433382138 -0.0009765625 -0.0014641288433382138 -0.0009765625 -0.0014641288433382138 -0.0009765625 -0.0014641288433382138 -0.0009765625 -0.0014641288433382138
0  0.52099609375 0.2613469985358712 0.0146484375 0.027818448023426062 0.5181884765625 0.25750366032210836 0.52392578125 0.2569546120058565 0.5208740234375 0.2631771595900439 0.5194091796875 0.2683016105417277 0.5225830078125 0.2683016105417277
0  0.55322265625 0.27379209370424595 0.0126953125 0.02342606149341142 0.5512431640625 0.27035431918008784 0.55645703125 0.2700527086383602 0.5538505859375 0.27486383601756953 0.55224609375 0.27907320644216693 0.55615625 0.27892240117130307
0  0.55029296875 0.2335285505124451 0.0068359375 0.013177159590043924 -0.0009765625 -0.0014641288433382138 -0.0009765625 -0.0014641288433382138 -0.0009765625 -0.0014641288433382138 -0.0009765625 -0.0014641288433382138 -0.0009765625 -0.0014641288433382138
0  0.5673828125 0.28550512445095166 0.013671875 0.02342606149341142 0.5660791015625 0.2814655929721816 0.571193359375 0.2804128843338214 0.56888671875 0.28567496339677895 0.56708203125 0.29364275256222544 0.5721962890625 0.29349194729136163
0  0.56298828125 0.2613469985358712 0.0087890625 0.01903367496339678 -0.0009765625 -0.0014641288433382138 -0.0009765625 -0.0014641288433382138 -0.0009765625 -0.0014641288433382138 -0.0009765625 -0.0014641288433382138 -0.0009765625 -0.0014641288433382138
0  0.57666015625 0.26500732064421667 0.0107421875 0.020497803806734993 -0.0009765625 -0.0014641288433382138 -0.0009765625 -0.0014641288433382138 -0.0009765625 -0.0014641288433382138 -0.0009765625 -0.0014641288433382138 -0.0009765625 -0.0014641288433382138
0  0.6025390625 0.2518301610541728 0.01171875 0.02342606149341142 0.60107421875 0.24973792093704245 0.6070380859375 0.2492679355783309 0.603794921875 0.2541303074670571 0.60107421875 0.2574245973645681 0.6059921875 0.257896046852123
0  0.61474609375 0.2986822840409956 0.0185546875 0.040995607613469986 0.6175712890625 0.2940805270863836 0.620884765625 0.2930351390922401 0.6235 0.3011405563689605 0.618443359375 0.3089838945827233 0.6224541015625 0.308199121522694
0  0.6279296875 0.27159590043923865 0.013671875 0.024890190336749635 -0.0009765625 -0.0014641288433382138 -0.0009765625 -0.0014641288433382138 -0.0009765625 -0.0014641288433382138 -0.0009765625 -0.0014641288433382138 -0.0009765625 -0.0014641288433382138
0  0.646484375 0.2708638360175695 0.01171875 0.02342606149341142 -0.0009765625 -0.0014641288433382138 -0.0009765625 -0.0014641288433382138 -0.0009765625 -0.0014641288433382138 -0.0009765625 -0.0014641288433382138 -0.0009765625 -0.0014641288433382138
0  0.62158203125 0.24377745241581258 0.0087890625 0.01903367496339678 -0.0009765625 -0.0014641288433382138 -0.0009765625 -0.0014641288433382138 -0.0009765625 -0.0014641288433382138 -0.0009765625 -0.0014641288433382138 -0.0009765625 -0.0014641288433382138
0  0.63525390625 0.2430453879941435 0.0107421875 0.020497803806734993 0.636779296875 0.24039238653001463 0.6387939453125 0.24025475841874083 0.6403505859375 0.2451961932650073 0.638427734375 0.24821522693997072 0.639068359375 0.24807906295754026
0  0.6640625 0.28989751098096633 0.01953125 0.03513909224011713 0.6579287109375 0.2871068814055637 0.664490234375 0.2861918008784773 0.65869140625 0.2948843338213763 0.6606748046875 0.3008330893118594 0.6654052734375 0.2992313323572474
0  0.70751953125 0.3169838945827233 0.0205078125 0.03074670571010249 -0.0009765625 -0.0014641288433382138 -0.0009765625 -0.0014641288433382138 -0.0009765625 -0.0014641288433382138 -0.0009765625 -0.0014641288433382138 -0.0009765625 -0.0014641288433382138
0  0.6923828125 0.25768667642752563 0.01171875 0.020497803806734993 0.689392578125 0.2547584187408492 0.69451953125 0.25503367496339674 0.6916806640625 0.25969985358711567 0.6897578125 0.262307467057101 0.6930546875 0.26216983894582724
0  0.7861328125 0.30453879941434847 0.015625 0.032210834553440704 -0.0009765625 -0.0014641288433382138 -0.0009765625 -0.0014641288433382138 -0.0009765625 -0.0014641288433382138 -0.0009765625 -0.0014641288433382138 -0.0009765625 -0.0014641288433382138
0  0.8642578125 0.2913616398243045 0.015625 0.029282576866764276 0.859375 0.2836749633967789 0.8663330078125 0.28587115666178625 0.859619140625 0.2908125915080527 0.8585205078125 0.2964860907759883 0.8624267578125 0.29813323572474376
0  0.92333984375 0.308199121522694 0.0205078125 0.036603221083455345 0.9246259765625 0.3023953147877013 0.931078125 0.29949341142020497 0.931884765625 0.31085944363103957 0.9257548828125 0.31811420204978036 0.9297880859375 0.3161800878477306
0  0.96728515625 0.308199121522694 0.0224609375 0.04538799414348463 0.9613388671875 0.3025783308931186 0.9722724609375 0.3028653001464129 0.9653671875 0.31408199121522695 0.96172265625 0.3221346998535871 0.9709296875 0.3218462664714495
0  0.8818359375 0.31332357247437775 0.01953125 0.02635431918008785 -0.0009765625 -0.0014641288433382138 -0.0009765625 -0.0014641288433382138 -0.0009765625 -0.0014641288433382138 -0.0009765625 -0.0014641288433382138 -0.0009765625 -0.0014641288433382138
0  0.96142578125 0.25768667642752563 0.0107421875 0.020497803806734993 -0.0009765625 -0.0014641288433382138 -0.0009765625 -0.0014641288433382138 -0.0009765625 -0.0014641288433382138 -0.0009765625 -0.0014641288433382138 -0.0009765625 -0.0014641288433382138
0  0.99365234375 0.232796486090776 0.0087890625 0.014641288433382138 -0.0009765625 -0.0014641288433382138 -0.0009765625 -0.0014641288433382138 -0.0009765625 -0.0014641288433382138 -0.0009765625 -0.0014641288433382138 -0.0009765625 -0.0014641288433382138
0  0.83251953125 0.2635431918008785 0.0087890625 0.017569546120058566 0.8302265625 0.2617789165446559 0.8339150390625 0.2622489019033675 0.831560546875 0.2663674963396779 0.8308544921875 0.26848462664714495 0.8331298828125 0.2682489019033675
0  0.76708984375 0.26939970717423134 0.0126953125 0.02635431918008785 -0.0009765625 -0.0014641288433382138 -0.0009765625 -0.0014641288433382138 -0.0009765625 -0.0014641288433382138 -0.0009765625 -0.0014641288433382138 -0.0009765625 -0.0014641288433382138
0  0.7255859375 0.2452415812591508 0.009765625 0.016105417276720352 -0.0009765625 -0.0014641288433382138 -0.0009765625 -0.0014641288433382138 -0.0009765625 -0.0014641288433382138 -0.0009765625 -0.0014641288433382138 -0.0009765625 -0.0014641288433382138
0  0.68505859375 0.2554904831625183 0.0087890625 0.01903367496339678 -0.0009765625 -0.0014641288433382138 -0.0009765625 -0.0014641288433382138 -0.0009765625 -0.0014641288433382138 -0.0009765625 -0.0014641288433382138 -0.0009765625 -0.0014641288433382138
0  0.46826171875 0.20790629575402636 0.0048828125 0.008784773060029283 -0.0009765625 -0.0014641288433382138 -0.0009765625 -0.0014641288433382138 -0.0009765625 -0.0014641288433382138 -0.0009765625 -0.0014641288433382138 -0.0009765625 -0.0014641288433382138
0  0.47802734375 0.20937042459736457 0.0048828125 0.008784773060029283 -0.0009765625 -0.0014641288433382138 -0.0009765625 -0.0014641288433382138 -0.0009765625 -0.0014641288433382138 -0.0009765625 -0.0014641288433382138 -0.0009765625 -0.0014641288433382138
0  0.4931640625 0.21010248901903367 0.00390625 0.007320644216691069 -0.0009765625 -0.0014641288433382138 -0.0009765625 -0.0014641288433382138 -0.0009765625 -0.0014641288433382138 -0.0009765625 -0.0014641288433382138 -0.0009765625 -0.0014641288433382138
0  0.5009765625 0.20351390922401172 0.00390625 0.008784773060029283 -0.0009765625 -0.0014641288433382138 -0.0009765625 -0.0014641288433382138 -0.0009765625 -0.0014641288433382138 -0.0009765625 -0.0014641288433382138 -0.0009765625 -0.0014641288433382138
0  0.494140625 0.2020497803806735 0.00390625 0.005856515373352855 -0.0009765625 -0.0014641288433382138 -0.0009765625 -0.0014641288433382138 -0.0009765625 -0.0014641288433382138 -0.0009765625 -0.0014641288433382138 -0.0009765625 -0.0014641288433382138
0  0.5126953125 0.20131771595900438 0.00390625 0.007320644216691069 -0.0009765625 -0.0014641288433382138 -0.0009765625 -0.0014641288433382138 -0.0009765625 -0.0014641288433382138 -0.0009765625 -0.0014641288433382138 -0.0009765625 -0.0014641288433382138
0  0.51416015625 0.22913616398243045 0.0048828125 0.010248901903367497 -0.0009765625 -0.0014641288433382138 -0.0009765625 -0.0014641288433382138 -0.0009765625 -0.0014641288433382138 -0.0009765625 -0.0014641288433382138 -0.0009765625 -0.0014641288433382138
0  0.54443359375 0.20644216691068815 0.0029296875 0.005856515373352855 -0.0009765625 -0.0014641288433382138 -0.0009765625 -0.0014641288433382138 -0.0009765625 -0.0014641288433382138 -0.0009765625 -0.0014641288433382138 -0.0009765625 -0.0014641288433382138
0  0.41357421875 0.23572474377745242 0.0048828125 0.008784773060029283 -0.0009765625 -0.0014641288433382138 -0.0009765625 -0.0014641288433382138 -0.0009765625 -0.0014641288433382138 -0.0009765625 -0.0014641288433382138 -0.0009765625 -0.0014641288433382138
