0  0.07080078125 0.26119402985074625 0.0107421875 0.02771855010660981 0.0712890625 0.255863539445629 0.0732421875 0.255863539445629 0.07421875 0.2622601279317697 0.0712890625 0.26652452025586354 0.0732421875 0.26865671641791045
0  0.27294921875 0.22707889125799574 0.0166015625 0.04904051172707889 0.274244140625 0.22393816631130065 0.2812939453125 0.21953944562899785 0.2798544921875 0.2324179104477612 0.27467578125 0.24152878464818764 0.27467578125 0.24152878464818764
0  0.33349609375 0.15245202558635396 0.0205078125 0.053304904051172705 0.3368837890625 0.1464648187633262 0.3433359375 0.1535095948827292 0.34220703125 0.16372281449893392 0.334302734375 0.17006183368869937 0.339787109375 0.17569722814498934
0  0.42333984375 0.38272921108742003 0.0166015625 0.031982942430703626 0.42578125 0.3795309168443497 0.4306640625 0.3795309168443497 0.4287109375 0.39445628997867804 0.4228515625 0.39445628997867804 0.42578125 0.39872068230277186
0  0.72119140625 0.17697228144989338 0.0205078125 0.05970149253731343 0.723841796875 0.17278464818763326 0.7250625 0.173545842217484 0.7301201171875 0.18801492537313433 0.7215751953125 0.19601066098081024 0.727330078125 0.2024818763326226
0  0.86328125 0.1908315565031983 0.013671875 0.04051172707889126 0.860203125 0.1868997867803838 0.8665595703125 0.18844136460554373 0.8630283203125 0.19692324093816632 0.859615234375 0.20437739872068228 0.8651474609375 0.20437739872068228
0  0.8681640625 0.27292110874200426 0.021484375 0.046908315565031986 0.8701171875 0.2601279317697228 0.8701171875 0.2601279317697228 0.8623046875 0.2622601279317697 0.861328125 0.279317697228145 0.86328125 0.279317697228145
0  0.89892578125 0.20575692963752665 0.0107421875 0.04051172707889126 0.895376953125 0.20028358208955224 0.9000859375 0.20156929637526652 0.897025390625 0.20953518123667378 0.8947880859375 0.21467590618336888 0.898908203125 0.21724520255863541
0  0.97509765625 0.23880597014925373 0.0107421875 0.029850746268656716 0.97265625 0.2345415778251599 0.978515625 0.2345415778251599 0.9755859375 0.23880597014925373 0.9736328125 0.24733475479744135 0.9775390625 0.24733475479744135
0  0.04296875 0.7622601279317697 0.025390625 0.04904051172707889 -0.0009765625 -0.0021321961620469083 -0.0009765625 -0.0021321961620469083 -0.0009765625 -0.0021321961620469083 -0.0009765625 -0.0021321961620469083 -0.0009765625 -0.0021321961620469083
