0  0.978515625 0.15373563218390804 0.025390625 0.04885057471264368 0.9731142578125 0.148617816091954 0.9840087890625 0.14735919540229886 0.979095703125 0.15647413793103448 0.974609375 0.16495977011494253 0.9850771484375 0.16370402298850575
0  0.85498046875 0.17313218390804597 0.0458984375 0.08189655172413793 0.8394423828125 0.17013649425287358 0.860630859375 0.1665 0.851802734375 0.18520402298850572 0.84438671875 0.19663362068965518 0.86557421875 0.1929971264367816
0  0.82080078125 0.2959770114942529 0.0419921875 0.05459770114942529 0.8067978515625 0.2877025862068966 0.8216640625 0.2861120689655172 0.811392578125 0.30082614942528735 0.81058203125 0.30957471264367814 0.8213935546875 0.3091781609195402
0  0.71923828125 0.1314655172413793 0.0224609375 0.05603448275862069 0.7197265625 0.1285919540229885 0.72509765625 0.1285919540229885 0.72900390625 0.13829022988505746 0.721435546875 0.1526580459770115 0.724365234375 0.1526580459770115
0  0.685546875 0.15445402298850575 0.029296875 0.05603448275862069 0.678955078125 0.1512212643678161 0.69482421875 0.1505028735632184 0.6865234375 0.15948275862068967 0.68115234375 0.16954022988505746 0.692138671875 0.16918103448275862
0  0.615234375 0.09410919540229885 0.037109375 0.06465517241379311 0.6005859375 0.08620689655172414 0.61328125 0.08764367816091954 0.6015625 0.09913793103448276 0.6005859375 0.11494252873563218 0.61328125 0.11206896551724138
0  0.72265625 0.28879310344827586 0.037109375 0.05459770114942529 0.718091796875 0.2834885057471264 0.7351162109375 0.2789022988505747 0.7300810546875 0.29901149425287354 0.7197705078125 0.3007744252873563 0.73223828125 0.2986580459770115
0  0.611328125 0.26795977011494254 0.041015625 0.06465517241379311 0.595494140625 0.2684727011494253 0.612513671875 0.2684727011494253 0.6019111328125 0.2853031609195402 0.6035849609375 0.2885876436781609 0.6158623046875 0.28694540229885057
0  0.56396484375 0.1300287356321839 0.0224609375 0.05028735632183908 0.56854296875 0.12514080459770116 0.5713759765625 0.12417959770114943 0.574427734375 0.13444109195402298 0.5681064453125 0.14310057471264367 0.57050390625 0.1418175287356322
0  0.46044921875 0.1925287356321839 0.0341796875 0.07471264367816093 0.45834765625 0.18302298850574714 0.4735107421875 0.18397270114942527 0.468994140625 0.19773706896551724 0.457703125 0.21007758620689654 0.4709296875 0.2115014367816092
0  0.4033203125 0.14367816091954022 0.041015625 0.07758620689655173 0.38419921875 0.13580459770114942 0.3989453125 0.13520114942528735 0.3866015625 0.14997126436781608 0.387255859375 0.16413793103448276 0.3992578125 0.16337643678160918
0  0.38330078125 0.13505747126436782 0.0380859375 0.07183908045977011 0.38652734375 0.13934913793103448 0.3992177734375 0.13934913793103448 0.38652734375 0.1543764367816092 0.387146484375 0.170316091954023 0.400765625 0.16758333333333333
0  0.3662109375 0.23204022988505746 0.0390625 0.07327586206896551 0.3622216796875 0.22408045977011495 0.3803623046875 0.23016666666666666 0.370814453125 0.2437456896551724 0.3590390625 0.2512385057471264 0.3739970703125 0.25498419540229883
0  0.5546875 0.30962643678160917 0.041015625 0.06465517241379311 0.5413642578125 0.2986451149425287 0.5606162109375 0.29823419540229884 0.5491767578125 0.3146551724137931 0.5452705078125 0.3249181034482759 0.5592216796875 0.3249181034482759
0  0.11279296875 0.1968390804597701 0.0419921875 0.08045977011494253 0.10644921875 0.18902586206896554 0.1250478515625 0.18953304597701148 0.115404296875 0.2077758620689655 0.1043828125 0.21486925287356323 0.123669921875 0.21740229885057474
0  0.216796875 0.17744252873563218 0.044921875 0.09339080459770115 0.20819921875 0.17023275862068965 0.22705078125 0.16905316091954023 0.2166220703125 0.18616522988505746 0.2094033203125 0.2026882183908046 0.2242431640625 0.20209913793103448
0  0.26611328125 0.14295977011494254 0.0400390625 0.07614942528735633 0.2636630859375 0.1367126436781609 0.279357421875 0.13382614942528737 0.2741259765625 0.14970114942528734 0.267259765625 0.16365229885057472 0.2796845703125 0.1612471264367816
0  0.80126953125 0.5014367816091954 0.0224609375 0.031609195402298854 -0.0009765625 -0.0014367816091954023 -0.0009765625 -0.0014367816091954023 -0.0009765625 -0.0014367816091954023 -0.0009765625 -0.0014367816091954023 -0.0009765625 -0.0014367816091954023
