0  0.88427734375 0.4846041055718475 0.0087890625 0.013196480938416423 -0.0009765625 -0.001466275659824047 -0.0009765625 -0.001466275659824047 -0.0009765625 -0.001466275659824047 -0.0009765625 -0.001466275659824047 -0.0009765625 -0.001466275659824047
0  0.83837890625 0.48826979472140764 0.0087890625 0.017595307917888565 -0.0009765625 -0.001466275659824047 -0.0009765625 -0.001466275659824047 -0.0009765625 -0.001466275659824047 -0.0009765625 -0.001466275659824047 -0.0009765625 -0.001466275659824047
0  0.81982421875 0.48533724340175954 0.0087890625 0.017595307917888565 -0.0009765625 -0.001466275659824047 -0.0009765625 -0.001466275659824047 -0.0009765625 -0.001466275659824047 -0.0009765625 -0.001466275659824047 -0.0009765625 -0.001466275659824047
0  0.80029296875 0.46114369501466274 0.0107421875 0.01906158357771261 0.79657421875 0.4579354838709678 0.8008818359375 0.4583093841642229 0.7984794921875 0.4620410557184751 0.79740234375 0.4671392961876833 0.8007158203125 0.4673885630498534
0  0.72314453125 0.4706744868035191 0.0107421875 0.017595307917888565 -0.0009765625 -0.001466275659824047 -0.0009765625 -0.001466275659824047 -0.0009765625 -0.001466275659824047 -0.0009765625 -0.001466275659824047 -0.0009765625 -0.001466275659824047
0  0.70166015625 0.46480938416422285 0.0107421875 0.017595307917888565 -0.0009765625 -0.001466275659824047 -0.0009765625 -0.001466275659824047 -0.0009765625 -0.001466275659824047 -0.0009765625 -0.001466275659824047 -0.0009765625 -0.001466275659824047
0  0.64599609375 0.4772727272727273 0.0107421875 0.021994134897360705 -0.0009765625 -0.001466275659824047 -0.0009765625 -0.001466275659824047 -0.0009765625 -0.001466275659824047 -0.0009765625 -0.001466275659824047 -0.0009765625 -0.001466275659824047
0  0.607421875 0.4626099706744868 0.01171875 0.01906158357771261 -0.0009765625 -0.001466275659824047 -0.0009765625 -0.001466275659824047 -0.0009765625 -0.001466275659824047 -0.0009765625 -0.001466275659824047 -0.0009765625 -0.001466275659824047
0  0.55029296875 0.48826979472140764 0.0087890625 0.017595307917888565 -0.0009765625 -0.001466275659824047 -0.0009765625 -0.001466275659824047 -0.0009765625 -0.001466275659824047 -0.0009765625 -0.001466275659824047 -0.0009765625 -0.001466275659824047
0  0.49072265625 0.46114369501466274 0.0107421875 0.01906158357771261 -0.0009765625 -0.001466275659824047 -0.0009765625 -0.001466275659824047 -0.0009765625 -0.001466275659824047 -0.0009765625 -0.001466275659824047 -0.0009765625 -0.001466275659824047
0  0.5087890625 0.45454545454545453 0.009765625 0.017595307917888565 -0.0009765625 -0.001466275659824047 -0.0009765625 -0.001466275659824047 -0.0009765625 -0.001466275659824047 -0.0009765625 -0.001466275659824047 -0.0009765625 -0.001466275659824047
0  0.31884765625 0.4802052785923754 0.0107421875 0.01906158357771261 0.3211845703125 0.4797346041055718 0.3156044921875 0.47947214076246336 0.3180458984375 0.4836612903225807 0.3170859375 0.4875894428152493 0.31952734375 0.48745747800586514
0  0.38623046875 0.4772727272727273 0.0068359375 0.016129032258064516 -0.0009765625 -0.001466275659824047 -0.0009765625 -0.001466275659824047 -0.0009765625 -0.001466275659824047 -0.0009765625 -0.001466275659824047 -0.0009765625 -0.001466275659824047
0  0.24658203125 0.4838709677419355 0.0126953125 0.02346041055718475 -0.0009765625 -0.001466275659824047 -0.0009765625 -0.001466275659824047 -0.0009765625 -0.001466275659824047 -0.0009765625 -0.001466275659824047 -0.0009765625 -0.001466275659824047
0  0.1875 0.4706744868035191 0.01171875 0.017595307917888565 -0.0009765625 -0.001466275659824047 -0.0009765625 -0.001466275659824047 -0.0009765625 -0.001466275659824047 -0.0009765625 -0.001466275659824047 -0.0009765625 -0.001466275659824047
0  0.0673828125 0.4802052785923754 0.013671875 0.021994134897360705 -0.0009765625 -0.001466275659824047 -0.0009765625 -0.001466275659824047 -0.0009765625 -0.001466275659824047 -0.0009765625 -0.001466275659824047 -0.0009765625 -0.001466275659824047
0  0.01025390625 0.48533724340175954 0.0107421875 0.020527859237536656 -0.0009765625 -0.001466275659824047 -0.0009765625 -0.001466275659824047 -0.0009765625 -0.001466275659824047 -0.0009765625 -0.001466275659824047 -0.0009765625 -0.001466275659824047
