0  0.75732421875 0.07613344739093242 0.0537109375 0.04961505560307956 0.748875 0.069366124893071 0.769138671875 0.069366124893071 0.7590068359375 0.08489820359281437 0.7521318359375 0.08775021385799829 0.766244140625 0.08775021385799829
0  0.81640625 0.11120615911035073 0.064453125 0.07014542343883662 -0.0009765625 -0.000855431993156544 -0.0009765625 -0.000855431993156544 -0.0009765625 -0.000855431993156544 -0.0009765625 -0.000855431993156544 -0.0009765625 -0.000855431993156544
0  0.79052734375 0.1804961505560308 0.0673828125 0.07356715141146279 0.77232421875 0.17188195038494442 0.803515625 0.1744568006843456 0.7855859375 0.19081266039349873 0.77466796875 0.19657827202737382 0.7982421875 0.1986056458511548
0  0.5625 0.06672369546621043 0.056640625 0.059880239520958084 0.5473369140625 0.06024721984602224 0.5749599609375 0.05949101796407186 0.558990234375 0.07423524379811805 0.5533798828125 0.08028485885372112 0.5723701171875 0.07952865697177074
0  0.5107421875 0.13387510692899915 0.0625 0.07784431137724551 0.5214150390625 0.13149187339606502 0.53759765625 0.1251377245508982 0.53759765625 0.14566809238665526 0.5130439453125 0.15642172797262618 0.5130439453125 0.15642172797262618
0  0.64501953125 0.16467065868263472 0.0654296875 0.07955517536355859 0.622087890625 0.16071428571428573 0.6520126953125 0.1561770744225834 0.6353232421875 0.1733165098374679 0.6324462890625 0.1869272882805817 0.6548896484375 0.18390248075278015
0  0.7890625 0.325491873396065 0.072265625 0.08810949529512403 0.7669326171875 0.3150282292557741 0.7981220703125 0.3167005988023952 0.7771171875 0.3328699743370402 0.770751953125 0.3479238665526091 0.793029296875 0.34959709153122326
0  0.30126953125 0.12360992301112061 0.0615234375 0.07955517536355859 0.287544921875 0.11158768177929855 0.3128662109375 0.1120923866552609 0.2956015625 0.12822326775021387 0.2852431640625 0.14032164242942685 0.3099892578125 0.14183404619332762
0  0.25048828125 0.1847733105218135 0.0693359375 0.07527801539777587 0.2391005859375 0.173366124893071 0.2717978515625 0.17479811804961506 0.25544921875 0.18816424294268605 0.24237109375 0.20153036783575706 0.2652587890625 0.20248502994011977
0  0.22265625 0.33404619332763047 0.0703125 0.08126603934987169 0.2075634765625 0.3228725406330197 0.239109375 0.3238956372968349 0.2239208984375 0.33464157399486744 0.206978515625 0.355622754491018 0.234435546875 0.355622754491018
0  0.21484375 0.4533789563729683 0.083984375 0.09923011120615911 0.1994326171875 0.4473490162532079 0.2349638671875 0.44797177074422584 0.2164873046875 0.4672686056458511 0.210802734375 0.4790949529512404 0.2299892578125 0.47971770744225833
0  0.16845703125 0.542343883661249 0.0888671875 0.07527801539777587 0.1590400390625 0.5365389221556887 0.2003349609375 0.5365389221556887 0.181361328125 0.5565808383233534 0.1640625 0.5663567151411463 0.1902900390625 0.5668460222412318
0  0.498046875 0.411890504704876 0.072265625 0.08126603934987169 0.4776962890625 0.40736869118905045 0.5121630859375 0.4094157399486741 0.4946376953125 0.42681437125748506 0.481201171875 0.43602566295979467 0.5104111328125 0.43602566295979467
0  0.4296875 0.7540633019674936 0.1015625 0.10692899914456801 0.4092490234375 0.7408648417450813 0.4560546875 0.7442258340461934 0.4315009765625 0.7583404619332763 0.4092490234375 0.7798485885372113 0.4483818359375 0.7838810949529512
0  0.7265625 0.441830624465355 0.080078125 0.07442258340461934 0.69948046875 0.4316184773310522 0.7420302734375 0.4334824636441403 0.717564453125 0.45444824636441405 0.7053310546875 0.461437125748503 0.731392578125 0.46283490162532076
0  0.7412109375 0.5406330196749358 0.0859375 0.09238665526090675 0.7107060546875 0.5326099230111206 0.7453916015625 0.5396210436270317 0.720044921875 0.5553969204448247 0.7167099609375 0.5664987168520103 0.7387216796875 0.5700042771599658
