0  0.85205078125 0.15 0.0673828125 0.1024390243902439 0.8354794921875 0.13772926829268292 0.8645322265625 0.13384146341463415 0.8479306640625 0.15586829268292682 0.83807421875 0.1785439024390244 0.864013671875 0.17530487804878048
0  0.72314453125 0.15365853658536585 0.0537109375 0.08780487804878048 0.70019921875 0.14205121951219513 0.7103271484375 0.1409512195121951 0.6971171875 0.16184634146341464 0.7085654296875 0.18054268292682926 0.7142900390625 0.17834268292682928
0  0.59375 0.14146341463414633 0.033203125 0.06585365853658537 0.601318359375 0.13079268292682927 0.6029970703125 0.13037317073170732 0.612396484375 0.14336829268292683 0.60467578125 0.15468780487804878 0.6053466796875 0.15468780487804878
0  0.4697265625 0.175 0.044921875 0.06707317073170732 0.4619140625 0.16951219512195123 0.4833984375 0.16829268292682928 0.474609375 0.17926829268292682 0.46484375 0.1926829268292683 0.482421875 0.19390243902439025
0  0.35888671875 0.15304878048780488 0.0439453125 0.06219512195121951 0.3549453125 0.14381585365853658 0.377232421875 0.14381585365853658 0.370640625 0.16067073170731708 0.3602822265625 0.17243048780487805 0.3734658203125 0.17164634146341465
0  0.3603515625 0.2969512195121951 0.080078125 0.09390243902439024 0.3322880859375 0.3032280487804878 0.354849609375 0.2856975609756097 0.35284375 0.3201329268292683 0.358359375 0.33202804878048775 0.3759072265625 0.3195073170731707
0  0.36474609375 0.3823170731707317 0.0654296875 0.10121951219512196 0.3663154296875 0.3682170731707317 0.390494140625 0.3669317073170732 0.387921875 0.3842768292682927 0.3699169921875 0.40611951219512193 0.39306640625 0.4067621951219512
0  0.2041015625 0.34573170731707314 0.05078125 0.07682926829268293 0.2008671875 0.34120243902439024 0.2208779296875 0.3323829268292683 0.2208779296875 0.35100121951219515 0.2098916015625 0.37158048780487807 0.2244091796875 0.3642317073170732
0  0.2470703125 0.1603658536585366 0.048828125 0.07926829268292683 0.248587890625 0.14422926829268293 0.2662353515625 0.14422926829268293 0.259818359375 0.15775243902439023 0.2513955078125 0.17478170731707318 0.264630859375 0.17277926829268292
0  0.03857421875 0.13658536585365855 0.0732421875 0.1048780487804878 0.0498046875 0.12195121951219512 0.0673828125 0.12317073170731707 0.0712890625 0.14512195121951219 0.052734375 0.16463414634146342 0.064453125 0.16463414634146342
0  0.08056640625 0.7396341463414634 0.1259765625 0.08170731707317073 -0.0009765625 -0.0012195121951219512 -0.0009765625 -0.0012195121951219512 -0.0009765625 -0.0012195121951219512 -0.0009765625 -0.0012195121951219512 -0.0009765625 -0.0012195121951219512
0  0.705078125 0.1774390243902439 0.044921875 0.05975609756097561 0.692078125 0.16463414634146342 0.705505859375 0.16272926829268292 0.700927734375 0.17644878048780485 0.696349609375 0.18673780487804878 0.7064208984375 0.18635609756097563
