0  0.0830078125 0.38408304498269896 0.076171875 0.36678200692041524 0.068228515625 0.3133044982698962 0.10460546875 0.3340173010380623 0.0909638671875 0.38925951557093424 0.0623818359375 0.44219723183391 0.1039560546875 0.45140138408304503
0  0.2158203125 0.5259515570934256 0.072265625 0.3044982698961938 0.2066123046875 0.4971903114186851 0.2349501953125 0.4913944636678201 0.2245966796875 0.5358062283737025 0.213697265625 0.5995259515570934 0.2349501953125 0.5937335640138408
0  0.3017578125 0.6332179930795848 0.068359375 0.36678200692041524 0.2876279296875 0.5854532871972318 0.3227060546875 0.587757785467128 0.3097138671875 0.652204152249135 0.2863291015625 0.702840830449827 0.3214072265625 0.702840830449827
0  0.373046875 0.3217993079584775 0.05859375 0.32525951557093424 0.353423828125 0.2830865051903114 0.38067578125 0.27076124567474047 0.36444140625 0.3282871972318339 0.3563232421875 0.38786851211072665 0.3835751953125 0.37965051903114183
0  0.4248046875 0.629757785467128 0.064453125 0.3044982698961938 0.4052431640625 0.5836159169550172 0.4363056640625 0.5797543252595156 0.4155966796875 0.622235294117647 0.4068779296875 0.6936782006920416 0.4352158203125 0.6859550173010381
0  0.5185546875 0.3633217993079585 0.060546875 0.2560553633217993 0.502412109375 0.3289965397923875 0.529951171875 0.3171626297577855 0.51763671875 0.32688581314878895 0.506904296875 0.4016608996539792 0.530126953125 0.3921107266435986
0  0.5615234375 0.5778546712802768 0.068359375 0.3944636678200692 0.549443359375 0.5116955017301038 0.58341796875 0.5320069204152249 0.568291015625 0.576401384083045 0.543994140625 0.6371280276816609 0.578544921875 0.6544982698961938
0  0.71484375 0.7231833910034602 0.0859375 0.4083044982698962 0.69791015625 0.6464705882352941 0.7362109375 0.6528373702422144 0.71955078125 0.7130795847750866 0.699013671875 0.7979584775086506 0.732890625 0.8022837370242215
0  0.75 0.4671280276816609 0.0703125 0.32525951557093424 0.736005859375 0.4319377162629758 0.765498046875 0.4168512110726644 0.75572265625 0.4674740484429066 0.74642578125 0.5433217993079585 0.771884765625 0.5286159169550173
0  0.7998046875 0.19377162629757785 0.091796875 0.33217993079584773 0.7790224609375 0.18814878892733564 0.805115234375 0.1285674740484429 0.80453515625 0.21896539792387543 0.8016357421875 0.29498269896193774 0.82598828125 0.24361937716262977
