0  0.2919921875 0.625 0.048828125 0.05519480519480519 0.2784248046875 0.6156305194805195 0.27737890625 0.6156305194805195 0.2674384765625 0.6271103896103896 0.2789482421875 0.6375461038961039 0.2779013671875 0.6375461038961039
0  0.12060546875 0.45811688311688314 0.0322265625 0.02922077922077922 0.108119140625 0.4533396103896104 0.120396484375 0.4529681818181818 0.112583984375 0.45927662337662334 0.1097939453125 0.4642857142857143 0.1170478515625 0.4633577922077922
0  0.16357421875 0.4435064935064935 0.0439453125 0.03636363636363636 0.1482763671875 0.43608246753246754 0.1603310546875 0.4369987012987013 0.1444873046875 0.44638831168831167 0.1455205078125 0.45119740259740265 0.1565419921875 0.452112987012987
0  0.2822265625 0.4016233766233766 0.04296875 0.04220779220779221 0.291259765625 0.39754480519480523 0.2991943359375 0.39754480519480523 0.3027646484375 0.4073051948051948 0.2896728515625 0.4123175324675325 0.2964169921875 0.4120532467532468
0  0.34326171875 0.4422077922077922 0.0302734375 0.032467532467532464 -0.0009765625 -0.0006493506493506494 -0.0009765625 -0.0006493506493506494 -0.0009765625 -0.0006493506493506494 -0.0009765625 -0.0006493506493506494 -0.0009765625 -0.0006493506493506494
0  0.4951171875 0.425 0.03515625 0.03051948051948052 -0.0009765625 -0.0006493506493506494 -0.0009765625 -0.0006493506493506494 -0.0009765625 -0.0006493506493506494 -0.0009765625 -0.0006493506493506494 -0.0009765625 -0.0006493506493506494
0  0.583984375 0.2545454545454545 0.083984375 0.07142857142857142 0.5499267578125 0.25032467532467534 0.574767578125 0.23827142857142855 0.547912109375 0.2512175324675325 0.554626953125 0.2704142857142857 0.5714111328125 0.26148571428571427
0  0.896484375 0.4035714285714286 0.037109375 0.03571428571428571 -0.0009765625 -0.0006493506493506494 -0.0009765625 -0.0006493506493506494 -0.0009765625 -0.0006493506493506494 -0.0009765625 -0.0006493506493506494 -0.0009765625 -0.0006493506493506494
0  0.8212890625 0.4 0.041015625 0.033766233766233764 -0.0009765625 -0.0006493506493506494 -0.0009765625 -0.0006493506493506494 -0.0009765625 -0.0006493506493506494 -0.0009765625 -0.0006493506493506494 -0.0009765625 -0.0006493506493506494
0  0.3974609375 0.6181818181818182 0.07421875 0.05844155844155844 0.36977734375 0.6093896103896104 0.3974609375 0.6075487012987013 0.3736533203125 0.6196980519480519 0.3764208984375 0.6336876623376624 0.3935849609375 0.6318474025974026
0  0.990234375 0.3892857142857143 0.01953125 0.04090909090909091 -0.0009765625 -0.0006493506493506494 -0.0009765625 -0.0006493506493506494 -0.0009765625 -0.0006493506493506494 -0.0009765625 -0.0006493506493506494 -0.0009765625 -0.0006493506493506494
0  0.927734375 0.5019480519480519 0.052734375 0.03636363636363636 0.9096806640625 0.4956688311688312 0.926212890625 0.49544025974025974 0.9093369140625 0.5032266233766234 0.9065810546875 0.5126162337662338 0.9169140625 0.5126162337662338
0  0.9130859375 0.39545454545454545 0.02734375 0.02857142857142857 -0.0009765625 -0.0006493506493506494 -0.0009765625 -0.0006493506493506494 -0.0009765625 -0.0006493506493506494 -0.0009765625 -0.0006493506493506494 -0.0009765625 -0.0006493506493506494
