0  0.16650390625 0.3193215339233038 0.0283203125 0.05457227138643068 0.1676025390625 0.31584513274336284 0.1778037109375 0.31481710914454275 0.1768974609375 0.32337758112094395 0.1707763671875 0.33399115044247785 0.1773505859375 0.33193805309734514
0  0.22412109375 0.3480825958702065 0.0283203125 0.05309734513274336 0.219630859375 0.3433156342182891 0.232970703125 0.3443230088495575 0.224966796875 0.35574041297935105 0.22051953125 0.3624572271386431 0.2300810546875 0.3631283185840708
0  0.29296875 0.2669616519174041 0.02734375 0.05309734513274336 0.287109375 0.2640117994100295 0.3017578125 0.26253687315634217 0.294921875 0.2713864306784661 0.2890625 0.28171091445427726 0.30078125 0.28171091445427726
0  0.32958984375 0.33997050147492625 0.0244140625 0.05752212389380531 0.31884765625 0.33738938053097345 0.328125 0.3396017699115044 0.321044921875 0.3495575221238938 0.322509765625 0.35914454277286134 0.327392578125 0.3584070796460177
0  0.40087890625 0.29129793510324486 0.0263671875 0.051622418879056046 0.3943876953125 0.28693215339233036 0.40594921875 0.28693215339233036 0.400390625 0.296 0.394609375 0.30372271386430677 0.407060546875 0.3033864306784661
0  0.47216796875 0.3008849557522124 0.0263671875 0.0471976401179941 0.468640625 0.2942212389380531 0.48001953125 0.2954070796460177 0.473349609375 0.30459144542772865 0.4674638671875 0.31051769911504423 0.4784501953125 0.31170353982300886
0  0.240234375 0.5471976401179941 0.029296875 0.05309734513274336 0.2328974609375 0.5417581120943953 0.246904296875 0.5414233038348082 0.240234375 0.5504896755162242 0.23467578125 0.56123598820059 0.246904296875 0.5608997050147493
0  0.31982421875 0.5228613569321534 0.0302734375 0.05457227138643068 0.313533203125 0.517976401179941 0.327859375 0.5162300884955753 0.321158203125 0.5277463126843658 0.3139951171875 0.5378672566371681 0.3283212890625 0.535075221238938
0  0.38720703125 0.5339233038348082 0.0302734375 0.05014749262536873 0.379974609375 0.528023598820059 0.3923642578125 0.5254424778761062 0.3872373046875 0.5347994100294985 0.379974609375 0.5441563421828909 0.394287109375 0.5422197640117994
0  0.5322265625 0.306047197640118 0.025390625 0.051622418879056046 0.527736328125 0.29852802359882 0.5392978515625 0.29852802359882 0.5339619140625 0.3072581120943953 0.528625 0.3156533923303835 0.5379638671875 0.3159896755162242
0  0.46337890625 0.5361356932153393 0.0283203125 0.051622418879056046 0.4592587890625 0.5346607669616519 0.47250390625 0.5346607669616519 0.46758984375 0.5427271386430679 0.460541015625 0.5514380530973452 0.4699404296875 0.5511150442477876
0  0.60546875 0.29056047197640117 0.025390625 0.04424778761061947 0.6015625 0.28466076696165193 0.61328125 0.2831858407079646 0.6083984375 0.2920353982300885 0.6015625 0.3008849557522124 0.6123046875 0.3008849557522124
0  0.666015625 0.29056047197640117 0.02734375 0.05014749262536873 0.6590576171875 0.2878879056047198 0.6703798828125 0.28724188790560473 0.6650390625 0.2962758112094395 0.659912109375 0.3040191740412979 0.671875 0.3027286135693215
0  0.74755859375 0.2610619469026549 0.0263671875 0.05014749262536873 0.74627734375 0.25580825958702064 0.7575986328125 0.2551622418879056 0.753326171875 0.26548672566371684 0.744140625 0.27452064896755163 0.7569580078125 0.27452064896755163
0  0.74951171875 0.33775811209439527 0.0302734375 0.05604719764011799 0.74740625 0.33353097345132743 0.7594208984375 0.33388053097345133 0.7547998046875 0.344 0.74601953125 0.35307374631268434 0.758728515625 0.35377138643067846
0  0.837890625 0.3141592920353982 0.02734375 0.05309734513274336 0.835845703125 0.31073598820058995 0.8489638671875 0.30939233038348085 0.84318359375 0.3198023598820059 0.83740234375 0.33021238938053094 0.8476298828125 0.32987610619469027
0  0.88232421875 0.2853982300884956 0.0302734375 0.05457227138643068 0.875828125 0.2836533923303835 0.8894609375 0.2826061946902655 0.884146484375 0.2927271386430678 0.87559765625 0.3011017699115044 0.8896923828125 0.29900884955752216
0  0.5400390625 0.5383480825958702 0.025390625 0.05309734513274336 0.537109375 0.5368731563421829 0.546875 0.5368731563421829 0.5419921875 0.5471976401179941 0.5341796875 0.5545722713864307 0.546875 0.5545722713864307
0  0.59033203125 0.5353982300884956 0.0263671875 0.05014749262536873 0.58837890625 0.5297094395280235 0.60009765625 0.5303407079646018 0.5950751953125 0.5398230088495575 0.5873330078125 0.5474085545722713 0.5994697265625 0.5480398230088496
0  0.6533203125 0.5427728613569321 0.02734375 0.05014749262536873 0.648681640625 0.5381637168141593 0.661072265625 0.5365501474926254 0.65508984375 0.5462300884955752 0.649322265625 0.5549410029498525 0.661072265625 0.5542949852507375
0  0.7802734375 0.5412979351032449 0.029296875 0.05309734513274336 0.7780068359375 0.5368672566371682 0.7913466796875 0.5368672566371682 0.7871220703125 0.5472772861356932 0.77689453125 0.5553362831858407 0.789568359375 0.555
0  0.8916015625 0.5412979351032449 0.033203125 0.05604719764011799 0.887111328125 0.5355560471976402 0.901236328125 0.5341342182890855 0.89629296875 0.5440899705014749 0.890171875 0.5536902654867256 0.89982421875 0.553334808259587
