0  0.10546875 0.294921875 0.0703125 0.12109375 0.0993125 0.27485546875 0.128662109375 0.2740885416666667 0.1217568359375 0.3001770833333333 0.1050673828125 0.3224283854166667 0.1280869140625 0.3224283854166667
0  0.21142578125 0.298828125 0.0576171875 0.08984375 0.20233203125 0.2879231770833333 0.229248046875 0.2902018229166667 0.21728515625 0.3107096354166667 0.2010498046875 0.31982421875 0.2249755859375 0.3221028645833333
0  0.240234375 0.21419270833333334 0.017578125 0.032552083333333336 0.2381591796875 0.209984375 0.2461630859375 0.20977473958333334 0.2433388671875 0.21668098958333334 0.240984375 0.22254036458333334 0.2460068359375 0.22212109375
0  0.28515625 0.23502604166666666 0.029296875 0.037760416666666664 0.2855224609375 0.23449088541666666 0.2928115234375 0.23807161458333334 0.2883994140625 0.24727994791666666 0.2801513671875 0.248046875 0.282453125 0.24983723958333334
0  0.337890625 0.2532552083333333 0.05859375 0.08203125 0.3347861328125 0.237984375 0.3569033203125 0.24677994791666666 0.3440986328125 0.26281770833333334 0.327802734375 0.26695572916666666 0.3464267578125 0.27316406249999997
0  0.423828125 0.22200520833333334 0.052734375 0.08203125 0.4190234375 0.20932161458333332 0.4406044921875 0.21246093749999997 0.4296181640625 0.22867838541666666 0.41627734375 0.23861848958333332 0.434326171875 0.24280338541666668
0  0.4873046875 0.228515625 0.046875 0.07682291666666667 0.505994140625 0.20632161458333334 0.52336328125 0.19860286458333332 0.51648828125 0.2227265625 0.50961328125 0.23816536458333334 0.52444921875 0.23382291666666666
0  0.52294921875 0.21549479166666666 0.0517578125 0.08463541666666667 0.50552734375 0.20662760416666667 0.52791015625 0.20217447916666667 0.514287109375 0.2226041666666667 0.511572265625 0.23891927083333334 0.52955078125 0.23513020833333334
0  0.64453125 0.244140625 0.046875 0.07421875 0.634765625 0.23046875 0.6572265625 0.2265625 0.6474609375 0.24609375 0.6376953125 0.26171875 0.6572265625 0.2578125
0  0.68896484375 0.19401041666666666 0.0341796875 0.046875 0.684474609375 0.18683723958333334 0.69981640625 0.18802343749999997 0.6938125 0.19751041666666666 0.68536328125 0.20670052083333335 0.697814453125 0.20640364583333334
0  0.70751953125 0.2565104166666667 0.0517578125 0.08072916666666667 0.6894228515625 0.24523958333333332 0.7125595703125 0.23714713541666665 0.7030771484375 0.26091666666666663 0.69625 0.27558203124999997 0.717869140625 0.26799609375
0  0.78369140625 0.3196614583333333 0.0556640625 0.08463541666666667 0.76446484375 0.30830859375 0.78826953125 0.3014322916666667 0.7763671875 0.32629427083333334 0.7720029296875 0.3395182291666667 0.7946171875 0.33369921875
0  0.88037109375 0.21028645833333334 0.0537109375 0.08463541666666667 0.860630859375 0.1973359375 0.8846962890625 0.19198697916666665 0.870658203125 0.21551822916666666 0.8678505859375 0.23209635416666666 0.88750390625 0.22514453125
0  0.80517578125 0.22981770833333334 0.0322265625 0.053385416666666664 0.79488671875 0.21952864583333334 0.80183203125 0.2212434895833333 0.7920576171875 0.22810286458333331 0.7912861328125 0.23667708333333334 0.799259765625 0.23873437500000003
0  0.9375 0.24869791666666666 0.02734375 0.026041666666666668 0.93359375 0.25 0.9462890625 0.24609375 0.9423828125 0.25390625 0.9375 0.26171875 0.9453125 0.2604166666666667
