0  0.01611328125 0.4329446064139942 0.0126953125 0.02040816326530612 -0.0009765625 -0.0014577259475218659 -0.0009765625 -0.0014577259475218659 -0.0009765625 -0.0014577259475218659 -0.0009765625 -0.0014577259475218659 -0.0009765625 -0.0014577259475218659
0  0.0205078125 0.4511661807580175 0.015625 0.030612244897959183 -0.0009765625 -0.0014577259475218659 -0.0009765625 -0.0014577259475218659 -0.0009765625 -0.0014577259475218659 -0.0009765625 -0.0014577259475218659 -0.0009765625 -0.0014577259475218659
0  0.0361328125 0.44825072886297374 0.01171875 0.02478134110787172 -0.0009765625 -0.0014577259475218659 -0.0009765625 -0.0014577259475218659 -0.0009765625 -0.0014577259475218659 -0.0009765625 -0.0014577259475218659 -0.0009765625 -0.0014577259475218659
0  0.0634765625 0.4620991253644315 0.021484375 0.04081632653061224 0.0584189453125 0.45725801749271133 0.06539453125 0.45908017492711367 0.0580703125 0.46558746355685127 0.0558037109375 0.46923177842565594 0.0608603515625 0.47235568513119536
0  0.10986328125 0.45481049562682213 0.0185546875 0.037900874635568516 -0.0009765625 -0.0014577259475218659 -0.0009765625 -0.0014577259475218659 -0.0009765625 -0.0014577259475218659 -0.0009765625 -0.0014577259475218659 -0.0009765625 -0.0014577259475218659
0  0.1181640625 0.42784256559766765 0.009765625 0.016034985422740525 -0.0009765625 -0.0014577259475218659 -0.0009765625 -0.0014577259475218659 -0.0009765625 -0.0014577259475218659 -0.0009765625 -0.0014577259475218659 -0.0009765625 -0.0014577259475218659
0  0.1279296875 0.4205539358600583 0.01171875 0.02478134110787172 -0.0009765625 -0.0014577259475218659 -0.0009765625 -0.0014577259475218659 -0.0009765625 -0.0014577259475218659 -0.0009765625 -0.0014577259475218659 -0.0009765625 -0.0014577259475218659
0  0.14892578125 0.3979591836734694 0.0087890625 0.01749271137026239 -0.0009765625 -0.0014577259475218659 -0.0009765625 -0.0014577259475218659 -0.0009765625 -0.0014577259475218659 -0.0009765625 -0.0014577259475218659 -0.0009765625 -0.0014577259475218659
0  0.1533203125 0.42346938775510207 0.009765625 0.021865889212827987 -0.0009765625 -0.0014577259475218659 -0.0009765625 -0.0014577259475218659 -0.0009765625 -0.0014577259475218659 -0.0009765625 -0.0014577259475218659 -0.0009765625 -0.0014577259475218659
0  0.1689453125 0.45043731778425655 0.015625 0.029154518950437316 -0.0009765625 -0.0014577259475218659 -0.0009765625 -0.0014577259475218659 -0.0009765625 -0.0014577259475218659 -0.0009765625 -0.0014577259475218659 -0.0009765625 -0.0014577259475218659
0  0.16943359375 0.40233236151603496 0.0107421875 0.026239067055393587 -0.0009765625 -0.0014577259475218659 -0.0009765625 -0.0014577259475218659 -0.0009765625 -0.0014577259475218659 -0.0009765625 -0.0014577259475218659 -0.0009765625 -0.0014577259475218659
0  0.18505859375 0.3848396501457726 0.0107421875 0.02040816326530612 -0.0009765625 -0.0014577259475218659 -0.0009765625 -0.0014577259475218659 -0.0009765625 -0.0014577259475218659 -0.0009765625 -0.0014577259475218659 -0.0009765625 -0.0014577259475218659
0  0.22119140625 0.3462099125364432 0.0068359375 0.013119533527696793 -0.0009765625 -0.0014577259475218659 -0.0009765625 -0.0014577259475218659 -0.0009765625 -0.0014577259475218659 -0.0009765625 -0.0014577259475218659 -0.0009765625 -0.0014577259475218659
0  0.22705078125 0.3454810495626822 0.0087890625 0.01749271137026239 -0.0009765625 -0.0014577259475218659 -0.0009765625 -0.0014577259475218659 -0.0009765625 -0.0014577259475218659 -0.0009765625 -0.0014577259475218659 -0.0009765625 -0.0014577259475218659
0  0.24462890625 0.43002915451895046 0.0146484375 0.023323615160349854 -0.0009765625 -0.0014577259475218659 -0.0009765625 -0.0014577259475218659 -0.0009765625 -0.0014577259475218659 -0.0009765625 -0.0014577259475218659 -0.0009765625 -0.0014577259475218659
0  0.27685546875 0.369533527696793 0.0107421875 0.021865889212827987 -0.0009765625 -0.0014577259475218659 -0.0009765625 -0.0014577259475218659 -0.0009765625 -0.0014577259475218659 -0.0009765625 -0.0014577259475218659 -0.0009765625 -0.0014577259475218659
0  0.22607421875 0.4613702623906705 0.0185546875 0.027696793002915453 -0.0009765625 -0.0014577259475218659 -0.0009765625 -0.0014577259475218659 -0.0009765625 -0.0014577259475218659 -0.0009765625 -0.0014577259475218659 -0.0009765625 -0.0014577259475218659
0  0.30908203125 0.38411078717201164 0.0126953125 0.021865889212827987 -0.0009765625 -0.0014577259475218659 -0.0009765625 -0.0014577259475218659 -0.0009765625 -0.0014577259475218659 -0.0009765625 -0.0014577259475218659 -0.0009765625 -0.0014577259475218659
0  0.32568359375 0.37244897959183676 0.0107421875 0.021865889212827987 -0.0009765625 -0.0014577259475218659 -0.0009765625 -0.0014577259475218659 -0.0009765625 -0.0014577259475218659 -0.0009765625 -0.0014577259475218659 -0.0009765625 -0.0014577259475218659
0  0.3076171875 0.4139941690962099 0.01171875 0.023323615160349854 -0.0009765625 -0.0014577259475218659 -0.0009765625 -0.0014577259475218659 -0.0009765625 -0.0014577259475218659 -0.0009765625 -0.0014577259475218659 -0.0009765625 -0.0014577259475218659
0  0.31982421875 0.43440233236151604 0.0166015625 0.029154518950437316 -0.0009765625 -0.0014577259475218659 -0.0009765625 -0.0014577259475218659 -0.0009765625 -0.0014577259475218659 -0.0009765625 -0.0014577259475218659 -0.0009765625 -0.0014577259475218659
0  0.34033203125 0.4103498542274053 0.0146484375 0.02478134110787172 -0.0009765625 -0.0014577259475218659 -0.0009765625 -0.0014577259475218659 -0.0009765625 -0.0014577259475218659 -0.0009765625 -0.0014577259475218659 -0.0009765625 -0.0014577259475218659
0  0.365234375 0.467201166180758 0.017578125 0.030612244897959183 0.358826171875 0.46217784256559763 0.36798046875 0.46530029154518954 0.361310546875 0.4694008746355685 0.357779296875 0.47525801749271135 0.3640576171875 0.47525801749271135
0  0.35400390625 0.4584548104956268 0.0166015625 0.027696793002915453 -0.0009765625 -0.0014577259475218659 -0.0009765625 -0.0014577259475218659 -0.0009765625 -0.0014577259475218659 -0.0009765625 -0.0014577259475218659 -0.0009765625 -0.0014577259475218659
0  0.38623046875 0.37099125364431484 0.0107421875 0.016034985422740525 -0.0009765625 -0.0014577259475218659 -0.0009765625 -0.0014577259475218659 -0.0009765625 -0.0014577259475218659 -0.0009765625 -0.0014577259475218659 -0.0009765625 -0.0014577259475218659
0  0.39599609375 0.391399416909621 0.0107421875 0.021865889212827987 -0.0009765625 -0.0014577259475218659 -0.0009765625 -0.0014577259475218659 -0.0009765625 -0.0014577259475218659 -0.0009765625 -0.0014577259475218659 -0.0009765625 -0.0014577259475218659
0  0.35205078125 0.500728862973761 0.0244140625 0.03935860058309038 0.345271484375 0.49641399416909626 0.3502021484375 0.49641399416909626 0.3439111328125 0.5060583090379008 0.3461220703125 0.5136720116618076 0.348671875 0.5134183673469388
0  0.2998046875 0.5138483965014577 0.03125 0.06268221574344024 0.293421875 0.5050495626822158 0.2950439453125 0.5046472303206997 0.285853515625 0.5135233236151603 0.29180078125 0.5276443148688047 0.2950439453125 0.5268381924198251
0  0.26025390625 0.619533527696793 0.0205078125 0.03498542274052478 -0.0009765625 -0.0014577259475218659 -0.0009765625 -0.0014577259475218659 -0.0009765625 -0.0014577259475218659 -0.0009765625 -0.0014577259475218659 -0.0009765625 -0.0014577259475218659
0  0.21630859375 0.5969387755102041 0.0302734375 0.05102040816326531 0.204703125 0.5857973760932945 0.2134228515625 0.5861224489795918 0.203177734375 0.5952332361516035 0.20361328125 0.60467055393586 0.2099345703125 0.6040189504373178
0  0.1748046875 0.5903790087463557 0.03125 0.052478134110787174 0.165248046875 0.5805655976676385 0.17499609375 0.5815801749271137 0.1666083984375 0.5886865889212828 0.164794921875 0.600868804664723 0.171142578125 0.6018848396501457
0  0.07275390625 0.5641399416909622 0.0458984375 0.06997084548104957 0.05784375 0.5432113702623906 0.06644140625 0.5449810495626822 0.0522109375 0.5609125364431486 0.0545830078125 0.5777274052478134 0.062291015625 0.57817055393586
0  0.0166015625 0.5495626822157434 0.033203125 0.08163265306122448 -0.0009765625 -0.0014577259475218659 -0.0009765625 -0.0014577259475218659 -0.0009765625 -0.0014577259475218659 -0.0009765625 -0.0014577259475218659 -0.0009765625 -0.0014577259475218659
0  0.421875 0.3673469387755102 0.009765625 0.02040816326530612 -0.0009765625 -0.0014577259475218659 -0.0009765625 -0.0014577259475218659 -0.0009765625 -0.0014577259475218659 -0.0009765625 -0.0014577259475218659 -0.0009765625 -0.0014577259475218659
0  0.40380859375 0.4139941690962099 0.0126953125 0.02040816326530612 -0.0009765625 -0.0014577259475218659 -0.0009765625 -0.0014577259475218659 -0.0009765625 -0.0014577259475218659 -0.0009765625 -0.0014577259475218659 -0.0009765625 -0.0014577259475218659
0  0.4228515625 0.4198250728862974 0.013671875 0.023323615160349854 -0.0009765625 -0.0014577259475218659 -0.0009765625 -0.0014577259475218659 -0.0009765625 -0.0014577259475218659 -0.0009765625 -0.0014577259475218659 -0.0009765625 -0.0014577259475218659
0  0.44140625 0.39504373177842567 0.013671875 0.02040816326530612 -0.0009765625 -0.0014577259475218659 -0.0009765625 -0.0014577259475218659 -0.0009765625 -0.0014577259475218659 -0.0009765625 -0.0014577259475218659 -0.0009765625 -0.0014577259475218659
0  0.455078125 0.42201166180758015 0.017578125 0.02478134110787172 -0.0009765625 -0.0014577259475218659 -0.0009765625 -0.0014577259475218659 -0.0009765625 -0.0014577259475218659 -0.0009765625 -0.0014577259475218659 -0.0009765625 -0.0014577259475218659
0  0.4697265625 0.4489795918367347 0.01953125 0.029154518950437316 -0.0009765625 -0.0014577259475218659 -0.0009765625 -0.0014577259475218659 -0.0009765625 -0.0014577259475218659 -0.0009765625 -0.0014577259475218659 -0.0009765625 -0.0014577259475218659
0  0.478515625 0.41472303206997085 0.015625 0.030612244897959183 -0.0009765625 -0.0014577259475218659 -0.0009765625 -0.0014577259475218659 -0.0009765625 -0.0014577259475218659 -0.0009765625 -0.0014577259475218659 -0.0009765625 -0.0014577259475218659
0  0.46533203125 0.3717201166180758 0.0126953125 0.023323615160349854 -0.0009765625 -0.0014577259475218659 -0.0009765625 -0.0014577259475218659 -0.0009765625 -0.0014577259475218659 -0.0009765625 -0.0014577259475218659 -0.0009765625 -0.0014577259475218659
0  0.48779296875 0.39577259475218657 0.0146484375 0.02478134110787172 -0.0009765625 -0.0014577259475218659 -0.0009765625 -0.0014577259475218659 -0.0009765625 -0.0014577259475218659 -0.0009765625 -0.0014577259475218659 -0.0009765625 -0.0014577259475218659
0  0.521484375 0.4139941690962099 0.015625 0.029154518950437316 -0.0009765625 -0.0014577259475218659 -0.0009765625 -0.0014577259475218659 -0.0009765625 -0.0014577259475218659 -0.0009765625 -0.0014577259475218659 -0.0009765625 -0.0014577259475218659
0  0.5126953125 0.37099125364431484 0.01171875 0.021865889212827987 -0.0009765625 -0.0014577259475218659 -0.0009765625 -0.0014577259475218659 -0.0009765625 -0.0014577259475218659 -0.0009765625 -0.0014577259475218659 -0.0009765625 -0.0014577259475218659
0  0.5400390625 0.37317784256559766 0.01171875 0.023323615160349854 -0.0009765625 -0.0014577259475218659 -0.0009765625 -0.0014577259475218659 -0.0009765625 -0.0014577259475218659 -0.0009765625 -0.0014577259475218659 -0.0009765625 -0.0014577259475218659
0  0.58544921875 0.3498542274052478 0.0107421875 0.023323615160349854 -0.0009765625 -0.0014577259475218659 -0.0009765625 -0.0014577259475218659 -0.0009765625 -0.0014577259475218659 -0.0009765625 -0.0014577259475218659 -0.0009765625 -0.0014577259475218659
0  0.55908203125 0.31559766763848396 0.0087890625 0.013119533527696793 -0.0009765625 -0.0014577259475218659 -0.0009765625 -0.0014577259475218659 -0.0009765625 -0.0014577259475218659 -0.0009765625 -0.0014577259475218659 -0.0009765625 -0.0014577259475218659
0  0.5703125 0.30903790087463556 0.0078125 0.01749271137026239 -0.0009765625 -0.0014577259475218659 -0.0009765625 -0.0014577259475218659 -0.0009765625 -0.0014577259475218659 -0.0009765625 -0.0014577259475218659 -0.0009765625 -0.0014577259475218659
0  0.5966796875 0.30830903790087466 0.01171875 0.018950437317784258 -0.0009765625 -0.0014577259475218659 -0.0009765625 -0.0014577259475218659 -0.0009765625 -0.0014577259475218659 -0.0009765625 -0.0014577259475218659 -0.0009765625 -0.0014577259475218659
0  0.62109375 0.3462099125364432 0.01171875 0.021865889212827987 -0.0009765625 -0.0014577259475218659 -0.0009765625 -0.0014577259475218659 -0.0009765625 -0.0014577259475218659 -0.0009765625 -0.0014577259475218659 -0.0009765625 -0.0014577259475218659
0  0.64404296875 0.36005830903790087 0.0126953125 0.026239067055393587 -0.0009765625 -0.0014577259475218659 -0.0009765625 -0.0014577259475218659 -0.0009765625 -0.0014577259475218659 -0.0009765625 -0.0014577259475218659 -0.0009765625 -0.0014577259475218659
0  0.609375 0.38994169096209913 0.015625 0.027696793002915453 -0.0009765625 -0.0014577259475218659 -0.0009765625 -0.0014577259475218659 -0.0009765625 -0.0014577259475218659 -0.0009765625 -0.0014577259475218659 -0.0009765625 -0.0014577259475218659
0  0.615234375 0.4067055393586006 0.015625 0.029154518950437316 0.6099853515625 0.40196793002915454 0.6156005859375 0.4021501457725947 0.61083984375 0.40652332361516036 0.6102294921875 0.41053206997084546 0.614501953125 0.4107142857142857
0  0.5888671875 0.42346938775510207 0.015625 0.027696793002915453 0.5841240234375 0.4146326530612245 0.587890625 0.4155102040816327 0.582123046875 0.42148396501457724 0.5842412109375 0.4272827988338192 0.5845947265625 0.4272827988338192
0  0.57421875 0.4752186588921283 0.0234375 0.043731778425655975 0.5664931640625 0.4688935860058309 0.5734296875 0.4677740524781341 0.5666806640625 0.4756093294460641 0.5664931640625 0.4837244897959183 0.5719296875 0.4828848396501458
0  0.619140625 0.478134110787172 0.0234375 0.052478134110787174 0.611537109375 0.46811224489795916 0.6222099609375 0.47076676384839655 0.6137607421875 0.47906413994169095 0.6113154296875 0.48703061224489796 0.6193193359375 0.4883571428571428
0  0.6708984375 0.44314868804664725 0.021484375 0.03498542274052478 0.662658203125 0.4385481049562682 0.6713564453125 0.4380918367346939 0.66326953125 0.4440145772594752 0.662505859375 0.45244169096209913 0.6683046875 0.45130320699708454
0  0.6435546875 0.4198250728862974 0.017578125 0.03498542274052478 -0.0009765625 -0.0014577259475218659 -0.0009765625 -0.0014577259475218659 -0.0009765625 -0.0014577259475218659 -0.0009765625 -0.0014577259475218659 -0.0009765625 -0.0014577259475218659
0  0.6630859375 0.40233236151603496 0.015625 0.029154518950437316 -0.0009765625 -0.0014577259475218659 -0.0009765625 -0.0014577259475218659 -0.0009765625 -0.0014577259475218659 -0.0009765625 -0.0014577259475218659 -0.0009765625 -0.0014577259475218659
0  0.68115234375 0.3564139941690962 0.0126953125 0.027696793002915453 -0.0009765625 -0.0014577259475218659 -0.0009765625 -0.0014577259475218659 -0.0009765625 -0.0014577259475218659 -0.0009765625 -0.0014577259475218659 -0.0009765625 -0.0014577259475218659
0  0.67626953125 0.30174927113702626 0.0107421875 0.02040816326530612 -0.0009765625 -0.0014577259475218659 -0.0009765625 -0.0014577259475218659 -0.0009765625 -0.0014577259475218659 -0.0009765625 -0.0014577259475218659 -0.0009765625 -0.0014577259475218659
0  0.654296875 0.2434402332361516 0.0078125 0.02040816326530612 -0.0009765625 -0.0014577259475218659 -0.0009765625 -0.0014577259475218659 -0.0009765625 -0.0014577259475218659 -0.0009765625 -0.0014577259475218659 -0.0009765625 -0.0014577259475218659
0  0.67529296875 0.24125364431486881 0.0087890625 0.016034985422740525 -0.0009765625 -0.0014577259475218659 -0.0009765625 -0.0014577259475218659 -0.0009765625 -0.0014577259475218659 -0.0009765625 -0.0014577259475218659 -0.0009765625 -0.0014577259475218659
0  0.73681640625 0.239067055393586 0.0087890625 0.01749271137026239 -0.0009765625 -0.0014577259475218659 -0.0009765625 -0.0014577259475218659 -0.0009765625 -0.0014577259475218659 -0.0009765625 -0.0014577259475218659 -0.0009765625 -0.0014577259475218659
0  0.716796875 0.3104956268221574 0.009765625 0.01749271137026239 -0.0009765625 -0.0014577259475218659 -0.0009765625 -0.0014577259475218659 -0.0009765625 -0.0014577259475218659 -0.0009765625 -0.0014577259475218659 -0.0009765625 -0.0014577259475218659
0  0.7041015625 0.3185131195335277 0.01171875 0.013119533527696793 -0.0009765625 -0.0014577259475218659 -0.0009765625 -0.0014577259475218659 -0.0009765625 -0.0014577259475218659 -0.0009765625 -0.0014577259475218659 -0.0009765625 -0.0014577259475218659
0  0.70068359375 0.3301749271137026 0.0087890625 0.016034985422740525 -0.0009765625 -0.0014577259475218659 -0.0009765625 -0.0014577259475218659 -0.0009765625 -0.0014577259475218659 -0.0009765625 -0.0014577259475218659 -0.0009765625 -0.0014577259475218659
0  0.71484375 0.3396501457725947 0.009765625 0.02040816326530612 -0.0009765625 -0.0014577259475218659 -0.0009765625 -0.0014577259475218659 -0.0009765625 -0.0014577259475218659 -0.0009765625 -0.0014577259475218659 -0.0009765625 -0.0014577259475218659
0  0.72021484375 0.35787172011661805 0.0146484375 0.021865889212827987 -0.0009765625 -0.0014577259475218659 -0.0009765625 -0.0014577259475218659 -0.0009765625 -0.0014577259475218659 -0.0009765625 -0.0014577259475218659 -0.0009765625 -0.0014577259475218659
0  0.7021484375 0.39504373177842567 0.015625 0.03206997084548105 0.6981025390625 0.39525218658892125 0.704798828125 0.3946268221574344 0.701451171875 0.4012915451895044 0.700474609375 0.4075379008746356 0.7035439453125 0.4071224489795918
0  0.69384765625 0.42784256559766765 0.0185546875 0.033527696793002916 -0.0009765625 -0.0014577259475218659 -0.0009765625 -0.0014577259475218659 -0.0009765625 -0.0014577259475218659 -0.0009765625 -0.0014577259475218659 -0.0009765625 -0.0014577259475218659
0  0.71142578125 0.4715743440233236 0.0263671875 0.04227405247813411 0.70294140625 0.46344606413994166 0.71187890625 0.4645131195335277 0.706337890625 0.47278425655976675 0.7032998046875 0.47812099125364427 0.7091982421875 0.47865451895043737
0  0.7509765625 0.41545189504373176 0.01953125 0.03498542274052478 -0.0009765625 -0.0014577259475218659 -0.0009765625 -0.0014577259475218659 -0.0009765625 -0.0014577259475218659 -0.0009765625 -0.0014577259475218659 -0.0009765625 -0.0014577259475218659
0  0.74365234375 0.38994169096209913 0.0166015625 0.033527696793002916 -0.0009765625 -0.0014577259475218659 -0.0009765625 -0.0014577259475218659 -0.0009765625 -0.0014577259475218659 -0.0009765625 -0.0014577259475218659 -0.0009765625 -0.0014577259475218659
0  0.73828125 0.358600583090379 0.015625 0.029154518950437316 -0.0009765625 -0.0014577259475218659 -0.0009765625 -0.0014577259475218659 -0.0009765625 -0.0014577259475218659 -0.0009765625 -0.0014577259475218659 -0.0009765625 -0.0014577259475218659
0  0.7509765625 0.33163265306122447 0.009765625 0.02478134110787172 -0.0009765625 -0.0014577259475218659 -0.0009765625 -0.0014577259475218659 -0.0009765625 -0.0014577259475218659 -0.0009765625 -0.0014577259475218659 -0.0009765625 -0.0014577259475218659
0  0.765625 0.3607871720116618 0.013671875 0.02478134110787172 -0.0009765625 -0.0014577259475218659 -0.0009765625 -0.0014577259475218659 -0.0009765625 -0.0014577259475218659 -0.0009765625 -0.0014577259475218659 -0.0009765625 -0.0014577259475218659
0  0.7939453125 0.3338192419825073 0.01171875 0.02040816326530612 0.79000390625 0.32910787172011663 0.7942763671875 0.32988921282798833 0.790962890625 0.33314285714285713 0.79052734375 0.3362667638483965 0.79296875 0.3360058309037901
0  0.806640625 0.34839650145772594 0.013671875 0.029154518950437316 0.801025390625 0.34438775510204084 0.806396484375 0.3436588921282799 0.8018798828125 0.35058309037900875 0.802490234375 0.3536807580174927 0.805419921875 0.35295189504373176
0  0.83154296875 0.35495626822157433 0.0166015625 0.027696793002915453 -0.0009765625 -0.0014577259475218659 -0.0009765625 -0.0014577259475218659 -0.0009765625 -0.0014577259475218659 -0.0009765625 -0.0014577259475218659 -0.0009765625 -0.0014577259475218659
0  0.81201171875 0.3338192419825073 0.0087890625 0.014577259475218658 -0.0009765625 -0.0014577259475218659 -0.0009765625 -0.0014577259475218659 -0.0009765625 -0.0014577259475218659 -0.0009765625 -0.0014577259475218659 -0.0009765625 -0.0014577259475218659
0  0.82470703125 0.33309037900874633 0.0087890625 0.016034985422740525 -0.0009765625 -0.0014577259475218659 -0.0009765625 -0.0014577259475218659 -0.0009765625 -0.0014577259475218659 -0.0009765625 -0.0014577259475218659 -0.0009765625 -0.0014577259475218659
0  0.80322265625 0.41836734693877553 0.0146484375 0.029154518950437316 -0.0009765625 -0.0014577259475218659 -0.0009765625 -0.0014577259475218659 -0.0009765625 -0.0014577259475218659 -0.0009765625 -0.0014577259475218659 -0.0009765625 -0.0014577259475218659
0  0.8271484375 0.4336734693877551 0.01953125 0.03935860058309038 0.820029296875 0.4301851311953353 0.8275107421875 0.4294241982507288 0.82275 0.43526093294460644 0.821048828125 0.4441443148688047 0.826150390625 0.44363702623906703
0  0.84765625 0.413265306122449 0.013671875 0.027696793002915453 -0.0009765625 -0.0014577259475218659 -0.0009765625 -0.0014577259475218659 -0.0009765625 -0.0014577259475218659 -0.0009765625 -0.0014577259475218659 -0.0009765625 -0.0014577259475218659
0  0.84228515625 0.39067055393586003 0.0146484375 0.026239067055393587 -0.0009765625 -0.0014577259475218659 -0.0009765625 -0.0014577259475218659 -0.0009765625 -0.0014577259475218659 -0.0009765625 -0.0014577259475218659 -0.0009765625 -0.0014577259475218659
0  0.89013671875 0.38848396501457727 0.0166015625 0.02478134110787172 -0.0009765625 -0.0014577259475218659 -0.0009765625 -0.0014577259475218659 -0.0009765625 -0.0014577259475218659 -0.0009765625 -0.0014577259475218659 -0.0009765625 -0.0014577259475218659
0  0.90087890625 0.3389212827988338 0.0146484375 0.027696793002915453 -0.0009765625 -0.0014577259475218659 -0.0009765625 -0.0014577259475218659 -0.0009765625 -0.0014577259475218659 -0.0009765625 -0.0014577259475218659 -0.0009765625 -0.0014577259475218659
0  0.92138671875 0.3236151603498542 0.0126953125 0.02040816326530612 -0.0009765625 -0.0014577259475218659 -0.0009765625 -0.0014577259475218659 -0.0009765625 -0.0014577259475218659 -0.0009765625 -0.0014577259475218659 -0.0009765625 -0.0014577259475218659
0  0.93212890625 0.3498542274052478 0.0146484375 0.026239067055393587 -0.0009765625 -0.0014577259475218659 -0.0009765625 -0.0014577259475218659 -0.0009765625 -0.0014577259475218659 -0.0009765625 -0.0014577259475218659 -0.0009765625 -0.0014577259475218659
0  0.93896484375 0.3301749271137026 0.0107421875 0.018950437317784258 -0.0009765625 -0.0014577259475218659 -0.0009765625 -0.0014577259475218659 -0.0009765625 -0.0014577259475218659 -0.0009765625 -0.0014577259475218659 -0.0009765625 -0.0014577259475218659
0  0.96875 0.31268221574344024 0.01171875 0.021865889212827987 -0.0009765625 -0.0014577259475218659 -0.0009765625 -0.0014577259475218659 -0.0009765625 -0.0014577259475218659 -0.0009765625 -0.0014577259475218659 -0.0009765625 -0.0014577259475218659
0  0.94921875 0.23469387755102042 0.01171875 0.023323615160349854 -0.0009765625 -0.0014577259475218659 -0.0009765625 -0.0014577259475218659 -0.0009765625 -0.0014577259475218659 -0.0009765625 -0.0014577259475218659 -0.0009765625 -0.0014577259475218659
0  0.92431640625 0.3935860058309038 0.0205078125 0.037900874635568516 -0.0009765625 -0.0014577259475218659 -0.0009765625 -0.0014577259475218659 -0.0009765625 -0.0014577259475218659 -0.0009765625 -0.0014577259475218659 -0.0009765625 -0.0014577259475218659
0  0.9228515625 0.5349854227405247 0.037109375 0.061224489795918366 -0.0009765625 -0.0014577259475218659 -0.0009765625 -0.0014577259475218659 -0.0009765625 -0.0014577259475218659 -0.0009765625 -0.0014577259475218659 -0.0009765625 -0.0014577259475218659
0  0.76171875 0.4744897959183674 0.015625 0.021865889212827987 -0.0009765625 -0.0014577259475218659 -0.0009765625 -0.0014577259475218659 -0.0009765625 -0.0014577259475218659 -0.0009765625 -0.0014577259475218659 -0.0009765625 -0.0014577259475218659
0  0.25341796875 0.4737609329446064 0.0224609375 0.04664723032069971 -0.0009765625 -0.0014577259475218659 -0.0009765625 -0.0014577259475218659 -0.0009765625 -0.0014577259475218659 -0.0009765625 -0.0014577259475218659 -0.0009765625 -0.0014577259475218659
0  0.13818359375 0.4467930029154519 0.0087890625 0.018950437317784258 -0.0009765625 -0.0014577259475218659 -0.0009765625 -0.0014577259475218659 -0.0009765625 -0.0014577259475218659 -0.0009765625 -0.0014577259475218659 -0.0009765625 -0.0014577259475218659
0  0.1552734375 0.3965014577259475 0.005859375 0.014577259475218658 -0.0009765625 -0.0014577259475218659 -0.0009765625 -0.0014577259475218659 -0.0009765625 -0.0014577259475218659 -0.0009765625 -0.0014577259475218659 -0.0009765625 -0.0014577259475218659
0  0.63330078125 0.4008746355685131 0.0107421875 0.02040816326530612 -0.0009765625 -0.0014577259475218659 -0.0009765625 -0.0014577259475218659 -0.0009765625 -0.0014577259475218659 -0.0009765625 -0.0014577259475218659 -0.0009765625 -0.0014577259475218659
