0  0.2763671875 0.32671957671957674 0.060546875 0.11375661375661375 0.2631572265625 0.3102671957671958 0.2924111328125 0.31387037037037036 0.2775185546875 0.32899867724867726 0.2594345703125 0.34412830687830687 0.2881552734375 0.3477301587301587
0  0.43212890625 0.375 0.0576171875 0.10978835978835978 0.427037109375 0.3477896825396825 0.4501865234375 0.3505767195767196 0.4398974609375 0.37217724867724866 0.42446484375 0.3916878306878307 0.4434990234375 0.3965661375661375
0  0.4853515625 0.5383597883597884 0.056640625 0.10052910052910052 0.470890625 0.5155833333333334 0.49748046875 0.5124246031746031 0.484884765625 0.5345396825396825 0.473689453125 0.553494708994709 0.4988798828125 0.5509669312169312
0  0.5341796875 0.4451058201058201 0.052734375 0.09656084656084656 0.523716796875 0.42233597883597884 0.5486533203125 0.42294973544973546 0.5355048828125 0.4413743386243386 0.523716796875 0.4634828042328042 0.543212890625 0.46286904761904757
0  0.61474609375 0.4781746031746032 0.0517578125 0.10185185185185185 0.605716796875 0.45432407407407405 0.6266259765625 0.456255291005291 0.61189453125 0.47298941798941796 0.601916015625 0.4903690476190476 0.6232998046875 0.4942301587301587
0  0.67529296875 0.39616402116402116 0.0126953125 0.01984126984126984 -0.0009765625 -0.0013227513227513227 -0.0009765625 -0.0013227513227513227 -0.0009765625 -0.0013227513227513227 -0.0009765625 -0.0013227513227513227 -0.0009765625 -0.0013227513227513227
0  0.71044921875 0.48677248677248675 0.0576171875 0.10582010582010581 0.691728515625 0.47276587301587303 0.717345703125 0.4700965608465608 0.70207421875 0.49345105820105817 0.6941923828125 0.5081309523809524 0.7222724609375 0.5067962962962963
0  0.80322265625 0.40476190476190477 0.0087890625 0.018518518518518517 -0.0009765625 -0.0013227513227513227 -0.0009765625 -0.0013227513227513227 -0.0009765625 -0.0013227513227513227 -0.0009765625 -0.0013227513227513227 -0.0009765625 -0.0013227513227513227
0  0.90087890625 0.4021164021164021 0.0107421875 0.018518518518518517 -0.0009765625 -0.0013227513227513227 -0.0009765625 -0.0013227513227513227 -0.0009765625 -0.0013227513227513227 -0.0009765625 -0.0013227513227513227 -0.0009765625 -0.0013227513227513227
0  0.7744140625 0.3835978835978836 0.015625 0.03439153439153439 -0.0009765625 -0.0013227513227513227 -0.0009765625 -0.0013227513227513227 -0.0009765625 -0.0013227513227513227 -0.0009765625 -0.0013227513227513227 -0.0009765625 -0.0013227513227513227
0  0.35302734375 0.4146825396825397 0.0126953125 0.022486772486772486 -0.0009765625 -0.0013227513227513227 -0.0009765625 -0.0013227513227513227 -0.0009765625 -0.0013227513227513227 -0.0009765625 -0.0013227513227513227 -0.0009765625 -0.0013227513227513227
