0  0.0302734375 0.07309941520467836 0.015625 0.038011695906432746 0.0247890625 0.0692295321637427 0.0339833984375 0.0692295321637427 0.0289833984375 0.07623245614035087 0.0254345703125 0.08275292397660819 0.0323701171875 0.08275292397660819
0  0.09228515625 0.01608187134502924 0.0166015625 0.029239766081871343 -0.0009765625 -0.0014619883040935672 -0.0009765625 -0.0014619883040935672 -0.0009765625 -0.0014619883040935672 -0.0009765625 -0.0014619883040935672 -0.0009765625 -0.0014619883040935672
0  0.15625 0.012426900584795321 0.021484375 0.024853801169590642 0.1514365234375 0.0011871345029239766 0.1614375 0.0005804093567251462 0.1567080078125 0.007662280701754385 0.1541396484375 0.015149122807017544 0.1604921875 0.014744152046783627
0  0.205078125 0.016812865497076022 0.01953125 0.033625730994152045 -0.0009765625 -0.0014619883040935672 -0.0009765625 -0.0014619883040935672 -0.0009765625 -0.0014619883040935672 -0.0009765625 -0.0014619883040935672 -0.0009765625 -0.0014619883040935672
0  0.24755859375 0.016812865497076022 0.0166015625 0.027777777777777776 -0.0009765625 -0.0014619883040935672 -0.0009765625 -0.0014619883040935672 -0.0009765625 -0.0014619883040935672 -0.0009765625 -0.0014619883040935672 -0.0009765625 -0.0014619883040935672
0  0.0634765625 0.12719298245614036 0.01953125 0.04093567251461988 0.0595439453125 0.1221798245614035 0.0684814453125 0.1221798245614035 0.0636552734375 0.12833479532163744 0.061689453125 0.13582748538011696 0.0677666015625 0.13609502923976607
0  0.13525390625 0.17470760233918128 0.0205078125 0.03654970760233918 0.13115625 0.17303654970760235 0.1416708984375 0.17303654970760235 0.1368056640625 0.1789108187134503 0.1327255859375 0.1871345029239766 0.1402587890625 0.18689912280701754
0  0.14111328125 0.08260233918128655 0.0185546875 0.03654970760233918 -0.0009765625 -0.0014619883040935672 -0.0009765625 -0.0014619883040935672 -0.0009765625 -0.0014619883040935672 -0.0009765625 -0.0014619883040935672 -0.0009765625 -0.0014619883040935672
0  0.197265625 0.14546783625730994 0.017578125 0.03070175438596491 0.192234375 0.1444561403508772 0.199126953125 0.14243274853801172 0.1966943359375 0.14951461988304093 0.194802734375 0.1547748538011696 0.1993974609375 0.15396491228070175
0  0.01416015625 0.1608187134502924 0.0146484375 0.03508771929824561 -0.0009765625 -0.0014619883040935672 -0.0009765625 -0.0014619883040935672 -0.0009765625 -0.0014619883040935672 -0.0009765625 -0.0014619883040935672 -0.0009765625 -0.0014619883040935672
0  0.0556640625 0.29239766081871343 0.021484375 0.03216374269005848 0.0482705078125 0.2857149122807018 0.0577568359375 0.285296783625731 0.0506416015625 0.29156286549707605 0.049107421875 0.3003347953216374 0.0562216796875 0.3005423976608187
0  0.126953125 0.2982456140350877 0.01953125 0.038011695906432746 0.1228720703125 0.29161403508771927 0.1319755859375 0.29161403508771927 0.1271103515625 0.2991330409356725 0.1241279296875 0.3057119883040936 0.1310341796875 0.30594736842105263
0  0.19873046875 0.2807017543859649 0.0185546875 0.04093567251461988 0.1935341796875 0.2775687134502924 0.2027763671875 0.2762631578947368 0.1982421875 0.2843567251461988 0.1961494140625 0.2908830409356725 0.203125 0.28983918128654973
0  0.1923828125 0.3369883040935672 0.017578125 0.03654970760233918 0.1878134765625 0.3310877192982456 0.1969169921875 0.3308538011695906 0.1915810546875 0.33837134502923977 0.1876572265625 0.34542105263157896 0.194876953125 0.345890350877193
0  0.123046875 0.3823099415204678 0.017578125 0.03654970760233918 -0.0009765625 -0.0014619883040935672 -0.0009765625 -0.0014619883040935672 -0.0009765625 -0.0014619883040935672 -0.0009765625 -0.0014619883040935672 -0.0009765625 -0.0014619883040935672
0  0.0693359375 0.37792397660818716 0.01953125 0.03654970760233918 -0.0009765625 -0.0014619883040935672 -0.0009765625 -0.0014619883040935672 -0.0009765625 -0.0014619883040935672 -0.0009765625 -0.0014619883040935672 -0.0009765625 -0.0014619883040935672
0  0.25732421875 0.36403508771929827 0.0185546875 0.03216374269005848 0.2522412109375 0.3570321637426901 0.2618369140625 0.357233918128655 0.253998046875 0.36532748538011695 0.2525107421875 0.3703859649122807 0.2585927734375 0.37079093567251464
0  0.0048828125 0.3603801169590643 0.009765625 0.033625730994152045 -0.0009765625 -0.0014619883040935672 -0.0009765625 -0.0014619883040935672 -0.0009765625 -0.0014619883040935672 -0.0009765625 -0.0014619883040935672 -0.0009765625 -0.0014619883040935672
0  0.0380859375 0.44298245614035087 0.021484375 0.038011695906432746 0.030984375 0.4381461988304094 0.04082421875 0.4352485380116959 0.0350166015625 0.4434590643274854 0.0332421875 0.45191081871345035 0.0392109375 0.44973830409356724
0  0.109375 0.44590643274853803 0.021484375 0.038011695906432746 -0.0009765625 -0.0014619883040935672 -0.0009765625 -0.0014619883040935672 -0.0009765625 -0.0014619883040935672 -0.0009765625 -0.0014619883040935672 -0.0009765625 -0.0014619883040935672
0  0.177734375 0.4466374269005848 0.01953125 0.033625730994152045 -0.0009765625 -0.0014619883040935672 -0.0009765625 -0.0014619883040935672 -0.0009765625 -0.0014619883040935672 -0.0009765625 -0.0014619883040935672 -0.0009765625 -0.0014619883040935672
0  0.2490234375 0.4378654970760234 0.021484375 0.039473684210526314 0.2407353515625 0.4320760233918129 0.2497470703125 0.4305497076023391 0.24481640625 0.43869444444444444 0.2432861328125 0.44760380116959064 0.248216796875 0.447093567251462
0  0.0390625 0.5233918128654971 0.015625 0.02631578947368421 -0.0009765625 -0.0014619883040935672 -0.0009765625 -0.0014619883040935672 -0.0009765625 -0.0014619883040935672 -0.0009765625 -0.0014619883040935672 -0.0009765625 -0.0014619883040935672
0  0.11181640625 0.5869883040935673 0.0205078125 0.03654970760233918 0.1046142578125 0.5807295321637427 0.1142275390625 0.5798157894736842 0.10659765625 0.5864400584795322 0.1033935546875 0.5923801169590643 0.1105654296875 0.5926081871345029
0  0.1787109375 0.5855263157894737 0.01953125 0.03654970760233918 0.172904296875 0.5815058479532164 0.18137890625 0.5810365497076023 0.177455078125 0.5892602339181287 0.175728515625 0.5956038011695906 0.1805947265625 0.5956038011695906
0  0.23486328125 0.5891812865497076 0.0185546875 0.03216374269005848 -0.0009765625 -0.0014619883040935672 -0.0009765625 -0.0014619883040935672 -0.0009765625 -0.0014619883040935672 -0.0009765625 -0.0014619883040935672 -0.0009765625 -0.0014619883040935672
0  0.2509765625 0.5138888888888888 0.021484375 0.033625730994152045 0.2446767578125 0.5124269005847953 0.2531650390625 0.5141505847953216 0.2476982421875 0.5193187134502923 0.2459716796875 0.524703216374269 0.252013671875 0.5255657894736843
0  0.01123046875 0.5972222222222222 0.0185546875 0.03070175438596491 -0.0009765625 -0.0014619883040935672 -0.0009765625 -0.0014619883040935672 -0.0009765625 -0.0014619883040935672 -0.0009765625 -0.0014619883040935672 -0.0009765625 -0.0014619883040935672
0  0.03955078125 0.6871345029239766 0.0185546875 0.03216374269005848 0.0332724609375 0.6806593567251462 0.043177734375 0.6800336257309941 0.036341796875 0.6860906432748538 0.0342490234375 0.6934005847953216 0.038853515625 0.6934005847953216
0  0.0439453125 0.7383040935672515 0.021484375 0.03508771929824561 0.0387265625 0.7358362573099415 0.0489501953125 0.7351520467836257 0.044525390625 0.7426900584795322 0.0417783203125 0.7497719298245614 0.0478818359375 0.7486286549707603
0  0.01904296875 0.8991228070175439 0.0205078125 0.02631578947368421 -0.0009765625 -0.0014619883040935672 -0.0009765625 -0.0014619883040935672 -0.0009765625 -0.0014619883040935672 -0.0009765625 -0.0014619883040935672 -0.0009765625 -0.0014619883040935672
0  0.0849609375 0.8326023391812866 0.015625 0.03654970760233918 -0.0009765625 -0.0014619883040935672 -0.0009765625 -0.0014619883040935672 -0.0009765625 -0.0014619883040935672 -0.0009765625 -0.0014619883040935672 -0.0009765625 -0.0014619883040935672
0  0.13623046875 0.6695906432748538 0.0146484375 0.029239766081871343 0.1327080078125 0.6662105263157895 0.1396611328125 0.6663991228070175 0.1359951171875 0.6711315789473684 0.1337197265625 0.6777558479532163 0.1383974609375 0.6775657894736842
0  0.14794921875 0.75 0.0205078125 0.038011695906432746 0.1419853515625 0.744048245614035 0.150931640625 0.7428070175438596 0.1464580078125 0.7537207602339181 0.14231640625 0.761904970760234 0.150765625 0.7611608187134503
0  0.16552734375 0.6681286549707602 0.0185546875 0.038011695906432746 0.1581025390625 0.6637748538011696 0.1671357421875 0.6640175438596491 0.16068359375 0.6710204678362574 0.1585869140625 0.6775409356725146 0.1652001953125 0.6770570175438597
0  0.1669921875 0.8187134502923976 0.021484375 0.043859649122807015 0.1601298828125 0.817140350877193 0.1695029296875 0.8160175438596491 0.16425390625 0.8241564327485379 0.1631298828125 0.8311725146198831 0.16856640625 0.8308918128654972
0  0.234375 0.8983918128654971 0.01953125 0.03654970760233918 0.2295361328125 0.8938040935672514 0.2392138671875 0.8933201754385964 0.2342138671875 0.9029795321637427 0.2322783203125 0.9087763157894736 0.2380849609375 0.9095
0  0.23046875 0.8011695906432749 0.01953125 0.038011695906432746 0.224818359375 0.7958508771929824 0.2341748046875 0.795608187134503 0.2282060546875 0.8011637426900584 0.226109375 0.8088903508771929 0.2317548828125 0.8088903508771929
0  0.228515625 0.7441520467836257 0.0234375 0.038011695906432746 0.2220634765625 0.7412017543859649 0.231009765625 0.7416973684210527 0.2260390625 0.7478976608187135 0.223388671875 0.7543464912280701 0.229021484375 0.7543464912280701
0  0.24609375 0.7200292397660819 0.015625 0.033625730994152045 0.243373046875 0.7136593567251461 0.2510458984375 0.7136593567251461 0.2470009765625 0.7211783625730994 0.24365234375 0.7280701754385965 0.250208984375 0.7280701754385965
0  0.27490234375 0.8450292397660819 0.0185546875 0.03508771929824561 0.2689208984375 0.8410994152046783 0.278228515625 0.8404152046783626 0.2727353515625 0.8463538011695906 0.270447265625 0.8534356725146199 0.276703125 0.8541213450292399
0  0.0732421875 0.9400584795321637 0.01953125 0.029239766081871343 0.069091796875 0.9343801169590643 0.0777236328125 0.9345760233918129 0.07327734375 0.9439751461988304 0.06974609375 0.9492616959064327 0.076546875 0.9496520467836258
0  0.06396484375 0.9809941520467836 0.0185546875 0.03216374269005848 0.0585634765625 0.9772865497076024 0.0674130859375 0.9770979532163743 0.062609375 0.9831549707602338 0.0594482421875 0.991672514619883 0.0661494140625 0.991672514619883
0  0.22265625 0.9904970760233918 0.01953125 0.013157894736842105 -0.0009765625 -0.0014619883040935672 -0.0009765625 -0.0014619883040935672 -0.0009765625 -0.0014619883040935672 -0.0009765625 -0.0014619883040935672 -0.0009765625 -0.0014619883040935672
0  0.2861328125 0.9166666666666666 0.01953125 0.03508771929824561 0.282287109375 0.910453216374269 0.2906796875 0.9113669590643275 0.284576171875 0.9173070175438597 0.282134765625 0.9250730994152047 0.28823828125 0.9259868421052632
0  0.3203125 0.9802631578947368 0.017578125 0.033625730994152045 0.31528125 0.9785526315789475 0.3224443359375 0.9785526315789475 0.317443359375 0.9860394736842105 0.3133896484375 0.9925131578947368 0.3216337890625 0.9927163742690059
0  0.35009765625 0.9875730994152047 0.0185546875 0.01608187134502924 -0.0009765625 -0.0014619883040935672 -0.0009765625 -0.0014619883040935672 -0.0009765625 -0.0014619883040935672 -0.0009765625 -0.0014619883040935672 -0.0009765625 -0.0014619883040935672
0  0.3486328125 0.03654970760233918 0.017578125 0.02631578947368421 0.3430087890625 0.0299312865497076 0.3528701171875 0.030100877192982455 0.347203125 0.0350219298245614 0.344142578125 0.037567251461988305 0.350943359375 0.037567251461988305
0  0.4150390625 0.007309941520467836 0.01953125 0.011695906432748537 -0.0009765625 -0.0014619883040935672 -0.0009765625 -0.0014619883040935672 -0.0009765625 -0.0014619883040935672 -0.0009765625 -0.0014619883040935672 -0.0009765625 -0.0014619883040935672
0  0.4677734375 0.010964912280701754 0.01953125 0.019005847953216373 -0.0009765625 -0.0014619883040935672 -0.0009765625 -0.0014619883040935672 -0.0009765625 -0.0014619883040935672 -0.0009765625 -0.0014619883040935672 -0.0009765625 -0.0014619883040935672
0  0.33447265625 0.14108187134502925 0.0185546875 0.033625730994152045 0.3290927734375 0.13612865497076024 0.33729296875 0.13569736842105262 0.331970703125 0.14086695906432747 0.3290927734375 0.15034356725146197 0.337005859375 0.15012865497076025
0  0.4697265625 0.1301169590643275 0.01953125 0.03508771929824561 0.4658291015625 0.12301608187134504 0.4742783203125 0.12168421052631578 0.46938671875 0.1245687134502924 0.4671630859375 0.13566520467836257 0.4723515625 0.13477777777777777
0  0.482421875 0.1023391812865497 0.01171875 0.03216374269005848 0.4815146484375 0.0969093567251462 0.484166015625 0.09649122807017543 0.4869560546875 0.10442836257309941 0.4830498046875 0.1090219298245614 0.484583984375 0.10860526315789473
0  0.458984375 0.2273391812865497 0.01953125 0.033625730994152045 0.453892578125 0.21898538011695906 0.4629560546875 0.21898538011695906 0.458064453125 0.22544590643274856 0.4540361328125 0.2332002923976608 0.4616611328125 0.2332002923976608
0  0.39892578125 0.2054093567251462 0.0185546875 0.03070175438596491 -0.0009765625 -0.0014619883040935672 -0.0009765625 -0.0014619883040935672 -0.0009765625 -0.0014619883040935672 -0.0009765625 -0.0014619883040935672 -0.0009765625 -0.0014619883040935672
0  0.3251953125 0.23538011695906433 0.017578125 0.029239766081871343 0.3221611328125 0.22878216374269006 0.3297470703125 0.2285921052631579 0.3259541015625 0.23597368421052634 0.3224140625 0.24184210526315789 0.3283564453125 0.24165204678362573
0  0.328125 0.3538011695906433 0.017578125 0.03216374269005848 0.325962890625 0.3467002923976608 0.3339150390625 0.3467002923976608 0.3321005859375 0.3527573099415205 0.329869140625 0.35964912280701755 0.33447265625 0.3590219298245614
0  0.3232421875 0.4378654970760234 0.021484375 0.039473684210526314 0.3181845703125 0.43455701754385967 0.3277060546875 0.4332836257309941 0.32260546875 0.4404108187134503 0.3202255859375 0.4475380116959064 0.32515625 0.4465204678362573
0  0.31787109375 0.5087719298245614 0.0224609375 0.03508771929824561 0.3134462890625 0.5002748538011695 0.3245849609375 0.5007309941520468 0.3183291015625 0.5087266081871344 0.313904296875 0.5167222222222222 0.3219912109375 0.5169502923976608
0  0.32666015625 0.5891812865497076 0.0205078125 0.03508771929824561 0.32144140625 0.5852514619883041 0.3292236328125 0.5852514619883041 0.3254091796875 0.5918771929824561 0.322814453125 0.5987295321637427 0.32830859375 0.5987295321637427
0  0.3759765625 0.5942982456140351 0.021484375 0.033625730994152045 -0.0009765625 -0.0014619883040935672 -0.0009765625 -0.0014619883040935672 -0.0009765625 -0.0014619883040935672 -0.0009765625 -0.0014619883040935672 -0.0009765625 -0.0014619883040935672
0  0.3994140625 0.5190058479532164 0.01953125 0.03508771929824561 0.394958984375 0.5148479532163743 0.4042666015625 0.5150760233918129 0.3993837890625 0.5196461988304093 0.3941953125 0.5283260233918129 0.4042666015625 0.5283260233918129
0  0.40673828125 0.41885964912280704 0.0205078125 0.03654970760233918 -0.0009765625 -0.0014619883040935672 -0.0009765625 -0.0014619883040935672 -0.0009765625 -0.0014619883040935672 -0.0009765625 -0.0014619883040935672 -0.0009765625 -0.0014619883040935672
0  0.48388671875 0.5087719298245614 0.0205078125 0.03508771929824561 0.4788037109375 0.5035380116959065 0.4893271484375 0.5022061403508772 0.4838427734375 0.5084195906432749 0.4810263671875 0.5172953216374269 0.487845703125 0.5164078947368421
0  0.46484375 0.3530701754385965 0.017578125 0.03654970760233918 -0.0009765625 -0.0014619883040935672 -0.0009765625 -0.0014619883040935672 -0.0009765625 -0.0014619883040935672 -0.0009765625 -0.0014619883040935672 -0.0009765625 -0.0014619883040935672
0  0.505859375 0.42105263157894735 0.01953125 0.03508771929824561 0.5023193359375 0.4146111111111111 0.5120849609375 0.4146111111111111 0.509185546875 0.4214634502923977 0.50506640625 0.42900292397660816 0.511779296875 0.42900292397660816
0  0.5439453125 0.3442982456140351 0.017578125 0.033625730994152045 -0.0009765625 -0.0014619883040935672 -0.0009765625 -0.0014619883040935672 -0.0009765625 -0.0014619883040935672 -0.0009765625 -0.0014619883040935672 -0.0009765625 -0.0014619883040935672
0  0.5859375 0.4371345029239766 0.01953125 0.03508771929824561 0.583587890625 0.4332046783625731 0.5924375 0.4332046783625731 0.58969140625 0.4384590643274854 0.586333984375 0.44599707602339184 0.5915224609375 0.445312865497076
0  0.5634765625 0.5899122807017544 0.017578125 0.03654970760233918 0.557337890625 0.5837777777777777 0.5673828125 0.5835423976608187 0.5623603515625 0.591530701754386 0.5603203125 0.5997543859649124 0.5654990234375 0.5988143274853801
0  0.494140625 0.6447368421052632 0.01953125 0.04093567251461988 0.4892578125 0.6390979532163742 0.4993720703125 0.6388362573099415 0.4937919921875 0.6453640350877192 0.4913505859375 0.6547616959064327 0.497802734375 0.6545014619883041
0  0.44384765625 0.6564327485380117 0.0205078125 0.03508771929824561 0.436951171875 0.6527324561403509 0.44580078125 0.6509049707602339 0.439849609375 0.6591286549707602 0.4384765625 0.6675804093567251 0.444732421875 0.6668947368421053
0  0.3212890625 0.6900584795321637 0.01953125 0.03508771929824561 0.316498046875 0.6831593567251462 0.3255 0.6847587719298246 0.319396484375 0.6895555555555556 0.315734375 0.6938961988304093 0.32275390625 0.6950380116959064
0  0.32275390625 0.7653508771929824 0.0126953125 0.03070175438596491 0.3171650390625 0.7601169590643274 0.325142578125 0.7593333333333333 0.3212197265625 0.7652076023391814 0.3192578125 0.772843567251462 0.3248818359375 0.772843567251462
0  0.35986328125 0.8238304093567251 0.0205078125 0.033625730994152045 0.354927734375 0.8175511695906433 0.363376953125 0.8177733918128655 0.3575966796875 0.8259839181286549 0.3546318359375 0.8313099415204678 0.36189453125 0.8310877192982457
0  0.37451171875 0.9195906432748538 0.0205078125 0.03216374269005848 0.3701171875 0.9124897660818714 0.379185546875 0.9129078947368421 0.3741630859375 0.9179195906432748 0.3720703125 0.9258567251461988 0.3784873046875 0.9262733918128655
0  0.41162109375 0.8940058479532164 0.0185546875 0.04239766081871345 -0.0009765625 -0.0014619883040935672 -0.0009765625 -0.0014619883040935672 -0.0009765625 -0.0014619883040935672 -0.0009765625 -0.0014619883040935672 -0.0009765625 -0.0014619883040935672
0  0.4326171875 0.827485380116959 0.01953125 0.03508771929824561 0.4256064453125 0.8234912280701755 0.4342041015625 0.8234912280701755 0.4294609375 0.8305921052631579 0.4260517578125 0.8368055555555556 0.433314453125 0.8365833333333332
0  0.501953125 0.7119883040935673 0.017578125 0.04093567251461988 0.494625 0.703764619883041 0.504634765625 0.7032295321637427 0.497841796875 0.7117923976608187 0.4955185546875 0.7206228070175439 0.503025390625 0.7200877192982457
0  0.4970703125 0.8055555555555556 0.01953125 0.038011695906432746 0.49432421875 0.7999941520467837 0.5035185546875 0.8004780701754387 0.500130859375 0.8065146198830409 0.4956142578125 0.8135175438596491 0.50255078125 0.8135175438596491
0  0.5634765625 0.7478070175438597 0.017578125 0.03654970760233918 0.5568671875 0.7426111111111111 0.5667548828125 0.7395570175438597 0.560791015625 0.7475453216374269 0.5611044921875 0.7576491228070175 0.565970703125 0.7548304093567251
0  0.55908203125 0.810672514619883 0.0224609375 0.039473684210526314 0.5511123046875 0.8038654970760235 0.5604638671875 0.8046286549707602 0.5533232421875 0.8120102339181287 0.5511123046875 0.8193918128654971 0.5570634765625 0.8211739766081871
0  0.5576171875 0.8757309941520468 0.01953125 0.038011695906432746 0.5495078125 0.8690350877192982 0.55795703125 0.8682909356725146 0.553650390625 0.8779634502923978 0.5521591796875 0.8863961988304093 0.5574599609375 0.8863961988304093
0  0.50439453125 0.9554093567251462 0.0205078125 0.03654970760233918 0.4981162109375 0.9502134502923977 0.507376953125 0.9506842105263158 0.5003134765625 0.9574985380116958 0.496546875 0.965251461988304 0.5045517578125 0.9654868421052633
0  0.4228515625 0.9707602339181286 0.021484375 0.02631578947368421 0.4157412109375 0.9702309941520468 0.4260126953125 0.9690175438596491 0.4193896484375 0.9756944444444444 0.4164169921875 0.9837880116959064 0.422904296875 0.9827763157894738
0  0.5751953125 0.9824561403508771 0.01953125 0.03216374269005848 0.569884765625 0.9774766081871346 0.5796201171875 0.9772865497076024 0.57481640625 0.9846681286549708 0.5716552734375 0.9905365497076024 0.5783564453125 0.9903464912280703
0  0.63720703125 0.9853801169590644 0.0185546875 0.023391812865497075 -0.0009765625 -0.0014619883040935672 -0.0009765625 -0.0014619883040935672 -0.0009765625 -0.0014619883040935672 -0.0009765625 -0.0014619883040935672 -0.0009765625 -0.0014619883040935672
0  0.7607421875 0.01608187134502924 0.015625 0.029239766081871343 -0.0009765625 -0.0014619883040935672 -0.0009765625 -0.0014619883040935672 -0.0009765625 -0.0014619883040935672 -0.0009765625 -0.0014619883040935672 -0.0009765625 -0.0014619883040935672
0  0.6162109375 0.06871345029239766 0.01953125 0.03216374269005848 0.6124443359375 0.0639093567251462 0.620396484375 0.06349269005847953 0.6167685546875 0.0703845029239766 0.6127236328125 0.0770672514619883 0.6202568359375 0.0770672514619883
0  0.7236328125 0.07309941520467836 0.01953125 0.02631578947368421 -0.0009765625 -0.0014619883040935672 -0.0009765625 -0.0014619883040935672 -0.0009765625 -0.0014619883040935672 -0.0009765625 -0.0014619883040935672 -0.0009765625 -0.0014619883040935672
0  0.8125 0.08187134502923976 0.013671875 0.029239766081871343 0.8092041015625 0.07492690058479533 0.812255859375 0.07748538011695906 0.8065185546875 0.08095760233918128 0.80908203125 0.08863304093567251 0.8094482421875 0.08863304093567251
0  0.677734375 0.14839181286549707 0.017578125 0.033625730994152045 0.673505859375 0.14753070175438596 0.6817060546875 0.14839181286549707 0.6769580078125 0.15571491228070175 0.6753759765625 0.1608845029239766 0.680123046875 0.1608845029239766
0  0.65869140625 0.17105263157894737 0.0166015625 0.03508771929824561 0.65545703125 0.16712280701754387 0.66293359375 0.16758040935672514 0.6578984375 0.17352046783625732 0.655609375 0.1780877192982456 0.659119140625 0.17785964912280702
0  0.65625 0.195906432748538 0.013671875 0.029239766081871343 -0.0009765625 -0.0014619883040935672 -0.0009765625 -0.0014619883040935672 -0.0009765625 -0.0014619883040935672 -0.0009765625 -0.0014619883040935672 -0.0009765625 -0.0014619883040935672
0  0.7314453125 0.1615497076023392 0.013671875 0.03070175438596491 -0.0009765625 -0.0014619883040935672 -0.0009765625 -0.0014619883040935672 -0.0009765625 -0.0014619883040935672 -0.0009765625 -0.0014619883040935672 -0.0009765625 -0.0014619883040935672
0  0.7412109375 0.21710526315789475 0.01953125 0.03654970760233918 0.736345703125 0.21426023391812865 0.74560546875 0.21731432748538013 0.7401123046875 0.22201315789473683 0.73681640625 0.2285921052631579 0.742623046875 0.23023684210526316
0  0.54052734375 0.09502923976608187 0.0205078125 0.03508771929824561 0.5442333984375 0.09303216374269006 0.547345703125 0.09414181286549708 0.544974609375 0.10035526315789474 0.544529296875 0.10479385964912281 0.5467529296875 0.10501461988304094
0  0.54443359375 0.1652046783625731 0.0166015625 0.03216374269005848 -0.0009765625 -0.0014619883040935672 -0.0009765625 -0.0014619883040935672 -0.0009765625 -0.0014619883040935672 -0.0009765625 -0.0014619883040935672 -0.0009765625 -0.0014619883040935672
0  0.53564453125 0.22295321637426901 0.0185546875 0.03070175438596491 0.531494140625 0.21693567251461987 0.5409111328125 0.2181111111111111 0.53594140625 0.22143859649122807 0.5330634765625 0.23044590643274854 0.538818359375 0.23083771929824562
0  0.5634765625 0.21783625730994152 0.01953125 0.03216374269005848 -0.0009765625 -0.0014619883040935672 -0.0009765625 -0.0014619883040935672 -0.0009765625 -0.0014619883040935672 -0.0009765625 -0.0014619883040935672 -0.0009765625 -0.0014619883040935672
0  0.52490234375 0.2807017543859649 0.0205078125 0.03216374269005848 -0.0009765625 -0.0014619883040935672 -0.0009765625 -0.0014619883040935672 -0.0009765625 -0.0014619883040935672 -0.0009765625 -0.0014619883040935672 -0.0009765625 -0.0014619883040935672
0  0.58935546875 0.25219298245614036 0.0166015625 0.03654970760233918 0.5836708984375 0.2472324561403509 0.5893203125 0.2472324561403509 0.584455078125 0.2556915204678363 0.5850830078125 0.2615657894736842 0.5894775390625 0.26133040935672514
0  0.66650390625 0.26096491228070173 0.0205078125 0.03654970760233918 0.65940234375 0.256859649122807 0.66762890625 0.25710087719298247 0.6619833984375 0.26458771929824565 0.659724609375 0.2715906432748538 0.66714453125 0.2720730994152047
0  0.92822265625 0.03728070175438596 0.0146484375 0.021929824561403508 0.922458984375 0.02822222222222222 0.92965234375 0.02678508771929825 0.9255283203125 0.03324707602339181 0.923994140625 0.03913450292397661 0.9287890625 0.03884649122807018
0  0.8603515625 0.07529239766081872 0.01953125 0.03654970760233918 0.856427734375 0.07009649122807017 0.8656875 0.07033187134502925 0.860822265625 0.07714619883040935 0.8584677734375 0.08419444444444445 0.8644326171875 0.08396052631578947
0  0.87646484375 0.12134502923976608 0.0185546875 0.03508771929824561 0.878453125 0.11668421052631578 0.8837890625 0.1195701754385965 0.882455078125 0.12556140350877193 0.8772666015625 0.131109649122807 0.8814169921875 0.13244005847953216
0  0.94091796875 0.06652046783625731 0.0185546875 0.03070175438596491 -0.0009765625 -0.0014619883040935672 -0.0009765625 -0.0014619883040935672 -0.0009765625 -0.0014619883040935672 -0.0009765625 -0.0014619883040935672 -0.0009765625 -0.0014619883040935672
0  0.9375 0.18640350877192982 0.017578125 0.03070175438596491 0.9317412109375 0.18377339181286548 0.939173828125 0.18377339181286548 0.933498046875 0.18782017543859647 0.9310654296875 0.19732894736842108 0.9379580078125 0.19793567251461988
0  0.9833984375 0.07821637426900585 0.01953125 0.033625730994152045 0.9758603515625 0.07438450292397661 0.9826220703125 0.07072368421052631 0.977875 0.07783187134502924 0.978162109375 0.08558479532163743 0.9834853515625 0.08278508771929824
0  0.99072265625 0.2222222222222222 0.0146484375 0.03216374269005848 -0.0009765625 -0.0014619883040935672 -0.0009765625 -0.0014619883040935672 -0.0009765625 -0.0014619883040935672 -0.0009765625 -0.0014619883040935672 -0.0009765625 -0.0014619883040935672
0  0.80908203125 0.3033625730994152 0.0146484375 0.03070175438596491 -0.0009765625 -0.0014619883040935672 -0.0009765625 -0.0014619883040935672 -0.0009765625 -0.0014619883040935672 -0.0009765625 -0.0014619883040935672 -0.0009765625 -0.0014619883040935672
0  0.861328125 0.29678362573099415 0.017578125 0.03216374269005848 0.8556083984375 0.28717690058479534 0.8637001953125 0.2861315789473684 0.860630859375 0.29448684210526316 0.8589560546875 0.3026315789473684 0.864537109375 0.3003347953216374
0  0.87646484375 0.3084795321637427 0.0126953125 0.03216374269005848 0.8680947265625 0.3072266081871345 0.8768837890625 0.3061827485380117 0.871302734375 0.3118216374269006 0.869349609375 0.3193406432748538 0.8763251953125 0.3182953216374269
0  0.87744140625 0.37207602339181284 0.0166015625 0.03070175438596491 -0.0009765625 -0.0014619883040935672 -0.0009765625 -0.0014619883040935672 -0.0009765625 -0.0014619883040935672 -0.0009765625 -0.0014619883040935672 -0.0009765625 -0.0014619883040935672
0  0.916015625 0.364766081871345 0.01953125 0.033625730994152045 0.9112109375 0.35873538011695905 0.9178291015625 0.35873538011695905 0.908765625 0.36455116959064326 0.911787109375 0.3725204678362573 0.916390625 0.37208918128654966
0  0.73095703125 0.3391812865497076 0.0205078125 0.02631578947368421 0.7274609375 0.33526461988304096 0.7366162109375 0.33487426900584794 0.7326923828125 0.34035672514619886 0.729552734375 0.34760087719298244 0.7367470703125 0.34701315789473686
0  0.74462890625 0.42178362573099415 0.0205078125 0.03654970760233918 0.737884765625 0.4171228070175439 0.747498046875 0.41529532163742694 0.7423095703125 0.4235204678362573 0.7395625 0.4319722222222222 0.7449033203125 0.42900292397660816
0  0.8095703125 0.4422514619883041 0.017578125 0.03654970760233918 0.8048623046875 0.4382309941520468 0.812552734375 0.43870029239766084 0.8058037109375 0.4464546783625731 0.8040771484375 0.45068421052631574 0.810041015625 0.4509195906432748
0  0.85498046875 0.4407894736842105 0.0185546875 0.033625730994152045 0.84844921875 0.4360511695906433 0.856505859375 0.4358362573099416 0.85118359375 0.44402046783625726 0.85017578125 0.4511271929824562 0.8560751953125 0.4511271929824562
0  0.9228515625 0.4108187134502924 0.01171875 0.03508771929824561 0.921783203125 0.4110014619883041 0.921630859375 0.4110014619883041 0.9175107421875 0.4128289473684211 0.9199521484375 0.42196637426900585 0.9199521484375 0.42219444444444443
0  0.99365234375 0.3033625730994152 0.0107421875 0.03070175438596491 0.9916298828125 0.303219298245614 0.99673046875 0.3024356725146199 0.9947685546875 0.30713450292397665 0.99215234375 0.31203070175438596 0.996861328125 0.31203070175438596
0  0.9912109375 0.4239766081871345 0.015625 0.03508771929824561 0.986236328125 0.4193625730994152 0.9940185546875 0.41799122807017547 0.9914248046875 0.42621491228070174 0.98944140625 0.433296783625731 0.99493359375 0.4321549707602339
0  0.66552734375 0.4071637426900585 0.0185546875 0.039473684210526314 0.6606181640625 0.4035994152046784 0.668779296875 0.40334502923976606 0.664359375 0.41021783625730995 0.661298828125 0.41887280701754387 0.6679296875 0.4183640350877193
0  0.65576171875 0.5029239766081871 0.0166015625 0.02631578947368421 0.6494921875 0.4989166666666667 0.65470703125 0.49925584795321637 0.64869921875 0.5062134502923976 0.64869921875 0.5121520467836258 0.652099609375 0.5128318713450292
0  0.72509765625 0.52046783625731 0.0185546875 0.02631578947368421 0.720703125 0.5142543859649122 0.7298583984375 0.5144371345029239 0.724609375 0.5197368421052632 0.7227783203125 0.5237573099415205 0.7271728515625 0.5237573099415205
0  0.7421875 0.5738304093567251 0.021484375 0.033625730994152045 0.7379326171875 0.5685043859649124 0.7464423828125 0.5674605263157895 0.7422568359375 0.5756052631578947 0.7382119140625 0.5816622807017544 0.746861328125 0.5810365497076023
0  0.6474609375 0.5789473684210527 0.021484375 0.03508771929824561 0.641296875 0.5725058479532164 0.6513671875 0.5741052631578947 0.645263671875 0.5779883040935673 0.642669921875 0.5857543859649122 0.648009765625 0.5868976608187134
0  0.705078125 0.6732456140350878 0.013671875 0.03070175438596491 0.701189453125 0.6672280701754386 0.70916796875 0.66703216374269 0.70458984375 0.676235380116959 0.7028896484375 0.6846549707602338 0.7096904296875 0.6846549707602338
0  0.7958984375 0.4934210526315789 0.017578125 0.03070175438596491 0.7915732421875 0.49139766081871344 0.7988720703125 0.4922076023391813 0.794681640625 0.49827631578947373 0.7914384765625 0.5043464912280702 0.7956279296875 0.5049532163742689
0  0.78662109375 0.591374269005848 0.0185546875 0.033625730994152045 0.7821044921875 0.5866359649122808 0.7888662109375 0.591374269005848 0.78181640625 0.5956812865497076 0.7792275390625 0.6002046783625731 0.78526953125 0.6049429824561403
0  0.802734375 0.6630116959064327 0.01953125 0.03070175438596491 0.798322265625 0.6556228070175439 0.80630078125 0.6558187134502924 0.801330078125 0.662672514619883 0.79871484375 0.6681549707602339 0.8044697265625 0.668546783625731
0  0.86962890625 0.5036549707602339 0.0205078125 0.03654970760233918 0.8639609375 0.5005745614035088 0.873064453125 0.5008099415204678 0.8666298828125 0.5064488304093567 0.863490234375 0.5151418128654971 0.86992578125 0.5151418128654971
0  0.89892578125 0.6286549707602339 0.0205078125 0.03508771929824561 0.8927919921875 0.6234473684210526 0.902404296875 0.6218479532163742 0.897369140625 0.6316695906432749 0.895080078125 0.6385233918128655 0.9027099609375 0.6371520467836258
0  0.9384765625 0.5219298245614035 0.015625 0.03216374269005848 0.93933984375 0.5167470760233918 0.94204296875 0.5155336257309941 0.9463671875 0.5222105263157895 0.942853515625 0.5292923976608187 0.94339453125 0.5290891812865497
0  0.990234375 0.5730994152046783 0.015625 0.038011695906432746 0.9858701171875 0.567296783625731 0.992806640625 0.5656067251461988 0.9897421875 0.5755073099415204 0.9902255859375 0.5827529239766082 0.9947421875 0.5808201754385965
0  0.98193359375 0.6366959064327485 0.0205078125 0.033625730994152045 0.9795185546875 0.6319707602339181 0.9873740234375 0.6319707602339181 0.98441015625 0.6390716374269005 0.9814453125 0.6457295321637426 0.9873740234375 0.6452850877192983
0  0.6357421875 0.7653508771929824 0.017578125 0.033625730994152045 0.62872265625 0.7593654970760233 0.6379306640625 0.7591505847953216 0.63217578125 0.7660423976608186 0.630162109375 0.772719298245614 0.6362041015625 0.7722894736842105
0  0.64306640625 0.8114035087719298 0.0205078125 0.03508771929824561 0.6372373046875 0.8047339181286549 0.6468505859375 0.8045043859649122 0.641357421875 0.8122719298245614 0.638763671875 0.8214093567251463 0.645935546875 0.8216374269005848
0  0.703125 0.8194444444444444 0.01953125 0.033625730994152045 0.69610546875 0.81496783625731 0.7057451171875 0.8141052631578947 0.7009970703125 0.8218596491228071 0.69783203125 0.8281052631578947 0.7044501953125 0.8283201754385965
0  0.6611328125 0.89546783625731 0.01171875 0.03070175438596491 0.6619521484375 0.8896461988304094 0.6628681640625 0.8894502923976608 0.6649609375 0.8949327485380117 0.6632607421875 0.9043304093567252 0.66469921875 0.9041359649122807
0  0.69873046875 0.9502923976608187 0.0205078125 0.038011695906432746 0.691955078125 0.9444897660818713 0.7013115234375 0.9437660818713449 0.6945361328125 0.9531842105263157 0.6930849609375 0.9606695906432748 0.7001826171875 0.9599459064327485
0  0.71142578125 0.9203216374269005 0.0166015625 0.033625730994152045 -0.0009765625 -0.0014619883040935672 -0.0009765625 -0.0014619883040935672 -0.0009765625 -0.0014619883040935672 -0.0009765625 -0.0014619883040935672 -0.0009765625 -0.0014619883040935672
0  0.77099609375 0.8940058479532164 0.0205078125 0.039473684210526314 0.766697265625 0.8880672514619883 0.776306640625 0.8853377192982457 0.77249609375 0.8940190058479532 0.770341796875 0.9036915204678363 0.7754775390625 0.9019561403508771
0  0.78173828125 0.7850877192982456 0.0205078125 0.038011695906432746 -0.0009765625 -0.0014619883040935672 -0.0009765625 -0.0014619883040935672 -0.0009765625 -0.0014619883040935672 -0.0009765625 -0.0014619883040935672 -0.0009765625 -0.0014619883040935672
0  0.8525390625 0.9802631578947368 0.01953125 0.03070175438596491 0.8475693359375 0.9748845029239767 0.8588173828125 0.9762558479532164 0.85227734375 0.9811505847953216 0.84822265625 0.9883947368421053 0.8550244140625 0.9887865497076024
0  0.904296875 0.9495614035087719 0.017578125 0.039473684210526314 0.8990478515625 0.9450453216374268 0.9082294921875 0.9450453216374268 0.9022783203125 0.9524269005847954 0.900068359375 0.9603172514619882 0.906529296875 0.960062865497076
0  0.912109375 0.8983918128654971 0.01953125 0.039473684210526314 0.9075625 0.8930467836257311 0.917083984375 0.8930467836257311 0.9123232421875 0.900937134502924 0.908072265625 0.9067923976608186 0.9153837890625 0.9073011695906433
0  0.841796875 0.8918128654970761 0.025390625 0.05555555555555555 -0.0009765625 -0.0014619883040935672 -0.0009765625 -0.0014619883040935672 -0.0009765625 -0.0014619883040935672 -0.0009765625 -0.0014619883040935672 -0.0009765625 -0.0014619883040935672
0  0.9267578125 0.7266081871345029 0.01953125 0.03508771929824561 0.9241328125 0.7219941520467836 0.9329833984375 0.7229078947368421 0.9281005859375 0.7277046783625731 0.923828125 0.7357002923976608 0.930083984375 0.7357002923976608
0  0.97119140625 0.9685672514619883 0.0224609375 0.03070175438596491 -0.0009765625 -0.0014619883040935672 -0.0009765625 -0.0014619883040935672 -0.0009765625 -0.0014619883040935672 -0.0009765625 -0.0014619883040935672 -0.0009765625 -0.0014619883040935672
0  0.78466796875 0.2982456140350877 0.0166015625 0.03216374269005848 -0.0009765625 -0.0014619883040935672 -0.0009765625 -0.0014619883040935672 -0.0009765625 -0.0014619883040935672 -0.0009765625 -0.0014619883040935672 -0.0009765625 -0.0014619883040935672
0  0.74853515625 0.29385964912280704 0.0185546875 0.038011695906432746 -0.0009765625 -0.0014619883040935672 -0.0009765625 -0.0014619883040935672 -0.0009765625 -0.0014619883040935672 -0.0009765625 -0.0014619883040935672 -0.0009765625 -0.0014619883040935672
0  0.86962890625 0.7573099415204678 0.0166015625 0.029239766081871343 -0.0009765625 -0.0014619883040935672 -0.0009765625 -0.0014619883040935672 -0.0009765625 -0.0014619883040935672 -0.0009765625 -0.0014619883040935672 -0.0009765625 -0.0014619883040935672
0  0.58154296875 0.6571637426900585 0.0185546875 0.04239766081871345 -0.0009765625 -0.0014619883040935672 -0.0009765625 -0.0014619883040935672 -0.0009765625 -0.0014619883040935672 -0.0009765625 -0.0014619883040935672 -0.0009765625 -0.0014619883040935672
0  0.3623046875 0.6710526315789473 0.01953125 0.03216374269005848 -0.0009765625 -0.0014619883040935672 -0.0009765625 -0.0014619883040935672 -0.0009765625 -0.0014619883040935672 -0.0009765625 -0.0014619883040935672 -0.0009765625 -0.0014619883040935672
0  0.4296875 0.6557017543859649 0.017578125 0.03654970760233918 -0.0009765625 -0.0014619883040935672 -0.0009765625 -0.0014619883040935672 -0.0009765625 -0.0014619883040935672 -0.0009765625 -0.0014619883040935672 -0.0009765625 -0.0014619883040935672
0  0.482421875 0.5906432748538012 0.01953125 0.029239766081871343 -0.0009765625 -0.0014619883040935672 -0.0009765625 -0.0014619883040935672 -0.0009765625 -0.0014619883040935672 -0.0009765625 -0.0014619883040935672 -0.0009765625 -0.0014619883040935672
0  0.564453125 0.5314327485380117 0.017578125 0.033625730994152045 -0.0009765625 -0.0014619883040935672 -0.0009765625 -0.0014619883040935672 -0.0009765625 -0.0014619883040935672 -0.0009765625 -0.0014619883040935672 -0.0009765625 -0.0014619883040935672
0  0.09375 0.77046783625731 0.01953125 0.03216374269005848 -0.0009765625 -0.0014619883040935672 -0.0009765625 -0.0014619883040935672 -0.0009765625 -0.0014619883040935672 -0.0009765625 -0.0014619883040935672 -0.0009765625 -0.0014619883040935672
0  0.1298828125 0.9342105263157895 0.01953125 0.04678362573099415 -0.0009765625 -0.0014619883040935672 -0.0009765625 -0.0014619883040935672 -0.0009765625 -0.0014619883040935672 -0.0009765625 -0.0014619883040935672 -0.0009765625 -0.0014619883040935672
0  0.6162109375 0.38669590643274854 0.017578125 0.03654970760233918 0.6106875 0.3792953216374269 0.619384765625 0.37906578947368424 0.614806640625 0.3877470760233918 0.61083984375 0.39482748538011697 0.619080078125 0.3945994152046784
0  0.01708984375 0.8326023391812866 0.0205078125 0.03654970760233918 -0.0009765625 -0.0014619883040935672 -0.0009765625 -0.0014619883040935672 -0.0009765625 -0.0014619883040935672 -0.0009765625 -0.0014619883040935672 -0.0009765625 -0.0014619883040935672
