0  0.01171875 0.03515625 0.0078125 0.010416666666666666 -0.0009765625 -0.0013020833333333333 -0.0009765625 -0.0013020833333333333 -0.0009765625 -0.0013020833333333333 -0.0009765625 -0.0013020833333333333 -0.0009765625 -0.0013020833333333333
0  0.0654296875 0.09895833333333333 0.01171875 0.018229166666666668 -0.0009765625 -0.0013020833333333333 -0.0009765625 -0.0013020833333333333 -0.0009765625 -0.0013020833333333333 -0.0009765625 -0.0013020833333333333 -0.0009765625 -0.0013020833333333333
0  0.10546875 0.08072916666666667 0.009765625 0.015625 -0.0009765625 -0.0013020833333333333 -0.0009765625 -0.0013020833333333333 -0.0009765625 -0.0013020833333333333 -0.0009765625 -0.0013020833333333333 -0.0009765625 -0.0013020833333333333
0  0.0673828125 0.044921875 0.009765625 0.014322916666666666 -0.0009765625 -0.0013020833333333333 -0.0009765625 -0.0013020833333333333 -0.0009765625 -0.0013020833333333333 -0.0009765625 -0.0013020833333333333 -0.0009765625 -0.0013020833333333333
0  0.05322265625 0.037760416666666664 0.0087890625 0.010416666666666666 -0.0009765625 -0.0013020833333333333 -0.0009765625 -0.0013020833333333333 -0.0009765625 -0.0013020833333333333 -0.0009765625 -0.0013020833333333333 -0.0009765625 -0.0013020833333333333
0  0.0390625 0.16015625 0.0078125 0.015625 -0.0009765625 -0.0013020833333333333 -0.0009765625 -0.0013020833333333333 -0.0009765625 -0.0013020833333333333 -0.0009765625 -0.0013020833333333333 -0.0009765625 -0.0013020833333333333
0  0.0244140625 0.078125 0.009765625 0.015625 -0.0009765625 -0.0013020833333333333 -0.0009765625 -0.0013020833333333333 -0.0009765625 -0.0013020833333333333 -0.0009765625 -0.0013020833333333333 -0.0009765625 -0.0013020833333333333
0  0.04345703125 0.07682291666666667 0.0068359375 0.013020833333333334 -0.0009765625 -0.0013020833333333333 -0.0009765625 -0.0013020833333333333 -0.0009765625 -0.0013020833333333333 -0.0009765625 -0.0013020833333333333 -0.0009765625 -0.0013020833333333333
0  0.041015625 0.0390625 0.009765625 0.013020833333333334 -0.0009765625 -0.0013020833333333333 -0.0009765625 -0.0013020833333333333 -0.0009765625 -0.0013020833333333333 -0.0009765625 -0.0013020833333333333 -0.0009765625 -0.0013020833333333333
0  0.0654296875 0.033203125 0.009765625 0.014322916666666666 -0.0009765625 -0.0013020833333333333 -0.0009765625 -0.0013020833333333333 -0.0009765625 -0.0013020833333333333 -0.0009765625 -0.0013020833333333333 -0.0009765625 -0.0013020833333333333
0  0.095703125 0.022786458333333332 0.009765625 0.016927083333333332 -0.0009765625 -0.0013020833333333333 -0.0009765625 -0.0013020833333333333 -0.0009765625 -0.0013020833333333333 -0.0009765625 -0.0013020833333333333 -0.0009765625 -0.0013020833333333333
0  0.1298828125 0.038411458333333336 0.01171875 0.01953125 0.12594140625 0.038911458333333336 0.1305458984375 0.0390390625 0.1281474609375 0.04287630208333334 0.1262294921875 0.04530598958333334 0.1299697265625 0.045561197916666664
0  0.12744140625 0.017578125 0.0107421875 0.014322916666666666 -0.0009765625 -0.0013020833333333333 -0.0009765625 -0.0013020833333333333 -0.0009765625 -0.0013020833333333333 -0.0009765625 -0.0013020833333333333 -0.0009765625 -0.0013020833333333333
0  0.14794921875 0.01953125 0.0087890625 0.013020833333333334 -0.0009765625 -0.0013020833333333333 -0.0009765625 -0.0013020833333333333 -0.0009765625 -0.0013020833333333333 -0.0009765625 -0.0013020833333333333 -0.0009765625 -0.0013020833333333333
0  0.1572265625 0.030598958333333332 0.0078125 0.014322916666666666 -0.0009765625 -0.0013020833333333333 -0.0009765625 -0.0013020833333333333 -0.0009765625 -0.0013020833333333333 -0.0009765625 -0.0013020833333333333 -0.0009765625 -0.0013020833333333333
0  0.169921875 0.068359375 0.009765625 0.016927083333333332 -0.0009765625 -0.0013020833333333333 -0.0009765625 -0.0013020833333333333 -0.0009765625 -0.0013020833333333333 -0.0009765625 -0.0013020833333333333 -0.0009765625 -0.0013020833333333333
0  0.13671875 0.061197916666666664 0.0078125 0.013020833333333334 -0.0009765625 -0.0013020833333333333 -0.0009765625 -0.0013020833333333333 -0.0009765625 -0.0013020833333333333 -0.0009765625 -0.0013020833333333333 -0.0009765625 -0.0013020833333333333
0  0.1416015625 0.08072916666666667 0.009765625 0.018229166666666668 -0.0009765625 -0.0013020833333333333 -0.0009765625 -0.0013020833333333333 -0.0009765625 -0.0013020833333333333 -0.0009765625 -0.0013020833333333333 -0.0009765625 -0.0013020833333333333
0  0.13916015625 0.11783854166666667 0.0107421875 0.01953125 -0.0009765625 -0.0013020833333333333 -0.0009765625 -0.0013020833333333333 -0.0009765625 -0.0013020833333333333 -0.0009765625 -0.0013020833333333333 -0.0009765625 -0.0013020833333333333
0  0.1728515625 0.12955729166666666 0.01171875 0.01953125 -0.0009765625 -0.0013020833333333333 -0.0009765625 -0.0013020833333333333 -0.0009765625 -0.0013020833333333333 -0.0009765625 -0.0013020833333333333 -0.0009765625 -0.0013020833333333333
0  0.14111328125 0.15950520833333334 0.0146484375 0.01953125 0.139857421875 0.15794791666666666 0.1455166015625 0.15551822916666666 0.1451328125 0.1606328125 0.143310546875 0.16472526041666666 0.1471474609375 0.16293489583333334
0  0.0966796875 0.111328125 0.01171875 0.01953125 -0.0009765625 -0.0013020833333333333 -0.0009765625 -0.0013020833333333333 -0.0009765625 -0.0013020833333333333 -0.0009765625 -0.0013020833333333333 -0.0009765625 -0.0013020833333333333
0  0.111328125 0.14583333333333334 0.015625 0.020833333333333332 -0.0009765625 -0.0013020833333333333 -0.0009765625 -0.0013020833333333333 -0.0009765625 -0.0013020833333333333 -0.0009765625 -0.0013020833333333333 -0.0009765625 -0.0013020833333333333
0  0.09521484375 0.13997395833333334 0.0107421875 0.016927083333333332 -0.0009765625 -0.0013020833333333333 -0.0009765625 -0.0013020833333333333 -0.0009765625 -0.0013020833333333333 -0.0009765625 -0.0013020833333333333 -0.0009765625 -0.0013020833333333333
0  0.03857421875 0.140625 0.0126953125 0.013020833333333334 -0.0009765625 -0.0013020833333333333 -0.0009765625 -0.0013020833333333333 -0.0009765625 -0.0013020833333333333 -0.0009765625 -0.0013020833333333333 -0.0009765625 -0.0013020833333333333
0  0.10595703125 0.061848958333333336 0.0087890625 0.014322916666666666 -0.0009765625 -0.0013020833333333333 -0.0009765625 -0.0013020833333333333 -0.0009765625 -0.0013020833333333333 -0.0009765625 -0.0013020833333333333 -0.0009765625 -0.0013020833333333333
0  0.17041015625 0.016276041666666668 0.0087890625 0.01171875 -0.0009765625 -0.0013020833333333333 -0.0009765625 -0.0013020833333333333 -0.0009765625 -0.0013020833333333333 -0.0009765625 -0.0013020833333333333 -0.0009765625 -0.0013020833333333333
0  0.17919921875 0.16145833333333334 0.0126953125 0.020833333333333332 -0.0009765625 -0.0013020833333333333 -0.0009765625 -0.0013020833333333333 -0.0009765625 -0.0013020833333333333 -0.0009765625 -0.0013020833333333333 -0.0009765625 -0.0013020833333333333
0  0.1796875 0.10416666666666667 0.009765625 0.020833333333333332 -0.0009765625 -0.0013020833333333333 -0.0009765625 -0.0013020833333333333 -0.0009765625 -0.0013020833333333333 -0.0009765625 -0.0013020833333333333 -0.0009765625 -0.0013020833333333333
0  0.18212890625 0.07877604166666667 0.0087890625 0.022135416666666668 -0.0009765625 -0.0013020833333333333 -0.0009765625 -0.0013020833333333333 -0.0009765625 -0.0013020833333333333 -0.0009765625 -0.0013020833333333333 -0.0009765625 -0.0013020833333333333
0  0.0048828125 0.07291666666666667 0.009765625 0.018229166666666668 -0.0009765625 -0.0013020833333333333 -0.0009765625 -0.0013020833333333333 -0.0009765625 -0.0013020833333333333 -0.0009765625 -0.0013020833333333333 -0.0009765625 -0.0013020833333333333
0  0.0205078125 0.033854166666666664 0.0078125 0.013020833333333334 -0.0009765625 -0.0013020833333333333 -0.0009765625 -0.0013020833333333333 -0.0009765625 -0.0013020833333333333 -0.0009765625 -0.0013020833333333333 -0.0009765625 -0.0013020833333333333
0  0.02734375 0.0390625 0.005859375 0.013020833333333334 -0.0009765625 -0.0013020833333333333 -0.0009765625 -0.0013020833333333333 -0.0009765625 -0.0013020833333333333 -0.0009765625 -0.0013020833333333333 -0.0009765625 -0.0013020833333333333
0  0.03857421875 0.06640625 0.0068359375 0.013020833333333334 -0.0009765625 -0.0013020833333333333 -0.0009765625 -0.0013020833333333333 -0.0009765625 -0.0013020833333333333 -0.0009765625 -0.0013020833333333333 -0.0009765625 -0.0013020833333333333
0  0.0869140625 0.146484375 0.009765625 0.016927083333333332 -0.0009765625 -0.0013020833333333333 -0.0009765625 -0.0013020833333333333 -0.0009765625 -0.0013020833333333333 -0.0009765625 -0.0013020833333333333 -0.0009765625 -0.0013020833333333333
0  0.07568359375 0.142578125 0.0087890625 0.01953125 -0.0009765625 -0.0013020833333333333 -0.0009765625 -0.0013020833333333333 -0.0009765625 -0.0013020833333333333 -0.0009765625 -0.0013020833333333333 -0.0009765625 -0.0013020833333333333
0  0.029296875 0.189453125 0.013671875 0.024739583333333332 -0.0009765625 -0.0013020833333333333 -0.0009765625 -0.0013020833333333333 -0.0009765625 -0.0013020833333333333 -0.0009765625 -0.0013020833333333333 -0.0009765625 -0.0013020833333333333
0  0.02734375 0.21354166666666666 0.015625 0.0234375 -0.0009765625 -0.0013020833333333333 -0.0009765625 -0.0013020833333333333 -0.0009765625 -0.0013020833333333333 -0.0009765625 -0.0013020833333333333 -0.0009765625 -0.0013020833333333333
0  0.07177734375 0.21419270833333334 0.0146484375 0.022135416666666668 -0.0009765625 -0.0013020833333333333 -0.0009765625 -0.0013020833333333333 -0.0009765625 -0.0013020833333333333 -0.0009765625 -0.0013020833333333333 -0.0009765625 -0.0013020833333333333
0  0.0595703125 0.17643229166666666 0.01171875 0.014322916666666666 -0.0009765625 -0.0013020833333333333 -0.0009765625 -0.0013020833333333333 -0.0009765625 -0.0013020833333333333 -0.0009765625 -0.0013020833333333333 -0.0009765625 -0.0013020833333333333
0  0.07861328125 0.18880208333333334 0.0126953125 0.0234375 -0.0009765625 -0.0013020833333333333 -0.0009765625 -0.0013020833333333333 -0.0009765625 -0.0013020833333333333 -0.0009765625 -0.0013020833333333333 -0.0009765625 -0.0013020833333333333
0  0.08642578125 0.1875 0.0087890625 0.015625 -0.0009765625 -0.0013020833333333333 -0.0009765625 -0.0013020833333333333 -0.0009765625 -0.0013020833333333333 -0.0009765625 -0.0013020833333333333 -0.0009765625 -0.0013020833333333333
0  0.1162109375 0.177734375 0.01171875 0.01953125 -0.0009765625 -0.0013020833333333333 -0.0009765625 -0.0013020833333333333 -0.0009765625 -0.0013020833333333333 -0.0009765625 -0.0013020833333333333 -0.0009765625 -0.0013020833333333333
0  0.044921875 0.240234375 0.013671875 0.024739583333333332 -0.0009765625 -0.0013020833333333333 -0.0009765625 -0.0013020833333333333 -0.0009765625 -0.0013020833333333333 -0.0009765625 -0.0013020833333333333 -0.0009765625 -0.0013020833333333333
0  0.03955078125 0.2584635416666667 0.0185546875 0.024739583333333332 -0.0009765625 -0.0013020833333333333 -0.0009765625 -0.0013020833333333333 -0.0009765625 -0.0013020833333333333 -0.0009765625 -0.0013020833333333333 -0.0009765625 -0.0013020833333333333
0  0.00537109375 0.2890625 0.0107421875 0.026041666666666668 -0.0009765625 -0.0013020833333333333 -0.0009765625 -0.0013020833333333333 -0.0009765625 -0.0013020833333333333 -0.0009765625 -0.0013020833333333333 -0.0009765625 -0.0013020833333333333
0  0.01123046875 0.2747395833333333 0.0126953125 0.020833333333333332 -0.0009765625 -0.0013020833333333333 -0.0009765625 -0.0013020833333333333 -0.0009765625 -0.0013020833333333333 -0.0009765625 -0.0013020833333333333 -0.0009765625 -0.0013020833333333333
0  0.09423828125 0.2688802083333333 0.0146484375 0.024739583333333332 -0.0009765625 -0.0013020833333333333 -0.0009765625 -0.0013020833333333333 -0.0009765625 -0.0013020833333333333 -0.0009765625 -0.0013020833333333333 -0.0009765625 -0.0013020833333333333
0  0.107421875 0.23177083333333334 0.017578125 0.026041666666666668 -0.0009765625 -0.0013020833333333333 -0.0009765625 -0.0013020833333333333 -0.0009765625 -0.0013020833333333333 -0.0009765625 -0.0013020833333333333 -0.0009765625 -0.0013020833333333333
0  0.15087890625 0.22265625 0.0126953125 0.028645833333333332 -0.0009765625 -0.0013020833333333333 -0.0009765625 -0.0013020833333333333 -0.0009765625 -0.0013020833333333333 -0.0009765625 -0.0013020833333333333 -0.0009765625 -0.0013020833333333333
0  0.17236328125 0.1796875 0.0146484375 0.0234375 -0.0009765625 -0.0013020833333333333 -0.0009765625 -0.0013020833333333333 -0.0009765625 -0.0013020833333333333 -0.0009765625 -0.0013020833333333333 -0.0009765625 -0.0013020833333333333
0  0.1689453125 0.24479166666666666 0.015625 0.028645833333333332 -0.0009765625 -0.0013020833333333333 -0.0009765625 -0.0013020833333333333 -0.0009765625 -0.0013020833333333333 -0.0009765625 -0.0013020833333333333 -0.0009765625 -0.0013020833333333333
0  0.18896484375 0.24869791666666666 0.0126953125 0.020833333333333332 -0.0009765625 -0.0013020833333333333 -0.0009765625 -0.0013020833333333333 -0.0009765625 -0.0013020833333333333 -0.0009765625 -0.0013020833333333333 -0.0009765625 -0.0013020833333333333
0  0.18896484375 0.20377604166666666 0.0087890625 0.014322916666666666 -0.0009765625 -0.0013020833333333333 -0.0009765625 -0.0013020833333333333 -0.0009765625 -0.0013020833333333333 -0.0009765625 -0.0013020833333333333 -0.0009765625 -0.0013020833333333333
0  0.2451171875 0.14908854166666666 0.013671875 0.01953125 -0.0009765625 -0.0013020833333333333 -0.0009765625 -0.0013020833333333333 -0.0009765625 -0.0013020833333333333 -0.0009765625 -0.0013020833333333333 -0.0009765625 -0.0013020833333333333
0  0.24365234375 0.17513020833333334 0.0126953125 0.016927083333333332 -0.0009765625 -0.0013020833333333333 -0.0009765625 -0.0013020833333333333 -0.0009765625 -0.0013020833333333333 -0.0009765625 -0.0013020833333333333 -0.0009765625 -0.0013020833333333333
0  0.22705078125 0.2708333333333333 0.0166015625 0.028645833333333332 -0.0009765625 -0.0013020833333333333 -0.0009765625 -0.0013020833333333333 -0.0009765625 -0.0013020833333333333 -0.0009765625 -0.0013020833333333333 -0.0009765625 -0.0013020833333333333
0  0.23876953125 0.2682291666666667 0.0107421875 0.03125 -0.0009765625 -0.0013020833333333333 -0.0009765625 -0.0013020833333333333 -0.0009765625 -0.0013020833333333333 -0.0009765625 -0.0013020833333333333 -0.0009765625 -0.0013020833333333333
0  0.2177734375 0.20638020833333334 0.009765625 0.024739583333333332 -0.0009765625 -0.0013020833333333333 -0.0009765625 -0.0013020833333333333 -0.0009765625 -0.0013020833333333333 -0.0009765625 -0.0013020833333333333 -0.0009765625 -0.0013020833333333333
0  0.20947265625 0.21549479166666666 0.0146484375 0.029947916666666668 -0.0009765625 -0.0013020833333333333 -0.0009765625 -0.0013020833333333333 -0.0009765625 -0.0013020833333333333 -0.0009765625 -0.0013020833333333333 -0.0009765625 -0.0013020833333333333
0  0.173828125 0.3190104166666667 0.01953125 0.03125 0.1722587890625 0.3173125 0.1780390625 0.31316276041666663 0.1787802734375 0.3196848958333333 0.17537109375 0.3260091145833333 0.1805595703125 0.3236380208333333
0  0.10693359375 0.33203125 0.0185546875 0.03125 0.1064453125 0.32954947916666666 0.1108701171875 0.3248697916666667 0.112548828125 0.33158333333333334 0.1108701171875 0.3399244791666667 0.113921875 0.337484375
0  0.12646484375 0.361328125 0.0126953125 0.01953125 -0.0009765625 -0.0013020833333333333 -0.0009765625 -0.0013020833333333333 -0.0009765625 -0.0013020833333333333 -0.0009765625 -0.0013020833333333333 -0.0009765625 -0.0013020833333333333
0  0.0048828125 0.3372395833333333 0.009765625 0.026041666666666668 -0.0009765625 -0.0013020833333333333 -0.0009765625 -0.0013020833333333333 -0.0009765625 -0.0013020833333333333 -0.0009765625 -0.0013020833333333333 -0.0009765625 -0.0013020833333333333
0  0.0654296875 0.322265625 0.015625 0.01953125 -0.0009765625 -0.0013020833333333333 -0.0009765625 -0.0013020833333333333 -0.0009765625 -0.0013020833333333333 -0.0009765625 -0.0013020833333333333 -0.0009765625 -0.0013020833333333333
0  0.068359375 0.2923177083333333 0.013671875 0.01953125 -0.0009765625 -0.0013020833333333333 -0.0009765625 -0.0013020833333333333 -0.0009765625 -0.0013020833333333333 -0.0009765625 -0.0013020833333333333 -0.0009765625 -0.0013020833333333333
0  0.0322265625 0.2981770833333333 0.013671875 0.020833333333333332 -0.0009765625 -0.0013020833333333333 -0.0009765625 -0.0013020833333333333 -0.0009765625 -0.0013020833333333333 -0.0009765625 -0.0013020833333333333 -0.0009765625 -0.0013020833333333333
0  0.13232421875 0.2662760416666667 0.0146484375 0.02734375 -0.0009765625 -0.0013020833333333333 -0.0009765625 -0.0013020833333333333 -0.0009765625 -0.0013020833333333333 -0.0009765625 -0.0013020833333333333 -0.0009765625 -0.0013020833333333333
0  0.2001953125 0.015625 0.009765625 0.018229166666666668 0.197212890625 0.015044270833333333 0.202357421875 0.014578124999999999 0.1997421875 0.018764322916666666 0.1991318359375 0.021321614583333332 0.202095703125 0.02097265625
0  0.18408203125 0.008463541666666666 0.0068359375 0.014322916666666666 -0.0009765625 -0.0013020833333333333 -0.0009765625 -0.0013020833333333333 -0.0009765625 -0.0013020833333333333 -0.0009765625 -0.0013020833333333333 -0.0009765625 -0.0013020833333333333
0  0.23095703125 0.06575520833333333 0.0087890625 0.014322916666666666 -0.0009765625 -0.0013020833333333333 -0.0009765625 -0.0013020833333333333 -0.0009765625 -0.0013020833333333333 -0.0009765625 -0.0013020833333333333 -0.0009765625 -0.0013020833333333333
0  0.21875 0.025390625 0.009765625 0.01171875 -0.0009765625 -0.0013020833333333333 -0.0009765625 -0.0013020833333333333 -0.0009765625 -0.0013020833333333333 -0.0009765625 -0.0013020833333333333 -0.0009765625 -0.0013020833333333333
0  0.21435546875 0.12825520833333334 0.0126953125 0.022135416666666668 -0.0009765625 -0.0013020833333333333 -0.0009765625 -0.0013020833333333333 -0.0009765625 -0.0013020833333333333 -0.0009765625 -0.0013020833333333333 -0.0009765625 -0.0013020833333333333
0  0.240234375 0.11328125 0.009765625 0.015625 -0.0009765625 -0.0013020833333333333 -0.0009765625 -0.0013020833333333333 -0.0009765625 -0.0013020833333333333 -0.0009765625 -0.0013020833333333333 -0.0009765625 -0.0013020833333333333
0  0.25634765625 0.111328125 0.0107421875 0.01953125 -0.0009765625 -0.0013020833333333333 -0.0009765625 -0.0013020833333333333 -0.0009765625 -0.0013020833333333333 -0.0009765625 -0.0013020833333333333 -0.0009765625 -0.0013020833333333333
0  0.2509765625 0.08268229166666667 0.01171875 0.014322916666666666 -0.0009765625 -0.0013020833333333333 -0.0009765625 -0.0013020833333333333 -0.0009765625 -0.0013020833333333333 -0.0009765625 -0.0013020833333333333 -0.0009765625 -0.0013020833333333333
0  0.24072265625 0.044270833333333336 0.0087890625 0.015625 0.2400947265625 0.04207291666666666 0.2427626953125 0.04207291666666666 0.2416640625 0.044584635416666664 0.2404873046875 0.047514322916666664 0.242841796875 0.047514322916666664
0  0.25439453125 0.047526041666666664 0.0107421875 0.01953125 -0.0009765625 -0.0013020833333333333 -0.0009765625 -0.0013020833333333333 -0.0009765625 -0.0013020833333333333 -0.0009765625 -0.0013020833333333333 -0.0009765625 -0.0013020833333333333
0  0.2548828125 0.024739583333333332 0.0078125 0.015625 -0.0009765625 -0.0013020833333333333 -0.0009765625 -0.0013020833333333333 -0.0009765625 -0.0013020833333333333 -0.0009765625 -0.0013020833333333333 -0.0009765625 -0.0013020833333333333
0  0.267578125 0.01953125 0.0078125 0.013020833333333334 -0.0009765625 -0.0013020833333333333 -0.0009765625 -0.0013020833333333333 -0.0009765625 -0.0013020833333333333 -0.0009765625 -0.0013020833333333333 -0.0009765625 -0.0013020833333333333
0  0.28369140625 0.0234375 0.0087890625 0.015625 -0.0009765625 -0.0013020833333333333 -0.0009765625 -0.0013020833333333333 -0.0009765625 -0.0013020833333333333 -0.0009765625 -0.0013020833333333333 -0.0009765625 -0.0013020833333333333
0  0.29443359375 0.016276041666666668 0.0068359375 0.01171875 -0.0009765625 -0.0013020833333333333 -0.0009765625 -0.0013020833333333333 -0.0009765625 -0.0013020833333333333 -0.0009765625 -0.0013020833333333333 -0.0009765625 -0.0013020833333333333
0  0.29833984375 0.039713541666666664 0.0087890625 0.016927083333333332 -0.0009765625 -0.0013020833333333333 -0.0009765625 -0.0013020833333333333 -0.0009765625 -0.0013020833333333333 -0.0009765625 -0.0013020833333333333 -0.0009765625 -0.0013020833333333333
0  0.30810546875 0.048177083333333336 0.0087890625 0.015625 -0.0009765625 -0.0013020833333333333 -0.0009765625 -0.0013020833333333333 -0.0009765625 -0.0013020833333333333 -0.0009765625 -0.0013020833333333333 -0.0009765625 -0.0013020833333333333
0  0.31201171875 0.030598958333333332 0.0068359375 0.01171875 -0.0009765625 -0.0013020833333333333 -0.0009765625 -0.0013020833333333333 -0.0009765625 -0.0013020833333333333 -0.0009765625 -0.0013020833333333333 -0.0009765625 -0.0013020833333333333
0  0.33642578125 0.024739583333333332 0.0107421875 0.020833333333333332 -0.0009765625 -0.0013020833333333333 -0.0009765625 -0.0013020833333333333 -0.0009765625 -0.0013020833333333333 -0.0009765625 -0.0013020833333333333 -0.0009765625 -0.0013020833333333333
0  0.3544921875 0.024088541666666668 0.009765625 0.016927083333333332 -0.0009765625 -0.0013020833333333333 -0.0009765625 -0.0013020833333333333 -0.0009765625 -0.0013020833333333333 -0.0009765625 -0.0013020833333333333 -0.0009765625 -0.0013020833333333333
0  0.3564453125 0.037109375 0.009765625 0.016927083333333332 -0.0009765625 -0.0013020833333333333 -0.0009765625 -0.0013020833333333333 -0.0009765625 -0.0013020833333333333 -0.0009765625 -0.0013020833333333333 -0.0009765625 -0.0013020833333333333
0  0.33837890625 0.061848958333333336 0.0068359375 0.016927083333333332 -0.0009765625 -0.0013020833333333333 -0.0009765625 -0.0013020833333333333 -0.0009765625 -0.0013020833333333333 -0.0009765625 -0.0013020833333333333 -0.0009765625 -0.0013020833333333333
0  0.34619140625 0.060546875 0.0048828125 0.01953125 -0.0009765625 -0.0013020833333333333 -0.0009765625 -0.0013020833333333333 -0.0009765625 -0.0013020833333333333 -0.0009765625 -0.0013020833333333333 -0.0009765625 -0.0013020833333333333
0  0.32568359375 0.059244791666666664 0.0048828125 0.01171875 -0.0009765625 -0.0013020833333333333 -0.0009765625 -0.0013020833333333333 -0.0009765625 -0.0013020833333333333 -0.0009765625 -0.0013020833333333333 -0.0009765625 -0.0013020833333333333
0  0.30908203125 0.06901041666666667 0.0107421875 0.015625 -0.0009765625 -0.0013020833333333333 -0.0009765625 -0.0013020833333333333 -0.0009765625 -0.0013020833333333333 -0.0009765625 -0.0013020833333333333 -0.0009765625 -0.0013020833333333333
0  0.2802734375 0.09700520833333333 0.009765625 0.01953125 -0.0009765625 -0.0013020833333333333 -0.0009765625 -0.0013020833333333333 -0.0009765625 -0.0013020833333333333 -0.0009765625 -0.0013020833333333333 -0.0009765625 -0.0013020833333333333
0  0.27734375 0.14192708333333334 0.01171875 0.0234375 0.27670703125 0.13981119791666666 0.2809013671875 0.13739322916666666 0.2807880859375 0.14253125 0.279427734375 0.14782161458333334 0.28203515625 0.1460078125
0  0.34033203125 0.1328125 0.0107421875 0.020833333333333332 -0.0009765625 -0.0013020833333333333 -0.0009765625 -0.0013020833333333333 -0.0009765625 -0.0013020833333333333 -0.0009765625 -0.0013020833333333333 -0.0009765625 -0.0013020833333333333
0  0.36181640625 0.13151041666666666 0.0146484375 0.026041666666666668 -0.0009765625 -0.0013020833333333333 -0.0009765625 -0.0013020833333333333 -0.0009765625 -0.0013020833333333333 -0.0009765625 -0.0013020833333333333 -0.0009765625 -0.0013020833333333333
0  0.2421875 0.008463541666666666 0.0078125 0.01171875 -0.0009765625 -0.0013020833333333333 -0.0009765625 -0.0013020833333333333 -0.0009765625 -0.0013020833333333333 -0.0009765625 -0.0013020833333333333 -0.0009765625 -0.0013020833333333333
0  0.30908203125 0.15950520833333334 0.0107421875 0.022135416666666668 -0.0009765625 -0.0013020833333333333 -0.0009765625 -0.0013020833333333333 -0.0009765625 -0.0013020833333333333 -0.0009765625 -0.0013020833333333333 -0.0009765625 -0.0013020833333333333
0  0.330078125 0.166015625 0.013671875 0.01953125 0.334001953125 0.16147005208333334 0.3308935546875 0.16240625 0.3342021484375 0.16668359375 0.332197265625 0.17016015625 0.3345029296875 0.16935807291666669
0  0.3359375 0.11197916666666667 0.009765625 0.018229166666666668 -0.0009765625 -0.0013020833333333333 -0.0009765625 -0.0013020833333333333 -0.0009765625 -0.0013020833333333333 -0.0009765625 -0.0013020833333333333 -0.0009765625 -0.0013020833333333333
0  0.27197265625 0.06966145833333333 0.0087890625 0.016927083333333332 -0.0009765625 -0.0013020833333333333 -0.0009765625 -0.0013020833333333333 -0.0009765625 -0.0013020833333333333 -0.0009765625 -0.0013020833333333333 -0.0009765625 -0.0013020833333333333
0  0.37451171875 0.020182291666666668 0.0126953125 0.01953125 -0.0009765625 -0.0013020833333333333 -0.0009765625 -0.0013020833333333333 -0.0009765625 -0.0013020833333333333 -0.0009765625 -0.0013020833333333333 -0.0009765625 -0.0013020833333333333
0  0.39697265625 0.016276041666666668 0.0107421875 0.014322916666666666 -0.0009765625 -0.0013020833333333333 -0.0009765625 -0.0013020833333333333 -0.0009765625 -0.0013020833333333333 -0.0009765625 -0.0013020833333333333 -0.0009765625 -0.0013020833333333333
0  0.38818359375 0.039713541666666664 0.0087890625 0.016927083333333332 -0.0009765625 -0.0013020833333333333 -0.0009765625 -0.0013020833333333333 -0.0009765625 -0.0013020833333333333 -0.0009765625 -0.0013020833333333333 -0.0009765625 -0.0013020833333333333
0  0.39453125 0.033854166666666664 0.009765625 0.015625 -0.0009765625 -0.0013020833333333333 -0.0009765625 -0.0013020833333333333 -0.0009765625 -0.0013020833333333333 -0.0009765625 -0.0013020833333333333 -0.0009765625 -0.0013020833333333333
0  0.4384765625 0.018880208333333332 0.009765625 0.016927083333333332 -0.0009765625 -0.0013020833333333333 -0.0009765625 -0.0013020833333333333 -0.0009765625 -0.0013020833333333333 -0.0009765625 -0.0013020833333333333 -0.0009765625 -0.0013020833333333333
0  0.4560546875 0.043619791666666664 0.009765625 0.014322916666666666 -0.0009765625 -0.0013020833333333333 -0.0009765625 -0.0013020833333333333 -0.0009765625 -0.0013020833333333333 -0.0009765625 -0.0013020833333333333 -0.0009765625 -0.0013020833333333333
0  0.36376953125 0.0625 0.0087890625 0.013020833333333334 -0.0009765625 -0.0013020833333333333 -0.0009765625 -0.0013020833333333333 -0.0009765625 -0.0013020833333333333 -0.0009765625 -0.0013020833333333333 -0.0009765625 -0.0013020833333333333
0  0.35546875 0.10091145833333333 0.009765625 0.014322916666666666 -0.0009765625 -0.0013020833333333333 -0.0009765625 -0.0013020833333333333 -0.0009765625 -0.0013020833333333333 -0.0009765625 -0.0013020833333333333 -0.0009765625 -0.0013020833333333333
0  0.392578125 0.14322916666666666 0.015625 0.020833333333333332 -0.0009765625 -0.0013020833333333333 -0.0009765625 -0.0013020833333333333 -0.0009765625 -0.0013020833333333333 -0.0009765625 -0.0013020833333333333 -0.0009765625 -0.0013020833333333333
0  0.384765625 0.18294270833333334 0.017578125 0.024739583333333332 -0.0009765625 -0.0013020833333333333 -0.0009765625 -0.0013020833333333333 -0.0009765625 -0.0013020833333333333 -0.0009765625 -0.0013020833333333333 -0.0009765625 -0.0013020833333333333
0  0.416015625 0.17252604166666666 0.013671875 0.024739583333333332 0.4141845703125 0.17171223958333334 0.4190673828125 0.16927083333333334 0.4197998046875 0.17496744791666666 0.416259765625 0.17903645833333334 0.42041015625 0.17740885416666666
0  0.4404296875 0.07942708333333333 0.009765625 0.018229166666666668 -0.0009765625 -0.0013020833333333333 -0.0009765625 -0.0013020833333333333 -0.0009765625 -0.0013020833333333333 -0.0009765625 -0.0013020833333333333 -0.0009765625 -0.0013020833333333333
0  0.4423828125 0.10677083333333333 0.01171875 0.020833333333333332 -0.0009765625 -0.0013020833333333333 -0.0009765625 -0.0013020833333333333 -0.0009765625 -0.0013020833333333333 -0.0009765625 -0.0013020833333333333 -0.0009765625 -0.0013020833333333333
0  0.4619140625 0.1171875 0.017578125 0.026041666666666668 -0.0009765625 -0.0013020833333333333 -0.0009765625 -0.0013020833333333333 -0.0009765625 -0.0013020833333333333 -0.0009765625 -0.0013020833333333333 -0.0009765625 -0.0013020833333333333
0  0.4482421875 0.13411458333333334 0.01171875 0.020833333333333332 -0.0009765625 -0.0013020833333333333 -0.0009765625 -0.0013020833333333333 -0.0009765625 -0.0013020833333333333 -0.0009765625 -0.0013020833333333333 -0.0009765625 -0.0013020833333333333
0  0.4609375 0.072265625 0.01171875 0.01953125 -0.0009765625 -0.0013020833333333333 -0.0009765625 -0.0013020833333333333 -0.0009765625 -0.0013020833333333333 -0.0009765625 -0.0013020833333333333 -0.0009765625 -0.0013020833333333333
0  0.4716796875 0.051432291666666664 0.009765625 0.01953125 -0.0009765625 -0.0013020833333333333 -0.0009765625 -0.0013020833333333333 -0.0009765625 -0.0013020833333333333 -0.0009765625 -0.0013020833333333333 -0.0009765625 -0.0013020833333333333
0  0.5146484375 0.041015625 0.01171875 0.01953125 0.51243359375 0.04074869791666667 0.5163662109375 0.04113151041666666 0.512337890625 0.04484114583333334 0.5109951171875 0.04688671875 0.5144482421875 0.04650260416666666
0  0.5087890625 0.06705729166666667 0.01171875 0.02734375 -0.0009765625 -0.0013020833333333333 -0.0009765625 -0.0013020833333333333 -0.0009765625 -0.0013020833333333333 -0.0009765625 -0.0013020833333333333 -0.0009765625 -0.0013020833333333333
0  0.52685546875 0.09765625 0.0126953125 0.026041666666666668 0.5252119140625 0.09970182291666667 0.5288779296875 0.09869140625 0.527234375 0.10256770833333334 0.526349609375 0.10627734374999999 0.5290048828125 0.10577083333333333
0  0.52783203125 0.15234375 0.0126953125 0.026041666666666668 -0.0009765625 -0.0013020833333333333 -0.0009765625 -0.0013020833333333333 -0.0009765625 -0.0013020833333333333 -0.0009765625 -0.0013020833333333333 -0.0009765625 -0.0013020833333333333
0  0.5126953125 0.15494791666666666 0.015625 0.028645833333333332 -0.0009765625 -0.0013020833333333333 -0.0009765625 -0.0013020833333333333 -0.0009765625 -0.0013020833333333333 -0.0009765625 -0.0013020833333333333 -0.0009765625 -0.0013020833333333333
0  0.50146484375 0.11848958333333333 0.0146484375 0.0234375 -0.0009765625 -0.0013020833333333333 -0.0009765625 -0.0013020833333333333 -0.0009765625 -0.0013020833333333333 -0.0009765625 -0.0013020833333333333 -0.0009765625 -0.0013020833333333333
0  0.49951171875 0.10677083333333333 0.0166015625 0.018229166666666668 -0.0009765625 -0.0013020833333333333 -0.0009765625 -0.0013020833333333333 -0.0009765625 -0.0013020833333333333 -0.0009765625 -0.0013020833333333333 -0.0009765625 -0.0013020833333333333
0  0.46240234375 0.19270833333333334 0.0166015625 0.018229166666666668 -0.0009765625 -0.0013020833333333333 -0.0009765625 -0.0013020833333333333 -0.0009765625 -0.0013020833333333333 -0.0009765625 -0.0013020833333333333 -0.0009765625 -0.0013020833333333333
0  0.41650390625 0.09700520833333333 0.0107421875 0.01953125 -0.0009765625 -0.0013020833333333333 -0.0009765625 -0.0013020833333333333 -0.0009765625 -0.0013020833333333333 -0.0009765625 -0.0013020833333333333 -0.0009765625 -0.0013020833333333333
0  0.5478515625 0.04296875 0.009765625 0.018229166666666668 -0.0009765625 -0.0013020833333333333 -0.0009765625 -0.0013020833333333333 -0.0009765625 -0.0013020833333333333 -0.0009765625 -0.0013020833333333333 -0.0009765625 -0.0013020833333333333
0  0.54345703125 0.06315104166666667 0.0107421875 0.01953125 -0.0009765625 -0.0013020833333333333 -0.0009765625 -0.0013020833333333333 -0.0009765625 -0.0013020833333333333 -0.0009765625 -0.0013020833333333333 -0.0009765625 -0.0013020833333333333
0  0.55322265625 0.06966145833333333 0.0146484375 0.02734375 0.55341015625 0.06335416666666667 0.558275390625 0.062453125 0.5557080078125 0.06876041666666667 0.5531396484375 0.07650911458333333 0.5577353515625 0.07632942708333333
0  0.59521484375 0.059244791666666664 0.0126953125 0.01953125 0.5916484375 0.059744791666666665 0.596251953125 0.05705859375 0.59529296875 0.06255859375 0.5938544921875 0.06626692708333333 0.5974990234375 0.06332552083333333
0  0.58935546875 0.031901041666666664 0.0126953125 0.022135416666666668 -0.0009765625 -0.0013020833333333333 -0.0009765625 -0.0013020833333333333 -0.0009765625 -0.0013020833333333333 -0.0009765625 -0.0013020833333333333 -0.0009765625 -0.0013020833333333333
0  0.6015625 0.054036458333333336 0.009765625 0.022135416666666668 -0.0009765625 -0.0013020833333333333 -0.0009765625 -0.0013020833333333333 -0.0009765625 -0.0013020833333333333 -0.0009765625 -0.0013020833333333333 -0.0009765625 -0.0013020833333333333
0  0.619140625 0.031901041666666664 0.01171875 0.01953125 -0.0009765625 -0.0013020833333333333 -0.0009765625 -0.0013020833333333333 -0.0009765625 -0.0013020833333333333 -0.0009765625 -0.0013020833333333333 -0.0009765625 -0.0013020833333333333
0  0.63037109375 0.03515625 0.0107421875 0.018229166666666668 -0.0009765625 -0.0013020833333333333 -0.0009765625 -0.0013020833333333333 -0.0009765625 -0.0013020833333333333 -0.0009765625 -0.0013020833333333333 -0.0009765625 -0.0013020833333333333
0  0.64697265625 0.024739583333333332 0.0126953125 0.0234375 0.6441953125 0.02248958333333333 0.6485556640625 0.020309895833333334 0.64757421875 0.024234375 0.647029296875 0.028157552083333332 0.64986328125 0.026704427083333333
0  0.681640625 0.038411458333333336 0.013671875 0.016927083333333332 -0.0009765625 -0.0013020833333333333 -0.0009765625 -0.0013020833333333333 -0.0009765625 -0.0013020833333333333 -0.0009765625 -0.0013020833333333333 -0.0009765625 -0.0013020833333333333
0  0.69873046875 0.06901041666666667 0.0166015625 0.026041666666666668 -0.0009765625 -0.0013020833333333333 -0.0009765625 -0.0013020833333333333 -0.0009765625 -0.0013020833333333333 -0.0009765625 -0.0013020833333333333 -0.0009765625 -0.0013020833333333333
0  0.6904296875 0.09049479166666667 0.015625 0.02734375 0.6896708984375 0.09009374999999999 0.6956171875 0.08847135416666667 0.6949423828125 0.09387760416666667 0.6910224609375 0.09928385416666667 0.6965634765625 0.09838281250000001
0  0.662109375 0.09765625 0.015625 0.0234375 -0.0009765625 -0.0013020833333333333 -0.0009765625 -0.0013020833333333333 -0.0009765625 -0.0013020833333333333 -0.0009765625 -0.0013020833333333333 -0.0009765625 -0.0013020833333333333
0  0.640625 0.08919270833333333 0.01171875 0.024739583333333332 0.6396484375 0.08382161458333333 0.644287109375 0.08414713541666667 0.6439208984375 0.09000651041666667 0.640380859375 0.09293619791666667 0.64208984375 0.09326171875
0  0.65576171875 0.0703125 0.0126953125 0.018229166666666668 0.6551513671875 0.06844010416666667 0.6588134765625 0.06844010416666667 0.6588134765625 0.07417838541666667 0.655333984375 0.07771875 0.65771484375 0.07783984375
0  0.62939453125 0.05859375 0.0126953125 0.020833333333333332 -0.0009765625 -0.0013020833333333333 -0.0009765625 -0.0013020833333333333 -0.0009765625 -0.0013020833333333333 -0.0009765625 -0.0013020833333333333 -0.0009765625 -0.0013020833333333333
0  0.5791015625 0.076171875 0.009765625 0.016927083333333332 -0.0009765625 -0.0013020833333333333 -0.0009765625 -0.0013020833333333333 -0.0009765625 -0.0013020833333333333 -0.0009765625 -0.0013020833333333333 -0.0009765625 -0.0013020833333333333
0  0.5869140625 0.09635416666666667 0.01171875 0.026041666666666668 0.585396484375 0.09519791666666666 0.59070703125 0.09283723958333334 0.590201171875 0.09738932291666667 0.5883046875 0.10295182291666666 0.59171875 0.10126562500000001
0  0.607421875 0.12044270833333333 0.01171875 0.024739583333333332 -0.0009765625 -0.0013020833333333333 -0.0009765625 -0.0013020833333333333 -0.0009765625 -0.0013020833333333333 -0.0009765625 -0.0013020833333333333 -0.0009765625 -0.0013020833333333333
0  0.552734375 0.11458333333333333 0.009765625 0.018229166666666668 -0.0009765625 -0.0013020833333333333 -0.0009765625 -0.0013020833333333333 -0.0009765625 -0.0013020833333333333 -0.0009765625 -0.0013020833333333333 -0.0009765625 -0.0013020833333333333
0  0.56689453125 0.13541666666666666 0.0126953125 0.018229166666666668 -0.0009765625 -0.0013020833333333333 -0.0009765625 -0.0013020833333333333 -0.0009765625 -0.0013020833333333333 -0.0009765625 -0.0013020833333333333 -0.0009765625 -0.0013020833333333333
0  0.56884765625 0.18098958333333334 0.0166015625 0.028645833333333332 -0.0009765625 -0.0013020833333333333 -0.0009765625 -0.0013020833333333333 -0.0009765625 -0.0013020833333333333 -0.0009765625 -0.0013020833333333333 -0.0009765625 -0.0013020833333333333
0  0.61474609375 0.171875 0.0166015625 0.0234375 0.6128623046875 0.16854947916666665 0.617283203125 0.16613151041666666 0.617056640625 0.17127083333333334 0.6154697265625 0.17761848958333334 0.6186435546875 0.1758046875
0  0.6015625 0.16796875 0.013671875 0.026041666666666668 -0.0009765625 -0.0013020833333333333 -0.0009765625 -0.0013020833333333333 -0.0009765625 -0.0013020833333333333 -0.0009765625 -0.0013020833333333333 -0.0009765625 -0.0013020833333333333
0  0.640625 0.14518229166666666 0.017578125 0.024739583333333332 0.637451171875 0.14404296875 0.642822265625 0.13916015625 0.6435546875 0.14388020833333334 0.643310546875 0.15006510416666666 0.646728515625 0.14583333333333334
0  0.650390625 0.12109375 0.015625 0.028645833333333332 -0.0009765625 -0.0013020833333333333 -0.0009765625 -0.0013020833333333333 -0.0009765625 -0.0013020833333333333 -0.0009765625 -0.0013020833333333333 -0.0009765625 -0.0013020833333333333
0  0.65625 0.16796875 0.013671875 0.0234375 -0.0009765625 -0.0013020833333333333 -0.0009765625 -0.0013020833333333333 -0.0009765625 -0.0013020833333333333 -0.0009765625 -0.0013020833333333333 -0.0009765625 -0.0013020833333333333
0  0.67578125 0.171875 0.013671875 0.0234375 0.6747607421875 0.1669453125 0.6771416015625 0.16513151041666665 0.6803154296875 0.16936328125 0.6774814453125 0.17707161458333334 0.6799755859375 0.17540885416666666
0  0.697265625 0.14778645833333334 0.015625 0.02734375 -0.0009765625 -0.0013020833333333333 -0.0009765625 -0.0013020833333333333 -0.0009765625 -0.0013020833333333333 -0.0009765625 -0.0013020833333333333 -0.0009765625 -0.0013020833333333333
0  0.7275390625 0.024088541666666668 0.009765625 0.016927083333333332 -0.0009765625 -0.0013020833333333333 -0.0009765625 -0.0013020833333333333 -0.0009765625 -0.0013020833333333333 -0.0009765625 -0.0013020833333333333 -0.0009765625 -0.0013020833333333333
0  0.76025390625 0.022135416666666668 0.0087890625 0.018229166666666668 -0.0009765625 -0.0013020833333333333 -0.0009765625 -0.0013020833333333333 -0.0009765625 -0.0013020833333333333 -0.0009765625 -0.0013020833333333333 -0.0009765625 -0.0013020833333333333
0  0.74658203125 0.037760416666666664 0.0146484375 0.0234375 -0.0009765625 -0.0013020833333333333 -0.0009765625 -0.0013020833333333333 -0.0009765625 -0.0013020833333333333 -0.0009765625 -0.0013020833333333333 -0.0009765625 -0.0013020833333333333
0  0.76171875 0.044270833333333336 0.013671875 0.020833333333333332 -0.0009765625 -0.0013020833333333333 -0.0009765625 -0.0013020833333333333 -0.0009765625 -0.0013020833333333333 -0.0009765625 -0.0013020833333333333 -0.0009765625 -0.0013020833333333333
0  0.7451171875 0.06380208333333333 0.013671875 0.0234375 0.74485546875 0.063046875 0.7488232421875 0.06244140625 0.7496162109375 0.06637109375 0.7465556640625 0.071359375 0.7490498046875 0.07105598958333333
0  0.740234375 0.083984375 0.015625 0.024739583333333332 -0.0009765625 -0.0013020833333333333 -0.0009765625 -0.0013020833333333333 -0.0009765625 -0.0013020833333333333 -0.0009765625 -0.0013020833333333333 -0.0009765625 -0.0013020833333333333
0  0.7333984375 0.13802083333333334 0.017578125 0.03125 0.7303466796875 0.13663802083333335 0.736275390625 0.13347526041666666 0.7358310546875 0.1396015625 0.733755859375 0.14474088541666666 0.738203125 0.14118359375
0  0.7646484375 0.10611979166666667 0.013671875 0.024739583333333332 -0.0009765625 -0.0013020833333333333 -0.0009765625 -0.0013020833333333333 -0.0009765625 -0.0013020833333333333 -0.0009765625 -0.0013020833333333333 -0.0009765625 -0.0013020833333333333
0  0.7783203125 0.10872395833333333 0.015625 0.029947916666666668 0.7742353515625 0.10833984375 0.78027734375 0.106421875 0.7788388671875 0.11313541666666667 0.7785517578125 0.11754817708333333 0.78200390625 0.11678125
0  0.798828125 0.07161458333333333 0.015625 0.026041666666666668 -0.0009765625 -0.0013020833333333333 -0.0009765625 -0.0013020833333333333 -0.0009765625 -0.0013020833333333333 -0.0009765625 -0.0013020833333333333 -0.0009765625 -0.0013020833333333333
0  0.79833984375 0.042317708333333336 0.0107421875 0.01953125 -0.0009765625 -0.0013020833333333333 -0.0009765625 -0.0013020833333333333 -0.0009765625 -0.0013020833333333333 -0.0009765625 -0.0013020833333333333 -0.0009765625 -0.0013020833333333333
0  0.830078125 0.044921875 0.009765625 0.016927083333333332 -0.0009765625 -0.0013020833333333333 -0.0009765625 -0.0013020833333333333 -0.0009765625 -0.0013020833333333333 -0.0009765625 -0.0013020833333333333 -0.0009765625 -0.0013020833333333333
0  0.83203125 0.029947916666666668 0.009765625 0.020833333333333332 -0.0009765625 -0.0013020833333333333 -0.0009765625 -0.0013020833333333333 -0.0009765625 -0.0013020833333333333 -0.0009765625 -0.0013020833333333333 -0.0009765625 -0.0013020833333333333
0  0.81103515625 0.030598958333333332 0.0087890625 0.01171875 -0.0009765625 -0.0013020833333333333 -0.0009765625 -0.0013020833333333333 -0.0009765625 -0.0013020833333333333 -0.0009765625 -0.0013020833333333333 -0.0009765625 -0.0013020833333333333
0  0.82080078125 0.09635416666666667 0.0146484375 0.026041666666666668 -0.0009765625 -0.0013020833333333333 -0.0009765625 -0.0013020833333333333 -0.0009765625 -0.0013020833333333333 -0.0009765625 -0.0013020833333333333 -0.0009765625 -0.0013020833333333333
0  0.83544921875 0.11393229166666667 0.0185546875 0.029947916666666668 0.8355927734375 0.11431640625 0.8420673828125 0.11182161458333334 0.8414921875 0.11815234375 0.837607421875 0.12333203124999999 0.8424990234375 0.12198958333333333
0  0.85791015625 0.08203125 0.0146484375 0.0234375 0.8561708984375 0.08036328125 0.8611845703125 0.0790546875 0.8595498046875 0.08239713541666667 0.8580234375 0.08675651041666667 0.8628193359375 0.08544921875
0  0.8671875 0.055989583333333336 0.013671875 0.036458333333333336 -0.0009765625 -0.0013020833333333333 -0.0009765625 -0.0013020833333333333 -0.0009765625 -0.0013020833333333333 -0.0009765625 -0.0013020833333333333 -0.0009765625 -0.0013020833333333333
0  0.8740234375 0.09700520833333333 0.013671875 0.024739583333333332 -0.0009765625 -0.0013020833333333333 -0.0009765625 -0.0013020833333333333 -0.0009765625 -0.0013020833333333333 -0.0009765625 -0.0013020833333333333 -0.0009765625 -0.0013020833333333333
0  0.89990234375 0.09830729166666667 0.0166015625 0.024739583333333332 0.897705078125 0.09733072916666667 0.9041748046875 0.09586588541666667 0.9013671875 0.10139973958333333 0.8983154296875 0.10725911458333333 0.9039306640625 0.10709635416666667
0  0.9072265625 0.0625 0.015625 0.0234375 0.906193359375 0.059669270833333336 0.91120703125 0.05836067708333333 0.9101171875 0.06359244791666667 0.9070654296875 0.06722526041666667 0.91109765625 0.06635416666666667
0  0.89501953125 0.025390625 0.0146484375 0.024739583333333332 0.89005859375 0.02267578125 0.89535546875 0.022833333333333334 0.89182421875 0.02754166666666667 0.8904111328125 0.0305234375 0.894884765625 0.03036588541666667
0  0.9375 0.07486979166666667 0.01171875 0.016927083333333332 -0.0009765625 -0.0013020833333333333 -0.0009765625 -0.0013020833333333333 -0.0009765625 -0.0013020833333333333 -0.0009765625 -0.0013020833333333333 -0.0009765625 -0.0013020833333333333
0  0.96875 0.042317708333333336 0.015625 0.02734375 -0.0009765625 -0.0013020833333333333 -0.0009765625 -0.0013020833333333333 -0.0009765625 -0.0013020833333333333 -0.0009765625 -0.0013020833333333333 -0.0009765625 -0.0013020833333333333
0  0.9638671875 0.061197916666666664 0.013671875 0.0234375 -0.0009765625 -0.0013020833333333333 -0.0009765625 -0.0013020833333333333 -0.0009765625 -0.0013020833333333333 -0.0009765625 -0.0013020833333333333 -0.0009765625 -0.0013020833333333333
0  0.98046875 0.05859375 0.01171875 0.0234375 -0.0009765625 -0.0013020833333333333 -0.0009765625 -0.0013020833333333333 -0.0009765625 -0.0013020833333333333 -0.0009765625 -0.0013020833333333333 -0.0009765625 -0.0013020833333333333
0  0.95654296875 0.13151041666666666 0.0185546875 0.033854166666666664 0.9544375 0.12978385416666668 0.96105078125 0.12892317708333334 0.9592763671875 0.13602083333333334 0.954759765625 0.14010807291666666 0.9608896484375 0.13924739583333332
0  0.97998046875 0.130859375 0.0166015625 0.032552083333333336 -0.0009765625 -0.0013020833333333333 -0.0009765625 -0.0013020833333333333 -0.0009765625 -0.0013020833333333333 -0.0009765625 -0.0013020833333333333 -0.0009765625 -0.0013020833333333333
0  0.9384765625 0.10416666666666667 0.015625 0.026041666666666668 -0.0009765625 -0.0013020833333333333 -0.0009765625 -0.0013020833333333333 -0.0009765625 -0.0013020833333333333 -0.0009765625 -0.0013020833333333333 -0.0009765625 -0.0013020833333333333
0  0.814453125 0.15755208333333334 0.017578125 0.028645833333333332 0.81009765625 0.15383723958333334 0.816990234375 0.15293619791666666 0.814693359375 0.16032421875 0.812125 0.16464973958333332 0.817666015625 0.16446875
0  0.92138671875 0.17838541666666666 0.0146484375 0.028645833333333332 0.9181083984375 0.1806171875 0.925083984375 0.18043098958333334 0.9217353515625 0.18694140625 0.9195029296875 0.19010416666666666 0.923828125 0.19010416666666666
0  0.8955078125 0.20703125 0.01953125 0.036458333333333336 0.8910869140625 0.20375911458333332 0.8985947265625 0.20614192708333334 0.8934111328125 0.21114713541666666 0.8907294921875 0.21424479166666666 0.896091796875 0.21615104166666665
0  0.716796875 0.2506510416666667 0.017578125 0.022135416666666668 0.7156025390625 0.24515755208333334 0.7199580078125 0.24719791666666668 0.7171328125 0.25237760416666666 0.714189453125 0.2550455729166667 0.7147783203125 0.255359375
0  0.80078125 0.24609375 0.017578125 0.028645833333333332 0.799525390625 0.24144401041666666 0.801060546875 0.23939713541666666 0.8060830078125 0.24386197916666666 0.8045478515625 0.2542786458333333 0.8062216796875 0.25334765625
0  0.87451171875 0.265625 0.0185546875 0.036458333333333336 0.874755859375 0.2639973958333333 0.8812080078125 0.2591145833333333 0.882603515625 0.2667877604166667 0.8792900390625 0.2737630208333333 0.8841728515625 0.27097265625
0  0.9375 0.248046875 0.015625 0.032552083333333336 -0.0009765625 -0.0013020833333333333 -0.0009765625 -0.0013020833333333333 -0.0009765625 -0.0013020833333333333 -0.0009765625 -0.0013020833333333333 -0.0009765625 -0.0013020833333333333
0  0.95458984375 0.21549479166666666 0.0166015625 0.032552083333333336 -0.0009765625 -0.0013020833333333333 -0.0009765625 -0.0013020833333333333 -0.0009765625 -0.0013020833333333333 -0.0009765625 -0.0013020833333333333 -0.0009765625 -0.0013020833333333333
0  0.9599609375 0.26171875 0.015625 0.036458333333333336 -0.0009765625 -0.0013020833333333333 -0.0009765625 -0.0013020833333333333 -0.0009765625 -0.0013020833333333333 -0.0009765625 -0.0013020833333333333 -0.0009765625 -0.0013020833333333333
0  0.99169921875 0.197265625 0.0146484375 0.02734375 -0.0009765625 -0.0013020833333333333 -0.0009765625 -0.0013020833333333333 -0.0009765625 -0.0013020833333333333 -0.0009765625 -0.0013020833333333333 -0.0009765625 -0.0013020833333333333
0  0.02685546875 0.3736979166666667 0.0166015625 0.03125 -0.0009765625 -0.0013020833333333333 -0.0009765625 -0.0013020833333333333 -0.0009765625 -0.0013020833333333333 -0.0009765625 -0.0013020833333333333 -0.0009765625 -0.0013020833333333333
0  0.0419921875 0.4921875 0.017578125 0.033854166666666664 -0.0009765625 -0.0013020833333333333 -0.0009765625 -0.0013020833333333333 -0.0009765625 -0.0013020833333333333 -0.0009765625 -0.0013020833333333333 -0.0009765625 -0.0013020833333333333
0  0.04345703125 0.5305989583333334 0.0244140625 0.040364583333333336 0.04394921875 0.5266809895833333 0.0498349609375 0.5188333333333334 0.051404296875 0.5277278645833333 0.048658203125 0.5381901041666667 0.0523857421875 0.5329583333333333
0  0.07666015625 0.5384114583333334 0.0244140625 0.037760416666666664 -0.0009765625 -0.0013020833333333333 -0.0009765625 -0.0013020833333333333 -0.0009765625 -0.0013020833333333333 -0.0009765625 -0.0013020833333333333 -0.0009765625 -0.0013020833333333333
0  0.09619140625 0.4440104166666667 0.0224609375 0.0390625 -0.0009765625 -0.0013020833333333333 -0.0009765625 -0.0013020833333333333 -0.0009765625 -0.0013020833333333333 -0.0009765625 -0.0013020833333333333 -0.0009765625 -0.0013020833333333333
0  0.05615234375 0.416015625 0.0224609375 0.029947916666666668 -0.0009765625 -0.0013020833333333333 -0.0009765625 -0.0013020833333333333 -0.0009765625 -0.0013020833333333333 -0.0009765625 -0.0013020833333333333 -0.0009765625 -0.0013020833333333333
0  0.1357421875 0.396484375 0.021484375 0.037760416666666664 -0.0009765625 -0.0013020833333333333 -0.0009765625 -0.0013020833333333333 -0.0009765625 -0.0013020833333333333 -0.0009765625 -0.0013020833333333333 -0.0009765625 -0.0013020833333333333
0  0.1982421875 0.3860677083333333 0.015625 0.029947916666666668 -0.0009765625 -0.0013020833333333333 -0.0009765625 -0.0013020833333333333 -0.0009765625 -0.0013020833333333333 -0.0009765625 -0.0013020833333333333 -0.0009765625 -0.0013020833333333333
0  0.23291015625 0.4055989583333333 0.0185546875 0.03515625 -0.0009765625 -0.0013020833333333333 -0.0009765625 -0.0013020833333333333 -0.0009765625 -0.0013020833333333333 -0.0009765625 -0.0013020833333333333 -0.0009765625 -0.0013020833333333333
0  0.154296875 0.5247395833333334 0.0234375 0.0390625 -0.0009765625 -0.0013020833333333333 -0.0009765625 -0.0013020833333333333 -0.0009765625 -0.0013020833333333333 -0.0009765625 -0.0013020833333333333 -0.0009765625 -0.0013020833333333333
0  0.1572265625 0.4908854166666667 0.01953125 0.036458333333333336 -0.0009765625 -0.0013020833333333333 -0.0009765625 -0.0013020833333333333 -0.0009765625 -0.0013020833333333333 -0.0009765625 -0.0013020833333333333 -0.0009765625 -0.0013020833333333333
0  0.1806640625 0.5631510416666666 0.0234375 0.037760416666666664 -0.0009765625 -0.0013020833333333333 -0.0009765625 -0.0013020833333333333 -0.0009765625 -0.0013020833333333333 -0.0009765625 -0.0013020833333333333 -0.0009765625 -0.0013020833333333333
0  0.2275390625 0.53515625 0.025390625 0.0390625 -0.0009765625 -0.0013020833333333333 -0.0009765625 -0.0013020833333333333 -0.0009765625 -0.0013020833333333333 -0.0009765625 -0.0013020833333333333 -0.0009765625 -0.0013020833333333333
0  0.251953125 0.5651041666666666 0.0234375 0.036458333333333336 -0.0009765625 -0.0013020833333333333 -0.0009765625 -0.0013020833333333333 -0.0009765625 -0.0013020833333333333 -0.0009765625 -0.0013020833333333333 -0.0009765625 -0.0013020833333333333
0  0.3046875 0.5696614583333334 0.01953125 0.037760416666666664 -0.0009765625 -0.0013020833333333333 -0.0009765625 -0.0013020833333333333 -0.0009765625 -0.0013020833333333333 -0.0009765625 -0.0013020833333333333 -0.0009765625 -0.0013020833333333333
0  0.30029296875 0.4837239583333333 0.0244140625 0.040364583333333336 0.29578515625 0.47980078125000003 0.3038291015625 0.4735221354166667 0.304220703125 0.48450911458333334 0.299708984375 0.49183333333333334 0.3057900390625 0.48974088541666666
0  0.32861328125 0.4036458333333333 0.0205078125 0.0390625 0.3258232421875 0.40313411458333337 0.3331123046875 0.39776302083333337 0.3338798828125 0.4072265625 0.330619140625 0.4151549479166667 0.3367568359375 0.4100403645833333
0  0.31591796875 0.373046875 0.0166015625 0.032552083333333336 -0.0009765625 -0.0013020833333333333 -0.0009765625 -0.0013020833333333333 -0.0009765625 -0.0013020833333333333 -0.0009765625 -0.0013020833333333333 -0.0009765625 -0.0013020833333333333
0  0.771484375 0.6263020833333334 0.025390625 0.046875 0.769884765625 0.6262434895833333 0.77121875 0.6232799479166666 0.78211328125 0.6229830729166667 0.778111328125 0.6416601562500001 0.780333984375 0.6383984375
0  0.13232421875 0.6803385416666666 0.0283203125 0.040364583333333336 -0.0009765625 -0.0013020833333333333 -0.0009765625 -0.0013020833333333333 -0.0009765625 -0.0013020833333333333 -0.0009765625 -0.0013020833333333333 -0.0009765625 -0.0013020833333333333
0  0.03125 0.7721354166666666 0.02734375 0.0390625 0.032375 0.769234375 0.0379990234375 0.7604869791666666 0.041373046875 0.770484375 0.039873046875 0.7822317708333334 0.043060546875 0.7779830729166667
0  0.03515625 0.8209635416666666 0.029296875 0.045572916666666664 -0.0009765625 -0.0013020833333333333 -0.0009765625 -0.0013020833333333333 -0.0009765625 -0.0013020833333333333 -0.0009765625 -0.0013020833333333333 -0.0009765625 -0.0013020833333333333
0  0.12158203125 0.8678385416666666 0.0224609375 0.045572916666666664 -0.0009765625 -0.0013020833333333333 -0.0009765625 -0.0013020833333333333 -0.0009765625 -0.0013020833333333333 -0.0009765625 -0.0013020833333333333 -0.0009765625 -0.0013020833333333333
0  0.05029296875 0.9309895833333334 0.0322265625 0.0390625 0.045990234375 0.9259674479166667 0.0570546875 0.91941015625 0.056849609375 0.9306119791666667 0.052751953125 0.9407200520833333 0.0584892578125 0.9377148437499999
0  0.0966796875 0.978515625 0.025390625 0.04296875 -0.0009765625 -0.0013020833333333333 -0.0009765625 -0.0013020833333333333 -0.0009765625 -0.0013020833333333333 -0.0009765625 -0.0013020833333333333 -0.0009765625 -0.0013020833333333333
0  0.21484375 0.6354166666666666 0.025390625 0.033854166666666664 -0.0009765625 -0.0013020833333333333 -0.0009765625 -0.0013020833333333333 -0.0009765625 -0.0013020833333333333 -0.0009765625 -0.0013020833333333333 -0.0009765625 -0.0013020833333333333
0  0.265625 0.6731770833333334 0.02734375 0.046875 0.25898046875 0.6725729166666666 0.2651015625 0.6601796875 0.27076953125 0.6698515625 0.268275390625 0.680734375 0.273716796875 0.67619921875
0  0.3681640625 0.6861979166666666 0.03125 0.049479166666666664 0.3690712890625 0.6817565104166667 0.3740146484375 0.676734375 0.380841796875 0.6858372395833333 0.3758984375 0.6961966145833333 0.3791943359375 0.6943125
0  0.31640625 0.7786458333333334 0.02734375 0.041666666666666664 0.3181240234375 0.7752044270833333 0.3207314453125 0.7615677083333333 0.3273486328125 0.7711940104166667 0.324541015625 0.7861679687500001 0.3267470703125 0.7805520833333334
0  0.2802734375 0.8893229166666666 0.04296875 0.0625 0.2798896484375 0.8880208333333334 0.286412109375 0.87062890625 0.2941201171875 0.88327734375 0.292044921875 0.89987890625 0.2950087890625 0.8943450520833333
0  0.421875 0.8561197916666666 0.0390625 0.045572916666666664 0.4228779296875 0.8365716145833333 0.4144287109375 0.8531380208333333 0.4263564453125 0.8441914062500001 0.4273505859375 0.8581080729166667 0.432072265625 0.84816796875
0  0.20703125 0.9752604166666666 0.029296875 0.041666666666666664 0.2020439453125 0.9739062500000001 0.2029814453125 0.9646575520833333 0.2132919921875 0.9721562499999999 0.2129169921875 0.9859036458333333 0.215728515625 0.9804049479166667
0  0.22265625 0.845703125 0.021484375 0.04296875 -0.0009765625 -0.0013020833333333333 -0.0009765625 -0.0013020833333333333 -0.0009765625 -0.0013020833333333333 -0.0009765625 -0.0013020833333333333 -0.0009765625 -0.0013020833333333333
0  0.14599609375 0.826171875 0.0166015625 0.032552083333333336 -0.0009765625 -0.0013020833333333333 -0.0009765625 -0.0013020833333333333 -0.0009765625 -0.0013020833333333333 -0.0009765625 -0.0013020833333333333 -0.0009765625 -0.0013020833333333333
0  0.12646484375 0.8483072916666666 0.0185546875 0.032552083333333336 -0.0009765625 -0.0013020833333333333 -0.0009765625 -0.0013020833333333333 -0.0009765625 -0.0013020833333333333 -0.0009765625 -0.0013020833333333333 -0.0009765625 -0.0013020833333333333
0  0.61669921875 0.015625 0.0126953125 0.018229166666666668 -0.0009765625 -0.0013020833333333333 -0.0009765625 -0.0013020833333333333 -0.0009765625 -0.0013020833333333333 -0.0009765625 -0.0013020833333333333 -0.0009765625 -0.0013020833333333333
0  0.81640625 0.022135416666666668 0.013671875 0.028645833333333332 -0.0009765625 -0.0013020833333333333 -0.0009765625 -0.0013020833333333333 -0.0009765625 -0.0013020833333333333 -0.0009765625 -0.0013020833333333333 -0.0009765625 -0.0013020833333333333
0  0.67822265625 0.21614583333333334 0.0166015625 0.033854166666666664 0.678859375 0.2148489583333333 0.6828916015625 0.21183854166666669 0.6828916015625 0.2182903645833333 0.678859375 0.22366796874999997 0.682408203125 0.2221627604166667
0  0.65625 0.2708333333333333 0.01953125 0.03125 -0.0009765625 -0.0013020833333333333 -0.0009765625 -0.0013020833333333333 -0.0009765625 -0.0013020833333333333 -0.0009765625 -0.0013020833333333333 -0.0009765625 -0.0013020833333333333
0  0.82958984375 0.061848958333333336 0.0126953125 0.024739583333333332 -0.0009765625 -0.0013020833333333333 -0.0009765625 -0.0013020833333333333 -0.0009765625 -0.0013020833333333333 -0.0009765625 -0.0013020833333333333 -0.0009765625 -0.0013020833333333333
0  0.81640625 0.06510416666666667 0.01171875 0.020833333333333332 -0.0009765625 -0.0013020833333333333 -0.0009765625 -0.0013020833333333333 -0.0009765625 -0.0013020833333333333 -0.0009765625 -0.0013020833333333333 -0.0009765625 -0.0013020833333333333
0  0.8447265625 0.061197916666666664 0.0078125 0.020833333333333332 -0.0009765625 -0.0013020833333333333 -0.0009765625 -0.0013020833333333333 -0.0009765625 -0.0013020833333333333 -0.0009765625 -0.0013020833333333333 -0.0009765625 -0.0013020833333333333
0  0.8564453125 0.05859375 0.0078125 0.020833333333333332 -0.0009765625 -0.0013020833333333333 -0.0009765625 -0.0013020833333333333 -0.0009765625 -0.0013020833333333333 -0.0009765625 -0.0013020833333333333 -0.0009765625 -0.0013020833333333333
0  0.7939453125 0.025390625 0.009765625 0.022135416666666668 -0.0009765625 -0.0013020833333333333 -0.0009765625 -0.0013020833333333333 -0.0009765625 -0.0013020833333333333 -0.0009765625 -0.0013020833333333333 -0.0009765625 -0.0013020833333333333
0  0.7890625 0.024088541666666668 0.01171875 0.029947916666666668 -0.0009765625 -0.0013020833333333333 -0.0009765625 -0.0013020833333333333 -0.0009765625 -0.0013020833333333333 -0.0009765625 -0.0013020833333333333 -0.0009765625 -0.0013020833333333333
0  0.2900390625 0.18229166666666666 0.009765625 0.0234375 -0.0009765625 -0.0013020833333333333 -0.0009765625 -0.0013020833333333333 -0.0009765625 -0.0013020833333333333 -0.0009765625 -0.0013020833333333333 -0.0009765625 -0.0013020833333333333
0  0.27099609375 0.17903645833333334 0.0107421875 0.024739583333333332 0.267333984375 0.17724609375 0.2720947265625 0.17757161458333334 0.2691650390625 0.18310546875 0.26806640625 0.18782552083333334 0.271240234375 0.18798828125
0  0.25244140625 0.212890625 0.0126953125 0.01953125 -0.0009765625 -0.0013020833333333333 -0.0009765625 -0.0013020833333333333 -0.0009765625 -0.0013020833333333333 -0.0009765625 -0.0013020833333333333 -0.0009765625 -0.0013020833333333333
0  0.22802734375 0.224609375 0.0107421875 0.024739583333333332 -0.0009765625 -0.0013020833333333333 -0.0009765625 -0.0013020833333333333 -0.0009765625 -0.0013020833333333333 -0.0009765625 -0.0013020833333333333 -0.0009765625 -0.0013020833333333333
0  0.2431640625 0.22526041666666666 0.009765625 0.020833333333333332 -0.0009765625 -0.0013020833333333333 -0.0009765625 -0.0013020833333333333 -0.0009765625 -0.0013020833333333333 -0.0009765625 -0.0013020833333333333 -0.0009765625 -0.0013020833333333333
0  0.29638671875 0.23567708333333334 0.0146484375 0.028645833333333332 0.2958291015625 0.23288671875 0.3007119140625 0.23084114583333334 0.3001533203125 0.23474739583333334 0.2984794921875 0.24051302083333334 0.3014091796875 0.23883984375
0  0.3095703125 0.220703125 0.017578125 0.02734375 0.308654296875 0.21848307291666666 0.31388671875 0.2148203125 0.314017578125 0.22075 0.312578125 0.22580729166666666 0.31637109375 0.22301692708333332
0  0.322265625 0.20703125 0.01171875 0.018229166666666668 -0.0009765625 -0.0013020833333333333 -0.0009765625 -0.0013020833333333333 -0.0009765625 -0.0013020833333333333 -0.0009765625 -0.0013020833333333333 -0.0009765625 -0.0013020833333333333
0  0.33349609375 0.1953125 0.0146484375 0.0234375 -0.0009765625 -0.0013020833333333333 -0.0009765625 -0.0013020833333333333 -0.0009765625 -0.0013020833333333333 -0.0009765625 -0.0013020833333333333 -0.0009765625 -0.0013020833333333333
0  0.3544921875 0.20768229166666666 0.015625 0.02734375 0.354884765625 0.20406640625000003 0.3594619140625 0.20162500000000003 0.3598544921875 0.20738020833333334 0.3563232421875 0.21278645833333332 0.3594619140625 0.21121614583333334
0  0.3505859375 0.181640625 0.009765625 0.016927083333333332 -0.0009765625 -0.0013020833333333333 -0.0009765625 -0.0013020833333333333 -0.0009765625 -0.0013020833333333333 -0.0009765625 -0.0013020833333333333 -0.0009765625 -0.0013020833333333333
0  0.38232421875 0.23046875 0.0107421875 0.020833333333333332 -0.0009765625 -0.0013020833333333333 -0.0009765625 -0.0013020833333333333 -0.0009765625 -0.0013020833333333333 -0.0009765625 -0.0013020833333333333 -0.0009765625 -0.0013020833333333333
0  0.39404296875 0.22721354166666666 0.0107421875 0.024739583333333332 -0.0009765625 -0.0013020833333333333 -0.0009765625 -0.0013020833333333333 -0.0009765625 -0.0013020833333333333 -0.0009765625 -0.0013020833333333333 -0.0009765625 -0.0013020833333333333
0  0.333984375 0.2513020833333333 0.017578125 0.028645833333333332 0.3327158203125 0.2490286458333333 0.3390673828125 0.24596614583333332 0.3383916015625 0.25263281249999997 0.3360947265625 0.25948046875 0.34190625 0.2553359375
0  0.30908203125 0.287109375 0.0185546875 0.032552083333333336 0.3084365234375 0.2849934895833333 0.3131455078125 0.2803893229166667 0.3153427734375 0.2877135416666667 0.312046875 0.2948294270833333 0.314400390625 0.2923177083333333
0  0.28271484375 0.2916666666666667 0.0166015625 0.026041666666666668 0.2810498046875 0.29009765625 0.2857578125 0.2853893229166667 0.28628125 0.29079427083333337 0.28628125 0.2975963541666667 0.2881123046875 0.2960260416666667
0  0.25927734375 0.310546875 0.0166015625 0.02734375 -0.0009765625 -0.0013020833333333333 -0.0009765625 -0.0013020833333333333 -0.0009765625 -0.0013020833333333333 -0.0009765625 -0.0013020833333333333 -0.0009765625 -0.0013020833333333333
0  0.23779296875 0.3118489583333333 0.0185546875 0.024739583333333332 -0.0009765625 -0.0013020833333333333 -0.0009765625 -0.0013020833333333333 -0.0009765625 -0.0013020833333333333 -0.0009765625 -0.0013020833333333333 -0.0009765625 -0.0013020833333333333
0  0.35205078125 0.3001302083333333 0.0166015625 0.029947916666666668 0.3508427734375 0.29691015625 0.3532890625 0.29460807291666663 0.3573173828125 0.29786848958333334 0.355015625 0.30592578125 0.3568857421875 0.30419921875
0  0.361328125 0.3033854166666667 0.009765625 0.0234375 -0.0009765625 -0.0013020833333333333 -0.0009765625 -0.0013020833333333333 -0.0009765625 -0.0013020833333333333 -0.0009765625 -0.0013020833333333333 -0.0009765625 -0.0013020833333333333
0  0.38330078125 0.328125 0.0205078125 0.033854166666666664 0.380484375 0.3263580729166667 0.3884365234375 0.32171875 0.3874423828125 0.3303333333333333 0.3854541015625 0.3369609375 0.3902587890625 0.33320572916666663
0  0.41796875 0.2884114583333333 0.015625 0.029947916666666668 0.416185546875 0.286109375 0.421365234375 0.2815052083333333 0.4215087890625 0.28860286458333334 0.4193505859375 0.2947421875 0.422083984375 0.29244010416666666
0  0.39794921875 0.26171875 0.0166015625 0.03125 -0.0009765625 -0.0013020833333333333 -0.0009765625 -0.0013020833333333333 -0.0009765625 -0.0013020833333333333 -0.0009765625 -0.0013020833333333333 -0.0009765625 -0.0013020833333333333
0  0.435546875 0.2578125 0.017578125 0.028645833333333332 0.434849609375 0.2542786458333333 0.439732421875 0.2507434895833333 0.441126953125 0.2566966145833333 0.438755859375 0.2637643229166667 0.4429404296875 0.2604166666666667
0  0.453125 0.2591145833333333 0.013671875 0.0234375 -0.0009765625 -0.0013020833333333333 -0.0009765625 -0.0013020833333333333 -0.0009765625 -0.0013020833333333333 -0.0009765625 -0.0013020833333333333 -0.0009765625 -0.0013020833333333333
0  0.46630859375 0.2721354166666667 0.0146484375 0.026041666666666668 -0.0009765625 -0.0013020833333333333 -0.0009765625 -0.0013020833333333333 -0.0009765625 -0.0013020833333333333 -0.0009765625 -0.0013020833333333333 -0.0009765625 -0.0013020833333333333
0  0.45263671875 0.2916666666666667 0.0185546875 0.033854166666666664 0.4531689453125 0.28670833333333334 0.458779296875 0.2828541666666667 0.46116015625 0.29033593750000003 0.4579296875 0.29804296874999997 0.4608193359375 0.29668359375000003
0  0.423828125 0.326171875 0.013671875 0.024739583333333332 -0.0009765625 -0.0013020833333333333 -0.0009765625 -0.0013020833333333333 -0.0009765625 -0.0013020833333333333 -0.0009765625 -0.0013020833333333333 -0.0009765625 -0.0013020833333333333
0  0.4853515625 0.23046875 0.01171875 0.026041666666666668 -0.0009765625 -0.0013020833333333333 -0.0009765625 -0.0013020833333333333 -0.0009765625 -0.0013020833333333333 -0.0009765625 -0.0013020833333333333 -0.0009765625 -0.0013020833333333333
0  0.44580078125 0.3971354166666667 0.0244140625 0.028645833333333332 -0.0009765625 -0.0013020833333333333 -0.0009765625 -0.0013020833333333333 -0.0009765625 -0.0013020833333333333 -0.0009765625 -0.0013020833333333333 -0.0009765625 -0.0013020833333333333
0  0.3974609375 0.423828125 0.01953125 0.02734375 -0.0009765625 -0.0013020833333333333 -0.0009765625 -0.0013020833333333333 -0.0009765625 -0.0013020833333333333 -0.0009765625 -0.0013020833333333333 -0.0009765625 -0.0013020833333333333
0  0.373046875 0.43359375 0.013671875 0.03125 -0.0009765625 -0.0013020833333333333 -0.0009765625 -0.0013020833333333333 -0.0009765625 -0.0013020833333333333 -0.0009765625 -0.0013020833333333333 -0.0009765625 -0.0013020833333333333
0  0.38720703125 0.44921875 0.0166015625 0.0390625 0.38709375 0.44756770833333337 0.3923427734375 0.4478177083333333 0.3900927734375 0.45331640624999997 0.38634375 0.45731640625 0.3921552734375 0.45756640625
0  0.41064453125 0.4563802083333333 0.0185546875 0.024739583333333332 -0.0009765625 -0.0013020833333333333 -0.0009765625 -0.0013020833333333333 -0.0009765625 -0.0013020833333333333 -0.0009765625 -0.0013020833333333333 -0.0009765625 -0.0013020833333333333
0  0.4248046875 0.494140625 0.0234375 0.037760416666666664 -0.0009765625 -0.0013020833333333333 -0.0009765625 -0.0013020833333333333 -0.0009765625 -0.0013020833333333333 -0.0009765625 -0.0013020833333333333 -0.0009765625 -0.0013020833333333333
0  0.4150390625 0.544921875 0.03125 0.045572916666666664 0.4125888671875 0.5422369791666667 0.420654296875 0.5358424479166667 0.4219619140625 0.5445611979166667 0.420654296875 0.5564778645833334 0.425232421875 0.551828125
0  0.35791015625 0.5305989583333334 0.0185546875 0.03515625 -0.0009765625 -0.0013020833333333333 -0.0009765625 -0.0013020833333333333 -0.0009765625 -0.0013020833333333333 -0.0009765625 -0.0013020833333333333 -0.0009765625 -0.0013020833333333333
0  0.43701171875 0.623046875 0.0302734375 0.04296875 0.4365234375 0.6208606770833334 0.4420556640625 0.6093867187500001 0.4471787109375 0.61867578125 0.4445146484375 0.6306966145833334 0.45045703125 0.6246861979166667
0  0.48779296875 0.5572916666666666 0.0283203125 0.0390625 -0.0009765625 -0.0013020833333333333 -0.0009765625 -0.0013020833333333333 -0.0009765625 -0.0013020833333333333 -0.0009765625 -0.0013020833333333333 -0.0009765625 -0.0013020833333333333
0  0.4912109375 0.4733072916666667 0.0234375 0.029947916666666668 -0.0009765625 -0.0013020833333333333 -0.0009765625 -0.0013020833333333333 -0.0009765625 -0.0013020833333333333 -0.0009765625 -0.0013020833333333333 -0.0009765625 -0.0013020833333333333
0  0.55224609375 0.408203125 0.0244140625 0.03515625 0.552455078125 0.404296875 0.5562919921875 0.39964713541666663 0.5601279296875 0.40545963541666663 0.5562919921875 0.4170846354166667 0.5594306640625 0.41359765624999995
0  0.53759765625 0.3619791666666667 0.0224609375 0.033854166666666664 -0.0009765625 -0.0013020833333333333 -0.0009765625 -0.0013020833333333333 -0.0009765625 -0.0013020833333333333 -0.0009765625 -0.0013020833333333333 -0.0009765625 -0.0013020833333333333
0  0.61181640625 0.380859375 0.0205078125 0.03515625 0.6125185546875 0.37541796875000005 0.6160888671875 0.37247135416666666 0.620509765625 0.3781393229166667 0.6165986328125 0.3883411458333333 0.617958984375 0.38766015625
0  0.59033203125 0.4811197916666667 0.0244140625 0.03515625 0.590498046875 0.47649218750000005 0.5946396484375 0.4722955729166667 0.59878125 0.4769348958333333 0.5954677734375 0.4866536458333333 0.5992783203125 0.48554947916666663
0  0.572265625 0.5143229166666666 0.01953125 0.041666666666666664 -0.0009765625 -0.0013020833333333333 -0.0009765625 -0.0013020833333333333 -0.0009765625 -0.0013020833333333333 -0.0009765625 -0.0013020833333333333 -0.0009765625 -0.0013020833333333333
0  0.47607421875 0.4283854166666667 0.0205078125 0.033854166666666664 -0.0009765625 -0.0013020833333333333 -0.0009765625 -0.0013020833333333333 -0.0009765625 -0.0013020833333333333 -0.0009765625 -0.0013020833333333333 -0.0009765625 -0.0013020833333333333
0  0.537109375 0.21875 0.013671875 0.0234375 -0.0009765625 -0.0013020833333333333 -0.0009765625 -0.0013020833333333333 -0.0009765625 -0.0013020833333333333 -0.0009765625 -0.0013020833333333333 -0.0009765625 -0.0013020833333333333
0  0.505859375 0.2421875 0.017578125 0.03125 0.5051181640625 0.23942057291666666 0.5111953125 0.23645572916666668 0.5108994140625 0.24317578124999997 0.5092685546875 0.24969791666666666 0.512826171875 0.24732552083333334
0  0.55615234375 0.24153645833333334 0.0205078125 0.029947916666666668 0.5571328125 0.23597395833333334 0.5604423828125 0.23443880208333334 0.5630322265625 0.23961848958333332 0.5604423828125 0.24633203125 0.5613056640625 0.24518098958333334
0  0.57470703125 0.22135416666666666 0.0166015625 0.0234375 -0.0009765625 -0.0013020833333333333 -0.0009765625 -0.0013020833333333333 -0.0009765625 -0.0013020833333333333 -0.0009765625 -0.0013020833333333333 -0.0009765625 -0.0013020833333333333
0  0.53369140625 0.2825520833333333 0.0185546875 0.033854166666666664 0.53403125 0.28144791666666663 0.5393330078125 0.27658854166666663 0.5404921875 0.2840989583333333 0.537841796875 0.2909453125 0.5413203125 0.2882955729166667
0  0.51220703125 0.3346354166666667 0.0146484375 0.026041666666666668 -0.0009765625 -0.0013020833333333333 -0.0009765625 -0.0013020833333333333 -0.0009765625 -0.0013020833333333333 -0.0009765625 -0.0013020833333333333 -0.0009765625 -0.0013020833333333333
0  0.64453125 0.326171875 0.0234375 0.040364583333333336 0.6434677734375 0.3270559895833333 0.6517158203125 0.32373046875 0.650373046875 0.3321705729166667 0.646728515625 0.34112239583333337 0.6542099609375 0.33549609375
0  0.63427734375 0.2838541666666667 0.0146484375 0.03125 -0.0009765625 -0.0013020833333333333 -0.0009765625 -0.0013020833333333333 -0.0009765625 -0.0013020833333333333 -0.0009765625 -0.0013020833333333333 -0.0009765625 -0.0013020833333333333
0  0.71630859375 0.3600260416666667 0.0224609375 0.03515625 0.71533203125 0.35843880208333334 0.7202626953125 0.35186458333333337 0.7231533203125 0.35911979166666663 0.7200927734375 0.37068098958333334 0.7228134765625 0.36660026041666666
0  0.701171875 0.41015625 0.015625 0.041666666666666664 -0.0009765625 -0.0013020833333333333 -0.0009765625 -0.0013020833333333333 -0.0009765625 -0.0013020833333333333 -0.0009765625 -0.0013020833333333333 -0.0009765625 -0.0013020833333333333
0  0.7373046875 0.4075520833333333 0.017578125 0.036458333333333336 -0.0009765625 -0.0013020833333333333 -0.0009765625 -0.0013020833333333333 -0.0009765625 -0.0013020833333333333 -0.0009765625 -0.0013020833333333333 -0.0009765625 -0.0013020833333333333
0  0.79248046875 0.3502604166666667 0.0244140625 0.041666666666666664 0.7860888671875 0.3419713541666667 0.79571484375 0.3403671875 0.79270703125 0.34865624999999995 0.78909765625 0.35854947916666663 0.795314453125 0.3582825520833333
0  0.7978515625 0.3046875 0.01171875 0.03125 -0.0009765625 -0.0013020833333333333 -0.0009765625 -0.0013020833333333333 -0.0009765625 -0.0013020833333333333 -0.0009765625 -0.0013020833333333333 -0.0009765625 -0.0013020833333333333
0  0.89599609375 0.2923177083333333 0.0224609375 0.040364583333333336 0.8895263671875 0.29023046874999997 0.8991396484375 0.28656901041666666 0.89501953125 0.2962473958333333 0.8944306640625 0.3025247395833333 0.9009052734375 0.29964713541666665
0  0.91748046875 0.3606770833333333 0.0224609375 0.03125 -0.0009765625 -0.0013020833333333333 -0.0009765625 -0.0013020833333333333 -0.0009765625 -0.0013020833333333333 -0.0009765625 -0.0013020833333333333 -0.0009765625 -0.0013020833333333333
0  0.97705078125 0.3665364583333333 0.0185546875 0.029947916666666668 -0.0009765625 -0.0013020833333333333 -0.0009765625 -0.0013020833333333333 -0.0009765625 -0.0013020833333333333 -0.0009765625 -0.0013020833333333333 -0.0009765625 -0.0013020833333333333
0  0.95361328125 0.3997395833333333 0.0205078125 0.036458333333333336 -0.0009765625 -0.0013020833333333333 -0.0009765625 -0.0013020833333333333 -0.0009765625 -0.0013020833333333333 -0.0009765625 -0.0013020833333333333 -0.0009765625 -0.0013020833333333333
0  0.90966796875 0.4602864583333333 0.0166015625 0.045572916666666664 0.90530859375 0.4561471354166667 0.9120654296875 0.4593450520833333 0.9055263671875 0.46661067708333337 0.904654296875 0.4735859375 0.9105400390625 0.4759114583333333
0  0.8759765625 0.4270833333333333 0.01953125 0.036458333333333336 0.8790634765625 0.42261848958333337 0.8787060546875 0.4223802083333333 0.8837109375 0.4238111979166667 0.87995703125 0.434296875 0.8790634765625 0.43334374999999997
0  0.84765625 0.47265625 0.025390625 0.046875 -0.0009765625 -0.0013020833333333333 -0.0009765625 -0.0013020833333333333 -0.0009765625 -0.0013020833333333333 -0.0009765625 -0.0013020833333333333 -0.0009765625 -0.0013020833333333333
0  0.74951171875 0.4837239583333333 0.0146484375 0.04296875 0.74861328125 0.48044531250000005 0.75127734375 0.47552734375 0.755375 0.48126562500000003 0.7506630859375 0.49383203124999997 0.7525068359375 0.4905546875
0  0.66357421875 0.5045572916666666 0.0205078125 0.037760416666666664 -0.0009765625 -0.0013020833333333333 -0.0009765625 -0.0013020833333333333 -0.0009765625 -0.0013020833333333333 -0.0009765625 -0.0013020833333333333 -0.0009765625 -0.0013020833333333333
0  0.8369140625 0.5364583333333334 0.01953125 0.046875 0.8397607421875 0.5358072916666666 0.8415400390625 0.532546875 0.84465234375 0.5361041666666667 0.8439853515625 0.54321875 0.8439853515625 0.54321875
0  0.87353515625 0.6028645833333334 0.0244140625 0.041666666666666664 0.870396484375 0.60613671875 0.878439453125 0.6027369791666667 0.8790283203125 0.6097994791666667 0.8737314453125 0.6181692708333334 0.8782431640625 0.6163385416666667
0  0.91650390625 0.6041666666666666 0.0263671875 0.044270833333333336 0.92269921875 0.60009765625 0.92462109375 0.5975338541666667 0.9286806640625 0.6057942708333334 0.9224853515625 0.6177578125 0.925048828125 0.6160481770833334
0  0.94873046875 0.5123697916666666 0.0205078125 0.029947916666666668 -0.0009765625 -0.0013020833333333333 -0.0009765625 -0.0013020833333333333 -0.0009765625 -0.0013020833333333333 -0.0009765625 -0.0013020833333333333 -0.0009765625 -0.0013020833333333333
0  0.97705078125 0.6048177083333334 0.0380859375 0.055989583333333336 -0.0009765625 -0.0013020833333333333 -0.0009765625 -0.0013020833333333333 -0.0009765625 -0.0013020833333333333 -0.0009765625 -0.0013020833333333333 -0.0009765625 -0.0013020833333333333
0  0.982421875 0.728515625 0.03125 0.055989583333333336 0.980521484375 0.7300273437499999 0.9810615234375 0.7296666666666667 0.993224609375 0.7282252604166667 0.98808984375 0.74660546875 0.98808984375 0.7462447916666667
0  0.8720703125 0.6692708333333334 0.025390625 0.044270833333333336 0.8730166015625 0.667765625 0.8779296875 0.6652018229166666 0.8760068359375 0.6717526041666666 0.87323046875 0.677734375 0.87323046875 0.677734375
0  0.87548828125 0.9205729166666666 0.0263671875 0.0546875 0.8768662109375 0.9217122395833334 0.8813125 0.9119466145833334 0.8841904296875 0.9224101562499999 0.877650390625 0.9325247395833333 0.8802666015625 0.9304309895833334
0  0.986328125 0.9537760416666666 0.02734375 0.06640625 -0.0009765625 -0.0013020833333333333 -0.0009765625 -0.0013020833333333333 -0.0009765625 -0.0013020833333333333 -0.0009765625 -0.0013020833333333333 -0.0009765625 -0.0013020833333333333
0  0.751953125 0.8092447916666666 0.03125 0.06380208333333333 0.752990234375 0.8106276041666667 0.757568359375 0.8000494791666667 0.765197265625 0.80859375 0.75909375 0.8269036458333333 0.76092578125 0.82568359375
0  0.4541015625 0.716796875 0.03515625 0.048177083333333336 0.4494541015625 0.7099492187499999 0.4561552734375 0.6976263020833334 0.4610068359375 0.7108736979166667 0.458234375 0.7250455729166667 0.465166015625 0.7207317708333334
0  0.39892578125 0.6901041666666666 0.0244140625 0.036458333333333336 -0.0009765625 -0.0013020833333333333 -0.0009765625 -0.0013020833333333333 -0.0009765625 -0.0013020833333333333 -0.0009765625 -0.0013020833333333333 -0.0009765625 -0.0013020833333333333
0  0.587890625 0.74609375 0.0234375 0.049479166666666664 0.5878818359375 0.7460820312499999 0.591478515625 0.7396875 0.597712890625 0.7480000000000001 0.5924375 0.7611080729166666 0.5953154296875 0.75823046875
0  0.63134765625 0.6966145833333334 0.0224609375 0.052083333333333336 0.6333359375 0.6923190104166667 0.6360693359375 0.6883424479166668 0.6410390625 0.6962942708333334 0.6340810546875 0.71219921875 0.6373115234375 0.7102109375
0  0.66455078125 0.7740885416666666 0.0205078125 0.048177083333333336 -0.0009765625 -0.0013020833333333333 -0.0009765625 -0.0013020833333333333 -0.0009765625 -0.0013020833333333333 -0.0009765625 -0.0013020833333333333 -0.0009765625 -0.0013020833333333333
0  0.6171875 0.83984375 0.017578125 0.049479166666666664 -0.0009765625 -0.0013020833333333333 -0.0009765625 -0.0013020833333333333 -0.0009765625 -0.0013020833333333333 -0.0009765625 -0.0013020833333333333 -0.0009765625 -0.0013020833333333333
0  0.58203125 0.6217447916666666 0.021484375 0.04296875 -0.0009765625 -0.0013020833333333333 -0.0009765625 -0.0013020833333333333 -0.0009765625 -0.0013020833333333333 -0.0009765625 -0.0013020833333333333 -0.0009765625 -0.0013020833333333333
0  0.0927734375 0.607421875 0.025390625 0.04296875 0.0911337890625 0.6028411458333334 0.0983056640625 0.5971041666666667 0.099740234375 0.609671875 0.0962568359375 0.61759375 0.101583984375 0.6156822916666667
0  0.58544921875 0.9661458333333334 0.0478515625 0.0546875 0.5880126953125 0.9676106770833334 0.591064453125 0.95703125 0.601134765625 0.9635416666666666 0.598083984375 0.98388671875 0.6014404296875 0.97696875
