0  0.05712890625 0.33821376281112736 0.0107421875 0.07027818448023426 -0.0009765625 -0.0014641288433382138 -0.0009765625 -0.0014641288433382138 -0.0009765625 -0.0014641288433382138 -0.0009765625 -0.0014641288433382138 -0.0009765625 -0.0014641288433382138
0  0.0166015625 0.6881405563689604 0.033203125 0.08784773060029283 -0.0009765625 -0.0014641288433382138 -0.0009765625 -0.0014641288433382138 -0.0009765625 -0.0014641288433382138 -0.0009765625 -0.0014641288433382138 -0.0009765625 -0.0014641288433382138
0  0.08837890625 0.6691068814055637 0.0498046875 0.10248901903367497 0.081359375 0.6625505124450951 0.1076875 0.6612562225475842 0.0964658203125 0.6871405563689604 0.0804970703125 0.698787701317716 0.1007822265625 0.6974934114202049
0  0.228515625 0.62298682284041 0.0546875 0.11566617862371889 0.21337890625 0.6171303074670571 0.23779296875 0.6171303074670571 0.2236328125 0.6325036603221084 0.21728515625 0.6537335285505125 0.2333984375 0.6530014641288433
0  0.03857421875 0.5966325036603221 0.0380859375 0.05417276720351391 0.0368779296875 0.588696925329429 0.0524638671875 0.586900439238653 0.0486279296875 0.5976852122986823 0.0433525390625 0.6073909224011713 0.0495869140625 0.6063133235724744
0  0.05859375 0.5497803806734992 0.015625 0.03953147877013177 -0.0009765625 -0.0014641288433382138 -0.0009765625 -0.0014641288433382138 -0.0009765625 -0.0014641288433382138 -0.0009765625 -0.0014641288433382138 -0.0009765625 -0.0014641288433382138
0  0.046875 0.5168374816983895 0.02734375 0.03806734992679356 0.0389228515625 0.5064319180087847 0.0518271484375 0.504601756954612 0.046595703125 0.5093074670571011 0.04293359375 0.5208111273792093 0.0504326171875 0.5200278184480234
0  0.1240234375 0.5651537335285505 0.021484375 0.040995607613469986 0.1268486328125 0.5532313323572475 0.1324287109375 0.5519238653001464 0.134521484375 0.5589838945827232 0.1294638671875 0.5699648609077599 0.13277734375 0.5686573938506588
0  0.142578125 0.5387994143484627 0.021484375 0.029282576866764276 0.1420205078125 0.5306427525622255 0.1450888671875 0.5291786237188872 0.151087890625 0.5354524158125915 0.146763671875 0.5444465592972182 0.1492744140625 0.541727672035139
0  0.0859375 0.5329428989751098 0.015625 0.032210834553440704 -0.0009765625 -0.0014641288433382138 -0.0009765625 -0.0014641288433382138 -0.0009765625 -0.0014641288433382138 -0.0009765625 -0.0014641288433382138 -0.0009765625 -0.0014641288433382138
0  0.11328125 0.48096632503660325 0.013671875 0.024890190336749635 0.1137734375 0.4778609077598829 0.118896484375 0.47818887262079063 0.1169345703125 0.4837437774524158 0.113447265625 0.48783016105417276 0.117697265625 0.48783016105417276
0  0.17333984375 0.5175695461200586 0.0166015625 0.03367496339677892 -0.0009765625 -0.0014641288433382138 -0.0009765625 -0.0014641288433382138 -0.0009765625 -0.0014641288433382138 -0.0009765625 -0.0014641288433382138 -0.0009765625 -0.0014641288433382138
0  0.1650390625 0.6076134699853587 0.015625 0.04685212298682284 -0.0009765625 -0.0014641288433382138 -0.0009765625 -0.0014641288433382138 -0.0009765625 -0.0014641288433382138 -0.0009765625 -0.0014641288433382138 -0.0009765625 -0.0014641288433382138
0  0.3037109375 0.5314787701317716 0.033203125 0.05856515373352855 0.29875 0.5244128843338214 0.31415625 0.5199428989751098 0.310677734375 0.5326090775988287 0.3057080078125 0.5452767203513909 0.3153994140625 0.5441595900439239
0  0.4384765625 0.6500732064421669 0.041015625 0.09370424597364568 0.4428974609375 0.6480204978038068 0.448783203125 0.6462562225475842 0.455453125 0.6615505124450952 0.4460361328125 0.6756691068814056 0.451529296875 0.673904831625183
0  0.41455078125 0.5175695461200586 0.0166015625 0.036603221083455345 0.41973046875 0.5095431918008785 0.41988671875 0.5095431918008785 0.42333984375 0.5170732064421669 0.4192587890625 0.5260146412884333 0.419416015625 0.5260146412884333
0  0.341796875 0.5519765739385066 0.021484375 0.040995607613469986 -0.0009765625 -0.0014641288433382138 -0.0009765625 -0.0014641288433382138 -0.0009765625 -0.0014641288433382138 -0.0009765625 -0.0014641288433382138 -0.0009765625 -0.0014641288433382138
0  0.50537109375 0.5036603221083455 0.0146484375 0.03513909224011713 -0.0009765625 -0.0014641288433382138 -0.0009765625 -0.0014641288433382138 -0.0009765625 -0.0014641288433382138 -0.0009765625 -0.0014641288433382138 -0.0009765625 -0.0014641288433382138
0  0.44384765625 0.5058565153733529 0.0166015625 0.027818448023426062 -0.0009765625 -0.0014641288433382138 -0.0009765625 -0.0014641288433382138 -0.0009765625 -0.0014641288433382138 -0.0009765625 -0.0014641288433382138 -0.0009765625 -0.0014641288433382138
0  0.25927734375 0.48535871156661786 0.0068359375 0.013177159590043924 -0.0009765625 -0.0014641288433382138 -0.0009765625 -0.0014641288433382138 -0.0009765625 -0.0014641288433382138 -0.0009765625 -0.0014641288433382138 -0.0009765625 -0.0014641288433382138
0  0.24951171875 0.4882869692532943 0.0048828125 0.013177159590043924 -0.0009765625 -0.0014641288433382138 -0.0009765625 -0.0014641288433382138 -0.0009765625 -0.0014641288433382138 -0.0009765625 -0.0014641288433382138 -0.0009765625 -0.0014641288433382138
0  0.216796875 0.5212298682284041 0.013671875 0.020497803806734993 -0.0009765625 -0.0014641288433382138 -0.0009765625 -0.0014641288433382138 -0.0009765625 -0.0014641288433382138 -0.0009765625 -0.0014641288433382138 -0.0009765625 -0.0014641288433382138
0  0.23046875 0.5036603221083455 0.009765625 0.014641288433382138 -0.0009765625 -0.0014641288433382138 -0.0009765625 -0.0014641288433382138 -0.0009765625 -0.0014641288433382138 -0.0009765625 -0.0014641288433382138 -0.0009765625 -0.0014641288433382138
0  0.18505859375 0.4970717423133236 0.0107421875 0.01903367496339678 0.1861923828125 0.4955549048316252 0.1881103515625 0.495294289897511 0.1890693359375 0.49856222547584184 0.1871513671875 0.5019604685212299 0.1875 0.5019604685212299
0  0.2001953125 0.48755490483162517 0.005859375 0.017569546120058566 -0.0009765625 -0.0014641288433382138 -0.0009765625 -0.0014641288433382138 -0.0009765625 -0.0014641288433382138 -0.0009765625 -0.0014641288433382138 -0.0009765625 -0.0014641288433382138
0  0.21142578125 0.49414348462664714 0.0087890625 0.013177159590043924 -0.0009765625 -0.0014641288433382138 -0.0009765625 -0.0014641288433382138 -0.0009765625 -0.0014641288433382138 -0.0009765625 -0.0014641288433382138 -0.0009765625 -0.0014641288433382138
0  0.22216796875 0.48755490483162517 0.0087890625 0.014641288433382138 -0.0009765625 -0.0014641288433382138 -0.0009765625 -0.0014641288433382138 -0.0009765625 -0.0014641288433382138 -0.0009765625 -0.0014641288433382138 -0.0009765625 -0.0014641288433382138
0  0.22216796875 0.4802342606149341 0.0068359375 0.01171303074670571 -0.0009765625 -0.0014641288433382138 -0.0009765625 -0.0014641288433382138 -0.0009765625 -0.0014641288433382138 -0.0009765625 -0.0014641288433382138 -0.0009765625 -0.0014641288433382138
0  0.82275390625 0.5695461200585652 0.0419921875 0.0849194729136164 0.811087890625 0.5534670571010248 0.81358984375 0.5534670571010248 0.8039375 0.5727613469985359 0.81216015625 0.5883045387994144 0.8143046875 0.5883045387994144
0  0.7646484375 0.5768667642752562 0.033203125 0.05856515373352855 0.7557197265625 0.5589970717423134 0.7596962890625 0.5586237188872621 0.74751953125 0.5712913616398243 0.7544775390625 0.5865666178623719 0.7572109375 0.5865666178623719
0  0.9287109375 0.527086383601757 0.033203125 0.0527086383601757 0.9249306640625 0.5203543191800878 0.9349365234375 0.5276881405563689 0.9251533203125 0.5330219619326501 0.9169267578125 0.5376881405563689 0.927376953125 0.5443557833089312
0  0.984375 0.5256222547584187 0.021484375 0.040995607613469986 0.980748046875 0.5201317715959004 0.980748046875 0.5201317715959004 0.97359765625 0.5264070278184481 0.97900390625 0.5373879941434846 0.9791787109375 0.5379106881405563
0  0.97802734375 0.47218155197657397 0.0185546875 0.027818448023426062 0.971923828125 0.4659590043923865 0.977783203125 0.46669106881405564 0.971923828125 0.4725475841874085 0.971435546875 0.47767203513909223 0.9754638671875 0.4785871156661786
0  0.94287109375 0.4890190336749634 0.0166015625 0.029282576866764276 0.9407216796875 0.48449633967789163 0.9472958984375 0.48506442166910685 0.94287109375 0.4888550512445095 0.9421123046875 0.49454172767203514 0.945779296875 0.49473206442166906
0  0.912109375 0.4670571010248902 0.015625 0.029282576866764276 0.908203125 0.4646778916544656 0.9158935546875 0.4639458272327965 0.912353515625 0.4690702781844802 0.9093017578125 0.47492679355783307 0.916015625 0.474194729136164
0  0.8818359375 0.4802342606149341 0.013671875 0.02635431918008785 -0.0009765625 -0.0014641288433382138 -0.0009765625 -0.0014641288433382138 -0.0009765625 -0.0014641288433382138 -0.0009765625 -0.0014641288433382138 -0.0009765625 -0.0014641288433382138
0  0.89453125 0.5124450951683748 0.017578125 0.03513909224011713 -0.0009765625 -0.0014641288433382138 -0.0009765625 -0.0014641288433382138 -0.0009765625 -0.0014641288433382138 -0.0009765625 -0.0014641288433382138 -0.0009765625 -0.0014641288433382138
0  0.77734375 0.4751098096632504 0.013671875 0.021961932650073207 0.7756953125 0.47092679355783307 0.7804912109375 0.47092679355783307 0.778189453125 0.47538506588579793 0.7763671875 0.47869106881405565 0.780779296875 0.47926647144948753
0  0.74462890625 0.5190336749633968 0.0107421875 0.021961932650073207 -0.0009765625 -0.0014641288433382138 -0.0009765625 -0.0014641288433382138 -0.0009765625 -0.0014641288433382138 -0.0009765625 -0.0014641288433382138 -0.0009765625 -0.0014641288433382138
0  0.75732421875 0.4985358711566618 0.0126953125 0.01903367496339678 0.754525390625 0.4956793557833089 0.7590810546875 0.4956793557833089 0.7550224609375 0.49890775988286973 0.7537802734375 0.5003982430453879 0.7583359375 0.5002752562225475
0  0.63916015625 0.48096632503660325 0.0244140625 0.036603221083455345 0.6353759765625 0.47199853587115664 0.6454208984375 0.4703513909224012 0.640869140625 0.481411420204978 0.636474609375 0.4877642752562225 0.6473037109375 0.4865871156661786
0  0.6962890625 0.42020497803806733 0.01953125 0.03513909224011713 0.69549609375 0.41521815519765737 0.703125 0.41567496339677895 0.699767578125 0.4223103953147877 0.6951904296875 0.42802928257686673 0.70098828125 0.42780087847730597
0  0.56689453125 0.5322108345534406 0.0166015625 0.0424597364568082 0.5706787109375 0.524614934114202 0.5719609375 0.5243411420204978 0.572509765625 0.5317540263543191 0.571228515625 0.5380673499267935 0.5719609375 0.5375183016105417
0  0.57421875 0.4882869692532943 0.01171875 0.021961932650073207 0.57230078125 0.4843909224011713 0.577767578125 0.4842474377745241 0.57441015625 0.48899267935578333 0.572396484375 0.4940263543191801 0.5765205078125 0.4940263543191801
0  0.69189453125 0.6259150805270863 0.0087890625 0.021961932650073207 -0.0009765625 -0.0014641288433382138 -0.0009765625 -0.0014641288433382138 -0.0009765625 -0.0014641288433382138 -0.0009765625 -0.0014641288433382138 -0.0009765625 -0.0014641288433382138
0  0.53173828125 0.4904831625183016 0.0068359375 0.017569546120058566 -0.0009765625 -0.0014641288433382138 -0.0009765625 -0.0014641288433382138 -0.0009765625 -0.0014641288433382138 -0.0009765625 -0.0014641288433382138 -0.0009765625 -0.0014641288433382138
0  0.513671875 0.18374816983894582 0.021484375 0.027818448023426062 0.5125078125 0.17531625183016106 0.5196708984375 0.1747086383601757 0.5169677734375 0.18078770131771596 0.513994140625 0.18787847730600293 0.520751953125 0.18706881405563688
0  0.97705078125 0.33382137628111275 0.0087890625 0.01171303074670571 -0.0009765625 -0.0014641288433382138 -0.0009765625 -0.0014641288433382138 -0.0009765625 -0.0014641288433382138 -0.0009765625 -0.0014641288433382138 -0.0009765625 -0.0014641288433382138
0  0.66845703125 0.15300146412884333 0.0107421875 0.013177159590043924 -0.0009765625 -0.0014641288433382138 -0.0009765625 -0.0014641288433382138 -0.0009765625 -0.0014641288433382138 -0.0009765625 -0.0014641288433382138 -0.0009765625 -0.0014641288433382138
0  0.85107421875 0.3645680819912152 0.0068359375 0.01171303074670571 -0.0009765625 -0.0014641288433382138 -0.0009765625 -0.0014641288433382138 -0.0009765625 -0.0014641288433382138 -0.0009765625 -0.0014641288433382138 -0.0009765625 -0.0014641288433382138
0  0.146484375 0.37481698389458273 0.00390625 0.01171303074670571 -0.0009765625 -0.0014641288433382138 -0.0009765625 -0.0014641288433382138 -0.0009765625 -0.0014641288433382138 -0.0009765625 -0.0014641288433382138 -0.0009765625 -0.0014641288433382138
0  0.14599609375 0.34699853587115664 0.0029296875 0.008784773060029283 -0.0009765625 -0.0014641288433382138 -0.0009765625 -0.0014641288433382138 -0.0009765625 -0.0014641288433382138 -0.0009765625 -0.0014641288433382138 -0.0009765625 -0.0014641288433382138
0  0.1435546875 0.3374816983894583 0.00390625 0.007320644216691069 -0.0009765625 -0.0014641288433382138 -0.0009765625 -0.0014641288433382138 -0.0009765625 -0.0014641288433382138 -0.0009765625 -0.0014641288433382138 -0.0009765625 -0.0014641288433382138
0  0.14697265625 0.3609077598828697 0.0029296875 0.007320644216691069 -0.0009765625 -0.0014641288433382138 -0.0009765625 -0.0014641288433382138 -0.0009765625 -0.0014641288433382138 -0.0009765625 -0.0014641288433382138 -0.0009765625 -0.0014641288433382138
0  0.1435546875 0.3616398243045388 0.00390625 0.008784773060029283 -0.0009765625 -0.0014641288433382138 -0.0009765625 -0.0014641288433382138 -0.0009765625 -0.0014641288433382138 -0.0009765625 -0.0014641288433382138 -0.0009765625 -0.0014641288433382138
0  0.919921875 0.513177159590044 0.01953125 0.03953147877013177 0.9244033203125 0.5208901903367495 0.932189453125 0.5266032210834554 0.924900390625 0.5340541727672036 0.9174453125 0.5367862371888726 0.92026171875 0.5390219619326501
0  0.900390625 0.4707174231332357 0.0078125 0.01903367496339678 -0.0009765625 -0.0014641288433382138 -0.0009765625 -0.0014641288433382138 -0.0009765625 -0.0014641288433382138 -0.0009765625 -0.0014641288433382138 -0.0009765625 -0.0014641288433382138
