0  0.9931640625 0.3326822916666667 0.013671875 0.032552083333333336 -0.0009765625 -0.0013020833333333333 -0.0009765625 -0.0013020833333333333 -0.0009765625 -0.0013020833333333333 -0.0009765625 -0.0013020833333333333 -0.0009765625 -0.0013020833333333333
0  0.95458984375 0.3203125 0.0224609375 0.041666666666666664 0.950962890625 0.30998828125 0.9586142578125 0.31548177083333334 0.9490009765625 0.3199283854166667 0.944880859375 0.3241145833333333 0.95508203125 0.332484375
0  0.9013671875 0.3658854166666667 0.01171875 0.018229166666666668 -0.0009765625 -0.0013020833333333333 -0.0009765625 -0.0013020833333333333 -0.0009765625 -0.0013020833333333333 -0.0009765625 -0.0013020833333333333 -0.0009765625 -0.0013020833333333333
0  0.9228515625 0.4505208333333333 0.029296875 0.052083333333333336 0.9307080078125 0.4441145833333333 0.9324775390625 0.4427669270833334 0.9385458984375 0.45220703125 0.9286845703125 0.4640065104166667 0.93171875 0.4640065104166667
0  0.97509765625 0.4498697916666667 0.0205078125 0.03515625 -0.0009765625 -0.0013020833333333333 -0.0009765625 -0.0013020833333333333 -0.0009765625 -0.0013020833333333333 -0.0009765625 -0.0013020833333333333 -0.0009765625 -0.0013020833333333333
0  0.84423828125 0.40625 0.0126953125 0.026041666666666668 0.8445263671875 0.401046875 0.848572265625 0.401046875 0.84743359375 0.4076223958333333 0.8411123046875 0.4099817708333333 0.8412392578125 0.4104869791666667
0  0.814453125 0.3522135416666667 0.015625 0.01953125 -0.0009765625 -0.0013020833333333333 -0.0009765625 -0.0013020833333333333 -0.0009765625 -0.0013020833333333333 -0.0009765625 -0.0013020833333333333 -0.0009765625 -0.0013020833333333333
0  0.86376953125 0.4967447916666667 0.0341796875 0.048177083333333336 0.8635380859375 0.48965885416666666 0.8769404296875 0.49119921875 0.872087890625 0.49920963541666663 0.8619208984375 0.5069114583333333 0.87139453125 0.5081432291666667
0  0.75244140625 0.5013020833333334 0.0419921875 0.06770833333333333 0.7540546875 0.4974192708333333 0.770185546875 0.4987096354166667 0.7650234375 0.5107539062500001 0.7540546875 0.5202174479166667 0.763087890625 0.5202174479166667
0  0.74658203125 0.4348958333333333 0.0224609375 0.03125 -0.0009765625 -0.0013020833333333333 -0.0009765625 -0.0013020833333333333 -0.0009765625 -0.0013020833333333333 -0.0009765625 -0.0013020833333333333 -0.0009765625 -0.0013020833333333333
0  0.8447265625 0.359375 0.015625 0.020833333333333332 -0.0009765625 -0.0013020833333333333 -0.0009765625 -0.0013020833333333333 -0.0009765625 -0.0013020833333333333 -0.0009765625 -0.0013020833333333333 -0.0009765625 -0.0013020833333333333
0  0.74951171875 0.3619791666666667 0.0224609375 0.020833333333333332 -0.0009765625 -0.0013020833333333333 -0.0009765625 -0.0013020833333333333 -0.0009765625 -0.0013020833333333333 -0.0009765625 -0.0013020833333333333 -0.0009765625 -0.0013020833333333333
0  0.77197265625 0.341796875 0.0068359375 0.014322916666666666 -0.0009765625 -0.0013020833333333333 -0.0009765625 -0.0013020833333333333 -0.0009765625 -0.0013020833333333333 -0.0009765625 -0.0013020833333333333 -0.0009765625 -0.0013020833333333333
0  0.76806640625 0.328125 0.0068359375 0.013020833333333334 -0.0009765625 -0.0013020833333333333 -0.0009765625 -0.0013020833333333333 -0.0009765625 -0.0013020833333333333 -0.0009765625 -0.0013020833333333333 -0.0009765625 -0.0013020833333333333
0  0.8310546875 0.482421875 0.029296875 0.040364583333333336 0.837236328125 0.47771874999999997 0.84116015625 0.4769348958333333 0.843318359375 0.48295052083333334 0.839001953125 0.48975130208333334 0.841552734375 0.48922916666666666
0  0.72509765625 0.3678385416666667 0.0146484375 0.01953125 -0.0009765625 -0.0013020833333333333 -0.0009765625 -0.0013020833333333333 -0.0009765625 -0.0013020833333333333 -0.0009765625 -0.0013020833333333333 -0.0009765625 -0.0013020833333333333
0  0.70166015625 0.3515625 0.0166015625 0.020833333333333332 -0.0009765625 -0.0013020833333333333 -0.0009765625 -0.0013020833333333333 -0.0009765625 -0.0013020833333333333 -0.0009765625 -0.0013020833333333333 -0.0009765625 -0.0013020833333333333
0  0.68408203125 0.3912760416666667 0.0166015625 0.024739583333333332 0.6805419921875 0.384765625 0.687255859375 0.38623046875 0.6820068359375 0.3909505208333333 0.6820068359375 0.3961588541666667 0.6861572265625 0.3971354166666667
0  0.71875 0.4602864583333333 0.033203125 0.040364583333333336 0.7174072265625 0.4544270833333333 0.7287294921875 0.45385677083333337 0.7253115234375 0.46610546875 0.7174072265625 0.47237109375 0.7259521484375 0.4715169270833333
0  0.671875 0.3307291666666667 0.01171875 0.018229166666666668 -0.0009765625 -0.0013020833333333333 -0.0009765625 -0.0013020833333333333 -0.0009765625 -0.0013020833333333333 -0.0009765625 -0.0013020833333333333 -0.0009765625 -0.0013020833333333333
0  0.6748046875 0.3509114583333333 0.01171875 0.024739583333333332 -0.0009765625 -0.0013020833333333333 -0.0009765625 -0.0013020833333333333 -0.0009765625 -0.0013020833333333333 -0.0009765625 -0.0013020833333333333 -0.0009765625 -0.0013020833333333333
0  0.6826171875 0.5032552083333334 0.0390625 0.06640625 0.6913583984375 0.49134505208333334 0.694859375 0.48964713541666666 0.6980419921875 0.5006796875 0.694541015625 0.5189270833333334 0.6977236328125 0.5163802083333333
0  0.6396484375 0.408203125 0.01953125 0.032552083333333336 0.6330390625 0.40252994791666663 0.641828125 0.40232031250000005 0.636962890625 0.40985416666666663 0.6341376953125 0.4163411458333333 0.64088671875 0.4159231770833333
0  0.60400390625 0.412109375 0.0263671875 0.040364583333333336 0.5985107421875 0.4068776041666667 0.6098896484375 0.4087083333333333 0.6012578125 0.41655598958333334 0.5977255859375 0.42126432291666666 0.6081240234375 0.4220494791666667
0  0.5341796875 0.439453125 0.037109375 0.05859375 0.537876953125 0.4365703125 0.550990234375 0.4358255208333333 0.5465263671875 0.4495911458333333 0.5370400390625 0.45628776041666663 0.5370400390625 0.45628776041666663
0  0.49609375 0.5338541666666666 0.041015625 0.0625 0.49199609375 0.52678515625 0.510947265625 0.5247799479166667 0.5052314453125 0.54082421875 0.49380078125 0.5512526041666667 0.510345703125 0.5496471354166667
0  0.49365234375 0.3873697916666667 0.0244140625 0.040364583333333336 0.490478515625 0.38288281249999995 0.501029296875 0.3821145833333333 0.4962333984375 0.39081119791666663 0.490478515625 0.39797265624999995 0.4989189453125 0.3966940104166667
0  0.5947265625 0.341796875 0.017578125 0.02734375 0.5921279296875 0.33743098958333334 0.59983203125 0.33851302083333334 0.5967236328125 0.342296875 0.5933447265625 0.34752213541666666 0.59712890625 0.34752213541666666
0  0.5625 0.3873697916666667 0.021484375 0.037760416666666664 0.5655517578125 0.37890625 0.572509765625 0.38110416666666663 0.5736083984375 0.38794010416666663 0.5648193359375 0.39599609375 0.57177734375 0.3974609375
0  0.53564453125 0.33984375 0.0126953125 0.020833333333333332 -0.0009765625 -0.0013020833333333333 -0.0009765625 -0.0013020833333333333 -0.0009765625 -0.0013020833333333333 -0.0009765625 -0.0013020833333333333 -0.0009765625 -0.0013020833333333333
0  0.4892578125 0.3430989583333333 0.015625 0.022135416666666668 -0.0009765625 -0.0013020833333333333 -0.0009765625 -0.0013020833333333333 -0.0009765625 -0.0013020833333333333 -0.0009765625 -0.0013020833333333333 -0.0009765625 -0.0013020833333333333
0  0.48046875 0.3541666666666667 0.015625 0.026041666666666668 -0.0009765625 -0.0013020833333333333 -0.0009765625 -0.0013020833333333333 -0.0009765625 -0.0013020833333333333 -0.0009765625 -0.0013020833333333333 -0.0009765625 -0.0013020833333333333
0  0.60986328125 0.3424479166666667 0.0126953125 0.015625 -0.0009765625 -0.0013020833333333333 -0.0009765625 -0.0013020833333333333 -0.0009765625 -0.0013020833333333333 -0.0009765625 -0.0013020833333333333 -0.0009765625 -0.0013020833333333333
0  0.619140625 0.375 0.01171875 0.020833333333333332 -0.0009765625 -0.0013020833333333333 -0.0009765625 -0.0013020833333333333 -0.0009765625 -0.0013020833333333333 -0.0009765625 -0.0013020833333333333 -0.0009765625 -0.0013020833333333333
0  0.46875 0.357421875 0.01953125 0.032552083333333336 0.4692294921875 0.3518294270833333 0.476810546875 0.34989453125 0.478423828125 0.35849739583333334 0.471810546875 0.364734375 0.47648828125 0.3636588541666667
0  0.41455078125 0.384765625 0.0283203125 0.040364583333333336 -0.0009765625 -0.0013020833333333333 -0.0009765625 -0.0013020833333333333 -0.0009765625 -0.0013020833333333333 -0.0009765625 -0.0013020833333333333 -0.0009765625 -0.0013020833333333333
0  0.4501953125 0.4088541666666667 0.025390625 0.0390625 0.4533818359375 0.40520312500000005 0.460880859375 0.404703125 0.458630859375 0.41495182291666666 0.4531943359375 0.41920052083333337 0.4560068359375 0.41995052083333334
0  0.35791015625 0.41796875 0.0283203125 0.041666666666666664 0.361345703125 0.4115625 0.3695849609375 0.40816276041666666 0.3695849609375 0.4201953125 0.3633076171875 0.42961197916666666 0.37056640625 0.42751953125
0  0.3017578125 0.4153645833333333 0.03125 0.046875 -0.0009765625 -0.0013020833333333333 -0.0009765625 -0.0013020833333333333 -0.0009765625 -0.0013020833333333333 -0.0009765625 -0.0013020833333333333 -0.0009765625 -0.0013020833333333333
0  0.33154296875 0.3802083333333333 0.0244140625 0.0390625 0.33056640625 0.37231510416666663 0.340271484375 0.37231510416666663 0.3360595703125 0.38061458333333337 0.328552734375 0.38647395833333337 0.34063671875 0.38745052083333337
0  0.36376953125 0.3723958333333333 0.0185546875 0.036458333333333336 -0.0009765625 -0.0013020833333333333 -0.0009765625 -0.0013020833333333333 -0.0009765625 -0.0013020833333333333 -0.0009765625 -0.0013020833333333333 -0.0009765625 -0.0013020833333333333
0  0.376953125 0.3619791666666667 0.01953125 0.03125 -0.0009765625 -0.0013020833333333333 -0.0009765625 -0.0013020833333333333 -0.0009765625 -0.0013020833333333333 -0.0009765625 -0.0013020833333333333 -0.0009765625 -0.0013020833333333333
0  0.30859375 0.337890625 0.021484375 0.032552083333333336 -0.0009765625 -0.0013020833333333333 -0.0009765625 -0.0013020833333333333 -0.0009765625 -0.0013020833333333333 -0.0009765625 -0.0013020833333333333 -0.0009765625 -0.0013020833333333333
0  0.29052734375 0.345703125 0.0224609375 0.032552083333333336 -0.0009765625 -0.0013020833333333333 -0.0009765625 -0.0013020833333333333 -0.0009765625 -0.0013020833333333333 -0.0009765625 -0.0013020833333333333 -0.0009765625 -0.0013020833333333333
0  0.3935546875 0.2838541666666667 0.009765625 0.015625 0.39284375 0.2818203125 0.3975869140625 0.2820169270833333 0.39551171875 0.2837955729166667 0.39336328125 0.2863658854166667 0.396919921875 0.28666145833333334
0  0.3037109375 0.2877604166666667 0.009765625 0.013020833333333334 -0.0009765625 -0.0013020833333333333 -0.0009765625 -0.0013020833333333333 -0.0009765625 -0.0013020833333333333 -0.0009765625 -0.0013020833333333333 -0.0009765625 -0.0013020833333333333
0  0.34326171875 0.330078125 0.0146484375 0.01953125 -0.0009765625 -0.0013020833333333333 -0.0009765625 -0.0013020833333333333 -0.0009765625 -0.0013020833333333333 -0.0009765625 -0.0013020833333333333 -0.0009765625 -0.0013020833333333333
0  0.2861328125 0.2877604166666667 0.01171875 0.015625 -0.0009765625 -0.0013020833333333333 -0.0009765625 -0.0013020833333333333 -0.0009765625 -0.0013020833333333333 -0.0009765625 -0.0013020833333333333 -0.0009765625 -0.0013020833333333333
0  0.43994140625 0.640625 0.0595703125 0.0859375 0.4247001953125 0.632765625 0.455435546875 0.6333125000000001 0.4402724609375 0.6573541666666667 0.4287978515625 0.6682825520833333 0.450517578125 0.6688294270833333
0  0.54296875 0.5188802083333334 0.04296875 0.05078125 -0.0009765625 -0.0013020833333333333 -0.0009765625 -0.0013020833333333333 -0.0009765625 -0.0013020833333333333 -0.0009765625 -0.0013020833333333333 -0.0009765625 -0.0013020833333333333
0  0.36767578125 0.5052083333333334 0.0361328125 0.0546875 0.36113671875 0.4944895833333333 0.377876953125 0.494140625 0.3689833984375 0.5056497395833334 0.3629677734375 0.51471875 0.37473828125 0.51471875
0  0.41162109375 0.541015625 0.0478515625 0.06901041666666667 0.4088134765625 0.543015625 0.423392578125 0.5447825520833333 0.4180908203125 0.56201171875 0.4088134765625 0.5743815104166666 0.4227294921875 0.5726145833333333
0  0.51416015625 0.7428385416666666 0.0732421875 0.11067708333333333 0.5005927734375 0.7233541666666666 0.5225654296875 0.71916796875 0.50687109375 0.7373046875 0.5047783203125 0.7596263020833334 0.5230888671875 0.7589283854166666
0  0.958984375 0.916015625 0.08203125 0.16796875 -0.0009765625 -0.0013020833333333333 -0.0009765625 -0.0013020833333333333 -0.0009765625 -0.0013020833333333333 -0.0009765625 -0.0013020833333333333 -0.0009765625 -0.0013020833333333333
0  0.87353515625 0.6608072916666666 0.0517578125 0.07682291666666667 0.868216796875 0.6493736979166667 0.888841796875 0.6493736979166667 0.8852236328125 0.6648125 0.867130859375 0.6734973958333333 0.888841796875 0.6759088541666666
0  0.646484375 0.7239583333333334 0.015625 0.0625 -0.0009765625 -0.0013020833333333333 -0.0009765625 -0.0013020833333333333 -0.0009765625 -0.0013020833333333333 -0.0009765625 -0.0013020833333333333 -0.0009765625 -0.0013020833333333333
0  0.21337890625 0.7571614583333334 0.0947265625 0.12630208333333334 0.191388671875 0.7420299479166667 0.2385732421875 0.7356601562499999 0.2194609375 0.7786627604166667 0.197958984375 0.7890156250000001 0.2355869140625 0.7818489583333333
0  0.21630859375 0.54296875 0.0224609375 0.059895833333333336 -0.0009765625 -0.0013020833333333333 -0.0009765625 -0.0013020833333333333 -0.0009765625 -0.0013020833333333333 -0.0009765625 -0.0013020833333333333 -0.0009765625 -0.0013020833333333333
0  0.25634765625 0.4459635416666667 0.0361328125 0.055989583333333336 -0.0009765625 -0.0013020833333333333 -0.0009765625 -0.0013020833333333333 -0.0009765625 -0.0013020833333333333 -0.0009765625 -0.0013020833333333333 -0.0009765625 -0.0013020833333333333
0  0.05078125 0.521484375 0.052734375 0.061197916666666664 0.0331728515625 0.5125729166666667 0.052306640625 0.5107825520833333 0.03921484375 0.5300286458333333 0.041564453125 0.5385338541666667 0.053314453125 0.5376380208333333
0  0.09912109375 0.4908854166666667 0.0244140625 0.057291666666666664 -0.0009765625 -0.0013020833333333333 -0.0009765625 -0.0013020833333333333 -0.0009765625 -0.0013020833333333333 -0.0009765625 -0.0013020833333333333 -0.0009765625 -0.0013020833333333333
0  0.0888671875 0.41796875 0.033203125 0.057291666666666664 -0.0009765625 -0.0013020833333333333 -0.0009765625 -0.0013020833333333333 -0.0009765625 -0.0013020833333333333 -0.0009765625 -0.0013020833333333333 -0.0009765625 -0.0013020833333333333
0  0.18115234375 0.427734375 0.0341796875 0.055989583333333336 0.185529296875 0.4202356770833333 0.1947197265625 0.4191549479166667 0.1947197265625 0.4332096354166666 0.1857998046875 0.44546354166666663 0.1857998046875 0.44546354166666663
0  0.25244140625 0.3684895833333333 0.0205078125 0.033854166666666664 -0.0009765625 -0.0013020833333333333 -0.0009765625 -0.0013020833333333333 -0.0009765625 -0.0013020833333333333 -0.0009765625 -0.0013020833333333333 -0.0009765625 -0.0013020833333333333
0  0.27734375 0.3782552083333333 0.025390625 0.037760416666666664 -0.0009765625 -0.0013020833333333333 -0.0009765625 -0.0013020833333333333 -0.0009765625 -0.0013020833333333333 -0.0009765625 -0.0013020833333333333 -0.0009765625 -0.0013020833333333333
0  0.23095703125 0.35546875 0.0224609375 0.028645833333333332 -0.0009765625 -0.0013020833333333333 -0.0009765625 -0.0013020833333333333 -0.0009765625 -0.0013020833333333333 -0.0009765625 -0.0013020833333333333 -0.0009765625 -0.0013020833333333333
0  0.11083984375 0.3606770833333333 0.0283203125 0.0390625 0.10662890625 0.35571354166666663 0.11798046875 0.3525390625 0.113037109375 0.36157291666666663 0.10791015625 0.37231510416666663 0.120177734375 0.37109375
0  0.171875 0.3268229166666667 0.021484375 0.03125 0.16815234375 0.31986458333333334 0.1765439453125 0.32067838541666666 0.171966796875 0.32515494791666666 0.16815234375 0.33227604166666663 0.1753232421875 0.3326822916666667
0  0.07861328125 0.3098958333333333 0.0146484375 0.020833333333333332 -0.0009765625 -0.0013020833333333333 -0.0009765625 -0.0013020833333333333 -0.0009765625 -0.0013020833333333333 -0.0009765625 -0.0013020833333333333 -0.0009765625 -0.0013020833333333333
0  0.05810546875 0.3170572916666667 0.0166015625 0.022135416666666668 -0.0009765625 -0.0013020833333333333 -0.0009765625 -0.0013020833333333333 -0.0009765625 -0.0013020833333333333 -0.0009765625 -0.0013020833333333333 -0.0009765625 -0.0013020833333333333
0  0.1357421875 0.310546875 0.01171875 0.016927083333333332 -0.0009765625 -0.0013020833333333333 -0.0009765625 -0.0013020833333333333 -0.0009765625 -0.0013020833333333333 -0.0009765625 -0.0013020833333333333 -0.0009765625 -0.0013020833333333333
0  0.02783203125 0.3385416666666667 0.0224609375 0.03125 -0.0009765625 -0.0013020833333333333 -0.0009765625 -0.0013020833333333333 -0.0009765625 -0.0013020833333333333 -0.0009765625 -0.0013020833333333333 -0.0009765625 -0.0013020833333333333
0  0.28076171875 0.31640625 0.0146484375 0.020833333333333332 -0.0009765625 -0.0013020833333333333 -0.0009765625 -0.0013020833333333333 -0.0009765625 -0.0013020833333333333 -0.0009765625 -0.0013020833333333333 -0.0009765625 -0.0013020833333333333
0  0.2275390625 0.298828125 0.009765625 0.014322916666666666 -0.0009765625 -0.0013020833333333333 -0.0009765625 -0.0013020833333333333 -0.0009765625 -0.0013020833333333333 -0.0009765625 -0.0013020833333333333 -0.0009765625 -0.0013020833333333333
0  0.24267578125 0.3001302083333333 0.0107421875 0.016927083333333332 -0.0009765625 -0.0013020833333333333 -0.0009765625 -0.0013020833333333333 -0.0009765625 -0.0013020833333333333 -0.0009765625 -0.0013020833333333333 -0.0009765625 -0.0013020833333333333
0  0.71142578125 0.2994791666666667 0.0107421875 0.015625 -0.0009765625 -0.0013020833333333333 -0.0009765625 -0.0013020833333333333 -0.0009765625 -0.0013020833333333333 -0.0009765625 -0.0013020833333333333 -0.0009765625 -0.0013020833333333333
0  0.6826171875 0.2877604166666667 0.009765625 0.015625 -0.0009765625 -0.0013020833333333333 -0.0009765625 -0.0013020833333333333 -0.0009765625 -0.0013020833333333333 -0.0009765625 -0.0013020833333333333 -0.0009765625 -0.0013020833333333333
0  0.7080078125 0.3294270833333333 0.01171875 0.018229166666666668 -0.0009765625 -0.0013020833333333333 -0.0009765625 -0.0013020833333333333 -0.0009765625 -0.0013020833333333333 -0.0009765625 -0.0013020833333333333 -0.0009765625 -0.0013020833333333333
0  0.630859375 0.27734375 0.005859375 0.015625 -0.0009765625 -0.0013020833333333333 -0.0009765625 -0.0013020833333333333 -0.0009765625 -0.0013020833333333333 -0.0009765625 -0.0013020833333333333 -0.0009765625 -0.0013020833333333333
0  0.658203125 0.3040364583333333 0.009765625 0.01953125 -0.0009765625 -0.0013020833333333333 -0.0009765625 -0.0013020833333333333 -0.0009765625 -0.0013020833333333333 -0.0009765625 -0.0013020833333333333 -0.0009765625 -0.0013020833333333333
0  0.5927734375 0.2760416666666667 0.0078125 0.013020833333333334 -0.0009765625 -0.0013020833333333333 -0.0009765625 -0.0013020833333333333 -0.0009765625 -0.0013020833333333333 -0.0009765625 -0.0013020833333333333 -0.0009765625 -0.0013020833333333333
0  0.57861328125 0.328125 0.0087890625 0.015625 -0.0009765625 -0.0013020833333333333 -0.0009765625 -0.0013020833333333333 -0.0009765625 -0.0013020833333333333 -0.0009765625 -0.0013020833333333333 -0.0009765625 -0.0013020833333333333
0  0.62060546875 0.2786458333333333 0.0087890625 0.013020833333333334 -0.0009765625 -0.0013020833333333333 -0.0009765625 -0.0013020833333333333 -0.0009765625 -0.0013020833333333333 -0.0009765625 -0.0013020833333333333 -0.0009765625 -0.0013020833333333333
0  0.44775390625 0.3118489583333333 0.0107421875 0.014322916666666666 -0.0009765625 -0.0013020833333333333 -0.0009765625 -0.0013020833333333333 -0.0009765625 -0.0013020833333333333 -0.0009765625 -0.0013020833333333333 -0.0009765625 -0.0013020833333333333
0  0.5634765625 0.330078125 0.009765625 0.014322916666666666 -0.0009765625 -0.0013020833333333333 -0.0009765625 -0.0013020833333333333 -0.0009765625 -0.0013020833333333333 -0.0009765625 -0.0013020833333333333 -0.0009765625 -0.0013020833333333333
0  0.43359375 0.2649739583333333 0.0078125 0.01171875 -0.0009765625 -0.0013020833333333333 -0.0009765625 -0.0013020833333333333 -0.0009765625 -0.0013020833333333333 -0.0009765625 -0.0013020833333333333 -0.0009765625 -0.0013020833333333333
0  0.4921875 0.3072916666666667 0.0078125 0.013020833333333334 -0.0009765625 -0.0013020833333333333 -0.0009765625 -0.0013020833333333333 -0.0009765625 -0.0013020833333333333 -0.0009765625 -0.0013020833333333333 -0.0009765625 -0.0013020833333333333
0  0.373046875 0.306640625 0.01171875 0.016927083333333332 -0.0009765625 -0.0013020833333333333 -0.0009765625 -0.0013020833333333333 -0.0009765625 -0.0013020833333333333 -0.0009765625 -0.0013020833333333333 -0.0009765625 -0.0013020833333333333
0  0.36962890625 0.3346354166666667 0.0126953125 0.018229166666666668 -0.0009765625 -0.0013020833333333333 -0.0009765625 -0.0013020833333333333 -0.0009765625 -0.0013020833333333333 -0.0009765625 -0.0013020833333333333 -0.0009765625 -0.0013020833333333333
0  0.50341796875 0.33984375 0.0126953125 0.020833333333333332 -0.0009765625 -0.0013020833333333333 -0.0009765625 -0.0013020833333333333 -0.0009765625 -0.0013020833333333333 -0.0009765625 -0.0013020833333333333 -0.0009765625 -0.0013020833333333333
0  0.42041015625 0.2838541666666667 0.0068359375 0.013020833333333334 -0.0009765625 -0.0013020833333333333 -0.0009765625 -0.0013020833333333333 -0.0009765625 -0.0013020833333333333 -0.0009765625 -0.0013020833333333333 -0.0009765625 -0.0013020833333333333
0  0.35302734375 0.294921875 0.0087890625 0.014322916666666666 -0.0009765625 -0.0013020833333333333 -0.0009765625 -0.0013020833333333333 -0.0009765625 -0.0013020833333333333 -0.0009765625 -0.0013020833333333333 -0.0009765625 -0.0013020833333333333
0  0.40625 0.30078125 0.009765625 0.015625 -0.0009765625 -0.0013020833333333333 -0.0009765625 -0.0013020833333333333 -0.0009765625 -0.0013020833333333333 -0.0009765625 -0.0013020833333333333 -0.0009765625 -0.0013020833333333333
0  0.0986328125 0.3033854166666667 0.009765625 0.015625 -0.0009765625 -0.0013020833333333333 -0.0009765625 -0.0013020833333333333 -0.0009765625 -0.0013020833333333333 -0.0009765625 -0.0013020833333333333 -0.0009765625 -0.0013020833333333333
0  0.15576171875 0.3860677083333333 0.0302734375 0.04296875 0.1522783203125 0.37841796875 0.166826171875 0.37541276041666666 0.163138671875 0.3833359375 0.158015625 0.39043880208333337 0.1678505859375 0.38770703125
0  0.18017578125 0.28515625 0.0107421875 0.015625 -0.0009765625 -0.0013020833333333333 -0.0009765625 -0.0013020833333333333 -0.0009765625 -0.0013020833333333333 -0.0009765625 -0.0013020833333333333 -0.0009765625 -0.0013020833333333333
0  0.2177734375 0.3053385416666667 0.013671875 0.01953125 -0.0009765625 -0.0013020833333333333 -0.0009765625 -0.0013020833333333333 -0.0009765625 -0.0013020833333333333 -0.0009765625 -0.0013020833333333333 -0.0009765625 -0.0013020833333333333
0  0.42578125 0.3287760416666667 0.01171875 0.022135416666666668 -0.0009765625 -0.0013020833333333333 -0.0009765625 -0.0013020833333333333 -0.0009765625 -0.0013020833333333333 -0.0009765625 -0.0013020833333333333 -0.0009765625 -0.0013020833333333333
0  0.0234375 0.3984375 0.0390625 0.059895833333333336 0.012529296875 0.3980533854166666 0.0306572265625 0.4034244791666666 0.018859375 0.4149348958333334 0.01310546875 0.42145703124999995 0.022888671875 0.4229908854166667
0  0.02783203125 0.2916666666666667 0.0107421875 0.013020833333333334 -0.0009765625 -0.0013020833333333333 -0.0009765625 -0.0013020833333333333 -0.0009765625 -0.0013020833333333333 -0.0009765625 -0.0013020833333333333 -0.0009765625 -0.0013020833333333333
0  0.2431640625 0.3203125 0.01171875 0.018229166666666668 -0.0009765625 -0.0013020833333333333 -0.0009765625 -0.0013020833333333333 -0.0009765625 -0.0013020833333333333 -0.0009765625 -0.0013020833333333333 -0.0009765625 -0.0013020833333333333
0  0.8369140625 0.15299479166666666 0.009765625 0.016927083333333332 -0.0009765625 -0.0013020833333333333 -0.0009765625 -0.0013020833333333333 -0.0009765625 -0.0013020833333333333 -0.0009765625 -0.0013020833333333333 -0.0009765625 -0.0013020833333333333
0  0.13818359375 0.28515625 0.0107421875 0.013020833333333334 -0.0009765625 -0.0013020833333333333 -0.0009765625 -0.0013020833333333333 -0.0009765625 -0.0013020833333333333 -0.0009765625 -0.0013020833333333333 -0.0009765625 -0.0013020833333333333
0  0.2978515625 0.21028645833333334 0.009765625 0.016927083333333332 -0.0009765625 -0.0013020833333333333 -0.0009765625 -0.0013020833333333333 -0.0009765625 -0.0013020833333333333 -0.0009765625 -0.0013020833333333333 -0.0009765625 -0.0013020833333333333
0  0.25927734375 0.30078125 0.0107421875 0.015625 -0.0009765625 -0.0013020833333333333 -0.0009765625 -0.0013020833333333333 -0.0009765625 -0.0013020833333333333 -0.0009765625 -0.0013020833333333333 -0.0009765625 -0.0013020833333333333
0  0.26123046875 0.28125 0.0087890625 0.013020833333333334 -0.0009765625 -0.0013020833333333333 -0.0009765625 -0.0013020833333333333 -0.0009765625 -0.0013020833333333333 -0.0009765625 -0.0013020833333333333 -0.0009765625 -0.0013020833333333333
0  0.078125 0.2884114583333333 0.0078125 0.01171875 -0.0009765625 -0.0013020833333333333 -0.0009765625 -0.0013020833333333333 -0.0009765625 -0.0013020833333333333 -0.0009765625 -0.0013020833333333333 -0.0009765625 -0.0013020833333333333
0  0.1708984375 0.3072916666666667 0.01171875 0.018229166666666668 -0.0009765625 -0.0013020833333333333 -0.0009765625 -0.0013020833333333333 -0.0009765625 -0.0013020833333333333 -0.0009765625 -0.0013020833333333333 -0.0009765625 -0.0013020833333333333
0  0.51904296875 0.33203125 0.0107421875 0.018229166666666668 -0.0009765625 -0.0013020833333333333 -0.0009765625 -0.0013020833333333333 -0.0009765625 -0.0013020833333333333 -0.0009765625 -0.0013020833333333333 -0.0009765625 -0.0013020833333333333
0  0.6728515625 0.3958333333333333 0.013671875 0.0234375 -0.0009765625 -0.0013020833333333333 -0.0009765625 -0.0013020833333333333 -0.0009765625 -0.0013020833333333333 -0.0009765625 -0.0013020833333333333 -0.0009765625 -0.0013020833333333333
0  0.4326171875 0.3776041666666667 0.01953125 0.03125 -0.0009765625 -0.0013020833333333333 -0.0009765625 -0.0013020833333333333 -0.0009765625 -0.0013020833333333333 -0.0009765625 -0.0013020833333333333 -0.0009765625 -0.0013020833333333333
0  0.33544921875 0.283203125 0.0126953125 0.01953125 -0.0009765625 -0.0013020833333333333 -0.0009765625 -0.0013020833333333333 -0.0009765625 -0.0013020833333333333 -0.0009765625 -0.0013020833333333333 -0.0009765625 -0.0013020833333333333
0  0.51611328125 0.3203125 0.0146484375 0.026041666666666668 -0.0009765625 -0.0013020833333333333 -0.0009765625 -0.0013020833333333333 -0.0009765625 -0.0013020833333333333 -0.0009765625 -0.0013020833333333333 -0.0009765625 -0.0013020833333333333
0  0.93798828125 0.4830729166666667 0.0166015625 0.033854166666666664 -0.0009765625 -0.0013020833333333333 -0.0009765625 -0.0013020833333333333 -0.0009765625 -0.0013020833333333333 -0.0009765625 -0.0013020833333333333 -0.0009765625 -0.0013020833333333333
0  0.0048828125 0.23567708333333334 0.009765625 0.020833333333333332 -0.0009765625 -0.0013020833333333333 -0.0009765625 -0.0013020833333333333 -0.0009765625 -0.0013020833333333333 -0.0009765625 -0.0013020833333333333 -0.0009765625 -0.0013020833333333333
