0  0.81396484375 0.5993975903614458 0.0712890625 0.1897590361445783 0.803876953125 0.5730692771084337 0.8054287109375 0.5754623493975904 0.7798203125 0.577855421686747 0.785251953125 0.6305135542168675 0.7868046875 0.6352996987951807
0  0.84716796875 0.4563253012048193 0.0947265625 0.1686746987951807 0.8170517578125 0.4302394578313253 0.8375859375 0.4460722891566265 0.8033623046875 0.46190512048192767 0.8170517578125 0.4872394578313253 0.830056640625 0.49251656626506024
0  0.9345703125 0.2522590361445783 0.068359375 0.13704819277108435 0.916224609375 0.22654969879518072 0.9312919921875 0.2437605421686747 0.901158203125 0.2618328313253012 0.90673828125 0.27388102409638554 0.920130859375 0.28592921686746986
0  0.7138671875 0.3125 0.07421875 0.11897590361445783 0.6896669921875 0.2923373493975904 0.6930546875 0.29830722891566264 0.677568359375 0.3117409638554217 0.685794921875 0.33711445783132526 0.68869921875 0.34009939759036145
0  0.68798828125 0.16566265060240964 0.0419921875 0.07228915662650602 0.6741591796875 0.1563840361445783 0.6851279296875 0.16141415662650602 0.6729736328125 0.17192921686746987 0.6729736328125 0.18610090361445783 0.6812744140625 0.1888448795180723
0  0.61669921875 0.25 0.0478515625 0.10240963855421686 0.605259765625 0.2306370481927711 0.6060966796875 0.2319277108433735 0.5956337890625 0.2519367469879518 0.6044228515625 0.2667816265060241 0.605259765625 0.2680722891566265
0  0.5703125 0.20180722891566266 0.041015625 0.08433734939759036 0.556919921875 0.19061897590361446 0.5659873046875 0.1959984939759036 0.5516884765625 0.20783132530120482 0.5562216796875 0.22181626506024096 0.5635458984375 0.2255813253012048
0  0.59912109375 0.1302710843373494 0.0341796875 0.05572289156626506 0.591701171875 0.11459186746987951 0.6094931640625 0.11637349397590362 0.5984013671875 0.1284894578313253 0.5905458984375 0.12920180722891567 0.6062578125 0.13240963855421686
0  0.5234375 0.2545180722891566 0.044921875 0.0783132530120482 0.508109375 0.24007680722891567 0.52617578125 0.23957831325301207 0.5158515625 0.25599698795180725 0.510044921875 0.2624653614457831 0.5274658203125 0.26047439759036145
0  0.52294921875 0.09262048192771084 0.0244140625 0.046686746987951805 -0.0009765625 -0.0015060240963855422 -0.0009765625 -0.0015060240963855422 -0.0009765625 -0.0015060240963855422 -0.0009765625 -0.0015060240963855422 -0.0009765625 -0.0015060240963855422
0  0.48828125 0.10391566265060241 0.041015625 0.06325301204819277 0.47776171875 0.08888253012048193 0.4931943359375 0.086105421686747 0.48625 0.10236897590361446 0.4823916015625 0.11307981927710842 0.4931943359375 0.11189006024096386
0  0.4677734375 0.038403614457831324 0.01171875 0.01957831325301205 -0.0009765625 -0.0015060240963855422 -0.0009765625 -0.0015060240963855422 -0.0009765625 -0.0015060240963855422 -0.0009765625 -0.0015060240963855422 -0.0009765625 -0.0015060240963855422
0  0.458984375 0.03463855421686747 0.01171875 0.02108433734939759 -0.0009765625 -0.0015060240963855422 -0.0009765625 -0.0015060240963855422 -0.0009765625 -0.0015060240963855422 -0.0009765625 -0.0015060240963855422 -0.0009765625 -0.0015060240963855422
0  0.45361328125 0.2003012048192771 0.0341796875 0.06626506024096386 0.4468076171875 0.18895933734939757 0.46273828125 0.18895933734939757 0.4555966796875 0.20590210843373494 0.44790625 0.21352560240963855 0.459716796875 0.21564457831325298
0  0.39990234375 0.2063253012048193 0.0419921875 0.08734939759036145 0.404841796875 0.19441114457831324 0.414611328125 0.19775903614457832 0.4164208984375 0.2145015060240964 0.4026708984375 0.22789307228915662 0.411716796875 0.2317996987951807
0  0.35546875 0.2876506024096386 0.0546875 0.08734939759036145 -0.0009765625 -0.0015060240963855422 -0.0009765625 -0.0015060240963855422 -0.0009765625 -0.0015060240963855422 -0.0009765625 -0.0015060240963855422 -0.0009765625 -0.0015060240963855422
0  0.36767578125 0.1566265060240964 0.0439453125 0.07228915662650602 -0.0009765625 -0.0015060240963855422 -0.0009765625 -0.0015060240963855422 -0.0009765625 -0.0015060240963855422 -0.0009765625 -0.0015060240963855422 -0.0009765625 -0.0015060240963855422
0  0.29345703125 0.37198795180722893 0.0537109375 0.10843373493975904 0.3061787109375 0.3583328313253012 0.3101416015625 0.34950451807228916 0.3171865234375 0.36648192771084337 0.306619140625 0.3977183734939759 0.311462890625 0.3888900602409639
0  0.1357421875 0.5926204819277109 0.134765625 0.2063253012048193 0.1344033203125 0.5958012048192771 0.180310546875 0.560402108433735 0.180310546875 0.6180888554216868 0.131853515625 0.6534864457831325 0.1837119140625 0.6207108433734939
0  0.0869140625 0.23343373493975902 0.072265625 0.1144578313253012 0.0755966796875 0.22975 0.10761328125 0.2246671686746988 0.0953720703125 0.253710843373494 0.0821884765625 0.27041265060240965 0.1094970703125 0.2638765060240964
0  0.2099609375 0.2213855421686747 0.052734375 0.07228915662650602 0.2108154296875 0.20717168674698797 0.2262578125 0.197335843373494 0.23162890625 0.21597289156626506 0.217865234375 0.2371987951807229 0.23095703125 0.23046837349397592
0  0.2646484375 0.1686746987951807 0.0390625 0.07228915662650602 0.2569404296875 0.1586430722891566 0.2728837890625 0.15585993975903614 0.26837109375 0.1693132530120482 0.26235546875 0.18462198795180723 0.2749892578125 0.18230271084337352
0  0.33349609375 0.12198795180722892 0.0185546875 0.02710843373493976 -0.0009765625 -0.0015060240963855422 -0.0009765625 -0.0015060240963855422 -0.0009765625 -0.0015060240963855422 -0.0009765625 -0.0015060240963855422 -0.0009765625 -0.0015060240963855422
0  0.3466796875 0.07153614457831325 0.013671875 0.022590361445783132 -0.0009765625 -0.0015060240963855422 -0.0009765625 -0.0015060240963855422 -0.0009765625 -0.0015060240963855422 -0.0009765625 -0.0015060240963855422 -0.0009765625 -0.0015060240963855422
0  0.314453125 0.10391566265060241 0.01171875 0.018072289156626505 -0.0009765625 -0.0015060240963855422 -0.0009765625 -0.0015060240963855422 -0.0009765625 -0.0015060240963855422 -0.0009765625 -0.0015060240963855422 -0.0009765625 -0.0015060240963855422
0  0.38720703125 0.10015060240963855 0.0185546875 0.0286144578313253 -0.0009765625 -0.0015060240963855422 -0.0009765625 -0.0015060240963855422 -0.0009765625 -0.0015060240963855422 -0.0009765625 -0.0015060240963855422 -0.0009765625 -0.0015060240963855422
0  0.25439453125 0.11370481927710843 0.0302734375 0.05271084337349398 -0.0009765625 -0.0015060240963855422 -0.0009765625 -0.0015060240963855422 -0.0009765625 -0.0015060240963855422 -0.0009765625 -0.0015060240963855422 -0.0009765625 -0.0015060240963855422
0  0.197265625 0.10993975903614457 0.029296875 0.04819277108433735 0.1906953125 0.09799246987951807 0.2030556640625 0.0964789156626506 0.1995234375 0.1106987951807229 0.194619140625 0.11886897590361446 0.204232421875 0.1158433734939759
0  0.02294921875 0.1844879518072289 0.0458984375 0.09487951807228916 0.00183984375 0.17526355421686746 0.0222431640625 0.17223795180722892 0.0065478515625 0.1940210843373494 0.0081171875 0.21096385542168677 0.024205078125 0.20914909638554216
0  0.0205078125 0.10692771084337349 0.0390625 0.05421686746987952 -0.0009765625 -0.0015060240963855422 -0.0009765625 -0.0015060240963855422 -0.0009765625 -0.0015060240963855422 -0.0009765625 -0.0015060240963855422 -0.0009765625 -0.0015060240963855422
0  0.0869140625 0.07153614457831325 0.0234375 0.04066265060240964 0.08808203125 0.06286295180722891 0.0960341796875 0.059542168674698796 0.09454296875 0.06848343373493976 0.0897392578125 0.07742620481927712 0.096697265625 0.07384939759036145
0  0.15283203125 0.07981927710843373 0.0283203125 0.0391566265060241 -0.0009765625 -0.0015060240963855422 -0.0009765625 -0.0015060240963855422 -0.0009765625 -0.0015060240963855422 -0.0009765625 -0.0015060240963855422 -0.0009765625 -0.0015060240963855422
0  0.12890625 0.07153614457831325 0.01953125 0.03765060240963856 -0.0009765625 -0.0015060240963855422 -0.0009765625 -0.0015060240963855422 -0.0009765625 -0.0015060240963855422 -0.0009765625 -0.0015060240963855422 -0.0009765625 -0.0015060240963855422
0  0.2509765625 0.04743975903614458 0.013671875 0.025602409638554216 -0.0009765625 -0.0015060240963855422 -0.0009765625 -0.0015060240963855422 -0.0009765625 -0.0015060240963855422 -0.0009765625 -0.0015060240963855422 -0.0009765625 -0.0015060240963855422
0  0.26611328125 0.04442771084337349 0.0146484375 0.022590361445783132 -0.0009765625 -0.0015060240963855422 -0.0009765625 -0.0015060240963855422 -0.0009765625 -0.0015060240963855422 -0.0009765625 -0.0015060240963855422 -0.0009765625 -0.0015060240963855422
0  0.20068359375 0.045180722891566265 0.0126953125 0.02108433734939759 -0.0009765625 -0.0015060240963855422 -0.0009765625 -0.0015060240963855422 -0.0009765625 -0.0015060240963855422 -0.0009765625 -0.0015060240963855422 -0.0009765625 -0.0015060240963855422
0  0.17822265625 0.018072289156626505 0.0087890625 0.018072289156626505 -0.0009765625 -0.0015060240963855422 -0.0009765625 -0.0015060240963855422 -0.0009765625 -0.0015060240963855422 -0.0009765625 -0.0015060240963855422 -0.0009765625 -0.0015060240963855422
0  0.02734375 0.023343373493975902 0.01953125 0.0286144578313253 0.02268359375 0.013231927710843373 0.0314072265625 0.012451807228915663 0.026349609375 0.021030120481927712 0.0250859375 0.025905120481927713 0.0307744140625 0.025515060240963856
0  0.00537109375 0.03463855421686747 0.0107421875 0.02108433734939759 -0.0009765625 -0.0015060240963855422 -0.0009765625 -0.0015060240963855422 -0.0009765625 -0.0015060240963855422 -0.0009765625 -0.0015060240963855422 -0.0009765625 -0.0015060240963855422
0  0.044921875 0.01882530120481928 0.01171875 0.0286144578313253 -0.0009765625 -0.0015060240963855422 -0.0009765625 -0.0015060240963855422 -0.0009765625 -0.0015060240963855422 -0.0009765625 -0.0015060240963855422 -0.0009765625 -0.0015060240963855422
0  0.05078125 0.02108433734939759 0.009765625 0.02108433734939759 -0.0009765625 -0.0015060240963855422 -0.0009765625 -0.0015060240963855422 -0.0009765625 -0.0015060240963855422 -0.0009765625 -0.0015060240963855422 -0.0009765625 -0.0015060240963855422
0  0.0546875 0.00677710843373494 0.013671875 0.01355421686746988 -0.0009765625 -0.0015060240963855422 -0.0009765625 -0.0015060240963855422 -0.0009765625 -0.0015060240963855422 -0.0009765625 -0.0015060240963855422 -0.0009765625 -0.0015060240963855422
0  0.0654296875 0.0286144578313253 0.017578125 0.02710843373493976 -0.0009765625 -0.0015060240963855422 -0.0009765625 -0.0015060240963855422 -0.0009765625 -0.0015060240963855422 -0.0009765625 -0.0015060240963855422 -0.0009765625 -0.0015060240963855422
0  0.1015625 0.022590361445783132 0.01171875 0.018072289156626505 -0.0009765625 -0.0015060240963855422 -0.0009765625 -0.0015060240963855422 -0.0009765625 -0.0015060240963855422 -0.0009765625 -0.0015060240963855422 -0.0009765625 -0.0015060240963855422
0  0.11376953125 0.02033132530120482 0.0126953125 0.01957831325301205 -0.0009765625 -0.0015060240963855422 -0.0009765625 -0.0015060240963855422 -0.0009765625 -0.0015060240963855422 -0.0009765625 -0.0015060240963855422 -0.0009765625 -0.0015060240963855422
0  0.14306640625 0.015060240963855422 0.0087890625 0.018072289156626505 -0.0009765625 -0.0015060240963855422 -0.0009765625 -0.0015060240963855422 -0.0009765625 -0.0015060240963855422 -0.0009765625 -0.0015060240963855422 -0.0009765625 -0.0015060240963855422
0  0.28955078125 0.011295180722891566 0.0068359375 0.01355421686746988 -0.0009765625 -0.0015060240963855422 -0.0009765625 -0.0015060240963855422 -0.0009765625 -0.0015060240963855422 -0.0009765625 -0.0015060240963855422 -0.0009765625 -0.0015060240963855422
0  0.3701171875 0.03162650602409638 0.00390625 0.006024096385542169 -0.0009765625 -0.0015060240963855422 -0.0009765625 -0.0015060240963855422 -0.0009765625 -0.0015060240963855422 -0.0009765625 -0.0015060240963855422 -0.0009765625 -0.0015060240963855422
0  0.38720703125 0.030120481927710843 0.0029296875 0.006024096385542169 -0.0009765625 -0.0015060240963855422 -0.0009765625 -0.0015060240963855422 -0.0009765625 -0.0015060240963855422 -0.0009765625 -0.0015060240963855422 -0.0009765625 -0.0015060240963855422
