0  0.93359375 0.5534407027818448 0.03125 0.06149341142020498 0.9256591796875 0.5495183016105417 0.9285849609375 0.5519106881405563 0.91980859375 0.5590878477306004 0.921138671875 0.5758345534407028 0.923 0.5762327964860908
0  0.8828125 0.54099560761347 0.013671875 0.04538799414348463 -0.0009765625 -0.0014641288433382138 -0.0009765625 -0.0014641288433382138 -0.0009765625 -0.0014641288433382138 -0.0009765625 -0.0014641288433382138 -0.0009765625 -0.0014641288433382138
0  0.90869140625 0.4707174231332357 0.0263671875 0.03367496339677892 0.89975390625 0.4625212298682284 0.912013671875 0.4652532942898975 0.9004169921875 0.472207906295754 0.8976005859375 0.47965885797950225 0.9050556640625 0.48065300146412887
0  0.935546875 0.4407027818448023 0.017578125 0.032210834553440704 0.931919921875 0.436519765739385 0.9334541015625 0.43735578330893116 0.930384765625 0.44425915080527084 0.931919921875 0.4480234260614934 0.934849609375 0.44969692532942895
0  0.86083984375 0.4868228404099561 0.0166015625 0.024890190336749635 0.8601904296875 0.48355490483162517 0.860408203125 0.48371742313323574 0.8534326171875 0.4856793557833089 0.8577919921875 0.49548316251830166 0.8580107421875 0.49564714494875545
0  0.84326171875 0.47218155197657397 0.0146484375 0.024890190336749635 -0.0009765625 -0.0014641288433382138 -0.0009765625 -0.0014641288433382138 -0.0009765625 -0.0014641288433382138 -0.0009765625 -0.0014641288433382138 -0.0009765625 -0.0014641288433382138
0  0.958984375 0.677891654465593 0.048828125 0.1259150805270864 0.9528125 0.6570131771595901 0.954130859375 0.6591947291361641 0.937041015625 0.6736163982430453 0.943564453125 0.7088579795021962 0.94458984375 0.7099853587115666
0  0.96826171875 0.5775988286969254 0.0263671875 0.06588579795021962 -0.0009765625 -0.0014641288433382138 -0.0009765625 -0.0014641288433382138 -0.0009765625 -0.0014641288433382138 -0.0009765625 -0.0014641288433382138 -0.0009765625 -0.0014641288433382138
0  0.9951171875 0.5109809663250366 0.009765625 0.032210834553440704 -0.0009765625 -0.0014641288433382138 -0.0009765625 -0.0014641288433382138 -0.0009765625 -0.0014641288433382138 -0.0009765625 -0.0014641288433382138 -0.0009765625 -0.0014641288433382138
0  0.83056640625 0.6185944363103953 0.0244140625 0.03953147877013177 0.8249775390625 0.6091625183016105 0.8351787109375 0.616809663250366 0.8254873046875 0.6188491947291361 0.820896484375 0.6272620790629576 0.827357421875 0.6303206442166911
0  0.7734375 0.5856515373352855 0.033203125 0.07906295754026355 0.7661484375 0.5732591508052709 0.770787109375 0.5782269399707174 0.7581962890625 0.5831932650073207 0.761509765625 0.6055475841874085 0.7628349609375 0.6075344070278185
0  0.8056640625 0.48755490483162517 0.015625 0.02635431918008785 -0.0009765625 -0.0014641288433382138 -0.0009765625 -0.0014641288433382138 -0.0009765625 -0.0014641288433382138 -0.0009765625 -0.0014641288433382138 -0.0009765625 -0.0014641288433382138
0  0.7021484375 0.5937042459736457 0.048828125 0.08052708638360176 0.6916064453125 0.578696925329429 0.6963671875 0.5802269399707174 0.680044921875 0.5960307467057101 0.6878662109375 0.6123455344070279 0.6905869140625 0.6154040995607614
0  0.7978515625 0.4685212298682284 0.009765625 0.02342606149341142 -0.0009765625 -0.0014641288433382138 -0.0009765625 -0.0014641288433382138 -0.0009765625 -0.0014641288433382138 -0.0009765625 -0.0014641288433382138 -0.0009765625 -0.0014641288433382138
0  0.72021484375 0.4465592972181552 0.0107421875 0.017569546120058566 -0.0009765625 -0.0014641288433382138 -0.0009765625 -0.0014641288433382138 -0.0009765625 -0.0014641288433382138 -0.0009765625 -0.0014641288433382138 -0.0009765625 -0.0014641288433382138
0  0.681640625 0.4882869692532943 0.01171875 0.03074670571010249 -0.0009765625 -0.0014641288433382138 -0.0009765625 -0.0014641288433382138 -0.0009765625 -0.0014641288433382138 -0.0009765625 -0.0014641288433382138 -0.0009765625 -0.0014641288433382138
0  0.71728515625 0.4224011713030747 0.0068359375 0.013177159590043924 -0.0009765625 -0.0014641288433382138 -0.0009765625 -0.0014641288433382138 -0.0009765625 -0.0014641288433382138 -0.0009765625 -0.0014641288433382138 -0.0009765625 -0.0014641288433382138
0  0.7626953125 0.41800878477306 0.0078125 0.016105417276720352 -0.0009765625 -0.0014641288433382138 -0.0009765625 -0.0014641288433382138 -0.0009765625 -0.0014641288433382138 -0.0009765625 -0.0014641288433382138 -0.0009765625 -0.0014641288433382138
0  0.70556640625 0.43997071742313326 0.0087890625 0.016105417276720352 0.7036259765625 0.438415812591508 0.7072578125 0.43897071742313326 0.7037001953125 0.44263689604685214 0.703033203125 0.4463045387994144 0.705626953125 0.44641581259150803
0  0.70849609375 0.4238653001464129 0.0068359375 0.013177159590043924 -0.0009765625 -0.0014641288433382138 -0.0009765625 -0.0014641288433382138 -0.0009765625 -0.0014641288433382138 -0.0009765625 -0.0014641288433382138 -0.0009765625 -0.0014641288433382138
0  0.77978515625 0.5424597364568082 0.0302734375 0.05710102489019034 0.772705078125 0.5252562225475842 0.777099609375 0.527086383601757 0.7646484375 0.5402635431918009 0.76904296875 0.5552708638360175 0.76904296875 0.5552708638360175
0  0.64208984375 0.45534407027818447 0.0087890625 0.017569546120058566 -0.0009765625 -0.0014641288433382138 -0.0009765625 -0.0014641288433382138 -0.0009765625 -0.0014641288433382138 -0.0009765625 -0.0014641288433382138 -0.0009765625 -0.0014641288433382138
0  0.78173828125 0.4458272327964861 0.0048828125 0.01903367496339678 -0.0009765625 -0.0014641288433382138 -0.0009765625 -0.0014641288433382138 -0.0009765625 -0.0014641288433382138 -0.0009765625 -0.0014641288433382138 -0.0009765625 -0.0014641288433382138
0  0.6064453125 0.4341142020497804 0.005859375 0.016105417276720352 -0.0009765625 -0.0014641288433382138 -0.0009765625 -0.0014641288433382138 -0.0009765625 -0.0014641288433382138 -0.0009765625 -0.0014641288433382138 -0.0009765625 -0.0014641288433382138
0  0.5048828125 0.46486090775988287 0.015625 0.024890190336749635 0.49992578125 0.46012152269399703 0.50559375 0.4607759882869692 0.499271484375 0.4651874084919473 0.499490234375 0.47090629575402637 0.5030869140625 0.47286822840409953
0  0.54736328125 0.445095168374817 0.0126953125 0.020497803806734993 0.5434267578125 0.44354026354319176 0.5432431640625 0.44367642752562225 0.542236328125 0.45026500732064423 0.5456240234375 0.4530102489019034 0.545806640625 0.45287262079062957
0  0.529296875 0.45021961932650073 0.013671875 0.024890190336749635 -0.0009765625 -0.0014641288433382138 -0.0009765625 -0.0014641288433382138 -0.0009765625 -0.0014641288433382138 -0.0009765625 -0.0014641288433382138 -0.0009765625 -0.0014641288433382138
0  0.4853515625 0.4341142020497804 0.017578125 0.021961932650073207 -0.0009765625 -0.0014641288433382138 -0.0009765625 -0.0014641288433382138 -0.0009765625 -0.0014641288433382138 -0.0009765625 -0.0014641288433382138 -0.0009765625 -0.0014641288433382138
0  0.458984375 0.486090775988287 0.021484375 0.03513909224011713 0.4519736328125 0.47964568081991216 0.457458984375 0.48186822840409954 0.4504921875 0.4872020497803807 0.4494541015625 0.4936471449487555 0.4521220703125 0.49542459736456806
0  0.42431640625 0.4663250366032211 0.0126953125 0.03367496339677892 -0.0009765625 -0.0014641288433382138 -0.0009765625 -0.0014641288433382138 -0.0009765625 -0.0014641288433382138 -0.0009765625 -0.0014641288433382138 -0.0009765625 -0.0014641288433382138
0  0.39208984375 0.5029282576866764 0.0263671875 0.036603221083455345 -0.0009765625 -0.0014641288433382138 -0.0009765625 -0.0014641288433382138 -0.0009765625 -0.0014641288433382138 -0.0009765625 -0.0014641288433382138 -0.0009765625 -0.0014641288433382138
0  0.43896484375 0.5021961932650073 0.0126953125 0.014641288433382138 -0.0009765625 -0.0014641288433382138 -0.0009765625 -0.0014641288433382138 -0.0009765625 -0.0014641288433382138 -0.0009765625 -0.0014641288433382138 -0.0009765625 -0.0014641288433382138
0  0.40185546875 0.40483162518301613 0.0087890625 0.01903367496339678 -0.0009765625 -0.0014641288433382138 -0.0009765625 -0.0014641288433382138 -0.0009765625 -0.0014641288433382138 -0.0009765625 -0.0014641288433382138 -0.0009765625 -0.0014641288433382138
0  0.431640625 0.5922401171303074 0.03125 0.05124450951683748 -0.0009765625 -0.0014641288433382138 -0.0009765625 -0.0014641288433382138 -0.0009765625 -0.0014641288433382138 -0.0009765625 -0.0014641288433382138 -0.0009765625 -0.0014641288433382138
0  0.24658203125 0.5666178623718887 0.0302734375 0.04685212298682284 0.2476982421875 0.5584992679355784 0.2571240234375 0.558800878477306 0.25551953125 0.5717291361639824 0.2462939453125 0.5807496339677891 0.2491015625 0.5807496339677891
0  0.16015625 0.568814055636896 0.01953125 0.0629575402635432 0.16485546875 0.5555197657393851 0.16485546875 0.5559238653001465 0.1697216796875 0.563623718887262 0.16485546875 0.5830761346998535 0.16485546875 0.5830761346998535
0  0.3662109375 0.4707174231332357 0.025390625 0.0424597364568082 -0.0009765625 -0.0014641288433382138 -0.0009765625 -0.0014641288433382138 -0.0009765625 -0.0014641288433382138 -0.0009765625 -0.0014641288433382138 -0.0009765625 -0.0014641288433382138
0  0.3408203125 0.4062957540263543 0.01171875 0.01903367496339678 0.337873046875 0.4055636896046852 0.3395302734375 0.4055636896046852 0.33717578125 0.40935431918008786 0.3382216796875 0.4137994143484627 0.3396171875 0.4137994143484627
0  0.2021484375 0.4143484626647145 0.009765625 0.020497803806734993 -0.0009765625 -0.0014641288433382138 -0.0009765625 -0.0014641288433382138 -0.0009765625 -0.0014641288433382138 -0.0009765625 -0.0014641288433382138 -0.0009765625 -0.0014641288433382138
0  0.23095703125 0.4289897510980966 0.0146484375 0.02635431918008785 -0.0009765625 -0.0014641288433382138 -0.0009765625 -0.0014641288433382138 -0.0009765625 -0.0014641288433382138 -0.0009765625 -0.0014641288433382138 -0.0009765625 -0.0014641288433382138
0  0.20263671875 0.3938506588579795 0.0087890625 0.017569546120058566 0.2008232421875 0.3921244509516838 0.204384765625 0.3921244509516838 0.201982421875 0.3951054172767204 0.20090625 0.3990790629575403 0.20413671875 0.3990790629575403
0  0.150390625 0.43045387994143486 0.017578125 0.03806734992679356 0.1560361328125 0.42778770131771593 0.1549072265625 0.42778770131771593 0.1587783203125 0.4331068814055637 0.1565205078125 0.4415724743777452 0.1568427734375 0.4413308931185944
0  0.1826171875 0.4333821376281113 0.017578125 0.032210834553440704 0.1852373046875 0.4290029282576867 0.1872646484375 0.4271786237188872 0.1913193359375 0.4328521229868228 0.18753515625 0.4405519765739385 0.18753515625 0.4405519765739385
0  0.3837890625 0.37920937042459735 0.005859375 0.01171303074670571 -0.0009765625 -0.0014641288433382138 -0.0009765625 -0.0014641288433382138 -0.0009765625 -0.0014641288433382138 -0.0009765625 -0.0014641288433382138 -0.0009765625 -0.0014641288433382138
0  0.3974609375 0.37701317715959004 0.0078125 0.013177159590043924 -0.0009765625 -0.0014641288433382138 -0.0009765625 -0.0014641288433382138 -0.0009765625 -0.0014641288433382138 -0.0009765625 -0.0014641288433382138 -0.0009765625 -0.0014641288433382138
0  0.24658203125 0.35651537335285505 0.0068359375 0.013177159590043924 -0.0009765625 -0.0014641288433382138 -0.0009765625 -0.0014641288433382138 -0.0009765625 -0.0014641288433382138 -0.0009765625 -0.0014641288433382138 -0.0009765625 -0.0014641288433382138
0  0.25244140625 0.3528550512445095 0.0048828125 0.008784773060029283 -0.0009765625 -0.0014641288433382138 -0.0009765625 -0.0014641288433382138 -0.0009765625 -0.0014641288433382138 -0.0009765625 -0.0014641288433382138 -0.0009765625 -0.0014641288433382138
0  0.3466796875 0.3784773060029283 0.005859375 0.013177159590043924 -0.0009765625 -0.0014641288433382138 -0.0009765625 -0.0014641288433382138 -0.0009765625 -0.0014641288433382138 -0.0009765625 -0.0014641288433382138 -0.0009765625 -0.0014641288433382138
0  0.2314453125 0.390190336749634 0.005859375 0.01903367496339678 -0.0009765625 -0.0014641288433382138 -0.0009765625 -0.0014641288433382138 -0.0009765625 -0.0014641288433382138 -0.0009765625 -0.0014641288433382138 -0.0009765625 -0.0014641288433382138
0  0.56884765625 0.4663250366032211 0.0126953125 0.03074670571010249 -0.0009765625 -0.0014641288433382138 -0.0009765625 -0.0014641288433382138 -0.0009765625 -0.0014641288433382138 -0.0009765625 -0.0014641288433382138 -0.0009765625 -0.0014641288433382138
0  0.27490234375 0.4575402635431918 0.0068359375 0.024890190336749635 -0.0009765625 -0.0014641288433382138 -0.0009765625 -0.0014641288433382138 -0.0009765625 -0.0014641288433382138 -0.0009765625 -0.0014641288433382138 -0.0009765625 -0.0014641288433382138
0  0.4755859375 0.5673499267935578 0.029296875 0.05710102489019034 -0.0009765625 -0.0014641288433382138 -0.0009765625 -0.0014641288433382138 -0.0009765625 -0.0014641288433382138 -0.0009765625 -0.0014641288433382138 -0.0009765625 -0.0014641288433382138
0  0.01220703125 0.5446559297218155 0.0244140625 0.1054172767203514 -0.0009765625 -0.0014641288433382138 -0.0009765625 -0.0014641288433382138 -0.0009765625 -0.0014641288433382138 -0.0009765625 -0.0014641288433382138 -0.0009765625 -0.0014641288433382138
0  0.423828125 0.40702781844802344 0.0078125 0.014641288433382138 -0.0009765625 -0.0014641288433382138 -0.0009765625 -0.0014641288433382138 -0.0009765625 -0.0014641288433382138 -0.0009765625 -0.0014641288433382138 -0.0009765625 -0.0014641288433382138
0  0.875 0.19326500732064422 0.009765625 0.017569546120058566 0.87270703125 0.1901537335285505 0.87278515625 0.1901537335285505 0.870666015625 0.19438945827232795 0.8734912109375 0.1979194729136164 0.8735703125 0.1979194729136164
0  0.1611328125 0.13543191800878476 0.01171875 0.021961932650073207 -0.0009765625 -0.0014641288433382138 -0.0009765625 -0.0014641288433382138 -0.0009765625 -0.0014641288433382138 -0.0009765625 -0.0014641288433382138 -0.0009765625 -0.0014641288433382138
0  0.14990234375 0.11127379209370425 0.0107421875 0.02635431918008785 -0.0009765625 -0.0014641288433382138 -0.0009765625 -0.0014641288433382138 -0.0009765625 -0.0014641288433382138 -0.0009765625 -0.0014641288433382138 -0.0009765625 -0.0014641288433382138
0  0.41064453125 0.3733528550512445 0.0048828125 0.008784773060029283 -0.0009765625 -0.0014641288433382138 -0.0009765625 -0.0014641288433382138 -0.0009765625 -0.0014641288433382138 -0.0009765625 -0.0014641288433382138 -0.0009765625 -0.0014641288433382138
0  0.34765625 0.4019033674963397 0.009765625 0.01903367496339678 -0.0009765625 -0.0014641288433382138 -0.0009765625 -0.0014641288433382138 -0.0009765625 -0.0014641288433382138 -0.0009765625 -0.0014641288433382138 -0.0009765625 -0.0014641288433382138
0  0.216796875 0.3828696925329429 0.0078125 0.013177159590043924 -0.0009765625 -0.0014641288433382138 -0.0009765625 -0.0014641288433382138 -0.0009765625 -0.0014641288433382138 -0.0009765625 -0.0014641288433382138 -0.0009765625 -0.0014641288433382138
0  0.87646484375 0.5219619326500732 0.0205078125 0.036603221083455345 0.8766220703125 0.5149355783308931 0.8766220703125 0.5185636896046851 0.8698466796875 0.5209809663250365 0.86936328125 0.5270278184480234 0.8703310546875 0.5299297218155198
0  0.6796875 0.38653001464128844 0.00390625 0.008784773060029283 -0.0009765625 -0.0014641288433382138 -0.0009765625 -0.0014641288433382138 -0.0009765625 -0.0014641288433382138 -0.0009765625 -0.0014641288433382138 -0.0009765625 -0.0014641288433382138
0  0.59716796875 0.4128843338213763 0.0068359375 0.01171303074670571 -0.0009765625 -0.0014641288433382138 -0.0009765625 -0.0014641288433382138 -0.0009765625 -0.0014641288433382138 -0.0009765625 -0.0014641288433382138 -0.0009765625 -0.0014641288433382138
0  0.67529296875 0.40702781844802344 0.0068359375 0.01171303074670571 -0.0009765625 -0.0014641288433382138 -0.0009765625 -0.0014641288433382138 -0.0009765625 -0.0014641288433382138 -0.0009765625 -0.0014641288433382138 -0.0009765625 -0.0014641288433382138
0  0.63916015625 0.4333821376281113 0.0068359375 0.01171303074670571 -0.0009765625 -0.0014641288433382138 -0.0009765625 -0.0014641288433382138 -0.0009765625 -0.0014641288433382138 -0.0009765625 -0.0014641288433382138 -0.0009765625 -0.0014641288433382138
0  0.64404296875 0.4216691068814056 0.0068359375 0.01171303074670571 -0.0009765625 -0.0014641288433382138 -0.0009765625 -0.0014641288433382138 -0.0009765625 -0.0014641288433382138 -0.0009765625 -0.0014641288433382138 -0.0009765625 -0.0014641288433382138
0  0.6611328125 0.41215226939970717 0.0078125 0.013177159590043924 -0.0009765625 -0.0014641288433382138 -0.0009765625 -0.0014641288433382138 -0.0009765625 -0.0014641288433382138 -0.0009765625 -0.0014641288433382138 -0.0009765625 -0.0014641288433382138
0  0.66162109375 0.390190336749634 0.0068359375 0.013177159590043924 -0.0009765625 -0.0014641288433382138 -0.0009765625 -0.0014641288433382138 -0.0009765625 -0.0014641288433382138 -0.0009765625 -0.0014641288433382138 -0.0009765625 -0.0014641288433382138
0  0.65771484375 0.40263543191800877 0.0068359375 0.01171303074670571 -0.0009765625 -0.0014641288433382138 -0.0009765625 -0.0014641288433382138 -0.0009765625 -0.0014641288433382138 -0.0009765625 -0.0014641288433382138 -0.0009765625 -0.0014641288433382138
0  0.6220703125 0.3938506588579795 0.005859375 0.01171303074670571 -0.0009765625 -0.0014641288433382138 -0.0009765625 -0.0014641288433382138 -0.0009765625 -0.0014641288433382138 -0.0009765625 -0.0014641288433382138 -0.0009765625 -0.0014641288433382138
0  0.48779296875 0.40702781844802344 0.0068359375 0.014641288433382138 -0.0009765625 -0.0014641288433382138 -0.0009765625 -0.0014641288433382138 -0.0009765625 -0.0014641288433382138 -0.0009765625 -0.0014641288433382138 -0.0009765625 -0.0014641288433382138
0  0.40625 0.3814055636896047 0.00390625 0.010248901903367497 -0.0009765625 -0.0014641288433382138 -0.0009765625 -0.0014641288433382138 -0.0009765625 -0.0014641288433382138 -0.0009765625 -0.0014641288433382138 -0.0009765625 -0.0014641288433382138
0  0.4169921875 0.383601756954612 0.005859375 0.01171303074670571 -0.0009765625 -0.0014641288433382138 -0.0009765625 -0.0014641288433382138 -0.0009765625 -0.0014641288433382138 -0.0009765625 -0.0014641288433382138 -0.0009765625 -0.0014641288433382138
0  0.3720703125 0.3967789165446559 0.009765625 0.017569546120058566 -0.0009765625 -0.0014641288433382138 -0.0009765625 -0.0014641288433382138 -0.0009765625 -0.0014641288433382138 -0.0009765625 -0.0014641288433382138 -0.0009765625 -0.0014641288433382138
0  0.41357421875 0.4136163982430454 0.0107421875 0.01903367496339678 -0.0009765625 -0.0014641288433382138 -0.0009765625 -0.0014641288433382138 -0.0009765625 -0.0014641288433382138 -0.0009765625 -0.0014641288433382138 -0.0009765625 -0.0014641288433382138
0  0.33984375 0.3828696925329429 0.005859375 0.010248901903367497 -0.0009765625 -0.0014641288433382138 -0.0009765625 -0.0014641288433382138 -0.0009765625 -0.0014641288433382138 -0.0009765625 -0.0014641288433382138 -0.0009765625 -0.0014641288433382138
0  0.501953125 0.3967789165446559 0.0078125 0.014641288433382138 -0.0009765625 -0.0014641288433382138 -0.0009765625 -0.0014641288433382138 -0.0009765625 -0.0014641288433382138 -0.0009765625 -0.0014641288433382138 -0.0009765625 -0.0014641288433382138
0  0.53466796875 0.39092240117130306 0.0068359375 0.014641288433382138 -0.0009765625 -0.0014641288433382138 -0.0009765625 -0.0014641288433382138 -0.0009765625 -0.0014641288433382138 -0.0009765625 -0.0014641288433382138 -0.0009765625 -0.0014641288433382138
0  0.57080078125 0.42825768667642755 0.0048828125 0.013177159590043924 -0.0009765625 -0.0014641288433382138 -0.0009765625 -0.0014641288433382138 -0.0009765625 -0.0014641288433382138 -0.0009765625 -0.0014641288433382138 -0.0009765625 -0.0014641288433382138
0  0.30029296875 0.3404099560761347 0.0126953125 0.03367496339677892 -0.0009765625 -0.0014641288433382138 -0.0009765625 -0.0014641288433382138 -0.0009765625 -0.0014641288433382138 -0.0009765625 -0.0014641288433382138 -0.0009765625 -0.0014641288433382138
0  0.20166015625 0.27159590043923865 0.0068359375 0.01903367496339678 -0.0009765625 -0.0014641288433382138 -0.0009765625 -0.0014641288433382138 -0.0009765625 -0.0014641288433382138 -0.0009765625 -0.0014641288433382138 -0.0009765625 -0.0014641288433382138
0  0.12109375 0.48535871156661786 0.01171875 0.0424597364568082 -0.0009765625 -0.0014641288433382138 -0.0009765625 -0.0014641288433382138 -0.0009765625 -0.0014641288433382138 -0.0009765625 -0.0014641288433382138 -0.0009765625 -0.0014641288433382138
0  0.5419921875 0.39604685212298685 0.00390625 0.007320644216691069 -0.0009765625 -0.0014641288433382138 -0.0009765625 -0.0014641288433382138 -0.0009765625 -0.0014641288433382138 -0.0009765625 -0.0014641288433382138 -0.0009765625 -0.0014641288433382138
0  0.9443359375 0.9524158125915081 0.109375 0.0951683748169839 -0.0009765625 -0.0014641288433382138 -0.0009765625 -0.0014641288433382138 -0.0009765625 -0.0014641288433382138 -0.0009765625 -0.0014641288433382138 -0.0009765625 -0.0014641288433382138
