0  0.12451171875 0.4318181818181818 0.0302734375 0.060117302052785926 0.114017578125 0.426024926686217 0.12713671875 0.426024926686217 0.117619140625 0.43761143695014665 0.116076171875 0.44881085043988267 0.1258505859375 0.44919794721407624
0  0.25 0.3782991202346041 0.0234375 0.04105571847507331 0.24759375 0.3713343108504399 0.256138671875 0.37709530791788853 0.2514296875 0.38076099706744865 0.24515234375 0.384950146627566 0.251255859375 0.3901862170087977
0  0.3359375 0.3782991202346041 0.0234375 0.04105571847507331 0.334376953125 0.37166129032258066 0.34581640625 0.37461436950146626 0.338845703125 0.38159237536656887 0.33401953125 0.38830058651026395 0.3408115234375 0.39044868035190616
0  0.2568359375 0.4464809384164223 0.025390625 0.045454545454545456 0.249529296875 0.44027565982404687 0.262189453125 0.437683284457478 0.256626953125 0.4448841642228739 0.25394140625 0.45842082111436944 0.2631484375 0.4538123167155425
0  0.376953125 0.4215542521994135 0.029296875 0.05718475073313783 0.369140625 0.41055718475073316 0.3798828125 0.4120234604105572 0.37109375 0.4178885630498534 0.3671875 0.4340175953079179 0.376953125 0.4340175953079179
0  0.4384765625 0.3709677419354839 0.021484375 0.04398826979472141 0.4311259765625 0.3668563049853372 0.4406865234375 0.3668563049853372 0.43525 0.37220527859237534 0.4318759765625 0.3812126099706745 0.4395625 0.38149413489736067
0  0.53271484375 0.3680351906158358 0.0205078125 0.04105571847507331 0.52463671875 0.36139736070381234 0.5298203125 0.36139736070381234 0.5248154296875 0.3724017595307918 0.52749609375 0.3796480938416423 0.5296416015625 0.37937976539589446
0  0.50341796875 0.42961876832844575 0.0283203125 0.05865102639296188 0.4951171875 0.42668621700879766 0.501953125 0.42668621700879766 0.49609375 0.436950146627566 0.4931640625 0.4472140762463343 0.501953125 0.4472140762463343
0  0.630859375 0.35703812316715544 0.01953125 0.039589442815249266 0.6259765625 0.3489736070381232 0.634765625 0.35043988269794724 0.62890625 0.36070381231671556 0.626953125 0.3680351906158358 0.6337890625 0.3680351906158358
0  0.6435546875 0.42302052785923755 0.029296875 0.06304985337243402 0.6330654296875 0.42350439882697943 0.6468505859375 0.423099706744868 0.6379306640625 0.4312155425219941 0.6344169921875 0.44136217008797657 0.6446884765625 0.4417683284457478
0  0.7138671875 0.3687683284457478 0.021484375 0.03372434017595308 0.71259375 0.35757478005865106 0.7216357421875 0.3598005865102639 0.7165966796875 0.3660322580645161 0.7105185546875 0.37382111436950144 0.7191162109375 0.3749340175953079
0  0.76806640625 0.4303519061583578 0.0283203125 0.054252199413489736 0.7657646484375 0.42519354838709683 0.777552734375 0.42655571847507334 0.77369921875 0.43778739002932554 0.7664443359375 0.44731818181818184 0.776419921875 0.44868035190615835
0  0.7939453125 0.3914956011730205 0.021484375 0.03225806451612903 0.7900390625 0.38563049853372433 0.7998046875 0.38563049853372433 0.7958984375 0.39002932551319647 0.7919921875 0.39882697947214074 0.7998046875 0.3973607038123167
0  0.89794921875 0.43328445747800587 0.0283203125 0.054252199413489736 0.8974609375 0.4237536656891496 0.908203125 0.42668621700879766 0.90625 0.43548387096774194 0.8984375 0.4442815249266862 0.90625 0.44574780058651026
