0  0.0654296875 0.14055636896046853 0.060546875 0.12298682284040996 0.06697265625 0.13523572474377746 0.090123046875 0.1414055636896047 0.083435546875 0.15528843338213763 0.0674873046875 0.1745710102489019 0.084978515625 0.17842752562225475
0  0.1279296875 0.18448023426061494 0.009765625 0.02342606149341142 -0.0009765625 -0.0014641288433382138 -0.0009765625 -0.0014641288433382138 -0.0009765625 -0.0014641288433382138 -0.0009765625 -0.0014641288433382138 -0.0009765625 -0.0014641288433382138
0  0.166015625 0.17496339677891654 0.01171875 0.021961932650073207 -0.0009765625 -0.0014641288433382138 -0.0009765625 -0.0014641288433382138 -0.0009765625 -0.0014641288433382138 -0.0009765625 -0.0014641288433382138 -0.0009765625 -0.0014641288433382138
0  0.140625 0.16544655929721816 0.009765625 0.017569546120058566 -0.0009765625 -0.0014641288433382138 -0.0009765625 -0.0014641288433382138 -0.0009765625 -0.0014641288433382138 -0.0009765625 -0.0014641288433382138 -0.0009765625 -0.0014641288433382138
0  0.15673828125 0.14714494875549047 0.0107421875 0.016105417276720352 -0.0009765625 -0.0014641288433382138 -0.0009765625 -0.0014641288433382138 -0.0009765625 -0.0014641288433382138 -0.0009765625 -0.0014641288433382138 -0.0009765625 -0.0014641288433382138
0  0.18505859375 0.1720351390922401 0.0126953125 0.01903367496339678 -0.0009765625 -0.0014641288433382138 -0.0009765625 -0.0014641288433382138 -0.0009765625 -0.0014641288433382138 -0.0009765625 -0.0014641288433382138 -0.0009765625 -0.0014641288433382138
0  0.20458984375 0.1808199121522694 0.0107421875 0.01903367496339678 -0.0009765625 -0.0014641288433382138 -0.0009765625 -0.0014641288433382138 -0.0009765625 -0.0014641288433382138 -0.0009765625 -0.0014641288433382138 -0.0009765625 -0.0014641288433382138
0  0.21875 0.1808199121522694 0.013671875 0.021961932650073207 0.222564453125 0.1790805270863836 0.2252197265625 0.17866910688140558 0.2259521484375 0.1840234260614934 0.222564453125 0.1886896046852123 0.2243955078125 0.18855197657393852
0  0.2412109375 0.1903367496339678 0.0078125 0.02342606149341142 -0.0009765625 -0.0014641288433382138 -0.0009765625 -0.0014641288433382138 -0.0009765625 -0.0014641288433382138 -0.0009765625 -0.0014641288433382138 -0.0009765625 -0.0014641288433382138
0  0.2646484375 0.19912152269399708 0.0078125 0.014641288433382138 -0.0009765625 -0.0014641288433382138 -0.0009765625 -0.0014641288433382138 -0.0009765625 -0.0014641288433382138 -0.0009765625 -0.0014641288433382138 -0.0009765625 -0.0014641288433382138
0  0.294921875 0.20571010248901903 0.0078125 0.01903367496339678 -0.0009765625 -0.0014641288433382138 -0.0009765625 -0.0014641288433382138 -0.0009765625 -0.0014641288433382138 -0.0009765625 -0.0014641288433382138 -0.0009765625 -0.0014641288433382138
0  0.306640625 0.2042459736456808 0.0078125 0.016105417276720352 -0.0009765625 -0.0014641288433382138 -0.0009765625 -0.0014641288433382138 -0.0009765625 -0.0014641288433382138 -0.0009765625 -0.0014641288433382138 -0.0009765625 -0.0014641288433382138
0  0.3369140625 0.21376281112737922 0.0078125 0.020497803806734993 -0.0009765625 -0.0014641288433382138 -0.0009765625 -0.0014641288433382138 -0.0009765625 -0.0014641288433382138 -0.0009765625 -0.0014641288433382138 -0.0009765625 -0.0014641288433382138
0  0.4248046875 0.22840409956076135 0.0078125 0.017569546120058566 -0.0009765625 -0.0014641288433382138 -0.0009765625 -0.0014641288433382138 -0.0009765625 -0.0014641288433382138 -0.0009765625 -0.0014641288433382138 -0.0009765625 -0.0014641288433382138
0  0.45849609375 0.2891654465592972 0.0087890625 0.016105417276720352 -0.0009765625 -0.0014641288433382138 -0.0009765625 -0.0014641288433382138 -0.0009765625 -0.0014641288433382138 -0.0009765625 -0.0014641288433382138 -0.0009765625 -0.0014641288433382138
0  0.4970703125 0.2862371888726208 0.0078125 0.016105417276720352 -0.0009765625 -0.0014641288433382138 -0.0009765625 -0.0014641288433382138 -0.0009765625 -0.0014641288433382138 -0.0009765625 -0.0014641288433382138 -0.0009765625 -0.0014641288433382138
0  0.5185546875 0.21595900439238652 0.0078125 0.024890190336749635 -0.0009765625 -0.0014641288433382138 -0.0009765625 -0.0014641288433382138 -0.0009765625 -0.0014641288433382138 -0.0009765625 -0.0014641288433382138 -0.0009765625 -0.0014641288433382138
0  0.64404296875 0.24011713030746706 0.0087890625 0.017569546120058566 -0.0009765625 -0.0014641288433382138 -0.0009765625 -0.0014641288433382138 -0.0009765625 -0.0014641288433382138 -0.0009765625 -0.0014641288433382138 -0.0009765625 -0.0014641288433382138
0  0.68798828125 0.2540263543191801 0.0068359375 0.01903367496339678 -0.0009765625 -0.0014641288433382138 -0.0009765625 -0.0014641288433382138 -0.0009765625 -0.0014641288433382138 -0.0009765625 -0.0014641288433382138 -0.0009765625 -0.0014641288433382138
0  0.57470703125 0.4333821376281113 0.0166015625 0.0527086383601757 0.5700380859375 0.42798243045387996 0.57181640625 0.42798243045387996 0.5669248046875 0.43698389458272324 0.5700380859375 0.4443177159590044 0.57181640625 0.4436500732064421
0  0.6494140625 0.5373352855051244 0.015625 0.032210834553440704 0.6477744140625 0.5374655929721815 0.654537109375 0.5372503660322109 0.651802734375 0.543289897510981 0.6483505859375 0.5473879941434846 0.653529296875 0.5471727672035139
0  0.69384765625 0.5395314787701317 0.0107421875 0.024890190336749635 0.6912666015625 0.5373879941434846 0.697544921875 0.5367598828696926 0.69430078125 0.5405256222547584 0.6925224609375 0.5450746705710102 0.6968125 0.544918008784773
0  0.6337890625 0.5439238653001464 0.0078125 0.021961932650073207 -0.0009765625 -0.0014641288433382138 -0.0009765625 -0.0014641288433382138 -0.0009765625 -0.0014641288433382138 -0.0009765625 -0.0014641288433382138 -0.0009765625 -0.0014641288433382138
0  0.62255859375 0.54099560761347 0.0087890625 0.024890190336749635 -0.0009765625 -0.0014641288433382138 -0.0009765625 -0.0014641288433382138 -0.0009765625 -0.0014641288433382138 -0.0009765625 -0.0014641288433382138 -0.0009765625 -0.0014641288433382138
0  0.56591796875 0.5285505124450952 0.0126953125 0.032210834553440704 -0.0009765625 -0.0014641288433382138 -0.0009765625 -0.0014641288433382138 -0.0009765625 -0.0014641288433382138 -0.0009765625 -0.0014641288433382138 -0.0009765625 -0.0014641288433382138
0  0.54296875 0.49194729136163984 0.0078125 0.020497803806734993 -0.0009765625 -0.0014641288433382138 -0.0009765625 -0.0014641288433382138 -0.0009765625 -0.0014641288433382138 -0.0009765625 -0.0014641288433382138 -0.0009765625 -0.0014641288433382138
0  0.5322265625 0.4890190336749634 0.009765625 0.032210834553440704 -0.0009765625 -0.0014641288433382138 -0.0009765625 -0.0014641288433382138 -0.0009765625 -0.0014641288433382138 -0.0009765625 -0.0014641288433382138 -0.0009765625 -0.0014641288433382138
0  0.4931640625 0.43997071742313326 0.01953125 0.0424597364568082 0.4850029296875 0.4337481698389458 0.4954658203125 0.4342708638360176 0.4888388671875 0.4400234260614934 0.485875 0.4457745241581259 0.4942451171875 0.4460366032210834
0  0.43310546875 0.486090775988287 0.0166015625 0.03513909224011713 -0.0009765625 -0.0014641288433382138 -0.0009765625 -0.0014641288433382138 -0.0009765625 -0.0014641288433382138 -0.0009765625 -0.0014641288433382138 -0.0009765625 -0.0014641288433382138
0  0.43603515625 0.4363103953147877 0.0166015625 0.02635431918008785 0.438154296875 0.43151976573938505 0.442626953125 0.4331068814055637 0.440861328125 0.4357554904831625 0.438271484375 0.43963689604685213 0.4419208984375 0.44104978038067355
0  0.4072265625 0.4546120058565154 0.009765625 0.024890190336749635 -0.0009765625 -0.0014641288433382138 -0.0009765625 -0.0014641288433382138 -0.0009765625 -0.0014641288433382138 -0.0009765625 -0.0014641288433382138 -0.0009765625 -0.0014641288433382138
0  0.37939453125 0.4443631039531479 0.0126953125 0.024890190336749635 0.3823935546875 0.445185944363104 0.3826123046875 0.4450234260614934 0.3852275390625 0.44927232796486094 0.3819580078125 0.4551551976573938 0.381630859375 0.45499121522693997
0  0.3642578125 0.43265007320644217 0.015625 0.03074670571010249 -0.0009765625 -0.0014641288433382138 -0.0009765625 -0.0014641288433382138 -0.0009765625 -0.0014641288433382138 -0.0009765625 -0.0014641288433382138 -0.0009765625 -0.0014641288433382138
0  0.32861328125 0.48096632503660325 0.0166015625 0.03953147877013177 0.328146484375 0.47867203513909223 0.3349482421875 0.47918155197657397 0.3327373046875 0.4850453879941435 0.330357421875 0.49167203513909224 0.333927734375 0.49167203513909224
0  0.32373046875 0.41874084919472915 0.0126953125 0.029282576866764276 0.321837890625 0.4177598828696925 0.3274619140625 0.4165841874084919 0.3253701171875 0.4216822840409956 0.323669921875 0.42893704245973646 0.327201171875 0.42854465592972185
0  0.28173828125 0.4224011713030747 0.0126953125 0.021961932650073207 0.2832421875 0.42149926793557835 0.287353515625 0.42210102489019036 0.285548828125 0.4267613469985359 0.2820390625 0.4299180087847731 0.2856484375 0.4300688140556369
0  0.2861328125 0.49633967789165445 0.013671875 0.03513909224011713 0.2848515625 0.49332064421669103 0.292328125 0.493090775988287 0.2894287109375 0.5004114202049781 0.28759765625 0.5054450951683748 0.291564453125 0.5054450951683748
0  0.29541015625 0.4765739385065886 0.0146484375 0.03074670571010249 -0.0009765625 -0.0014641288433382138 -0.0009765625 -0.0014641288433382138 -0.0009765625 -0.0014641288433382138 -0.0009765625 -0.0014641288433382138 -0.0009765625 -0.0014641288433382138
0  0.26416015625 0.5 0.0146484375 0.03367496339677892 0.267525390625 0.5014904831625182 0.270787109375 0.5008228404099561 0.270341796875 0.5110468521229868 0.2638203125 0.5199355783308931 0.26619140625 0.5210468521229868
0  0.23095703125 0.5 0.0166015625 0.03074670571010249 -0.0009765625 -0.0014641288433382138 -0.0009765625 -0.0014641288433382138 -0.0009765625 -0.0014641288433382138 -0.0009765625 -0.0014641288433382138 -0.0009765625 -0.0014641288433382138
0  0.220703125 0.4707174231332357 0.013671875 0.027818448023426062 -0.0009765625 -0.0014641288433382138 -0.0009765625 -0.0014641288433382138 -0.0009765625 -0.0014641288433382138 -0.0009765625 -0.0014641288433382138 -0.0009765625 -0.0014641288433382138
0  0.23486328125 0.44875549048316254 0.0126953125 0.03074670571010249 -0.0009765625 -0.0014641288433382138 -0.0009765625 -0.0014641288433382138 -0.0009765625 -0.0014641288433382138 -0.0009765625 -0.0014641288433382138 -0.0009765625 -0.0014641288433382138
0  0.134765625 0.2430453879941435 0.009765625 0.020497803806734993 -0.0009765625 -0.0014641288433382138 -0.0009765625 -0.0014641288433382138 -0.0009765625 -0.0014641288433382138 -0.0009765625 -0.0014641288433382138 -0.0009765625 -0.0014641288433382138
0  0.14208984375 0.22035139092240116 0.0126953125 0.021961932650073207 -0.0009765625 -0.0014641288433382138 -0.0009765625 -0.0014641288433382138 -0.0009765625 -0.0014641288433382138 -0.0009765625 -0.0014641288433382138 -0.0009765625 -0.0014641288433382138
0  0.10302734375 0.21376281112737922 0.0107421875 0.02342606149341142 -0.0009765625 -0.0014641288433382138 -0.0009765625 -0.0014641288433382138 -0.0009765625 -0.0014641288433382138 -0.0009765625 -0.0014641288433382138 -0.0009765625 -0.0014641288433382138
0  0.72314453125 0.5146412884333821 0.0087890625 0.021961932650073207 -0.0009765625 -0.0014641288433382138 -0.0009765625 -0.0014641288433382138 -0.0009765625 -0.0014641288433382138 -0.0009765625 -0.0014641288433382138 -0.0009765625 -0.0014641288433382138
0  0.7373046875 0.5109809663250366 0.009765625 0.020497803806734993 -0.0009765625 -0.0014641288433382138 -0.0009765625 -0.0014641288433382138 -0.0009765625 -0.0014641288433382138 -0.0009765625 -0.0014641288433382138 -0.0009765625 -0.0014641288433382138
0  0.75927734375 0.5307467057101025 0.0087890625 0.03074670571010249 -0.0009765625 -0.0014641288433382138 -0.0009765625 -0.0014641288433382138 -0.0009765625 -0.0014641288433382138 -0.0009765625 -0.0014641288433382138 -0.0009765625 -0.0014641288433382138
0  0.7666015625 0.527086383601757 0.013671875 0.020497803806734993 -0.0009765625 -0.0014641288433382138 -0.0009765625 -0.0014641288433382138 -0.0009765625 -0.0014641288433382138 -0.0009765625 -0.0014641288433382138 -0.0009765625 -0.0014641288433382138
0  0.7890625 0.48755490483162517 0.01171875 0.02635431918008785 -0.0009765625 -0.0014641288433382138 -0.0009765625 -0.0014641288433382138 -0.0009765625 -0.0014641288433382138 -0.0009765625 -0.0014641288433382138 -0.0009765625 -0.0014641288433382138
0  0.87060546875 0.40483162518301613 0.0205078125 0.04538799414348463 0.872275390625 0.3971844802342606 0.880318359375 0.3971844802342606 0.8787490234375 0.40542020497803805 0.8712939453125 0.4145373352855051 0.877572265625 0.4148316251830161
0  0.95703125 0.42093704245973645 0.017578125 0.048316251830161056 -0.0009765625 -0.0014641288433382138 -0.0009765625 -0.0014641288433382138 -0.0009765625 -0.0014641288433382138 -0.0009765625 -0.0014641288433382138 -0.0009765625 -0.0014641288433382138
0  0.9609375 0.6295754026354319 0.03125 0.09370424597364568 -0.0009765625 -0.0014641288433382138 -0.0009765625 -0.0014641288433382138 -0.0009765625 -0.0014641288433382138 -0.0009765625 -0.0014641288433382138 -0.0009765625 -0.0014641288433382138
0  0.91455078125 0.5234260614934114 0.0146484375 0.0424597364568082 -0.0009765625 -0.0014641288433382138 -0.0009765625 -0.0014641288433382138 -0.0009765625 -0.0014641288433382138 -0.0009765625 -0.0014641288433382138 -0.0009765625 -0.0014641288433382138
0  0.8857421875 0.5395314787701317 0.009765625 0.024890190336749635 -0.0009765625 -0.0014641288433382138 -0.0009765625 -0.0014641288433382138 -0.0009765625 -0.0014641288433382138 -0.0009765625 -0.0014641288433382138 -0.0009765625 -0.0014641288433382138
0  0.37255859375 0.5168374816983895 0.0166015625 0.029282576866764276 -0.0009765625 -0.0014641288433382138 -0.0009765625 -0.0014641288433382138 -0.0009765625 -0.0014641288433382138 -0.0009765625 -0.0014641288433382138 -0.0009765625 -0.0014641288433382138
