0  0.1904296875 0.4280469897209985 0.015625 0.027900146842878122 0.186279296875 0.4236417033773862 0.1917724609375 0.4260279001468429 0.185791015625 0.4302496328928047 0.1856689453125 0.44016152716593243 0.187255859375 0.4412628487518355
0  0.2236328125 0.49045521292217326 0.017578125 0.041116005873715125 0.2164833984375 0.48390014684287813 0.224853515625 0.486784140969163 0.215611328125 0.49360205580029365 0.2166572265625 0.5009441997063142 0.220494140625 0.5017312775330396
0  0.23779296875 0.48164464023494863 0.0185546875 0.032305433186490456 -0.0009765625 -0.0014684287812041115 -0.0009765625 -0.0014684287812041115 -0.0009765625 -0.0014684287812041115 -0.0009765625 -0.0014684287812041115 -0.0009765625 -0.0014684287812041115
0  0.5 0.527165932452276 0.025390625 0.055800293685756244 0.4915244140625 0.5182643171806167 0.493408203125 0.5189720998531572 0.488228515625 0.5338399412628487 0.49199609375 0.5377327459618209 0.4941142578125 0.5380881057268723
0  0.50341796875 0.5345080763582967 0.0244140625 0.05286343612334802 -0.0009765625 -0.0014684287812041115 -0.0009765625 -0.0014684287812041115 -0.0009765625 -0.0014684287812041115 -0.0009765625 -0.0014684287812041115 -0.0009765625 -0.0014684287812041115
0  0.51416015625 0.5726872246696035 0.0283203125 0.03524229074889868 -0.0009765625 -0.0014684287812041115 -0.0009765625 -0.0014684287812041115 -0.0009765625 -0.0014684287812041115 -0.0009765625 -0.0014684287812041115 -0.0009765625 -0.0014684287812041115
0  0.58544921875 0.5337738619676946 0.0302734375 0.0631424375917768 -0.0009765625 -0.0014684287812041115 -0.0009765625 -0.0014684287812041115 -0.0009765625 -0.0014684287812041115 -0.0009765625 -0.0014684287812041115 -0.0009765625 -0.0014684287812041115
0  0.57958984375 0.43759177679882527 0.0322265625 0.06167400881057269 0.566841796875 0.43061674008810574 0.574951171875 0.4321894273127754 0.56344140625 0.4435961820851689 0.566841796875 0.4546093979441997 0.5728583984375 0.4565770925110132
0  0.64013671875 0.4199706314243759 0.0322265625 0.06461086637298091 0.6280517578125 0.41345374449339206 0.637390625 0.41758443465491923 0.626404296875 0.4266696035242291 0.6280517578125 0.4390602055800294 0.635193359375 0.44112481644640233
0  0.0947265625 0.8355359765051396 0.01171875 0.023494860499265784 -0.0009765625 -0.0014684287812041115 -0.0009765625 -0.0014684287812041115 -0.0009765625 -0.0014684287812041115 -0.0009765625 -0.0014684287812041115 -0.0009765625 -0.0014684287812041115
0  0.08740234375 0.8201174743024964 0.0166015625 0.01908957415565345 -0.0009765625 -0.0014684287812041115 -0.0009765625 -0.0014684287812041115 -0.0009765625 -0.0014684287812041115 -0.0009765625 -0.0014684287812041115 -0.0009765625 -0.0014684287812041115
0  0.88134765625 0.18355359765051396 0.1591796875 0.27606461086637296 0.845005859375 0.16679148311306902 0.926796875 0.1769001468428781 0.8853408203125 0.20722613803230544 0.86069140625 0.27124669603524226 0.904388671875 0.2763010279001468
0  0.3974609375 0.32819383259911894 0.115234375 0.19823788546255505 0.375435546875 0.2913392070484581 0.4160244140625 0.29009397944199705 0.39697265625 0.3349324522760646 0.374607421875 0.36358002936857564 0.418509765625 0.35984434654919234
0  0.1728515625 0.5374449339207048 0.013671875 0.02643171806167401 -0.0009765625 -0.0014684287812041115 -0.0009765625 -0.0014684287812041115 -0.0009765625 -0.0014684287812041115 -0.0009765625 -0.0014684287812041115 -0.0009765625 -0.0014684287812041115
