0  0.033203125 0.3645680819912152 0.033203125 0.05856515373352855 0.0438974609375 0.35787554904831625 0.029732421875 0.3560117130307467 0.0394248046875 0.3664436310395315 0.0322177734375 0.3791112737920937 0.0411640625 0.380601756954612
0  0.12841796875 0.2774524158125915 0.0478515625 0.0746705710102489 0.1187001953125 0.26930893118594434 0.1377958984375 0.26692240117130306 0.127611328125 0.284099560761347 0.1187001953125 0.2955519765739385 0.138431640625 0.29173352855051243
0  0.236328125 0.3953147877013177 0.025390625 0.0527086383601757 -0.0009765625 -0.0014641288433382138 -0.0009765625 -0.0014641288433382138 -0.0009765625 -0.0014641288433382138 -0.0009765625 -0.0014641288433382138 -0.0009765625 -0.0014641288433382138
0  0.22607421875 0.39092240117130306 0.0263671875 0.0527086383601757 -0.0009765625 -0.0014641288433382138 -0.0009765625 -0.0014641288433382138 -0.0009765625 -0.0014641288433382138 -0.0009765625 -0.0014641288433382138 -0.0009765625 -0.0014641288433382138
0  0.2919921875 0.36530014641288433 0.02734375 0.05124450951683748 0.29259375 0.36358711566617863 0.299787109375 0.3616266471449488 0.2984794921875 0.36946998535871156 0.29586328125 0.382216691068814 0.3002236328125 0.37894729136163985
0  0.31884765625 0.38945827232796487 0.0341796875 0.04978038067349927 0.315525390625 0.3769604685212299 0.3279501953125 0.37990190336749635 0.3229375 0.3848038067349927 0.317705078125 0.3952620790629575 0.32598828125 0.39722401171303073
0  0.39306640625 0.2225475841874085 0.0439453125 0.07320644216691069 0.383732421875 0.20882137628111275 0.402923828125 0.2069648609077599 0.392708984375 0.22227964860907762 0.386208984375 0.23759443631039528 0.4023046875 0.23620204978038067
0  0.4814453125 0.3506588579795022 0.03125 0.06588579795021962 0.4767021484375 0.34490629575402637 0.4900947265625 0.34699853587115664 0.4842353515625 0.35620204978038067 0.4780966796875 0.3662415812591508 0.4878623046875 0.3679150805270864
0  0.5576171875 0.3191800878477306 0.033203125 0.06149341142020498 0.5470712890625 0.31343484626647145 0.56276171875 0.31034992679355783 0.55607421875 0.32423279648609077 0.553244140625 0.33773060029282576 0.561990234375 0.33541581259150804
0  0.6416015625 0.2247437774524158 0.046875 0.08052708638360176 0.6356728515625 0.2163645680819912 0.6547158203125 0.2224816983894583 0.6431533203125 0.23777745241581258 0.63465234375 0.2474641288433382 0.6479140625 0.25103221083455346
0  0.712890625 0.3330893118594436 0.033203125 0.0629575402635432 0.7086796875 0.3334875549048316 0.7225078125 0.32830453879941435 0.717189453125 0.34225915080527086 0.713998046875 0.35422108345534403 0.7211787109375 0.3522269399707174
0  0.787109375 0.2847730600292826 0.03515625 0.060029282576866766 0.7740439453125 0.27436017569546123 0.78767578125 0.27474670571010246 0.7771298828125 0.2836163982430454 0.773529296875 0.2990424597364568 0.781759765625 0.2994275256222547
0  0.87158203125 0.3001464128843338 0.0361328125 0.055636896046852125 0.862853515625 0.29520497803806733 0.87909765625 0.2937935578330893 0.8694453125 0.30402928257686673 0.8659140625 0.3146178623718887 0.8743896484375 0.3142650073206442
0  0.92431640625 0.23645680819912152 0.0458984375 0.08345534407027819 0.906767578125 0.22692532942898977 0.922734375 0.22322108345534408 0.908974609375 0.23920937042459736 0.908798828125 0.25890190336749636 0.92064453125 0.2562811127379209
