0  0.0361328125 0.1038961038961039 0.017578125 0.03116883116883117 -0.0009765625 -0.0012987012987012987 -0.0009765625 -0.0012987012987012987 -0.0009765625 -0.0012987012987012987 -0.0009765625 -0.0012987012987012987 -0.0009765625 -0.0012987012987012987
0  0.04345703125 0.16558441558441558 0.0185546875 0.03766233766233766 0.0358671875 0.1554909090909091 0.046234375 0.15572857142857144 0.0367607421875 0.16048181818181817 0.03515234375 0.17117922077922076 0.044625 0.16999090909090908
0  0.10595703125 0.17142857142857143 0.0478515625 0.06753246753246753 0.08822265625 0.15583116883116882 0.10896484375 0.15584415584415584 0.094375 0.17067532467532465 0.089423828125 0.18654545454545451 0.10525390625 0.18645454545454546
0  0.14013671875 0.17922077922077922 0.0302734375 0.046753246753246755 0.132978515625 0.1697012987012987 0.1429833984375 0.17354415584415583 0.1349794921875 0.1830064935064935 0.132978515625 0.19276493506493506 0.1403154296875 0.1921727272727273
0  0.21923828125 0.2902597402597403 0.0615234375 0.07922077922077922 0.1978974609375 0.2647090909090909 0.2219541015625 0.26625714285714286 0.201001953125 0.27812467532467533 0.196345703125 0.29979740259740256 0.2118662109375 0.3023766233766234
0  0.3828125 0.19415584415584416 0.03515625 0.048051948051948054 0.3698125 0.18004415584415584 0.382759765625 0.18004415584415584 0.374755859375 0.19037532467532467 0.3709892578125 0.20227272727272727 0.383466796875 0.2025857142857143
0  0.33837890625 0.17207792207792208 0.0185546875 0.04025974025974026 0.3415224609375 0.1679038961038961 0.3421103515625 0.16816493506493504 0.3464267578125 0.17572987012987015 0.341326171875 0.18225324675324675 0.3421103515625 0.1825142857142857
0  0.49072265625 0.1577922077922078 0.0322265625 0.04285714285714286 0.48046875 0.1473103896103896 0.4932333984375 0.14842337662337662 0.4840263671875 0.1576064935064935 0.4825615234375 0.1692948051948052 0.4940712890625 0.1692948051948052
0  0.54052734375 0.137012987012987 0.0283203125 0.03766233766233766 -0.0009765625 -0.0012987012987012987 -0.0009765625 -0.0012987012987012987 -0.0009765625 -0.0012987012987012987 -0.0009765625 -0.0012987012987012987 -0.0009765625 -0.0012987012987012987
0  0.6337890625 0.1474025974025974 0.041015625 0.05064935064935065 0.623326171875 0.12935974025974026 0.6353583984375 0.13075194805194806 0.6275107421875 0.14014415584415585 0.6207099609375 0.1585805194805195 0.6358818359375 0.15962467532467534
0  0.68603515625 0.2623376623376623 0.0673828125 0.09610389610389611 0.6631640625 0.23576623376623376 0.69064453125 0.2375844155844156 0.670302734375 0.25697402597402597 0.662626953125 0.27966233766233767 0.684443359375 0.2812857142857143
0  0.76123046875 0.17337662337662338 0.0166015625 0.024675324675324677 0.75634765625 0.16590909090909092 0.7655029296875 0.1667207792207792 0.7581787109375 0.1706168831168831 0.75634765625 0.17613636363636365 0.762939453125 0.1767857142857143
0  0.81298828125 0.18506493506493507 0.0478515625 0.06623376623376623 0.79886328125 0.16354415584415585 0.8211494140625 0.16396103896103897 0.8070244140625 0.17314415584415585 0.801060546875 0.1961038961038961 0.81644140625 0.1965207792207792
0  0.7890625 0.16428571428571428 0.01953125 0.04025974025974026 -0.0009765625 -0.0012987012987012987 -0.0009765625 -0.0012987012987012987 -0.0009765625 -0.0012987012987012987 -0.0009765625 -0.0012987012987012987 -0.0009765625 -0.0012987012987012987
0  0.84814453125 0.21558441558441557 0.0400390625 0.05714285714285714 0.8391416015625 0.19813246753246755 0.8509521484375 0.19813246753246755 0.836669921875 0.21712727272727272 0.83721875 0.2288155844155844 0.84683203125 0.2288155844155844
0  0.92578125 0.20454545454545456 0.03515625 0.05064935064935065 0.9150390625 0.19220779220779222 0.932373046875 0.19220779220779222 0.92138671875 0.2012987012987013 0.915283203125 0.21655844155844156 0.9296875 0.21688311688311687
0  0.96435546875 0.15714285714285714 0.0283203125 0.046753246753246755 -0.0009765625 -0.0012987012987012987 -0.0009765625 -0.0012987012987012987 -0.0009765625 -0.0012987012987012987 -0.0009765625 -0.0012987012987012987 -0.0009765625 -0.0012987012987012987
0  0.26025390625 0.21168831168831168 0.0380859375 0.05974025974025974 -0.0009765625 -0.0012987012987012987 -0.0009765625 -0.0012987012987012987 -0.0009765625 -0.0012987012987012987 -0.0009765625 -0.0012987012987012987 -0.0009765625 -0.0012987012987012987
