0  0.16015625 0.25841874084919475 0.029296875 0.04538799414348463 -0.0009765625 -0.0014641288433382138 -0.0009765625 -0.0014641288433382138 -0.0009765625 -0.0014641288433382138 -0.0009765625 -0.0014641288433382138 -0.0009765625 -0.0014641288433382138
0  0.28466796875 0.33601756954612005 0.0224609375 0.0424597364568082 0.27850390625 0.3314421669106881 0.2882080078125 0.33034407027818447 0.2845458984375 0.3366588579795022 0.2816162109375 0.3457174231332357 0.288390625 0.34544363103953146
0  0.31640625 0.3623718887262079 0.01953125 0.03953147877013177 0.3111572265625 0.35631918008784774 0.318978515625 0.35555490483162516 0.31523828125 0.3634568081991215 0.3126875 0.3700849194729136 0.318978515625 0.3695754026354319
0  0.32177734375 0.31478770131771594 0.0185546875 0.03806734992679356 -0.0009765625 -0.0014641288433382138 -0.0009765625 -0.0014641288433382138 -0.0009765625 -0.0014641288433382138 -0.0009765625 -0.0014641288433382138 -0.0009765625 -0.0014641288433382138
0  0.419921875 0.1376281112737921 0.05078125 0.08199121522693997 0.423060546875 0.12047730600292826 0.4366630859375 0.11786237188872621 0.4443359375 0.12570571010248902 0.4300361328125 0.15132796486090777 0.4384072265625 0.14975988286969252
0  0.412109375 0.36530014641288433 0.013671875 0.024890190336749635 -0.0009765625 -0.0014641288433382138 -0.0009765625 -0.0014641288433382138 -0.0009765625 -0.0014641288433382138 -0.0009765625 -0.0014641288433382138 -0.0009765625 -0.0014641288433382138
0  0.46630859375 0.3953147877013177 0.0107421875 0.014641288433382138 -0.0009765625 -0.0014641288433382138 -0.0009765625 -0.0014641288433382138 -0.0009765625 -0.0014641288433382138 -0.0009765625 -0.0014641288433382138 -0.0009765625 -0.0014641288433382138
0  0.48486328125 0.4055636896046852 0.0146484375 0.02635431918008785 -0.0009765625 -0.0014641288433382138 -0.0009765625 -0.0014641288433382138 -0.0009765625 -0.0014641288433382138 -0.0009765625 -0.0014641288433382138 -0.0009765625 -0.0014641288433382138
0  0.5302734375 0.349194729136164 0.015625 0.01903367496339678 -0.0009765625 -0.0014641288433382138 -0.0009765625 -0.0014641288433382138 -0.0009765625 -0.0014641288433382138 -0.0009765625 -0.0014641288433382138 -0.0009765625 -0.0014641288433382138
0  0.5537109375 0.3616398243045388 0.017578125 0.032210834553440704 -0.0009765625 -0.0014641288433382138 -0.0009765625 -0.0014641288433382138 -0.0009765625 -0.0014641288433382138 -0.0009765625 -0.0014641288433382138 -0.0009765625 -0.0014641288433382138
0  0.62109375 0.35212298682284043 0.015625 0.03074670571010249 -0.0009765625 -0.0014641288433382138 -0.0009765625 -0.0014641288433382138 -0.0009765625 -0.0014641288433382138 -0.0009765625 -0.0014641288433382138 -0.0009765625 -0.0014641288433382138
0  0.68408203125 0.3206442166910688 0.0224609375 0.043923865300146414 0.6794697265625 0.31485358711566613 0.6880927734375 0.3151346998535871 0.68359375 0.3213177159590044 0.6796572265625 0.3300307467057101 0.6880927734375 0.33031185944363106
0  0.74560546875 0.38726207906295756 0.0126953125 0.01903367496339678 -0.0009765625 -0.0014641288433382138 -0.0009765625 -0.0014641288433382138 -0.0009765625 -0.0014641288433382138 -0.0009765625 -0.0014641288433382138 -0.0009765625 -0.0014641288433382138
0  0.7666015625 0.3528550512445095 0.017578125 0.020497803806734993 -0.0009765625 -0.0014641288433382138 -0.0009765625 -0.0014641288433382138 -0.0009765625 -0.0014641288433382138 -0.0009765625 -0.0014641288433382138 -0.0009765625 -0.0014641288433382138
0  0.7861328125 0.34333821376281115 0.017578125 0.027818448023426062 -0.0009765625 -0.0014641288433382138 -0.0009765625 -0.0014641288433382138 -0.0009765625 -0.0014641288433382138 -0.0009765625 -0.0014641288433382138 -0.0009765625 -0.0014641288433382138
0  0.84033203125 0.28111273792093705 0.0322265625 0.040995607613469986 -0.0009765625 -0.0014641288433382138 -0.0009765625 -0.0014641288433382138 -0.0009765625 -0.0014641288433382138 -0.0009765625 -0.0014641288433382138 -0.0009765625 -0.0014641288433382138
0  0.4501953125 0.6339677891654466 0.02734375 0.0527086383601757 0.4528203125 0.6179019033674963 0.462158203125 0.6185680819912153 0.4628251953125 0.6282357247437774 0.455265625 0.6419033674963397 0.4572666015625 0.6419033674963397
0  0.5498046875 0.6346998535871157 0.025390625 0.048316251830161056 0.5508291015625 0.619103953147877 0.5559521484375 0.618796486090776 0.56107421875 0.6273982430453879 0.55615625 0.6384582723279649 0.559025390625 0.6393792093704246
0  0.58642578125 0.6734992679355783 0.0185546875 0.040995607613469986 -0.0009765625 -0.0014641288433382138 -0.0009765625 -0.0014641288433382138 -0.0009765625 -0.0014641288433382138 -0.0009765625 -0.0014641288433382138 -0.0009765625 -0.0014641288433382138
0  0.8935546875 0.35724743777452417 0.01171875 0.02342606149341142 -0.0009765625 -0.0014641288433382138 -0.0009765625 -0.0014641288433382138 -0.0009765625 -0.0014641288433382138 -0.0009765625 -0.0014641288433382138 -0.0009765625 -0.0014641288433382138
0  0.91064453125 0.3594436310395315 0.0166015625 0.027818448023426062 0.9068603515625 0.3488286969253294 0.9134521484375 0.3482796486090776 0.9107666015625 0.3563323572474378 0.906982421875 0.36255490483162517 0.91357421875 0.36273792093704244
0  0.40869140625 0.7115666178623719 0.0322265625 0.06442166910688141 0.4138271484375 0.6933308931185944 0.4143671875 0.6929253294289897 0.4249091796875 0.707108345534407 0.4192333984375 0.7233191800878477 0.4197734375 0.722913616398243
0  0.8740234375 0.8074670571010248 0.052734375 0.11566617862371889 0.8575654296875 0.7973089311859444 0.88224609375 0.7987613469985358 0.866759765625 0.816172767203514 0.8604697265625 0.832860907759883 0.8788583984375 0.8350366032210835
0  0.02099609375 0.4355783308931186 0.0087890625 0.016105417276720352 -0.0009765625 -0.0014641288433382138 -0.0009765625 -0.0014641288433382138 -0.0009765625 -0.0014641288433382138 -0.0009765625 -0.0014641288433382138 -0.0009765625 -0.0014641288433382138
0  0.03662109375 0.43265007320644217 0.0107421875 0.016105417276720352 -0.0009765625 -0.0014641288433382138 -0.0009765625 -0.0014641288433382138 -0.0009765625 -0.0014641288433382138 -0.0009765625 -0.0014641288433382138 -0.0009765625 -0.0014641288433382138
0  0.05126953125 0.438506588579795 0.0107421875 0.016105417276720352 -0.0009765625 -0.0014641288433382138 -0.0009765625 -0.0014641288433382138 -0.0009765625 -0.0014641288433382138 -0.0009765625 -0.0014641288433382138 -0.0009765625 -0.0014641288433382138
0  0.06591796875 0.4443631039531479 0.0107421875 0.013177159590043924 -0.0009765625 -0.0014641288433382138 -0.0009765625 -0.0014641288433382138 -0.0009765625 -0.0014641288433382138 -0.0009765625 -0.0014641288433382138 -0.0009765625 -0.0014641288433382138
0  0.08740234375 0.43191800878477304 0.0126953125 0.014641288433382138 -0.0009765625 -0.0014641288433382138 -0.0009765625 -0.0014641288433382138 -0.0009765625 -0.0014641288433382138 -0.0009765625 -0.0014641288433382138 -0.0009765625 -0.0014641288433382138
0  0.10302734375 0.42752562225475843 0.0126953125 0.017569546120058566 -0.0009765625 -0.0014641288433382138 -0.0009765625 -0.0014641288433382138 -0.0009765625 -0.0014641288433382138 -0.0009765625 -0.0014641288433382138 -0.0009765625 -0.0014641288433382138
0  0.25 0.4289897510980966 0.01171875 0.02342606149341142 -0.0009765625 -0.0014641288433382138 -0.0009765625 -0.0014641288433382138 -0.0009765625 -0.0014641288433382138 -0.0009765625 -0.0014641288433382138 -0.0009765625 -0.0014641288433382138
