0  0.05908203125 0.27045177045177043 0.0185546875 0.030525030525030524 0.056640625 0.2661782661782662 0.06640625 0.2661782661782662 0.0625 0.2698412698412698 0.05859375 0.2771672771672772 0.064453125 0.2771672771672772
0  0.13037109375 0.29853479853479853 0.0166015625 0.02564102564102564 0.1279296875 0.29914529914529914 0.1357421875 0.29914529914529914 0.1318359375 0.30158730158730157 0.12890625 0.3064713064713065 0.1357421875 0.3076923076923077
0  0.18701171875 0.3070818070818071 0.0166015625 0.02564102564102564 0.1826171875 0.304029304029304 0.1904296875 0.304029304029304 0.1865234375 0.3076923076923077 0.1826171875 0.31135531135531136 0.1904296875 0.3125763125763126
0  0.2412109375 0.29242979242979245 0.015625 0.02564102564102564 0.2392578125 0.28815628815628813 0.2451171875 0.28815628815628813 0.2431640625 0.29304029304029305 0.240234375 0.2967032967032967 0.2451171875 0.2979242979242979
0  0.25927734375 0.3601953601953602 0.0146484375 0.031746031746031744 0.2578125 0.35653235653235654 0.265625 0.35653235653235654 0.26171875 0.3614163614163614 0.2578125 0.36507936507936506 0.2666015625 0.3663003663003663
0  0.185546875 0.35653235653235654 0.015625 0.029304029304029304 0.1837685546875 0.3541233211233211 0.1908828125 0.3546788766788767 0.187029296875 0.35820024420024416 0.18302734375 0.3626483516483517 0.189994140625 0.3632039072039072
0  0.162109375 0.40964590964590963 0.0234375 0.028083028083028084 0.15625 0.4065934065934066 0.166015625 0.4065934065934066 0.1611328125 0.41147741147741146 0.15625 0.4163614163614164 0.166015625 0.4188034188034188
0  0.07373046875 0.394993894993895 0.0205078125 0.030525030525030524 0.0699287109375 0.39143956043956046 0.0795029296875 0.3906544566544567 0.0765205078125 0.39732722832722833 0.071498046875 0.40301709401709407 0.0795029296875 0.40184004884004887
0  0.2294921875 0.4810744810744811 0.01953125 0.029304029304029304 0.22412109375 0.4776019536019536 0.2320556640625 0.47798412698412696 0.227935546875 0.4840891330891331 0.2259521484375 0.4896214896214896 0.231140625 0.48981196581196584
0  0.1630859375 0.6294261294261294 0.025390625 0.050061050061050064 0.1600693359375 0.6253382173382174 0.1722060546875 0.626918192918193 0.1666435546875 0.6351391941391941 0.160322265625 0.643991452991453 0.16740234375 0.6455714285714285
0  0.29833984375 0.6385836385836385 0.0263671875 0.04151404151404151 0.2919921875 0.6336996336996337 0.3037109375 0.6324786324786325 0.298828125 0.6422466422466423 0.2919921875 0.6483516483516484 0.3046875 0.6483516483516484
0  0.42431640625 0.605006105006105 0.0224609375 0.03785103785103785 0.419904296875 0.6003186813186813 0.4300712890625 0.6012771672771673 0.4247001953125 0.6070341880341881 0.4210556640625 0.6132698412698412 0.4279609375 0.6135091575091575
0  0.294921875 0.2857142857142857 0.015625 0.02442002442002442 0.2917783203125 0.2836813186813187 0.2993642578125 0.2836813186813187 0.2956982421875 0.2884236874236874 0.2927900390625 0.2919010989010989 0.298732421875 0.2915848595848596
0  0.359375 0.29181929181929184 0.015625 0.02197802197802198 0.35453125 0.2909145299145299 0.362888671875 0.29150305250305253 0.3591220703125 0.2948876678876679 0.3560615234375 0.29959829059829063 0.361947265625 0.29974481074481074
0  0.42236328125 0.2979242979242979 0.0126953125 0.026862026862026864 0.4190888671875 0.29474114774114774 0.425576171875 0.29474114774114774 0.4230087890625 0.29947252747252745 0.4207109375 0.30335897435897435 0.4250361328125 0.30335897435897435
0  0.3310546875 0.3522588522588523 0.015625 0.028083028083028084 0.3271484375 0.3516483516483517 0.333984375 0.3504273504273504 0.3310546875 0.3540903540903541 0.328125 0.35775335775335776 0.3359375 0.358974358974359
0  0.28271484375 0.3968253968253968 0.0185546875 0.02442002442002442 0.279296875 0.39316239316239315 0.287109375 0.39194139194139194 0.2841796875 0.398046398046398 0.279296875 0.40293040293040294 0.2890625 0.4017094017094017
0  0.40673828125 0.3663003663003663 0.0166015625 0.026862026862026864 0.40185546875 0.3624627594627595 0.4100869140625 0.36211355311355314 0.4061806640625 0.36804517704517703 0.4024130859375 0.37432356532356537 0.4105048828125 0.3738009768009768
0  0.3779296875 0.4194139194139194 0.01953125 0.030525030525030524 0.3735 0.4172332112332112 0.382759765625 0.417037851037851 0.3780517578125 0.4235128205128205 0.3741279296875 0.4266532356532356 0.3816611328125 0.42684859584859586
0  0.4482421875 0.41208791208791207 0.017578125 0.03296703296703297 0.4453125 0.41147741147741146 0.4541015625 0.4126984126984127 0.44921875 0.4163614163614164 0.4443359375 0.42246642246642246 0.453125 0.42246642246642246
0  0.30126953125 0.46703296703296704 0.0185546875 0.030525030525030524 0.298287109375 0.4636752136752137 0.3058212890625 0.46387179487179486 0.3018974609375 0.4695616605616606 0.2987587890625 0.47623443223443224 0.304408203125 0.47623443223443224
0  0.3408203125 0.5012210012210012 0.01953125 0.03540903540903541 0.33740234375 0.4958021978021978 0.345642578125 0.4958021978021978 0.34198046875 0.5026715506715507 0.3385009765625 0.509997557997558 0.344177734375 0.5095384615384616
0  0.40087890625 0.4700854700854701 0.0185546875 0.031746031746031744 0.39453125 0.46764346764346765 0.4052734375 0.46764346764346765 0.3994140625 0.47374847374847373 0.396484375 0.47863247863247865 0.4033203125 0.47985347985347987
0  0.41259765625 0.4993894993894994 0.0185546875 0.029304029304029304 0.4091796875 0.5006105006105006 0.41796875 0.4993894993894994 0.4140625 0.5067155067155067 0.412109375 0.5115995115995116 0.4189453125 0.5115995115995116
0  0.48876953125 0.278998778998779 0.0146484375 0.0231990231990232 0.4853515625 0.27594627594627597 0.4931640625 0.27472527472527475 0.490234375 0.2796092796092796 0.486328125 0.28327228327228327 0.4931640625 0.2844932844932845
0  0.5546875 0.2686202686202686 0.017578125 0.026862026862026864 0.5517578125 0.2661782661782662 0.55859375 0.26495726495726496 0.5556640625 0.2698412698412698 0.5517578125 0.27350427350427353 0.5595703125 0.27472527472527475
0  0.48095703125 0.3778998778998779 0.0185546875 0.028083028083028084 0.47716015625 0.3732612942612943 0.4836337890625 0.3732612942612943 0.4798935546875 0.3782979242979243 0.475865234375 0.3851330891330891 0.484640625 0.386032967032967
0  0.552734375 0.36874236874236876 0.015625 0.026862026862026864 0.5492470703125 0.3656031746031746 0.5570595703125 0.3652539682539682 0.5521767578125 0.3690915750915751 0.550501953125 0.3762429792429792 0.5562216796875 0.3762429792429792
0  0.61669921875 0.36752136752136755 0.0166015625 0.026862026862026864 0.6119560546875 0.3628119658119658 0.61865234375 0.36211355311355314 0.614466796875 0.36804517704517703 0.6129326171875 0.3738009768009768 0.6178154296875 0.37345177045177047
0  0.59326171875 0.4230769230769231 0.0185546875 0.030525030525030524 0.58984375 0.4199487179487179 0.598236328125 0.4199487179487179 0.593658203125 0.42586202686202684 0.58969140625 0.4292967032967033 0.597015625 0.4298681318681319
0  0.52001953125 0.4188034188034188 0.0166015625 0.029304029304029304 0.51641796875 0.41591452991452993 0.5242744140625 0.41628571428571426 0.5204208984375 0.42128937728937726 0.51671484375 0.4246251526251526 0.523681640625 0.424995115995116
0  0.4794921875 0.463980463980464 0.01953125 0.031746031746031744 0.475525390625 0.4613089133089133 0.4833115234375 0.4613089133089133 0.479169921875 0.4658669108669109 0.477015625 0.4720805860805861 0.4818203125 0.4720805860805861
0  0.55029296875 0.4713064713064713 0.0185546875 0.031746031746031744 0.546251953125 0.4698888888888889 0.5554462890625 0.4700903540903541 0.5514130859375 0.4747301587301587 0.54657421875 0.480981684981685 0.5554462890625 0.4807802197802198
0  0.61865234375 0.47680097680097683 0.0205078125 0.03540903540903541 0.6138740234375 0.47312210012210015 0.622275390625 0.47312210012210015 0.61744921875 0.47893284493284494 0.61441015625 0.4867545787545787 0.6201298828125 0.48653113553113553
0  0.494140625 0.5286935286935287 0.021484375 0.03418803418803419 0.491001953125 0.5252051282051282 0.4991982421875 0.5252051282051282 0.4946640625 0.5306556776556777 0.49117578125 0.5363247863247863 0.498326171875 0.5369792429792429
0  0.57763671875 0.6227106227106227 0.0244140625 0.03907203907203907 0.5726357421875 0.6211184371184372 0.583818359375 0.6211184371184372 0.5791103515625 0.6284774114774114 0.5730283203125 0.6333833943833944 0.582837890625 0.6336288156288157
0  0.5810546875 0.4987789987789988 0.01953125 0.03540903540903541 0.5771484375 0.4981684981684982 0.587890625 0.4981684981684982 0.5830078125 0.5054945054945055 0.5791015625 0.5115995115995116 0.5859375 0.5115995115995116
0  0.62744140625 0.27472527472527475 0.0146484375 0.026862026862026864 0.6240234375 0.27228327228327226 0.6328125 0.27106227106227104 0.62890625 0.2771672771672772 0.625 0.28083028083028083 0.6318359375 0.28205128205128205
0  0.69580078125 0.31807081807081805 0.0146484375 0.0231990231990232 0.693359375 0.315018315018315 0.701171875 0.3162393162393162 0.697265625 0.31868131868131866 0.693359375 0.32234432234432236 0.701171875 0.3235653235653236
0  0.76416015625 0.33455433455433453 0.0166015625 0.02442002442002442 0.7610556640625 0.33291941391941393 0.7690341796875 0.331937728937729 0.7655029296875 0.33880586080586084 0.763671875 0.34387545787545787 0.7690341796875 0.34240415140415137
0  0.7373046875 0.3785103785103785 0.015625 0.029304029304029304 0.7348330078125 0.3761831501831502 0.7436826171875 0.3754200244200244 0.7398681640625 0.3817155067155067 0.735748046875 0.3864847374847375 0.7421572265625 0.3859120879120879
0  0.681640625 0.37484737484737485 0.013671875 0.02442002442002442 0.6796875 0.37362637362637363 0.6865234375 0.3724053724053724 0.68359375 0.3772893772893773 0.6796875 0.38095238095238093 0.6865234375 0.3833943833943834
0  0.67529296875 0.4188034188034188 0.0185546875 0.029304029304029304 0.6711123046875 0.4157130647130647 0.6787412109375 0.4159035409035409 0.67462109375 0.4218180708180708 0.670501953125 0.4241074481074481 0.6796572265625 0.42296214896214895
0  0.7685546875 0.4835164835164835 0.021484375 0.03418803418803419 0.7646220703125 0.4793296703296704 0.7728447265625 0.4793296703296704 0.7680185546875 0.4851404151404151 0.765515625 0.4898339438339438 0.7732021484375 0.4898339438339438
0  0.6904296875 0.49206349206349204 0.017578125 0.029304029304029304 0.6875 0.48717948717948717 0.6962890625 0.48717948717948717 0.6923828125 0.4945054945054945 0.6884765625 0.5006105006105006 0.6943359375 0.5018315018315018
0  0.658203125 0.5103785103785103 0.021484375 0.03418803418803419 0.655033203125 0.5061916971916972 0.6645068359375 0.505968253968254 0.660216796875 0.5120024420024419 0.657357421875 0.5187069597069598 0.6628984375 0.5184835164835164
0  0.7255859375 0.6355311355311355 0.029296875 0.045177045177045176 0.718654296875 0.6311318681318682 0.7332109375 0.6325763125763126 0.724892578125 0.640087912087912 0.7207333984375 0.6458656898656899 0.729283203125 0.6455775335775336
0  0.83203125 0.32234432234432236 0.015625 0.02197802197802198 0.830078125 0.3199023199023199 0.8369140625 0.3199023199023199 0.8349609375 0.3235653235653236 0.83203125 0.32722832722832723 0.837890625 0.32844932844932845
0  0.900390625 0.32905982905982906 0.015625 0.0231990231990232 0.896484375 0.32722832722832723 0.9052734375 0.32722832722832723 0.90234375 0.3321123321123321 0.8984375 0.33577533577533575 0.9052734375 0.336996336996337
0  0.95263671875 0.31013431013431014 0.0146484375 0.026862026862026864 0.947265625 0.3064713064713065 0.95703125 0.3064713064713065 0.9521484375 0.31135531135531136 0.9482421875 0.315018315018315 0.95703125 0.31746031746031744
0  0.81396484375 0.3724053724053724 0.0185546875 0.026862026862026864 0.8095703125 0.36996336996337 0.818359375 0.36996336996337 0.8134765625 0.37606837606837606 0.810546875 0.3833943833943834 0.8173828125 0.3833943833943834
0  0.84619140625 0.4157509157509158 0.0205078125 0.03296703296703297 0.8411123046875 0.4126166056166056 0.84893359375 0.4121916971916972 0.8450234375 0.4179316239316239 0.8414521484375 0.4238840048840049 0.84893359375 0.4238840048840049
0  0.91796875 0.4297924297924298 0.01953125 0.031746031746031744 0.9125107421875 0.42774236874236876 0.921125 0.42815750915750916 0.9151611328125 0.4335421245421246 0.9138359375 0.4378925518925519 0.91913671875 0.43810012210012206
0  0.86572265625 0.6562881562881563 0.0302734375 0.047619047619047616 0.8558173828125 0.6515567765567766 0.8685302734375 0.6521452991452991 0.860291015625 0.6615641025641026 0.8565234375 0.6677460317460318 0.868765625 0.6683345543345544
