0  0.849609375 0.25882352941176473 0.044921875 0.06764705882352941 0.8289794921875 0.25189117647058823 0.84912109375 0.243225 0.8318564453125 0.2614235294117647 0.8327197265625 0.2770220588235294 0.84394140625 0.27398823529411764
0  0.708984375 0.30367647058823527 0.03515625 0.057352941176470586 0.69482421875 0.2911764705882353 0.705322265625 0.29007352941176473 0.693115234375 0.3040441176470588 0.695068359375 0.31580882352941175 0.69970703125 0.3161764705882353
0  0.6044921875 0.31691176470588234 0.029296875 0.04852941176470588 0.592607421875 0.3048779411764706 0.6010087890625 0.30271764705882354 0.593017578125 0.31351764705882357 0.5946572265625 0.3286367647058824 0.600189453125 0.3283279411764706
0  0.52685546875 0.37279411764705883 0.0263671875 0.045588235294117645 0.5165576171875 0.3609838235294118 0.5246015625 0.36068823529411764 0.517931640625 0.3704367647058823 0.5173427734375 0.3819588235294118 0.5228359375 0.3819588235294118
0  0.4677734375 0.36176470588235293 0.025390625 0.03823529411764706 0.461478515625 0.3481558823529412 0.4632529296875 0.3481558823529412 0.45631640625 0.3561705882352941 0.459865234375 0.3688029411764706 0.4600263671875 0.3692882352941177
0  0.42626953125 0.4117647058823529 0.0205078125 0.03529411764705882 0.420296875 0.40091911764705884 0.4234091796875 0.40091911764705884 0.41762890625 0.41007058823529413 0.421482421875 0.4176602941176471 0.42266796875 0.4176602941176471
0  0.37353515625 0.3941176470588235 0.0185546875 0.03235294117647059 -0.0009765625 -0.0014705882352941176 -0.0009765625 -0.0014705882352941176 -0.0009765625 -0.0014705882352941176 -0.0009765625 -0.0014705882352941176 -0.0009765625 -0.0014705882352941176
0  0.33544921875 0.40808823529411764 0.0166015625 0.030882352941176472 -0.0009765625 -0.0014705882352941176 -0.0009765625 -0.0014705882352941176 -0.0009765625 -0.0014705882352941176 -0.0009765625 -0.0014705882352941176 -0.0009765625 -0.0014705882352941176
0  0.279296875 0.43676470588235294 0.013671875 0.023529411764705882 -0.0009765625 -0.0014705882352941176 -0.0009765625 -0.0014705882352941176 -0.0009765625 -0.0014705882352941176 -0.0009765625 -0.0014705882352941176 -0.0009765625 -0.0014705882352941176
0  0.24365234375 0.47058823529411764 0.0087890625 0.026470588235294117 -0.0009765625 -0.0014705882352941176 -0.0009765625 -0.0014705882352941176 -0.0009765625 -0.0014705882352941176 -0.0009765625 -0.0014705882352941176 -0.0009765625 -0.0014705882352941176
0  0.208984375 0.4455882352941177 0.01171875 0.023529411764705882 -0.0009765625 -0.0014705882352941176 -0.0009765625 -0.0014705882352941176 -0.0009765625 -0.0014705882352941176 -0.0009765625 -0.0014705882352941176 -0.0009765625 -0.0014705882352941176
0  0.19140625 0.4551470588235294 0.0078125 0.01911764705882353 -0.0009765625 -0.0014705882352941176 -0.0009765625 -0.0014705882352941176 -0.0009765625 -0.0014705882352941176 -0.0009765625 -0.0014705882352941176 -0.0009765625 -0.0014705882352941176
0  0.16845703125 0.45808823529411763 0.0107421875 0.01911764705882353 -0.0009765625 -0.0014705882352941176 -0.0009765625 -0.0014705882352941176 -0.0009765625 -0.0014705882352941176 -0.0009765625 -0.0014705882352941176 -0.0009765625 -0.0014705882352941176
0  0.14990234375 0.45441176470588235 0.0087890625 0.01764705882352941 -0.0009765625 -0.0014705882352941176 -0.0009765625 -0.0014705882352941176 -0.0009765625 -0.0014705882352941176 -0.0009765625 -0.0014705882352941176 -0.0009765625 -0.0014705882352941176
0  0.12890625 0.4661764705882353 0.009765625 0.014705882352941176 -0.0009765625 -0.0014705882352941176 -0.0009765625 -0.0014705882352941176 -0.0009765625 -0.0014705882352941176 -0.0009765625 -0.0014705882352941176 -0.0009765625 -0.0014705882352941176
0  0.11279296875 0.46691176470588236 0.0107421875 0.01911764705882353 -0.0009765625 -0.0014705882352941176 -0.0009765625 -0.0014705882352941176 -0.0009765625 -0.0014705882352941176 -0.0009765625 -0.0014705882352941176 -0.0009765625 -0.0014705882352941176
0  0.087890625 0.47573529411764703 0.009765625 0.016176470588235296 -0.0009765625 -0.0014705882352941176 -0.0009765625 -0.0014705882352941176 -0.0009765625 -0.0014705882352941176 -0.0009765625 -0.0014705882352941176 -0.0009765625 -0.0014705882352941176
0  0.0771484375 0.4786764705882353 0.009765625 0.013235294117647059 -0.0009765625 -0.0014705882352941176 -0.0009765625 -0.0014705882352941176 -0.0009765625 -0.0014705882352941176 -0.0009765625 -0.0014705882352941176 -0.0009765625 -0.0014705882352941176
0  0.99658203125 0.45955882352941174 0.0068359375 0.01911764705882353 -0.0009765625 -0.0014705882352941176 -0.0009765625 -0.0014705882352941176 -0.0009765625 -0.0014705882352941176 -0.0009765625 -0.0014705882352941176 -0.0009765625 -0.0014705882352941176
0  0.30322265625 0.4161764705882353 0.0166015625 0.03529411764705882 0.298767578125 0.4099264705882353 0.3007509765625 0.4094676470588235 0.296326171875 0.4168205882352941 0.2972412109375 0.42463235294117646 0.29769921875 0.4244029411764706
