0  0.35400390625 0.32723279648609077 0.0498046875 0.07759882869692533 -0.0009765625 -0.0014641288433382138 -0.0009765625 -0.0014641288433382138 -0.0009765625 -0.0014641288433382138 -0.0009765625 -0.0014641288433382138 -0.0009765625 -0.0014641288433382138
0  0.26904296875 0.431185944363104 0.0283203125 0.04538799414348463 -0.0009765625 -0.0014641288433382138 -0.0009765625 -0.0014641288433382138 -0.0009765625 -0.0014641288433382138 -0.0009765625 -0.0014641288433382138 -0.0009765625 -0.0014641288433382138
0  0.1220703125 0.42020497803806733 0.037109375 0.055636896046852125 -0.0009765625 -0.0014641288433382138 -0.0009765625 -0.0014641288433382138 -0.0009765625 -0.0014641288433382138 -0.0009765625 -0.0014641288433382138 -0.0009765625 -0.0014641288433382138
0  0.080078125 0.41874084919472915 0.02734375 0.04685212298682284 -0.0009765625 -0.0014641288433382138 -0.0009765625 -0.0014641288433382138 -0.0009765625 -0.0014641288433382138 -0.0009765625 -0.0014641288433382138 -0.0009765625 -0.0014641288433382138
0  0.30615234375 0.40263543191800877 0.0166015625 0.02342606149341142 -0.0009765625 -0.0014641288433382138 -0.0009765625 -0.0014641288433382138 -0.0009765625 -0.0014641288433382138 -0.0009765625 -0.0014641288433382138 -0.0009765625 -0.0014641288433382138
0  0.71435546875 0.33528550512445093 0.0283203125 0.0527086383601757 -0.0009765625 -0.0014641288433382138 -0.0009765625 -0.0014641288433382138 -0.0009765625 -0.0014641288433382138 -0.0009765625 -0.0014641288433382138 -0.0009765625 -0.0014641288433382138
0  0.61865234375 0.3784773060029283 0.0302734375 0.05124450951683748 0.626447265625 0.3676134699853587 0.62928125 0.3672869692532943 0.6327685546875 0.3744773060029283 0.6279736328125 0.3842811127379209 0.628845703125 0.3842811127379209
0  0.4951171875 0.42972181551976574 0.033203125 0.05710102489019034 0.5023017578125 0.41857686676427525 0.50709765625 0.41713909224011714 0.5121328125 0.430800878477306 0.5042197265625 0.4441010248901904 0.506138671875 0.4419443631039532
0  0.52490234375 0.3535871156661786 0.0166015625 0.027818448023426062 0.5218505859375 0.34608345534407026 0.529052734375 0.345900439238653 0.5247802734375 0.3535871156661786 0.52197265625 0.35962664714494874 0.527587890625 0.3594436310395315
0  0.94970703125 0.3828696925329429 0.0205078125 0.03367496339677892 -0.0009765625 -0.0014641288433382138 -0.0009765625 -0.0014641288433382138 -0.0009765625 -0.0014641288433382138 -0.0009765625 -0.0014641288433382138 -0.0009765625 -0.0014641288433382138
0  0.90625 0.3923865300146413 0.01171875 0.014641288433382138 -0.0009765625 -0.0014641288433382138 -0.0009765625 -0.0014641288433382138 -0.0009765625 -0.0014641288433382138 -0.0009765625 -0.0014641288433382138 -0.0009765625 -0.0014641288433382138
