0  0.3828125 0.52734375 0.013671875 0.0234375 0.3798828125 0.5247395833333334 0.384765625 0.5247395833333334 0.3818359375 0.53125 0.3779296875 0.5364583333333334 0.384765625 0.53515625
0  0.4306640625 0.5319010416666666 0.01171875 0.02734375 0.4284755859375 0.5270651041666666 0.433314453125 0.5267161458333333 0.43069921875 0.5315989583333333 0.4287373046875 0.53473828125 0.432921875 0.53473828125
0  0.412109375 0.5872395833333334 0.009765625 0.020833333333333332 0.4111328125 0.5846354166666666 0.416015625 0.5833333333333334 0.4150390625 0.5885416666666666 0.412109375 0.59375 0.416015625 0.59375
0  0.42333984375 0.646484375 0.0126953125 0.02734375 0.4189453125 0.6458333333333334 0.4248046875 0.6471354166666666 0.419921875 0.6510416666666666 0.4189453125 0.65625 0.4248046875 0.65625
0  0.3427734375 0.4140625 0.013671875 0.018229166666666668 0.3406982421875 0.4132890625 0.3450009765625 0.4131666666666667 0.34262109375 0.4171953125 0.3407900390625 0.41963671875 0.344634765625 0.419515625
0  0.39599609375 0.412109375 0.0126953125 0.01953125 0.3935546875 0.4114583333333333 0.3984375 0.41015625 0.396484375 0.4153645833333333 0.3935546875 0.4205729166666667 0.3984375 0.4205729166666667
0  0.44580078125 0.4075520833333333 0.0126953125 0.020833333333333332 0.4403603515625 0.4026692708333333 0.444126953125 0.4016927083333333 0.4427666015625 0.4072734375 0.4425576171875 0.41159765625000005 0.446009765625 0.4111796875
0  0.49072265625 0.400390625 0.0126953125 0.01953125 0.490234375 0.3958333333333333 0.49609375 0.3958333333333333 0.494140625 0.4010416666666667 0.490234375 0.40625 0.4970703125 0.40625
0  0.537109375 0.4270833333333333 0.013671875 0.0234375 0.532994140625 0.42185156250000005 0.5387744140625 0.4212473958333333 0.535828125 0.42426953125 0.5344677734375 0.4295598958333333 0.53730078125 0.4294088541666667
0  0.58642578125 0.421875 0.0126953125 0.018229166666666668 0.58413671875 0.41744010416666666 0.5908203125 0.41744010416666666 0.5867001953125 0.42232291666666666 0.5852353515625 0.425984375 0.587798828125 0.4258619791666667
0  0.46044921875 0.4700520833333333 0.0107421875 0.0234375 0.458984375 0.4674479166666667 0.46484375 0.4674479166666667 0.4609375 0.4713541666666667 0.4580078125 0.4765625 0.4638671875 0.4765625
0  0.5087890625 0.4713541666666667 0.013671875 0.0234375 0.5048828125 0.46875 0.5107421875 0.4674479166666667 0.5078125 0.4739583333333333 0.5048828125 0.4791666666666667 0.51171875 0.4791666666666667
0  0.5556640625 0.47265625 0.01171875 0.026041666666666668 0.552734375 0.4700520833333333 0.55859375 0.4700520833333333 0.5546875 0.4752604166666667 0.5517578125 0.48046875 0.55859375 0.4791666666666667
0  0.60205078125 0.4739583333333333 0.0087890625 0.018229166666666668 0.59945703125 0.4706223958333333 0.60467578125 0.4705 0.6018369140625 0.47391796875 0.6005556640625 0.4773359375 0.6033017578125 0.47709114583333334
0  0.482421875 0.5279947916666666 0.01171875 0.01953125 0.478515625 0.5260416666666666 0.4853515625 0.5247395833333334 0.482421875 0.5299479166666666 0.478515625 0.5364583333333334 0.4853515625 0.5338541666666666
0  0.52685546875 0.529296875 0.0126953125 0.01953125 0.525783203125 0.5262161458333333 0.53038671875 0.5262161458333333 0.527892578125 0.5297968750000001 0.5256875 0.53414453125 0.5288525390625 0.53414453125
0  0.56494140625 0.5358072916666666 0.0126953125 0.01953125 0.5615234375 0.5338541666666666 0.5673828125 0.5338541666666666 0.564453125 0.5390625 0.5625 0.5442708333333334 0.5673828125 0.54296875
0  0.44384765625 0.5735677083333334 0.0107421875 0.024739583333333332 0.4450244140625 0.5692838541666666 0.4497333984375 0.56865625 0.4498505859375 0.57493359375 0.446908203125 0.5799557291666667 0.4500859375 0.5794856770833333
0  0.50390625 0.5859375 0.013671875 0.026041666666666668 0.5054755859375 0.5836705729166667 0.508484375 0.5819270833333333 0.5091376953125 0.5885533854166667 0.5058681640625 0.5920416666666667 0.5095302734375 0.5918671875
0  0.5546875 0.5911458333333334 0.013671875 0.0234375 0.553240234375 0.5878268229166667 0.5597138671875 0.5878268229166667 0.557595703125 0.5928489583333333 0.5560654296875 0.5966158854166667 0.5590078125 0.5967721354166667
0  0.6044921875 0.5904947916666666 0.013671875 0.02734375 0.603515625 0.5872395833333334 0.609375 0.5872395833333334 0.609375 0.59375 0.603515625 0.59765625 0.6103515625 0.5963541666666666
0  0.46435546875 0.6373697916666666 0.0126953125 0.02734375 0.460955078125 0.6360208333333334 0.4703720703125 0.6361953125 0.4655322265625 0.6422994791666666 0.4627861328125 0.6461354166666667 0.46893359375 0.6466588541666667
0  0.50927734375 0.642578125 0.0146484375 0.024739583333333332 0.5057373046875 0.640625 0.5123291015625 0.640625 0.5086669921875 0.6455078125 0.5067138671875 0.6497395833333334 0.5111083984375 0.6497395833333334
0  0.5537109375 0.6536458333333334 0.013671875 0.026041666666666668 0.549953125 0.6528268229166666 0.555515625 0.6529947916666666 0.5521025390625 0.6578828125 0.55033203125 0.6604114583333334 0.554630859375 0.6605807291666667
0  0.60400390625 0.654296875 0.0146484375 0.022135416666666668 0.59915625 0.6522630208333333 0.60449609375 0.6519713541666666 0.598501953125 0.6579296875 0.6005732421875 0.6634518229166667 0.6032978515625 0.6625807291666667
0  0.63232421875 0.4192708333333333 0.0126953125 0.018229166666666668 0.626953125 0.4140625 0.6337890625 0.4127604166666667 0.630859375 0.41796875 0.626953125 0.42578125 0.634765625 0.4244791666666667
0  0.68017578125 0.4134114583333333 0.0126953125 0.01953125 0.6767578125 0.4088541666666667 0.6826171875 0.4088541666666667 0.6787109375 0.4140625 0.6767578125 0.4205729166666667 0.68359375 0.4205729166666667
0  0.728515625 0.4166666666666667 0.01171875 0.020833333333333332 0.725419921875 0.4116041666666667 0.730935546875 0.41147005208333337 0.7281279296875 0.41548046875 0.72682421875 0.41882291666666666 0.72983203125 0.41909114583333335
0  0.7861328125 0.4069010416666667 0.013671875 0.022135416666666668 0.783203125 0.4010416666666667 0.791015625 0.3997395833333333 0.787109375 0.4049479166666667 0.7841796875 0.4127604166666667 0.791015625 0.4114583333333333
0  0.65087890625 0.455078125 0.0107421875 0.016927083333333332 0.6474609375 0.4505208333333333 0.6533203125 0.44921875 0.650390625 0.4544270833333333 0.6484375 0.4596354166666667 0.654296875 0.4596354166666667
0  0.701171875 0.4557291666666667 0.01171875 0.020833333333333332 0.6984169921875 0.451125 0.7034384765625 0.4502877604166667 0.7006142578125 0.4534973958333333 0.69820703125 0.4586588541666667 0.703125 0.4583802083333333
0  0.75341796875 0.4485677083333333 0.0126953125 0.01953125 0.7490234375 0.4453125 0.755859375 0.4440104166666667 0.7529296875 0.4505208333333333 0.75 0.4557291666666667 0.7548828125 0.4557291666666667
0  0.8017578125 0.4537760416666667 0.013671875 0.022135416666666668 0.796875 0.4505208333333333 0.8046875 0.44921875 0.80078125 0.4557291666666667 0.796875 0.4622395833333333 0.8037109375 0.4622395833333333
0  0.6142578125 0.5208333333333334 0.013671875 0.026041666666666668 0.6103515625 0.515625 0.6171875 0.5143229166666666 0.6142578125 0.5208333333333334 0.6103515625 0.52734375 0.6162109375 0.5260416666666666
0  0.66064453125 0.5143229166666666 0.0107421875 0.018229166666666668 0.65625 0.51171875 0.6630859375 0.51171875 0.6591796875 0.5182291666666666 0.6552734375 0.5247395833333334 0.6630859375 0.5247395833333334
0  0.7080078125 0.51171875 0.013671875 0.026041666666666668 0.7030947265625 0.5093815104166667 0.710806640625 0.50837109375 0.7065078125 0.5149453125 0.705623046875 0.5223619791666666 0.7095419921875 0.52151953125
0  0.75634765625 0.5227864583333334 0.0126953125 0.01953125 0.751953125 0.5169270833333334 0.759765625 0.515625 0.7548828125 0.5221354166666666 0.7509765625 0.5260416666666666 0.7587890625 0.5260416666666666
0  0.80615234375 0.5162760416666666 0.0126953125 0.024739583333333332 0.8017578125 0.5091145833333334 0.8095703125 0.5091145833333334 0.806640625 0.515625 0.802734375 0.5208333333333334 0.810546875 0.5208333333333334
0  0.67236328125 0.5891927083333334 0.0166015625 0.02734375 0.669921875 0.5846354166666666 0.6767578125 0.5833333333333334 0.6767578125 0.58984375 0.673828125 0.5950520833333334 0.677734375 0.5950520833333334
0  0.7236328125 0.5911458333333334 0.013671875 0.028645833333333332 0.7245400390625 0.5909596354166667 0.7285849609375 0.59133203125 0.7269111328125 0.5957955729166667 0.7246787109375 0.59914453125 0.7285849609375 0.5995169270833333
0  0.77099609375 0.5794270833333334 0.0146484375 0.026041666666666668 0.768232421875 0.5774270833333334 0.77430078125 0.5774270833333334 0.772404296875 0.5806302083333333 0.7702548828125 0.5865299479166667 0.7745537109375 0.5861927083333334
0  0.82861328125 0.5631510416666666 0.0146484375 0.029947916666666668 0.823521484375 0.5605065104166667 0.8298515625 0.5603138020833334 0.8258232421875 0.5656848958333334 0.8249599609375 0.57048046875 0.8292763671875 0.57048046875
0  0.6494140625 0.6497395833333334 0.015625 0.026041666666666668 0.6441650390625 0.6466471354166666 0.650390625 0.64697265625 0.6468505859375 0.6529947916666666 0.645263671875 0.6575520833333334 0.6495361328125 0.6573893229166666
0  0.8466796875 0.416015625 0.013671875 0.024739583333333332 0.84375 0.4140625 0.849609375 0.4140625 0.8466796875 0.41796875 0.8427734375 0.4231770833333333 0.849609375 0.4231770833333333
0  0.85546875 0.4602864583333333 0.017578125 0.02734375 0.8525390625 0.4518229166666667 0.8583984375 0.4505208333333333 0.85546875 0.4583333333333333 0.853515625 0.4635416666666667 0.8583984375 0.4622395833333333
0  0.86083984375 0.5234375 0.0126953125 0.0234375 0.85546875 0.5208333333333334 0.8623046875 0.5182291666666666 0.859375 0.5247395833333334 0.85546875 0.5299479166666666 0.86328125 0.5299479166666666
0  0.89697265625 0.51953125 0.0126953125 0.028645833333333332 0.892578125 0.5169270833333334 0.8984375 0.515625 0.8955078125 0.5208333333333334 0.8916015625 0.5247395833333334 0.900390625 0.5247395833333334
0  0.92822265625 0.5091145833333334 0.0146484375 0.0234375 0.923828125 0.5078125 0.9306640625 0.5065104166666666 0.9267578125 0.51171875 0.9228515625 0.5182291666666666 0.9287109375 0.5182291666666666
0  0.9619140625 0.5065104166666666 0.013671875 0.03125 0.9580078125 0.50390625 0.9638671875 0.50390625 0.9580078125 0.5091145833333334 0.9580078125 0.5143229166666666 0.962890625 0.5143229166666666
0  0.89794921875 0.5677083333333334 0.0146484375 0.0234375 0.893982421875 0.5646861979166666 0.8999892578125 0.56498828125 0.8963623046875 0.5713359375 0.894888671875 0.575265625 0.8997626953125 0.5754166666666667
0  0.203125 0.41015625 0.01171875 0.015625 0.2001953125 0.40625 0.2060546875 0.4049479166666667 0.203125 0.41015625 0.2001953125 0.4140625 0.205078125 0.4153645833333333
0  0.255859375 0.4329427083333333 0.01171875 0.016927083333333332 0.2529296875 0.4309895833333333 0.259765625 0.4296875 0.2568359375 0.4361979166666667 0.2529296875 0.4388020833333333 0.2587890625 0.4388020833333333
0  0.29833984375 0.4264322916666667 0.0107421875 0.016927083333333332 0.294921875 0.4244791666666667 0.3017578125 0.4231770833333333 0.2978515625 0.4283854166666667 0.294921875 0.43359375 0.30078125 0.43359375
0  0.3134765625 0.4641927083333333 0.009765625 0.016927083333333332 0.310546875 0.4622395833333333 0.31640625 0.4609375 0.3134765625 0.4661458333333333 0.310546875 0.4713541666666667 0.3154296875 0.4700520833333333
0  0.2646484375 0.4661458333333333 0.009765625 0.018229166666666668 0.263671875 0.4622395833333333 0.26953125 0.4622395833333333 0.265625 0.4674479166666667 0.26171875 0.4713541666666667 0.2705078125 0.4713541666666667
0  0.21630859375 0.4602864583333333 0.0107421875 0.01953125 0.21484375 0.4557291666666667 0.2216796875 0.4557291666666667 0.21875 0.4622395833333333 0.21484375 0.46484375 0.2236328125 0.46484375
0  0.17333984375 0.4739583333333333 0.0107421875 0.018229166666666668 0.1708984375 0.4713541666666667 0.1767578125 0.4713541666666667 0.173828125 0.4778645833333333 0.1708984375 0.4830729166666667 0.1767578125 0.48046875
0  0.18408203125 0.5227864583333334 0.0126953125 0.022135416666666668 0.1806640625 0.5221354166666666 0.1875 0.5221354166666666 0.18359375 0.52734375 0.1787109375 0.5325520833333334 0.1884765625 0.5325520833333334
0  0.21875 0.5286458333333334 0.009765625 0.020833333333333332 0.21484375 0.5247395833333334 0.22265625 0.5247395833333334 0.2197265625 0.5299479166666666 0.21484375 0.5364583333333334 0.22265625 0.5364583333333334
0  0.25390625 0.52734375 0.009765625 0.018229166666666668 0.2509765625 0.5247395833333334 0.2578125 0.5247395833333334 0.2548828125 0.5299479166666666 0.2509765625 0.53515625 0.2568359375 0.5338541666666666
0  0.19189453125 0.5794270833333334 0.0126953125 0.020833333333333332 0.1888955078125 0.5773346354166666 0.194126953125 0.5773346354166666 0.1910927734375 0.5823567708333334 0.189732421875 0.585984375 0.1937080078125 0.585984375
0  0.0849609375 0.5110677083333334 0.01171875 0.01953125 0.08203125 0.5091145833333334 0.08984375 0.5078125 0.0859375 0.5130208333333334 0.0830078125 0.51953125 0.0888671875 0.5182291666666666
0  0.103515625 0.5234375 0.015625 0.026041666666666668 0.0992431640625 0.5232747395833334 0.1060791015625 0.5234375 0.1021728515625 0.52783203125 0.0999755859375 0.5322265625 0.1048583984375 0.5323893229166666
0  0.14453125 0.5234375 0.01171875 0.0234375 0.1422294921875 0.5225885416666667 0.1484638671875 0.5216822916666667 0.1448359375 0.5265182291666667 0.1424560546875 0.5296927083333333 0.147216796875 0.5292382812499999
0  0.10205078125 0.56640625 0.0107421875 0.0234375 0.0986328125 0.56640625 0.10546875 0.56640625 0.1025390625 0.5703125 0.0986328125 0.5768229166666666 0.103515625 0.5755208333333334
0  0.142578125 0.5625 0.013671875 0.020833333333333332 0.1396484375 0.5572916666666666 0.1474609375 0.55859375 0.1416015625 0.5598958333333334 0.138671875 0.5677083333333334 0.1455078125 0.5690104166666666
0  0.2373046875 0.5768229166666666 0.013671875 0.0234375 0.2333984375 0.57421875 0.2392578125 0.57421875 0.2353515625 0.578125 0.232421875 0.5859375 0.2392578125 0.5846354166666666
0  0.29296875 0.5748697916666666 0.013671875 0.022135416666666668 0.2926201171875 0.5743580729166667 0.2970146484375 0.57380078125 0.2960732421875 0.5792408854166667 0.29398046875 0.5830078125 0.2978515625 0.5821705729166667
0  0.296875 0.5345052083333334 0.009765625 0.022135416666666668 -0.0009765625 -0.0013020833333333333 -0.0009765625 -0.0013020833333333333 -0.0009765625 -0.0013020833333333333 -0.0009765625 -0.0013020833333333333 -0.0009765625 -0.0013020833333333333
0  0.337890625 0.5162760416666666 0.01171875 0.01953125 0.3359375 0.515625 0.341796875 0.5130208333333334 0.33984375 0.51953125 0.3359375 0.5247395833333334 0.3427734375 0.5234375
0  0.345703125 0.5755208333333334 0.01171875 0.0234375 0.34375 0.57421875 0.3505859375 0.5703125 0.3486328125 0.5755208333333334 0.3447265625 0.58203125 0.3505859375 0.5807291666666666
0  0.23828125 0.6419270833333334 0.01171875 0.026041666666666668 0.2373046875 0.6393229166666666 0.244140625 0.6393229166666666 0.2412109375 0.6432291666666666 0.2373046875 0.6484375 0.2431640625 0.6484375
0  0.27880859375 0.646484375 0.0107421875 0.02734375 0.2753466796875 0.6450026041666667 0.281833984375 0.6464440104166667 0.2787255859375 0.6505885416666667 0.275482421875 0.6556341145833333 0.28034765625 0.655453125
0  0.3212890625 0.64453125 0.01171875 0.026041666666666668 0.318359375 0.6432291666666666 0.3251953125 0.6432291666666666 0.3212890625 0.6471354166666666 0.318359375 0.65234375 0.3251953125 0.6497395833333334
0  0.373046875 0.650390625 0.013671875 0.024739583333333332 0.369140625 0.6497395833333334 0.376953125 0.6484375 0.3740234375 0.6549479166666666 0.37109375 0.66015625 0.3779296875 0.6588541666666666
0  0.3623046875 0.4680989583333333 0.013671875 0.01953125 0.3583984375 0.46484375 0.365234375 0.46484375 0.3623046875 0.4700520833333333 0.359375 0.4739583333333333 0.3662109375 0.4739583333333333
0  0.412109375 0.4680989583333333 0.01171875 0.016927083333333332 0.4102041015625 0.4680989583333333 0.41575390625 0.4680989583333333 0.41128125 0.4705286458333333 0.4099560546875 0.47339973958333337 0.4133515625 0.47351041666666666
