0  0.02587890625 0.6467013888888888 0.0126953125 0.026041666666666668 0.0244140625 0.6428489583333333 0.0284423828125 0.6426875 0.026427734375 0.6480572916666667 0.0246884765625 0.6526145833333333 0.028625 0.6524513888888889
0  0.0458984375 0.6927083333333334 0.009765625 0.024305555555555556 0.0472412109375 0.6898871527777778 0.0502626953125 0.6892361111111112 0.05126953125 0.6950954861111112 0.04769921875 0.7003038194444444 0.0508115234375 0.6996527777777778
0  0.06982421875 0.6857638888888888 0.0107421875 0.024305555555555556 0.065765625 0.6829427083333334 0.0682373046875 0.6832673611111111 0.0653994140625 0.6884756944444445 0.065857421875 0.693359375 0.0683291015625 0.693359375
0  0.06396484375 0.6510416666666666 0.0107421875 0.024305555555555556 -0.0009765625 -0.001736111111111111 -0.0009765625 -0.001736111111111111 -0.0009765625 -0.001736111111111111 -0.0009765625 -0.001736111111111111 -0.0009765625 -0.001736111111111111
0  0.0419921875 0.6180555555555556 0.009765625 0.027777777777777776 0.04270703125 0.6173663194444444 0.04451171875 0.6146909722222222 0.0464169921875 0.6196840277777778 0.04451171875 0.6262795138888889 0.046517578125 0.6241388888888889
0  0.07421875 0.5928819444444444 0.01171875 0.022569444444444444 0.07207421875 0.5911145833333333 0.077126953125 0.5897899305555555 0.07455859375 0.595826388888889 0.0733994140625 0.6021597222222222 0.0764638671875 0.6014236111111111
0  0.0712890625 0.7213541666666666 0.01171875 0.026041666666666668 0.068005859375 0.719796875 0.072919921875 0.7196180555555556 0.0695107421875 0.7247881944444444 0.06820703125 0.7287100694444445 0.07241796875 0.7283524305555555
0  0.115234375 0.7005208333333334 0.01171875 0.029513888888888888 0.113708984375 0.6947152777777778 0.1182861328125 0.6947152777777778 0.11621484375 0.701109375 0.11425390625 0.7053732638888889 0.118068359375 0.7051788194444444
0  0.0654296875 0.5616319444444444 0.0078125 0.022569444444444444 -0.0009765625 -0.001736111111111111 -0.0009765625 -0.001736111111111111 -0.0009765625 -0.001736111111111111 -0.0009765625 -0.001736111111111111 -0.0009765625 -0.001736111111111111
0  0.02099609375 0.5677083333333334 0.0107421875 0.024305555555555556 -0.0009765625 -0.001736111111111111 -0.0009765625 -0.001736111111111111 -0.0009765625 -0.001736111111111111 -0.0009765625 -0.001736111111111111 -0.0009765625 -0.001736111111111111
0  0.06689453125 0.5190972222222222 0.0087890625 0.024305555555555556 -0.0009765625 -0.001736111111111111 -0.0009765625 -0.001736111111111111 -0.0009765625 -0.001736111111111111 -0.0009765625 -0.001736111111111111 -0.0009765625 -0.001736111111111111
0  0.10791015625 0.6510416666666666 0.0107421875 0.027777777777777776 0.1058173828125 0.6469652777777778 0.1102294921875 0.6462517361111111 0.108826171875 0.6523125000000001 0.1064189453125 0.6573038194444445 0.1102294921875 0.6573038194444445
0  0.11767578125 0.6241319444444444 0.0107421875 0.026041666666666668 0.11805078125 0.6203645833333333 0.12188671875 0.6201944444444445 0.1204482421875 0.6247986111111111 0.119201171875 0.6299131944444444 0.1213115234375 0.6297430555555557
0  0.09375 0.5529513888888888 0.009765625 0.019097222222222224 0.0888671875 0.548734375 0.09130859375 0.5492309027777779 0.088587890625 0.5535711805555557 0.089076171875 0.5567951388888889 0.091099609375 0.5574149305555556
0  0.13232421875 0.5520833333333334 0.0107421875 0.024305555555555556 -0.0009765625 -0.001736111111111111 -0.0009765625 -0.001736111111111111 -0.0009765625 -0.001736111111111111 -0.0009765625 -0.001736111111111111 -0.0009765625 -0.001736111111111111
0  0.146484375 0.6432291666666666 0.01171875 0.026041666666666668 0.14719921875 0.6414461805555556 0.1518115234375 0.6409114583333334 0.151310546875 0.6453680555555557 0.1482021484375 0.6512517361111111 0.151611328125 0.6508940972222222
0  0.10546875 0.5217013888888888 0.009765625 0.022569444444444444 0.1021552734375 0.5199652777777778 0.1063798828125 0.5198177083333334 0.10348046875 0.5242361111111111 0.1021552734375 0.528359375 0.1051376953125 0.528359375
0  0.13720703125 0.5885416666666666 0.0107421875 0.024305555555555556 0.1362607421875 0.5860451388888889 0.1400146484375 0.5847430555555556 0.141021484375 0.5901145833333333 0.1385498046875 0.5959739583333333 0.141205078125 0.594671875
0  0.17333984375 0.5850694444444444 0.0107421875 0.024305555555555556 0.17311328125 0.5836440972222222 0.1771240234375 0.5837986111111111 0.17529296875 0.5881388888888889 0.17258984375 0.5923246527777777 0.175728515625 0.5923246527777777
0  0.17431640625 0.6423611111111112 0.0107421875 0.024305555555555556 0.1740029296875 0.6395399305555556 0.178275390625 0.6379895833333333 0.1766181640625 0.6443454861111111 0.174525390625 0.6480659722222222 0.178275390625 0.6480659722222222
0  0.18798828125 0.6814236111111112 0.0126953125 0.026041666666666668 0.184998046875 0.6791909722222222 0.190751953125 0.6791909722222222 0.1881630859375 0.6843072916666667 0.1857646484375 0.6882291666666667 0.18979296875 0.6882291666666667
0  0.19921875 0.6362847222222222 0.009765625 0.029513888888888888 -0.0009765625 -0.001736111111111111 -0.0009765625 -0.001736111111111111 -0.0009765625 -0.001736111111111111 -0.0009765625 -0.001736111111111111 -0.0009765625 -0.001736111111111111
0  0.21435546875 0.6293402777777778 0.0107421875 0.026041666666666668 0.2122451171875 0.6262552083333334 0.2169453125 0.6271076388888889 0.21435546875 0.6315416666666667 0.2119580078125 0.6351215277777778 0.2162734375 0.6356336805555556
0  0.04248046875 0.765625 0.0126953125 0.027777777777777776 0.0430078125 0.7635086805555555 0.0472197265625 0.7638663194444445 0.045013671875 0.7690347222222222 0.0419052734375 0.7726006944444443 0.0466181640625 0.773314236111111
0  0.1005859375 0.890625 0.01171875 0.024305555555555556 0.099173828125 0.8902847222222222 0.103794921875 0.8891996527777777 0.1022255859375 0.8938489583333333 0.100306640625 0.8989652777777777 0.1038818359375 0.8980347222222222
0  0.08837890625 0.7630208333333334 0.0126953125 0.029513888888888888 0.089076171875 0.7606649305555555 0.093994140625 0.7599201388888889 0.0933662109375 0.7651284722222222 0.0907509765625 0.7710815972222221 0.0944130859375 0.7703368055555555
0  0.02392578125 0.7578125 0.0126953125 0.029513888888888888 0.0204951171875 0.7543246527777777 0.0259443359375 0.7541302083333333 0.0234375 0.7620746527777778 0.020712890625 0.7663385416666667 0.0257265625 0.76653125
0  0.1357421875 0.7795138888888888 0.009765625 0.024305555555555556 -0.0009765625 -0.001736111111111111 -0.0009765625 -0.001736111111111111 -0.0009765625 -0.001736111111111111 -0.0009765625 -0.001736111111111111 -0.0009765625 -0.001736111111111111
0  0.12744140625 0.7690972222222222 0.0087890625 0.024305555555555556 -0.0009765625 -0.001736111111111111 -0.0009765625 -0.001736111111111111 -0.0009765625 -0.001736111111111111 -0.0009765625 -0.001736111111111111 -0.0009765625 -0.001736111111111111
0  0.21484375 0.7387152777777778 0.01171875 0.026041666666666668 0.2142685546875 0.7351197916666666 0.2189677734375 0.7352899305555556 0.2169541015625 0.7410868055555555 0.2151318359375 0.7462013888888889 0.218201171875 0.74603125
0  0.04052734375 0.4991319444444444 0.0087890625 0.022569444444444444 -0.0009765625 -0.001736111111111111 -0.0009765625 -0.001736111111111111 -0.0009765625 -0.001736111111111111 -0.0009765625 -0.001736111111111111 -0.0009765625 -0.001736111111111111
0  0.02880859375 0.4192708333333333 0.0107421875 0.019097222222222224 -0.0009765625 -0.001736111111111111 -0.0009765625 -0.001736111111111111 -0.0009765625 -0.001736111111111111 -0.0009765625 -0.001736111111111111 -0.0009765625 -0.001736111111111111
0  0.02001953125 0.4618055555555556 0.0107421875 0.024305555555555556 -0.0009765625 -0.001736111111111111 -0.0009765625 -0.001736111111111111 -0.0009765625 -0.001736111111111111 -0.0009765625 -0.001736111111111111 -0.0009765625 -0.001736111111111111
0  0.04296875 0.4661458333333333 0.009765625 0.019097222222222224 -0.0009765625 -0.001736111111111111 -0.0009765625 -0.001736111111111111 -0.0009765625 -0.001736111111111111 -0.0009765625 -0.001736111111111111 -0.0009765625 -0.001736111111111111
0  0.05908203125 0.4296875 0.0087890625 0.022569444444444444 0.0546181640625 0.42588888888888893 0.0578486328125 0.42618402777777775 0.0547001953125 0.43074999999999997 0.0548662109375 0.4364930555555555 0.0575166015625 0.4360503472222222
0  0.06494140625 0.46875 0.0107421875 0.024305555555555556 0.0619814453125 0.4673940972222222 0.0662841796875 0.4665798611111111 0.06362890625 0.4719513888888889 0.063080078125 0.47650868055555556 0.0663759765625 0.4763454861111111
0  0.07421875 0.5078125 0.009765625 0.022569444444444444 0.07050390625 0.5064791666666667 0.07207421875 0.5063246527777777 0.070068359375 0.5131440972222223 0.0718125 0.5143854166666667 0.073033203125 0.5143854166666667
0  0.087890625 0.4565972222222222 0.009765625 0.020833333333333332 -0.0009765625 -0.001736111111111111 -0.0009765625 -0.001736111111111111 -0.0009765625 -0.001736111111111111 -0.0009765625 -0.001736111111111111 -0.0009765625 -0.001736111111111111
0  0.0732421875 0.4652777777777778 0.0078125 0.017361111111111112 -0.0009765625 -0.001736111111111111 -0.0009765625 -0.001736111111111111 -0.0009765625 -0.001736111111111111 -0.0009765625 -0.001736111111111111 -0.0009765625 -0.001736111111111111
0  0.0927734375 0.4782986111111111 0.009765625 0.022569444444444444 0.0912392578125 0.47619097222222223 0.09446484375 0.4763454861111111 0.0928955078125 0.4796006944444444 0.0914130859375 0.48378645833333334 0.0950751953125 0.48316666666666663
0  0.11865234375 0.4939236111111111 0.0107421875 0.022569444444444444 0.1189091796875 0.4920086805555555 0.1221396484375 0.4915677083333333 0.12098046875 0.4956909722222222 0.11932421875 0.5002552083333334 0.12180859375 0.5001076388888889
0  0.1376953125 0.4800347222222222 0.009765625 0.022569444444444444 -0.0009765625 -0.001736111111111111 -0.0009765625 -0.001736111111111111 -0.0009765625 -0.001736111111111111 -0.0009765625 -0.001736111111111111 -0.0009765625 -0.001736111111111111
0  0.14990234375 0.5121527777777778 0.0107421875 0.024305555555555556 -0.0009765625 -0.001736111111111111 -0.0009765625 -0.001736111111111111 -0.0009765625 -0.001736111111111111 -0.0009765625 -0.001736111111111111 -0.0009765625 -0.001736111111111111
0  0.15576171875 0.5078125 0.0068359375 0.019097222222222224 -0.0009765625 -0.001736111111111111 -0.0009765625 -0.001736111111111111 -0.0009765625 -0.001736111111111111 -0.0009765625 -0.001736111111111111 -0.0009765625 -0.001736111111111111
0  0.1513671875 0.4513888888888889 0.009765625 0.024305555555555556 0.1488212890625 0.44841319444444444 0.15335546875 0.44841319444444444 0.150826171875 0.4524427083333334 0.149693359375 0.4561631944444444 0.1522216796875 0.4561631944444444
0  0.11669921875 0.4427083333333333 0.0107421875 0.024305555555555556 -0.0009765625 -0.001736111111111111 -0.0009765625 -0.001736111111111111 -0.0009765625 -0.001736111111111111 -0.0009765625 -0.001736111111111111 -0.0009765625 -0.001736111111111111
0  0.10595703125 0.4401041666666667 0.0107421875 0.019097222222222224 -0.0009765625 -0.001736111111111111 -0.0009765625 -0.001736111111111111 -0.0009765625 -0.001736111111111111 -0.0009765625 -0.001736111111111111 -0.0009765625 -0.001736111111111111
0  0.0654296875 0.4001736111111111 0.009765625 0.022569444444444444 -0.0009765625 -0.001736111111111111 -0.0009765625 -0.001736111111111111 -0.0009765625 -0.001736111111111111 -0.0009765625 -0.001736111111111111 -0.0009765625 -0.001736111111111111
0  0.08642578125 0.4166666666666667 0.0087890625 0.020833333333333332 -0.0009765625 -0.001736111111111111 -0.0009765625 -0.001736111111111111 -0.0009765625 -0.001736111111111111 -0.0009765625 -0.001736111111111111 -0.0009765625 -0.001736111111111111
0  0.10986328125 0.4071180555555556 0.0107421875 0.022569444444444444 -0.0009765625 -0.001736111111111111 -0.0009765625 -0.001736111111111111 -0.0009765625 -0.001736111111111111 -0.0009765625 -0.001736111111111111 -0.0009765625 -0.001736111111111111
0  0.12939453125 0.4131944444444444 0.0087890625 0.020833333333333332 0.1257197265625 0.4132482638888889 0.1296474609375 0.41259027777777774 0.1266826171875 0.41627951388888884 0.1261640625 0.42075868055555554 0.1287578125 0.4203628472222222
0  0.1455078125 0.4296875 0.009765625 0.022569444444444444 -0.0009765625 -0.001736111111111111 -0.0009765625 -0.001736111111111111 -0.0009765625 -0.001736111111111111 -0.0009765625 -0.001736111111111111 -0.0009765625 -0.001736111111111111
0  0.15771484375 0.4210069444444444 0.0068359375 0.019097222222222224 -0.0009765625 -0.001736111111111111 -0.0009765625 -0.001736111111111111 -0.0009765625 -0.001736111111111111 -0.0009765625 -0.001736111111111111 -0.0009765625 -0.001736111111111111
0  0.01171875 0.4956597222222222 0.0078125 0.026041666666666668 -0.0009765625 -0.001736111111111111 -0.0009765625 -0.001736111111111111 -0.0009765625 -0.001736111111111111 -0.0009765625 -0.001736111111111111 -0.0009765625 -0.001736111111111111
0  0.0068359375 0.4739583333333333 0.005859375 0.017361111111111112 -0.0009765625 -0.001736111111111111 -0.0009765625 -0.001736111111111111 -0.0009765625 -0.001736111111111111 -0.0009765625 -0.001736111111111111 -0.0009765625 -0.001736111111111111
0  0.1650390625 0.6588541666666666 0.01171875 0.022569444444444444 0.1628115234375 0.6594427083333333 0.1673671875 0.6590017361111111 0.16537890625 0.6643020833333333 0.1636396484375 0.6684253472222221 0.1668701171875 0.6685729166666667
0  0.1962890625 0.7126736111111112 0.0078125 0.022569444444444444 -0.0009765625 -0.001736111111111111 -0.0009765625 -0.001736111111111111 -0.0009765625 -0.001736111111111111 -0.0009765625 -0.001736111111111111 -0.0009765625 -0.001736111111111111
0  0.19580078125 0.5963541666666666 0.0107421875 0.026041666666666668 0.1942138671875 0.5942378472222223 0.198791015625 0.5958663194444445 0.196228515625 0.5983072916666666 0.19403125 0.6025381944444445 0.1987001953125 0.6033524305555555
0  0.23291015625 0.6076388888888888 0.0107421875 0.027777777777777776 -0.0009765625 -0.001736111111111111 -0.0009765625 -0.001736111111111111 -0.0009765625 -0.001736111111111111 -0.0009765625 -0.001736111111111111 -0.0009765625 -0.001736111111111111
0  0.23046875 0.6779513888888888 0.0078125 0.019097222222222224 -0.0009765625 -0.001736111111111111 -0.0009765625 -0.001736111111111111 -0.0009765625 -0.001736111111111111 -0.0009765625 -0.001736111111111111 -0.0009765625 -0.001736111111111111
0  0.25537109375 0.6892361111111112 0.0107421875 0.024305555555555556 -0.0009765625 -0.001736111111111111 -0.0009765625 -0.001736111111111111 -0.0009765625 -0.001736111111111111 -0.0009765625 -0.001736111111111111 -0.0009765625 -0.001736111111111111
0  0.2431640625 0.5755208333333334 0.009765625 0.022569444444444444 0.2408447265625 0.5732569444444445 0.2450302734375 0.5731024305555557 0.2428505859375 0.5774427083333333 0.2415419921875 0.5827135416666667 0.24459375 0.5828680555555557
0  0.28759765625 0.6996527777777778 0.0087890625 0.024305555555555556 0.28402734375 0.6965069444444444 0.286865234375 0.69634375 0.28466796875 0.7012256944444445 0.2851259765625 0.7046440972222222 0.288330078125 0.7044809027777778
0  0.2666015625 0.671875 0.009765625 0.024305555555555556 -0.0009765625 -0.001736111111111111 -0.0009765625 -0.001736111111111111 -0.0009765625 -0.001736111111111111 -0.0009765625 -0.001736111111111111 -0.0009765625 -0.001736111111111111
0  0.2587890625 0.6319444444444444 0.009765625 0.020833333333333332 0.25830078125 0.6292326388888889 0.2624599609375 0.6292326388888889 0.2606552734375 0.6336961805555555 0.257751953125 0.6370451388888889 0.26191015625 0.6369045138888889
0  0.28662109375 0.5824652777777778 0.0107421875 0.026041666666666668 0.28354296875 0.5822795138888889 0.2885302734375 0.5819375 0.2861328125 0.5880763888888889 0.28440625 0.5914861111111112 0.2883388671875 0.5911458333333334
0  0.17333984375 0.4201388888888889 0.0107421875 0.024305555555555556 0.170837890625 0.42198263888888893 0.1755068359375 0.4211701388888889 0.1728515625 0.4270295138888889 0.1711123046875 0.4307725694444444 0.175140625 0.43044791666666665
0  0.185546875 0.4079861111111111 0.009765625 0.024305555555555556 0.1824951171875 0.40630381944444444 0.187072265625 0.4051649305555556 0.184875 0.4095590277777778 0.182861328125 0.4136284722222222 0.1876220703125 0.41265277777777776
0  0.19775390625 0.4270833333333333 0.0107421875 0.020833333333333332 0.197814453125 0.42778125 0.2018173828125 0.42778125 0.200875 0.43336111111111114 0.1975009765625 0.43643055555555554 0.200326171875 0.43656944444444445
0  0.1904296875 0.4539930555555556 0.009765625 0.022569444444444444 0.1886162109375 0.4513420138888889 0.193005859375 0.4513420138888889 0.1908525390625 0.45472916666666663 0.188947265625 0.459 0.193337890625 0.4588524305555555
0  0.173828125 0.4947916666666667 0.009765625 0.024305555555555556 0.1722060546875 0.4939861111111111 0.176216796875 0.4939861111111111 0.1742119140625 0.49770659722222216 0.17281640625 0.502046875 0.17551953125 0.501890625
0  0.1865234375 0.4930555555555556 0.009765625 0.024305555555555556 0.185119140625 0.4915364583333333 0.189056640625 0.490234375 0.187408203125 0.4952795138888889 0.1852109375 0.49706944444444445 0.1900634765625 0.4949548611111111
0  0.2060546875 0.4748263888888889 0.009765625 0.026041666666666668 0.203744140625 0.47276388888888893 0.208060546875 0.47276388888888893 0.2060458984375 0.47719791666666667 0.203744140625 0.4812899305555556 0.208443359375 0.48146006944444447
0  0.19482421875 0.5425347222222222 0.0107421875 0.026041666666666668 0.1950078125 0.5403020833333333 0.1993232421875 0.5404722222222222 0.1981728515625 0.5447361111111111 0.1960625 0.5483159722222222 0.1985556640625 0.548828125
0  0.21826171875 0.5286458333333334 0.0107421875 0.022569444444444444 0.2162041015625 0.5284288194444444 0.22073828125 0.5282743055555555 0.21855859375 0.5316840277777778 0.2174248046875 0.5363350694444444 0.21969140625 0.5361788194444445
0  0.20947265625 0.4626736111111111 0.0087890625 0.019097222222222224 -0.0009765625 -0.001736111111111111 -0.0009765625 -0.001736111111111111 -0.0009765625 -0.001736111111111111 -0.0009765625 -0.001736111111111111 -0.0009765625 -0.001736111111111111
0  0.220703125 0.4366319444444444 0.009765625 0.022569444444444444 0.2175986328125 0.4339045138888889 0.221697265625 0.4340590277777778 0.2198662109375 0.4396388888888889 0.218732421875 0.4415 0.2224814453125 0.4416545138888889
0  0.2119140625 0.4114583333333333 0.009765625 0.020833333333333332 -0.0009765625 -0.001736111111111111 -0.0009765625 -0.001736111111111111 -0.0009765625 -0.001736111111111111 -0.0009765625 -0.001736111111111111 -0.0009765625 -0.001736111111111111
0  0.240234375 0.4001736111111111 0.009765625 0.022569444444444444 0.2381767578125 0.3966701388888889 0.2421875 0.3968246527777778 0.24026953125 0.40271527777777777 0.2383505859375 0.4058159722222222 0.2415771484375 0.4058159722222222
0  0.25244140625 0.4270833333333333 0.0107421875 0.020833333333333332 0.2509892578125 0.42647916666666663 0.2555107421875 0.4263472222222222 0.253064453125 0.43161805555555555 0.25202734375 0.4342517361111111 0.2540283203125 0.4339895833333334
0  0.234375 0.4930555555555556 0.01171875 0.024305555555555556 -0.0009765625 -0.001736111111111111 -0.0009765625 -0.001736111111111111 -0.0009765625 -0.001736111111111111 -0.0009765625 -0.001736111111111111 -0.0009765625 -0.001736111111111111
0  0.23876953125 0.4739583333333333 0.0087890625 0.017361111111111112 0.2369423828125 0.4733229166666667 0.240212890625 0.4730902777777778 0.2387734375 0.47541493055555556 0.23753125 0.4785538194444444 0.239951171875 0.4785538194444444
0  0.2509765625 0.4852430555555556 0.009765625 0.022569444444444444 0.2490927734375 0.4837552083333333 0.2529296875 0.48313541666666665 0.251185546875 0.48747569444444444 0.249703125 0.4924357638888888 0.253453125 0.49181597222222223
0  0.25537109375 0.5347222222222222 0.0107421875 0.024305555555555556 0.2553408203125 0.5336909722222223 0.2590029296875 0.5320642361111111 0.258544921875 0.5382482638888889 0.2568056640625 0.5424809027777777 0.2596435546875 0.5411788194444445
0  0.26806640625 0.5182291666666666 0.0107421875 0.026041666666666668 0.2666103515625 0.5161666666666667 0.270830078125 0.5165086805555555 0.2686240234375 0.5233298611111111 0.2667060546875 0.5267395833333333 0.269775390625 0.5269097222222222
0  0.27294921875 0.4800347222222222 0.0107421875 0.022569444444444444 0.2733330078125 0.47792708333333334 0.2771689453125 0.47792708333333334 0.2759482421875 0.4822673611111111 0.2735947265625 0.4850572916666666 0.27655859375 0.4852118055555556
0  0.2744140625 0.4557291666666667 0.009765625 0.019097222222222224 0.2734072265625 0.4557065972222223 0.2771865234375 0.45583680555555556 0.275111328125 0.46084375000000005 0.27392578125 0.46387500000000004 0.27681640625 0.4640069444444444
0  0.275390625 0.4027777777777778 0.009765625 0.024305555555555556 0.274466796875 0.4002673611111111 0.2786513671875 0.39980208333333334 0.276908203125 0.4039861111111111 0.2750771484375 0.4084826388888889 0.27812890625 0.4083263888888889
0  0.1708984375 0.5321180555555556 0.009765625 0.015625 0.1701181640625 0.532234375 0.1736494140625 0.5302586805555555 0.1728642578125 0.5345590277777778 0.1716220703125 0.5397916666666667 0.1739765625 0.5381631944444445
0  0.11865234375 0.5963541666666666 0.0068359375 0.012152777777777778 -0.0009765625 -0.001736111111111111 -0.0009765625 -0.001736111111111111 -0.0009765625 -0.001736111111111111 -0.0009765625 -0.001736111111111111 -0.0009765625 -0.001736111111111111
0  0.22705078125 0.7586805555555556 0.0126953125 0.03125 0.224556640625 0.7537204861111111 0.230337890625 0.7535190972222222 0.227390625 0.7591614583333333 0.2253505859375 0.7658107638888889 0.229884765625 0.7654079861111112
0  0.31494140625 0.4583333333333333 0.0107421875 0.024305555555555556 -0.0009765625 -0.001736111111111111 -0.0009765625 -0.001736111111111111 -0.0009765625 -0.001736111111111111 -0.0009765625 -0.001736111111111111 -0.0009765625 -0.001736111111111111
0  0.2919921875 0.4296875 0.0078125 0.022569444444444444 0.2904267578125 0.4279201388888889 0.294734375 0.4292465277777778 0.2926640625 0.43204340277777775 0.2904267578125 0.43631423611111114 0.2939892578125 0.4376388888888889
0  0.29443359375 0.4201388888888889 0.0087890625 0.020833333333333332 0.29316015625 0.41937847222222224 0.297791015625 0.4197986111111111 0.295357421875 0.42161111111111116 0.2936318359375 0.4249600694444444 0.2972412109375 0.4248194444444444
0  0.31640625 0.4392361111111111 0.0078125 0.017361111111111112 0.3148193359375 0.4383680555555556 0.31884765625 0.4381510416666667 0.31591796875 0.44216666666666665 0.314697265625 0.4453125 0.317626953125 0.4450954861111111
0  0.326171875 0.4340277777777778 0.009765625 0.024305555555555556 -0.0009765625 -0.001736111111111111 -0.0009765625 -0.001736111111111111 -0.0009765625 -0.001736111111111111 -0.0009765625 -0.001736111111111111 -0.0009765625 -0.001736111111111111
0  0.35498046875 0.4539930555555556 0.0087890625 0.022569444444444444 0.3543349609375 0.45063715277777777 0.3579794921875 0.45063715277777777 0.356986328125 0.4546128472222223 0.35566015625 0.4587361111111112 0.358228515625 0.4585885416666666
0  0.35009765625 0.4791666666666667 0.0087890625 0.020833333333333332 0.34938671875 0.4772447916666666 0.353759765625 0.47777083333333337 0.3515361328125 0.48119791666666667 0.3502763671875 0.4859409722222222 0.35257421875 0.4858090277777778
0  0.34228515625 0.4027777777777778 0.0087890625 0.020833333333333332 -0.0009765625 -0.001736111111111111 -0.0009765625 -0.001736111111111111 -0.0009765625 -0.001736111111111111 -0.0009765625 -0.001736111111111111 -0.0009765625 -0.001736111111111111
0  0.3642578125 0.4184027777777778 0.009765625 0.024305555555555556 0.36328125 0.4151475694444444 0.366943359375 0.4157673611111111 0.36572265625 0.41933333333333334 0.3634560546875 0.4249131944444444 0.3665947265625 0.42537847222222225
0  0.29833984375 0.6154513888888888 0.0107421875 0.022569444444444444 0.296578125 0.6141180555555557 0.3008505859375 0.6134982638888888 0.2986708984375 0.6175277777777778 0.2967529296875 0.6218680555555556 0.30006640625 0.6218680555555556
0  0.31787109375 0.5842013888888888 0.0107421875 0.022569444444444444 -0.0009765625 -0.001736111111111111 -0.0009765625 -0.001736111111111111 -0.0009765625 -0.001736111111111111 -0.0009765625 -0.001736111111111111 -0.0009765625 -0.001736111111111111
0  0.2998046875 0.5503472222222222 0.009765625 0.020833333333333332 0.297904296875 0.5495104166666667 0.3021416015625 0.5492309027777779 0.3001796875 0.5529982638888888 0.298845703125 0.5566249999999999 0.301435546875 0.5566249999999999
0  0.33935546875 0.5451388888888888 0.0107421875 0.024305555555555556 0.337310546875 0.5428055555555555 0.3413388671875 0.5423177083333334 0.3395078125 0.5476892361111111 0.33804296875 0.552734375 0.3407900390625 0.5524097222222222
0  0.361328125 0.5789930555555556 0.01171875 0.026041666666666668 0.3594013671875 0.5752256944444444 0.364388671875 0.5759079861111112 0.3623740234375 0.5793194444444444 0.3595927734375 0.5852864583333334 0.363333984375 0.5849461805555555
0  0.3017578125 0.5243055555555556 0.009765625 0.020833333333333332 -0.0009765625 -0.001736111111111111 -0.0009765625 -0.001736111111111111 -0.0009765625 -0.001736111111111111 -0.0009765625 -0.001736111111111111 -0.0009765625 -0.001736111111111111
0  0.33544921875 0.5052083333333334 0.0107421875 0.024305555555555556 0.3339150390625 0.5041232638888888 0.3382744140625 0.50396875 0.3362685546875 0.5083090277777778 0.33469921875 0.5120295138888888 0.3377509765625 0.5120295138888888
0  0.369140625 0.5086805555555556 0.009765625 0.024305555555555556 0.367658203125 0.507875 0.372279296875 0.50771875 0.3700126953125 0.5131440972222223 0.368705078125 0.5171753472222221 0.3717568359375 0.517484375
0  0.36962890625 0.5486111111111112 0.0107421875 0.024305555555555556 0.3666689453125 0.5466041666666667 0.3708798828125 0.5464409722222222 0.3687744140625 0.5511614583333333 0.3672177734375 0.5558819444444444 0.3710634765625 0.5558819444444444
0  0.38916015625 0.5338541666666666 0.0107421875 0.026041666666666668 0.3865615234375 0.5321336805555555 0.391166015625 0.5321336805555555 0.3881923828125 0.5369079861111111 0.3874248046875 0.5421944444444444 0.389630859375 0.5425347222222222
0  0.38671875 0.5685763888888888 0.009765625 0.026041666666666668 -0.0009765625 -0.001736111111111111 -0.0009765625 -0.001736111111111111 -0.0009765625 -0.001736111111111111 -0.0009765625 -0.001736111111111111 -0.0009765625 -0.001736111111111111
0  0.39208984375 0.5928819444444444 0.0107421875 0.022569444444444444 0.3913447265625 0.5908194444444445 0.3960654296875 0.5906736111111112 0.394078125 0.5962690972222222 0.3913447265625 0.6011284722222222 0.3953203125 0.6011284722222222
0  0.400390625 0.5564236111111112 0.01171875 0.026041666666666668 0.39727734375 0.5545243055555555 0.4014892578125 0.5543611111111111 0.399658203125 0.5594079861111111 0.39828515625 0.5642899305555555 0.401763671875 0.5641284722222222
0  0.42529296875 0.5868055555555556 0.0107421875 0.024305555555555556 0.42398046875 0.583984375 0.428283203125 0.5843090277777778 0.4266357421875 0.5893559027777777 0.42462109375 0.5927743055555555 0.4281005859375 0.5929357638888889
0  0.42529296875 0.5616319444444444 0.0107421875 0.022569444444444444 0.4262041015625 0.5617795138888888 0.4301796875 0.5632517361111111 0.4281923828125 0.5672274305555556 0.42446484375 0.5720868055555556 0.42968359375 0.5723819444444445
0  0.4208984375 0.5477430555555556 0.009765625 0.022569444444444444 -0.0009765625 -0.001736111111111111 -0.0009765625 -0.001736111111111111 -0.0009765625 -0.001736111111111111 -0.0009765625 -0.001736111111111111 -0.0009765625 -0.001736111111111111
0  0.3369140625 0.6857638888888888 0.01171875 0.020833333333333332 -0.0009765625 -0.001736111111111111 -0.0009765625 -0.001736111111111111 -0.0009765625 -0.001736111111111111 -0.0009765625 -0.001736111111111111 -0.0009765625 -0.001736111111111111
0  0.337890625 0.7447916666666666 0.01171875 0.027777777777777776 0.336185546875 0.7433888888888889 0.34119921875 0.7432100694444445 0.3385927734375 0.7489149305555556 0.336185546875 0.7524809027777777 0.3406982421875 0.7526579861111111
0  0.39013671875 0.6553819444444444 0.0107421875 0.026041666666666668 -0.0009765625 -0.001736111111111111 -0.0009765625 -0.001736111111111111 -0.0009765625 -0.001736111111111111 -0.0009765625 -0.001736111111111111 -0.0009765625 -0.001736111111111111
0  0.390625 0.6371527777777778 0.01171875 0.024305555555555556 -0.0009765625 -0.001736111111111111 -0.0009765625 -0.001736111111111111 -0.0009765625 -0.001736111111111111 -0.0009765625 -0.001736111111111111 -0.0009765625 -0.001736111111111111
0  0.35693359375 0.6388888888888888 0.0068359375 0.020833333333333332 -0.0009765625 -0.001736111111111111 -0.0009765625 -0.001736111111111111 -0.0009765625 -0.001736111111111111 -0.0009765625 -0.001736111111111111 -0.0009765625 -0.001736111111111111
0  0.4306640625 0.6875 0.01171875 0.027777777777777776 -0.0009765625 -0.001736111111111111 -0.0009765625 -0.001736111111111111 -0.0009765625 -0.001736111111111111 -0.0009765625 -0.001736111111111111 -0.0009765625 -0.001736111111111111
0  0.4033203125 0.7178819444444444 0.009765625 0.026041666666666668 0.4033115234375 0.7146267361111112 0.4064765625 0.7163315972222223 0.405326171875 0.7217881944444444 0.4034072265625 0.7251979166666667 0.40561328125 0.726392361111111
0  0.31787109375 0.6319444444444444 0.0126953125 0.027777777777777776 -0.0009765625 -0.001736111111111111 -0.0009765625 -0.001736111111111111 -0.0009765625 -0.001736111111111111 -0.0009765625 -0.001736111111111111 -0.0009765625 -0.001736111111111111
0  0.4404296875 0.6189236111111112 0.009765625 0.022569444444444444 -0.0009765625 -0.001736111111111111 -0.0009765625 -0.001736111111111111 -0.0009765625 -0.001736111111111111 -0.0009765625 -0.001736111111111111 -0.0009765625 -0.001736111111111111
0  0.44482421875 0.6336805555555556 0.0087890625 0.020833333333333332 -0.0009765625 -0.001736111111111111 -0.0009765625 -0.001736111111111111 -0.0009765625 -0.001736111111111111 -0.0009765625 -0.001736111111111111 -0.0009765625 -0.001736111111111111
0  0.30078125 0.6631944444444444 0.01171875 0.024305555555555556 0.29605078125 0.6621631944444445 0.301453125 0.662 0.298248046875 0.6678611111111111 0.296142578125 0.67290625 0.302001953125 0.6732309027777778
0  0.275390625 0.6493055555555556 0.009765625 0.017361111111111112 -0.0009765625 -0.001736111111111111 -0.0009765625 -0.001736111111111111 -0.0009765625 -0.001736111111111111 -0.0009765625 -0.001736111111111111 -0.0009765625 -0.001736111111111111
0  0.236328125 0.7378472222222222 0.009765625 0.024305555555555556 0.2348330078125 0.7361649305555555 0.239501953125 0.7361649305555555 0.2376708984375 0.740234375 0.2355654296875 0.744140625 0.2392275390625 0.744140625
0  0.26123046875 0.7473958333333334 0.0068359375 0.015625 -0.0009765625 -0.001736111111111111 -0.0009765625 -0.001736111111111111 -0.0009765625 -0.001736111111111111 -0.0009765625 -0.001736111111111111 -0.0009765625 -0.001736111111111111
0  0.2666015625 0.7309027777777778 0.005859375 0.013888888888888888 -0.0009765625 -0.001736111111111111 -0.0009765625 -0.001736111111111111 -0.0009765625 -0.001736111111111111 -0.0009765625 -0.001736111111111111 -0.0009765625 -0.001736111111111111
0  0.37548828125 0.3897569444444444 0.0107421875 0.026041666666666668 -0.0009765625 -0.001736111111111111 -0.0009765625 -0.001736111111111111 -0.0009765625 -0.001736111111111111 -0.0009765625 -0.001736111111111111 -0.0009765625 -0.001736111111111111
0  0.39013671875 0.4618055555555556 0.0087890625 0.020833333333333332 0.3895703125 0.4627204861111111 0.3931796875 0.46257986111111116 0.391375 0.4663472222222222 0.3884716796875 0.46774305555555556 0.3920029296875 0.46816145833333334
0  0.4052734375 0.3958333333333333 0.009765625 0.020833333333333332 0.4042880859375 0.3934930555555555 0.4086787109375 0.39319791666666665 0.4065244140625 0.39864756944444446 0.40478515625 0.40218055555555554 0.4075185546875 0.4020329861111111
0  0.4287109375 0.4331597222222222 0.009765625 0.022569444444444444 0.4273115234375 0.4295086805555555 0.4319501953125 0.42965625 0.4302109375 0.43422222222222223 0.4274775390625 0.43760763888888893 0.4321982421875 0.4377552083333333
0  0.43359375 0.4210069444444444 0.01171875 0.022569444444444444 0.4326171875 0.41794618055555555 0.436095703125 0.4175034722222222 0.4345224609375 0.4216267361111111 0.4331142578125 0.42516145833333335 0.4363447265625 0.42516145833333335
0  0.4619140625 0.4262152777777778 0.009765625 0.022569444444444444 -0.0009765625 -0.001736111111111111 -0.0009765625 -0.001736111111111111 -0.0009765625 -0.001736111111111111 -0.0009765625 -0.001736111111111111 -0.0009765625 -0.001736111111111111
0  0.4619140625 0.3923611111111111 0.009765625 0.020833333333333332 0.4603095703125 0.38936979166666663 0.4642333984375 0.3892291666666667 0.462349609375 0.3920208333333333 0.4607802734375 0.39746180555555555 0.4632919921875 0.39746180555555555
0  0.44482421875 0.4114583333333333 0.0087890625 0.020833333333333332 -0.0009765625 -0.001736111111111111 -0.0009765625 -0.001736111111111111 -0.0009765625 -0.001736111111111111 -0.0009765625 -0.001736111111111111 -0.0009765625 -0.001736111111111111
0  0.40966796875 0.4887152777777778 0.0107421875 0.026041666666666668 0.4079892578125 0.4858402777777778 0.41275 0.48649131944444446 0.4101865234375 0.4910486111111111 0.40771484375 0.49397743055555554 0.412109375 0.494140625
0  0.41796875 0.4826388888888889 0.009765625 0.024305555555555556 -0.0009765625 -0.001736111111111111 -0.0009765625 -0.001736111111111111 -0.0009765625 -0.001736111111111111 -0.0009765625 -0.001736111111111111 -0.0009765625 -0.001736111111111111
0  0.44775390625 0.4869791666666667 0.0107421875 0.026041666666666668 0.4469775390625 0.48508854166666665 0.4511982421875 0.48474652777777777 0.4495673828125 0.49037326388888886 0.447361328125 0.4932725694444444 0.4511025390625 0.49293229166666663
0  0.43701171875 0.5407986111111112 0.0087890625 0.019097222222222224 -0.0009765625 -0.001736111111111111 -0.0009765625 -0.001736111111111111 -0.0009765625 -0.001736111111111111 -0.0009765625 -0.001736111111111111 -0.0009765625 -0.001736111111111111
0  0.45068359375 0.5598958333333334 0.0107421875 0.022569444444444444 0.44648046875 0.5582534722222222 0.451451171875 0.5580972222222222 0.448921875 0.5627482638888889 0.44752734375 0.5666232638888888 0.4511025390625 0.5663125
0  0.47412109375 0.5789930555555556 0.0107421875 0.026041666666666668 0.4704287109375 0.5774201388888889 0.4739072265625 0.5775833333333333 0.47134375 0.5818142361111112 0.471619140625 0.5862083333333333 0.4749140625 0.5863715277777778
0  0.48486328125 0.5295138888888888 0.0107421875 0.024305555555555556 -0.0009765625 -0.001736111111111111 -0.0009765625 -0.001736111111111111 -0.0009765625 -0.001736111111111111 -0.0009765625 -0.001736111111111111 -0.0009765625 -0.001736111111111111
0  0.490234375 0.4817708333333333 0.009765625 0.022569444444444444 0.4860927734375 0.47797222222222224 0.48907421875 0.4776788194444444 0.487169921875 0.4823906250000001 0.4859267578125 0.48666145833333335 0.4895712890625 0.48680902777777774
0  0.50048828125 0.46875 0.0087890625 0.024305555555555556 0.5001396484375 0.46794444444444444 0.50319140625 0.46794444444444444 0.5018837890625 0.47259375 0.5003134765625 0.4750746527777777 0.50319140625 0.4752291666666667
0  0.49755859375 0.5625 0.0087890625 0.020833333333333332 -0.0009765625 -0.001736111111111111 -0.0009765625 -0.001736111111111111 -0.0009765625 -0.001736111111111111 -0.0009765625 -0.001736111111111111 -0.0009765625 -0.001736111111111111
0  0.52734375 0.5329861111111112 0.009765625 0.027777777777777776 0.52463671875 0.5306927083333333 0.5292490234375 0.5303350694444444 0.5268427734375 0.5349704861111111 0.5242353515625 0.538892361111111 0.52944921875 0.5385347222222223
0  0.52734375 0.5164930555555556 0.009765625 0.022569444444444444 -0.0009765625 -0.001736111111111111 -0.0009765625 -0.001736111111111111 -0.0009765625 -0.001736111111111111 -0.0009765625 -0.001736111111111111 -0.0009765625 -0.001736111111111111
0  0.53076171875 0.484375 0.0087890625 0.020833333333333332 -0.0009765625 -0.001736111111111111 -0.0009765625 -0.001736111111111111 -0.0009765625 -0.001736111111111111 -0.0009765625 -0.001736111111111111 -0.0009765625 -0.001736111111111111
0  0.3984375 0.4305555555555556 0.0078125 0.017361111111111112 0.3957607421875 0.4296875 0.40046875 0.42945486111111114 0.398376953125 0.43456944444444445 0.3961533203125 0.4380572916666667 0.40001171875 0.4380572916666667
0  0.47998046875 0.3958333333333333 0.0087890625 0.020833333333333332 0.4787861328125 0.3952760416666667 0.4829453125 0.396390625 0.480826171875 0.3991822916666667 0.4796494140625 0.40197222222222223 0.4819248046875 0.4025295138888889
0  0.4951171875 0.4175347222222222 0.009765625 0.022569444444444444 0.4946201171875 0.4157673611111111 0.498513671875 0.4163559027777778 0.4967734375 0.42077430555555556 0.4952001953125 0.42445659722222223 0.497767578125 0.42489756944444446
0  0.49951171875 0.4053819444444444 0.0068359375 0.015625 -0.0009765625 -0.001736111111111111 -0.0009765625 -0.001736111111111111 -0.0009765625 -0.001736111111111111 -0.0009765625 -0.001736111111111111 -0.0009765625 -0.001736111111111111
0  0.54736328125 0.546875 0.0107421875 0.024305555555555556 0.5463515625 0.5443940972222223 0.55097265625 0.544859375 0.54931640625 0.5498194444444445 0.5463515625 0.5538506944444443 0.550537109375 0.5543159722222222
0  0.52490234375 0.4305555555555556 0.0087890625 0.020833333333333332 -0.0009765625 -0.001736111111111111 -0.0009765625 -0.001736111111111111 -0.0009765625 -0.001736111111111111 -0.0009765625 -0.001736111111111111 -0.0009765625 -0.001736111111111111
0  0.54052734375 0.3958333333333333 0.0087890625 0.020833333333333332 0.53790234375 0.39625173611111114 0.5419833984375 0.39611284722222223 0.539943359375 0.400296875 0.538609375 0.4029479166666667 0.5415908203125 0.4029479166666667
0  0.55029296875 0.4427083333333333 0.0087890625 0.024305555555555556 0.549376953125 0.44216666666666665 0.5534970703125 0.44167708333333333 0.551666015625 0.44607291666666665 0.5499267578125 0.450140625 0.5529482421875 0.44997916666666665
0  0.55517578125 0.4748263888888889 0.0087890625 0.019097222222222224 -0.0009765625 -0.001736111111111111 -0.0009765625 -0.001736111111111111 -0.0009765625 -0.001736111111111111 -0.0009765625 -0.001736111111111111 -0.0009765625 -0.001736111111111111
0  0.55859375 0.5008680555555556 0.009765625 0.022569444444444444 -0.0009765625 -0.001736111111111111 -0.0009765625 -0.001736111111111111 -0.0009765625 -0.001736111111111111 -0.0009765625 -0.001736111111111111 -0.0009765625 -0.001736111111111111
0  0.5654296875 0.5685763888888888 0.009765625 0.022569444444444444 -0.0009765625 -0.001736111111111111 -0.0009765625 -0.001736111111111111 -0.0009765625 -0.001736111111111111 -0.0009765625 -0.001736111111111111 -0.0009765625 -0.001736111111111111
0  0.5810546875 0.5633680555555556 0.0078125 0.019097222222222224 -0.0009765625 -0.001736111111111111 -0.0009765625 -0.001736111111111111 -0.0009765625 -0.001736111111111111 -0.0009765625 -0.001736111111111111 -0.0009765625 -0.001736111111111111
0  0.5947265625 0.5529513888888888 0.009765625 0.022569444444444444 0.5915048828125 0.5517725694444445 0.5959775390625 0.5517725694444445 0.593078125 0.5561909722222222 0.5915048828125 0.5613454861111111 0.5959775390625 0.5616388888888889
0  0.58935546875 0.5659722222222222 0.0068359375 0.013888888888888888 -0.0009765625 -0.001736111111111111 -0.0009765625 -0.001736111111111111 -0.0009765625 -0.001736111111111111 -0.0009765625 -0.001736111111111111 -0.0009765625 -0.001736111111111111
0  0.59130859375 0.5164930555555556 0.0087890625 0.019097222222222224 0.58830078125 0.5164930555555556 0.5917841796875 0.5164930555555556 0.589634765625 0.5201822916666666 0.5888193359375 0.5238715277777778 0.5911904296875 0.5240034722222222
0  0.591796875 0.4800347222222222 0.009765625 0.022569444444444444 0.591060546875 0.4776788194444444 0.594373046875 0.4806232638888889 0.59213671875 0.4837170138888889 0.5898173828125 0.4851892361111111 0.5930478515625 0.48680902777777774
0  0.57861328125 0.421875 0.0087890625 0.020833333333333332 -0.0009765625 -0.001736111111111111 -0.0009765625 -0.001736111111111111 -0.0009765625 -0.001736111111111111 -0.0009765625 -0.001736111111111111 -0.0009765625 -0.001736111111111111
0  0.57177734375 0.3828125 0.0107421875 0.022569444444444444 0.5711142578125 0.3816336805555556 0.5747763671875 0.380859375 0.57320703125 0.38535416666666666 0.5714638671875 0.38938541666666665 0.5756484375 0.38938541666666665
0  0.58837890625 0.4131944444444444 0.0107421875 0.024305555555555556 0.585876953125 0.4105364583333333 0.590087890625 0.4105364583333333 0.587798828125 0.41655902777777776 0.5856015625 0.4193246527777778 0.59063671875 0.4193246527777778
0  0.59765625 0.4010416666666667 0.009765625 0.020833333333333332 0.595537109375 0.39832986111111107 0.5998359375 0.39753819444444444 0.598427734375 0.40188715277777776 0.5969453125 0.4083420138888889 0.60020703125 0.40689409722222225
0  0.60009765625 0.4479166666666667 0.0107421875 0.024305555555555556 0.597865234375 0.4435451388888889 0.6022255859375 0.4435451388888889 0.5997841796875 0.4480399305555556 0.598126953125 0.4522256944444445 0.601353515625 0.4520711805555555
0  0.52392578125 0.5798611111111112 0.0087890625 0.020833333333333332 -0.0009765625 -0.001736111111111111 -0.0009765625 -0.001736111111111111 -0.0009765625 -0.001736111111111111 -0.0009765625 -0.001736111111111111 -0.0009765625 -0.001736111111111111
0  0.6376953125 0.5616319444444444 0.01171875 0.026041666666666668 0.6363525390625 0.5595694444444445 0.641435546875 0.5600815972222223 0.6389423828125 0.5636631944444445 0.6372158203125 0.568265625 0.640380859375 0.5680954861111112
0  0.6103515625 0.5555555555555556 0.009765625 0.024305555555555556 0.609314453125 0.5504548611111111 0.61636328125 0.5504548611111111 0.613525390625 0.5576180555555555 0.6077578125 0.5598958333333334 0.607849609375 0.5602222222222222
0  0.64453125 0.6015625 0.009765625 0.022569444444444444 0.6418896484375 0.6034774305555556 0.6467763671875 0.6028871527777777 0.6447880859375 0.6101041666666667 0.6427177734375 0.6121649305555557 0.6465283203125 0.612017361111111
0  0.6162109375 0.4852430555555556 0.009765625 0.019097222222222224 0.6160927734375 0.48139930555555555 0.6192802734375 0.48139930555555555 0.6185390625 0.4857465277777778 0.6163896484375 0.48904166666666665 0.6193544921875 0.4886458333333333
0  0.61328125 0.4210069444444444 0.009765625 0.019097222222222224 0.611384765625 0.41968923611111114 0.6157578125 0.41929340277777777 0.613830078125 0.42377430555555556 0.6122001953125 0.4278576388888889 0.61538671875 0.4275954861111111
0  0.63037109375 0.4487847222222222 0.0087890625 0.019097222222222224 -0.0009765625 -0.001736111111111111 -0.0009765625 -0.001736111111111111 -0.0009765625 -0.001736111111111111 -0.0009765625 -0.001736111111111111 -0.0009765625 -0.001736111111111111
0  0.630859375 0.4236111111111111 0.0078125 0.020833333333333332 0.628177734375 0.4223472222222222 0.6321064453125 0.4223472222222222 0.6306982421875 0.4264322916666667 0.6289931640625 0.4297256944444444 0.6317353515625 0.4297256944444444
0  0.6298828125 0.3784722222222222 0.009765625 0.024305555555555556 0.628173828125 0.37627083333333333 0.6324462890625 0.37611631944444446 0.63105078125 0.380921875 0.6292197265625 0.3861909722222222 0.6318359375 0.38588194444444446
0  0.67041015625 0.4296875 0.0107421875 0.022569444444444444 0.6691025390625 0.4279201388888889 0.672830078125 0.4277725694444444 0.6713388671875 0.4324861111111111 0.6697646484375 0.4367552083333333 0.6723330078125 0.4367552083333333
0  0.654296875 0.4887152777777778 0.0078125 0.019097222222222224 0.651986328125 0.48897916666666663 0.6556181640625 0.48897916666666663 0.6541357421875 0.4922725694444444 0.6530234375 0.49609375 0.65583984375 0.49635763888888884
0  0.68408203125 0.4513888888888889 0.0087890625 0.020833333333333332 0.6821416015625 0.45170659722222223 0.68599609375 0.45131076388888886 0.6839208984375 0.45513194444444444 0.6828828125 0.4582951388888889 0.6851806640625 0.4581631944444444
0  0.6826171875 0.5217013888888888 0.0078125 0.015625 -0.0009765625 -0.001736111111111111 -0.0009765625 -0.001736111111111111 -0.0009765625 -0.001736111111111111 -0.0009765625 -0.001736111111111111 -0.0009765625 -0.001736111111111111
0  0.65869140625 0.5555555555555556 0.0107421875 0.024305555555555556 0.65448046875 0.5524097222222222 0.659423828125 0.5509444444444445 0.657318359375 0.5572916666666666 0.6553037109375 0.5611979166666666 0.659515625 0.5603836805555555
0  0.68701171875 0.5633680555555556 0.0087890625 0.022569444444444444 0.68408203125 0.5600190972222223 0.6878310546875 0.5612604166666667 0.6848671875 0.5649809027777777 0.68408203125 0.57025 0.686087890625 0.5705607638888889
0  0.6826171875 0.5998263888888888 0.009765625 0.022569444444444444 0.6790244140625 0.599732638888889 0.683646484375 0.5980277777777778 0.68085546875 0.6022135416666666 0.6794609375 0.6071736111111111 0.6834716796875 0.6068645833333333
0  0.6640625 0.3897569444444444 0.009765625 0.022569444444444444 -0.0009765625 -0.001736111111111111 -0.0009765625 -0.001736111111111111 -0.0009765625 -0.001736111111111111 -0.0009765625 -0.001736111111111111 -0.0009765625 -0.001736111111111111
0  0.68896484375 0.4149305555555556 0.0087890625 0.020833333333333332 0.6884765625 0.41339583333333335 0.692400390625 0.41339583333333335 0.690673828125 0.4174409722222222 0.6891826171875 0.4209288194444445 0.691458984375 0.4209288194444445
0  0.6533203125 0.5234375 0.009765625 0.022569444444444444 -0.0009765625 -0.001736111111111111 -0.0009765625 -0.001736111111111111 -0.0009765625 -0.001736111111111111 -0.0009765625 -0.001736111111111111 -0.0009765625 -0.001736111111111111
0  0.68701171875 0.5034722222222222 0.0068359375 0.017361111111111112 -0.0009765625 -0.001736111111111111 -0.0009765625 -0.001736111111111111 -0.0009765625 -0.001736111111111111 -0.0009765625 -0.001736111111111111 -0.0009765625 -0.001736111111111111
0  0.7158203125 0.4001736111111111 0.009765625 0.022569444444444444 0.7159951171875 0.4009097222222222 0.7192255859375 0.40032118055555554 0.7186455078125 0.4045920138888889 0.716740234375 0.40856770833333333 0.7189765625 0.40827256944444446
0  0.73974609375 0.4210069444444444 0.0107421875 0.022569444444444444 0.7385947265625 0.4192708333333333 0.742736328125 0.4192708333333333 0.74124609375 0.4235416666666667 0.7395888671875 0.4275173611111111 0.74248828125 0.4275173611111111
0  0.748046875 0.3958333333333333 0.009765625 0.020833333333333332 0.74755859375 0.3930503472222222 0.751203125 0.3927569444444445 0.7494638671875 0.39746875000000004 0.747806640625 0.401296875 0.751037109375 0.401296875
0  0.72314453125 0.4592013888888889 0.0087890625 0.022569444444444444 0.7225732421875 0.45731770833333335 0.7258037109375 0.4570243055555555 0.725306640625 0.46144097222222225 0.7231533203125 0.4652708333333333 0.7259697265625 0.4649756944444445
0  0.76123046875 0.4678819444444444 0.0107421875 0.022569444444444444 0.759748046875 0.46626215277777777 0.76397265625 0.4678819444444444 0.7614052734375 0.47215277777777775 0.7596650390625 0.47627604166666665 0.7622333984375 0.47642361111111114
0  0.77734375 0.4340277777777778 0.0078125 0.020833333333333332 -0.0009765625 -0.001736111111111111 -0.0009765625 -0.001736111111111111 -0.0009765625 -0.001736111111111111 -0.0009765625 -0.001736111111111111 -0.0009765625 -0.001736111111111111
0  0.73876953125 0.4583333333333333 0.0107421875 0.024305555555555556 0.737 0.4568142361111111 0.741759765625 0.4561631944444444 0.7395625 0.4605572916666667 0.7379150390625 0.4652777777777778 0.7414853515625 0.46478993055555556
0  0.720703125 0.4930555555555556 0.009765625 0.020833333333333332 0.7205849609375 0.4921875 0.724662109375 0.49297743055555554 0.72303125 0.4977222222222222 0.7211044921875 0.5022013888888889 0.7247353515625 0.5027274305555556
0  0.70703125 0.4748263888888889 0.0078125 0.019097222222222224 -0.0009765625 -0.001736111111111111 -0.0009765625 -0.001736111111111111 -0.0009765625 -0.001736111111111111 -0.0009765625 -0.001736111111111111 -0.0009765625 -0.001736111111111111
0  0.73388671875 0.4852430555555556 0.0068359375 0.019097222222222224 -0.0009765625 -0.001736111111111111 -0.0009765625 -0.001736111111111111 -0.0009765625 -0.001736111111111111 -0.0009765625 -0.001736111111111111 -0.0009765625 -0.001736111111111111
0  0.791015625 0.5026041666666666 0.009765625 0.019097222222222224 0.7894111328125 0.5003715277777778 0.793666015625 0.5007447916666666 0.7914345703125 0.5037204861111111 0.7899697265625 0.5078125 0.792689453125 0.5078125
0  0.80517578125 0.4409722222222222 0.0107421875 0.020833333333333332 0.803431640625 0.4423680555555556 0.806884765625 0.44264583333333335 0.8045302734375 0.44725 0.804138671875 0.45115625 0.8058642578125 0.4510173611111111
0  0.716796875 0.5112847222222222 0.009765625 0.019097222222222224 -0.0009765625 -0.001736111111111111 -0.0009765625 -0.001736111111111111 -0.0009765625 -0.001736111111111111 -0.0009765625 -0.001736111111111111 -0.0009765625 -0.001736111111111111
0  0.45947265625 0.6866319444444444 0.0126953125 0.026041666666666668 0.4574892578125 0.6832673611111111 0.462982421875 0.6827795138888889 0.4609677734375 0.6888020833333334 0.4586796875 0.693359375 0.4625244140625 0.6930347222222222
0  0.67529296875 0.6458333333333334 0.0087890625 0.017361111111111112 0.6720234375 0.6440347222222222 0.6757509765625 0.6439184027777778 0.673134765625 0.6510104166666667 0.67476953125 0.6535677083333333 0.67705859375 0.6531041666666666
0  0.69580078125 0.5885416666666666 0.0107421875 0.020833333333333332 0.6934287109375 0.5892395833333333 0.6971962890625 0.5882621527777778 0.6954697265625 0.5932847222222223 0.694056640625 0.5981684027777778 0.69625390625 0.5973298611111111
0  0.82373046875 0.4930555555555556 0.0087890625 0.020833333333333332 -0.0009765625 -0.001736111111111111 -0.0009765625 -0.001736111111111111 -0.0009765625 -0.001736111111111111 -0.0009765625 -0.001736111111111111 -0.0009765625 -0.001736111111111111
0  0.7880859375 0.5225694444444444 0.0078125 0.020833333333333332 0.7877373046875 0.5220121527777777 0.7908759765625 0.5211736111111112 0.790169921875 0.5245225694444444 0.7886005859375 0.5301024305555555 0.7912685546875 0.5299635416666667
0  0.80908203125 0.5546875 0.0107421875 0.022569444444444444 0.80701953125 0.5538350694444445 0.81141015625 0.5547187499999999 0.8086767578125 0.5604618055555556 0.8072685546875 0.56340625 0.8092568359375 0.5637013888888889
0  0.9482421875 0.6432291666666666 0.01171875 0.026041666666666668 0.945259765625 0.6409965277777778 0.950248046875 0.6403142361111112 0.94775390625 0.6461128472222222 0.9451640625 0.6519097222222222 0.9501513671875 0.6519097222222222
0  0.931640625 0.6371527777777778 0.009765625 0.024305555555555556 -0.0009765625 -0.001736111111111111 -0.0009765625 -0.001736111111111111 -0.0009765625 -0.001736111111111111 -0.0009765625 -0.001736111111111111 -0.0009765625 -0.001736111111111111
0  0.88037109375 0.6197916666666666 0.0107421875 0.024305555555555556 0.878453125 0.6189392361111111 0.883919921875 0.6189392361111111 0.881330078125 0.6245659722222222 0.8792197265625 0.6284878472222223 0.882384765625 0.628828125
0  0.93505859375 0.5598958333333334 0.0126953125 0.022569444444444444 -0.0009765625 -0.001736111111111111 -0.0009765625 -0.001736111111111111 -0.0009765625 -0.001736111111111111 -0.0009765625 -0.001736111111111111 -0.0009765625 -0.001736111111111111
0  0.9560546875 0.5789930555555556 0.0078125 0.022569444444444444 -0.0009765625 -0.001736111111111111 -0.0009765625 -0.001736111111111111 -0.0009765625 -0.001736111111111111 -0.0009765625 -0.001736111111111111 -0.0009765625 -0.001736111111111111
0  0.91015625 0.6059027777777778 0.009765625 0.024305555555555556 0.908935546875 0.6050347222222222 0.913421875 0.6050347222222222 0.9114072265625 0.6105694444444444 0.90902734375 0.6144756944444444 0.91323828125 0.6144756944444444
0  0.8837890625 0.5876736111111112 0.009765625 0.022569444444444444 -0.0009765625 -0.001736111111111111 -0.0009765625 -0.001736111111111111 -0.0009765625 -0.001736111111111111 -0.0009765625 -0.001736111111111111 -0.0009765625 -0.001736111111111111
0  0.87646484375 0.5651041666666666 0.0068359375 0.019097222222222224 -0.0009765625 -0.001736111111111111 -0.0009765625 -0.001736111111111111 -0.0009765625 -0.001736111111111111 -0.0009765625 -0.001736111111111111 -0.0009765625 -0.001736111111111111
0  0.8642578125 0.5381944444444444 0.009765625 0.020833333333333332 0.862513671875 0.5383333333333333 0.866359375 0.5384739583333333 0.8645546875 0.5423802083333333 0.862513671875 0.5457274305555555 0.865966796875 0.5458680555555556
0  0.85009765625 0.5659722222222222 0.0107421875 0.024305555555555556 0.8473203125 0.564453125 0.851990234375 0.5629878472222223 0.84979296875 0.5677083333333334 0.8485107421875 0.5719409722222222 0.851623046875 0.5706388888888889
0  0.8291015625 0.5998263888888888 0.01171875 0.026041666666666668 -0.0009765625 -0.001736111111111111 -0.0009765625 -0.001736111111111111 -0.0009765625 -0.001736111111111111 -0.0009765625 -0.001736111111111111 -0.0009765625 -0.001736111111111111
0  0.826171875 0.6354166666666666 0.01171875 0.027777777777777776 0.824166015625 0.6329444444444445 0.829982421875 0.632765625 0.8274755859375 0.6402534722222222 0.8250693359375 0.6432829861111111 0.829080078125 0.6432829861111111
0  0.7939453125 0.5711805555555556 0.01171875 0.024305555555555556 0.7918701171875 0.5704756944444445 0.796447265625 0.5701493055555555 0.794525390625 0.5750329861111111 0.7925107421875 0.5799149305555555 0.79571484375 0.5797534722222222
0  0.78662109375 0.5546875 0.0087890625 0.019097222222222224 -0.0009765625 -0.001736111111111111 -0.0009765625 -0.001736111111111111 -0.0009765625 -0.001736111111111111 -0.0009765625 -0.001736111111111111 -0.0009765625 -0.001736111111111111
0  0.80078125 0.5355902777777778 0.0078125 0.015625 -0.0009765625 -0.001736111111111111 -0.0009765625 -0.001736111111111111 -0.0009765625 -0.001736111111111111 -0.0009765625 -0.001736111111111111 -0.0009765625 -0.001736111111111111
0  0.7802734375 0.6345486111111112 0.01171875 0.022569444444444444 -0.0009765625 -0.001736111111111111 -0.0009765625 -0.001736111111111111 -0.0009765625 -0.001736111111111111 -0.0009765625 -0.001736111111111111 -0.0009765625 -0.001736111111111111
0  0.78759765625 0.6371527777777778 0.0068359375 0.017361111111111112 -0.0009765625 -0.001736111111111111 -0.0009765625 -0.001736111111111111 -0.0009765625 -0.001736111111111111 -0.0009765625 -0.001736111111111111 -0.0009765625 -0.001736111111111111
0  0.7626953125 0.6336805555555556 0.009765625 0.024305555555555556 0.7595390625 0.6324097222222221 0.76416015625 0.6305486111111112 0.7618056640625 0.6350451388888889 0.761283203125 0.6410902777777777 0.7645087890625 0.6396944444444445
0  0.78271484375 0.5902777777777778 0.0107421875 0.024305555555555556 0.7839658203125 0.5894097222222222 0.7862548828125 0.5894097222222222 0.7862548828125 0.5957569444444445 0.78241015625 0.5995 0.784240234375 0.5995
0  0.77783203125 0.5303819444444444 0.0087890625 0.022569444444444444 -0.0009765625 -0.001736111111111111 -0.0009765625 -0.001736111111111111 -0.0009765625 -0.001736111111111111 -0.0009765625 -0.001736111111111111 -0.0009765625 -0.001736111111111111
0  0.88525390625 0.5572916666666666 0.0068359375 0.017361111111111112 -0.0009765625 -0.001736111111111111 -0.0009765625 -0.001736111111111111 -0.0009765625 -0.001736111111111111 -0.0009765625 -0.001736111111111111 -0.0009765625 -0.001736111111111111
0  0.7431640625 0.5572916666666666 0.009765625 0.020833333333333332 -0.0009765625 -0.001736111111111111 -0.0009765625 -0.001736111111111111 -0.0009765625 -0.001736111111111111 -0.0009765625 -0.001736111111111111 -0.0009765625 -0.001736111111111111
0  0.75830078125 0.5555555555555556 0.0068359375 0.017361111111111112 -0.0009765625 -0.001736111111111111 -0.0009765625 -0.001736111111111111 -0.0009765625 -0.001736111111111111 -0.0009765625 -0.001736111111111111 -0.0009765625 -0.001736111111111111
0  0.73291015625 0.5894097222222222 0.0068359375 0.026041666666666668 0.7305126953125 0.5875190972222222 0.734732421875 0.5870069444444445 0.733005859375 0.5921215277777778 0.7289775390625 0.5960434027777778 0.735404296875 0.5943385416666667
0  0.76708984375 0.5069444444444444 0.0087890625 0.020833333333333332 -0.0009765625 -0.001736111111111111 -0.0009765625 -0.001736111111111111 -0.0009765625 -0.001736111111111111 -0.0009765625 -0.001736111111111111 -0.0009765625 -0.001736111111111111
0  0.71337890625 0.5607638888888888 0.0087890625 0.024305555555555556 0.7132041015625 0.5598020833333334 0.7174765625 0.5596475694444445 0.7158203125 0.5636788194444444 0.7141640625 0.5681736111111111 0.7176513671875 0.5681736111111111
0  0.72509765625 0.5494791666666666 0.0087890625 0.022569444444444444 0.7222900390625 0.547859375 0.7261005859375 0.5477118055555557 0.7241953125 0.5536024305555556 0.721626953125 0.5580208333333334 0.725603515625 0.5578732638888888
0  0.66015625 0.6137152777777778 0.009765625 0.022569444444444444 0.6595283203125 0.6117621527777778 0.663626953125 0.6116076388888889 0.6617958984375 0.6167222222222223 0.660138671875 0.621217013888889 0.6629287109375 0.621217013888889
0  0.9892578125 0.6388888888888888 0.01171875 0.024305555555555556 0.98550390625 0.6380208333333334 0.99090625 0.6378576388888889 0.9874267578125 0.6435555555555555 0.986419921875 0.6481111111111111 0.990173828125 0.6481111111111111
0  0.96142578125 0.6701388888888888 0.0107421875 0.020833333333333332 0.9571884765625 0.66790625 0.9611904296875 0.6676284722222222 0.9581298828125 0.6747430555555556 0.958287109375 0.6783697916666667 0.96142578125 0.6775329861111111
0  0.98486328125 0.5703125 0.0087890625 0.019097222222222224 0.9835380859375 0.5678315972222223 0.9876533203125 0.5672118055555555 0.986048828125 0.5710572916666666 0.984375 0.5744045138888889 0.9876533203125 0.5740329861111111
0  0.7177734375 0.4296875 0.005859375 0.015625 -0.0009765625 -0.001736111111111111 -0.0009765625 -0.001736111111111111 -0.0009765625 -0.001736111111111111 -0.0009765625 -0.001736111111111111 -0.0009765625 -0.001736111111111111
0  0.70166015625 0.4548611111111111 0.0068359375 0.013888888888888888 -0.0009765625 -0.001736111111111111 -0.0009765625 -0.001736111111111111 -0.0009765625 -0.001736111111111111 -0.0009765625 -0.001736111111111111 -0.0009765625 -0.001736111111111111
0  0.7197265625 0.6197916666666666 0.013671875 0.027777777777777776 0.71634375 0.6166059027777778 0.7221591796875 0.6160711805555557 0.7195517578125 0.6212413194444444 0.71784765625 0.6260538194444445 0.7221591796875 0.6258750000000001
0  0.7373046875 0.6614583333333334 0.01171875 0.027777777777777776 0.7321171875 0.661125 0.73723046875 0.6607690972222222 0.73422265625 0.6673645833333333 0.7332197265625 0.6734253472222221 0.7359267578125 0.6730694444444444
0  0.72216796875 0.6840277777777778 0.0107421875 0.024305555555555556 -0.0009765625 -0.001736111111111111 -0.0009765625 -0.001736111111111111 -0.0009765625 -0.001736111111111111 -0.0009765625 -0.001736111111111111 -0.0009765625 -0.001736111111111111
0  0.77685546875 0.7039930555555556 0.0126953125 0.026041666666666668 0.7800986328125 0.6986909722222223 0.7801953125 0.6986909722222223 0.782208984375 0.7034652777777778 0.777796875 0.7080694444444444 0.777892578125 0.7080694444444444
0  0.91015625 0.671875 0.01171875 0.027777777777777776 0.9112724609375 0.670828125 0.914982421875 0.6706510416666667 0.915283203125 0.6751076388888889 0.9124755859375 0.6809895833333334 0.9148818359375 0.6806336805555556
0  0.88232421875 0.6892361111111112 0.0107421875 0.024305555555555556 0.8815 0.6860902777777778 0.8857119140625 0.6857638888888888 0.884337890625 0.6898333333333333 0.882140625 0.6952048611111111 0.8862607421875 0.6950416666666667
0  0.8583984375 0.6840277777777778 0.009765625 0.024305555555555556 0.8566591796875 0.6823454861111111 0.8617861328125 0.6813697916666667 0.859771484375 0.6873923611111111 0.8573916015625 0.6909722222222222 0.861419921875 0.6901579861111111
0  0.84765625 0.7005208333333334 0.009765625 0.026041666666666668 -0.0009765625 -0.001736111111111111 -0.0009765625 -0.001736111111111111 -0.0009765625 -0.001736111111111111 -0.0009765625 -0.001736111111111111 -0.0009765625 -0.001736111111111111
0  0.83056640625 0.6935763888888888 0.0087890625 0.026041666666666668 -0.0009765625 -0.001736111111111111 -0.0009765625 -0.001736111111111111 -0.0009765625 -0.001736111111111111 -0.0009765625 -0.001736111111111111 -0.0009765625 -0.001736111111111111
0  0.82275390625 0.6883680555555556 0.0107421875 0.026041666666666668 -0.0009765625 -0.001736111111111111 -0.0009765625 -0.001736111111111111 -0.0009765625 -0.001736111111111111 -0.0009765625 -0.001736111111111111 -0.0009765625 -0.001736111111111111
0  0.625 0.5720486111111112 0.009765625 0.022569444444444444 -0.0009765625 -0.001736111111111111 -0.0009765625 -0.001736111111111111 -0.0009765625 -0.001736111111111111 -0.0009765625 -0.001736111111111111 -0.0009765625 -0.001736111111111111
0  0.59716796875 0.5260416666666666 0.0087890625 0.020833333333333332 -0.0009765625 -0.001736111111111111 -0.0009765625 -0.001736111111111111 -0.0009765625 -0.001736111111111111 -0.0009765625 -0.001736111111111111 -0.0009765625 -0.001736111111111111
0  0.81640625 0.5815972222222222 0.009765625 0.024305555555555556 -0.0009765625 -0.001736111111111111 -0.0009765625 -0.001736111111111111 -0.0009765625 -0.001736111111111111 -0.0009765625 -0.001736111111111111 -0.0009765625 -0.001736111111111111
0  0.87158203125 0.6510416666666666 0.0107421875 0.027777777777777776 0.8699775390625 0.6489340277777778 0.8748955078125 0.6494913194444445 0.87301171875 0.6550711805555556 0.870396484375 0.6578628472222222 0.8748955078125 0.6589774305555556
0  0.90234375 0.6519097222222222 0.009765625 0.022569444444444444 -0.0009765625 -0.001736111111111111 -0.0009765625 -0.001736111111111111 -0.0009765625 -0.001736111111111111 -0.0009765625 -0.001736111111111111 -0.0009765625 -0.001736111111111111
0  0.3154296875 0.4131944444444444 0.009765625 0.017361111111111112 0.3136162109375 0.41530208333333335 0.3184990234375 0.41542708333333334 0.316126953125 0.4184027777777778 0.314662109375 0.4221232638888889 0.3174521484375 0.4221232638888889
0  0.33154296875 0.5998263888888888 0.0087890625 0.019097222222222224 -0.0009765625 -0.001736111111111111 -0.0009765625 -0.001736111111111111 -0.0009765625 -0.001736111111111111 -0.0009765625 -0.001736111111111111 -0.0009765625 -0.001736111111111111
0  0.4169921875 0.6432291666666666 0.005859375 0.022569444444444444 -0.0009765625 -0.001736111111111111 -0.0009765625 -0.001736111111111111 -0.0009765625 -0.001736111111111111 -0.0009765625 -0.001736111111111111 -0.0009765625 -0.001736111111111111
0  0.421875 0.6328125 0.0078125 0.019097222222222224 -0.0009765625 -0.001736111111111111 -0.0009765625 -0.001736111111111111 -0.0009765625 -0.001736111111111111 -0.0009765625 -0.001736111111111111 -0.0009765625 -0.001736111111111111
0  0.21875 0.5581597222222222 0.0078125 0.019097222222222224 -0.0009765625 -0.001736111111111111 -0.0009765625 -0.001736111111111111 -0.0009765625 -0.001736111111111111 -0.0009765625 -0.001736111111111111 -0.0009765625 -0.001736111111111111
0  0.232421875 0.6536458333333334 0.01171875 0.019097222222222224 -0.0009765625 -0.001736111111111111 -0.0009765625 -0.001736111111111111 -0.0009765625 -0.001736111111111111 -0.0009765625 -0.001736111111111111 -0.0009765625 -0.001736111111111111
0  0.5146484375 0.3949652777777778 0.005859375 0.015625 -0.0009765625 -0.001736111111111111 -0.0009765625 -0.001736111111111111 -0.0009765625 -0.001736111111111111 -0.0009765625 -0.001736111111111111 -0.0009765625 -0.001736111111111111
0  0.28369140625 0.4401041666666667 0.0087890625 0.019097222222222224 -0.0009765625 -0.001736111111111111 -0.0009765625 -0.001736111111111111 -0.0009765625 -0.001736111111111111 -0.0009765625 -0.001736111111111111 -0.0009765625 -0.001736111111111111
0  0.966796875 0.6319444444444444 0.0078125 0.020833333333333332 -0.0009765625 -0.001736111111111111 -0.0009765625 -0.001736111111111111 -0.0009765625 -0.001736111111111111 -0.0009765625 -0.001736111111111111 -0.0009765625 -0.001736111111111111
0  0.9697265625 0.5972222222222222 0.0078125 0.020833333333333332 -0.0009765625 -0.001736111111111111 -0.0009765625 -0.001736111111111111 -0.0009765625 -0.001736111111111111 -0.0009765625 -0.001736111111111111 -0.0009765625 -0.001736111111111111
0  0.81396484375 0.4644097222222222 0.0068359375 0.019097222222222224 -0.0009765625 -0.001736111111111111 -0.0009765625 -0.001736111111111111 -0.0009765625 -0.001736111111111111 -0.0009765625 -0.001736111111111111 -0.0009765625 -0.001736111111111111
0  0.95849609375 0.703125 0.0107421875 0.020833333333333332 0.9570224609375 0.7001944444444445 0.96191015625 0.7001944444444445 0.9604189453125 0.7037291666666667 0.958513671875 0.7075590277777777 0.9614130859375 0.7075590277777777
