0  0.90380859375 0.39985272459499266 0.0439453125 0.0780559646539028 0.884029296875 0.3830942562592047 0.8974345703125 0.3816141384388807 0.887298828125 0.40084536082474226 0.8863173828125 0.4107083946980854 0.90005078125 0.4116936671575847
0  0.7353515625 0.41605301914580267 0.03515625 0.08394698085419734 0.72265625 0.39764359351988215 0.7333984375 0.3946980854197349 0.7216796875 0.4167893961708395 0.7265625 0.43151693667157587 0.734375 0.43004418262150224
0  0.6240234375 0.4543446244477172 0.0390625 0.05743740795287187 0.61181640625 0.4381443298969072 0.62158203125 0.43888070692194403 0.607177734375 0.45103092783505155 0.6123046875 0.46612665684830634 0.621826171875 0.46649484536082475
0  0.7978515625 0.43446244477172313 0.025390625 0.047128129602356406 0.79296875 0.42415316642120765 0.8037109375 0.42415316642120765 0.7939453125 0.43593519882179677 0.791015625 0.44624447717231225 0.80078125 0.44477172312223856
0  0.9677734375 0.43446244477172313 0.029296875 0.053019145802650956 0.957310546875 0.42899263622974965 0.970458984375 0.4283078055964654 0.9600302734375 0.43924889543446244 0.9561767578125 0.4481384388807069 0.96751171875 0.4488217967599411
0  0.99462890625 0.43593519882179677 0.0107421875 0.053019145802650956 0.9912109375 0.4182621502209131 0.9970703125 0.4182621502209131 0.9912109375 0.43151693667157587 0.994140625 0.44477172312223856 0.9970703125 0.44477172312223856
0  0.67919921875 0.4587628865979381 0.0205078125 0.045655375552282766 -0.0009765625 -0.0014727540500736377 -0.0009765625 -0.0014727540500736377 -0.0009765625 -0.0014727540500736377 -0.0009765625 -0.0014727540500736377 -0.0009765625 -0.0014727540500736377
0  0.505859375 0.4786450662739323 0.037109375 0.07363770250368189 0.48940625 0.4625036818851252 0.49714453125 0.46156995581737853 0.48940625 0.47650810014727535 0.4937392578125 0.4900456553755523 0.5014775390625 0.4900456553755523
0  0.41015625 0.3961708394698085 0.033203125 0.061855670103092786 0.3992392578125 0.38246833578792344 0.4117958984375 0.37852430044182617 0.40237890625 0.3950927835051546 0.40237890625 0.40850515463917525 0.4117958984375 0.40653313696612664
0  0.3251953125 0.4543446244477172 0.029296875 0.054491899852724596 0.3175439453125 0.4390117820324006 0.3226279296875 0.43866421207658324 0.3122294921875 0.4529513991163475 0.3182373046875 0.46514727540500733 0.32308984375 0.4647982326951399
0  0.22998046875 0.5581737849779087 0.0283203125 0.044182621502209134 0.2197265625 0.5522827687776142 0.228515625 0.5508100147275405 0.220703125 0.5640648011782032 0.2265625 0.5699558173784978 0.232421875 0.5684830633284241
0  0.265625 0.5397643593519882 0.017578125 0.033873343151693665 0.26171875 0.5316642120765832 0.2685546875 0.5316642120765832 0.2646484375 0.5375552282768777 0.2607421875 0.5449189985272459 0.26953125 0.5449189985272459
0  0.1259765625 0.5294550810014728 0.033203125 0.054491899852724596 0.1160146484375 0.5133460972017673 0.1305712890625 0.5136951399116347 0.11925 0.5251944035346098 0.11786328125 0.5370427098674521 0.1259501953125 0.5366936671575847
0  0.09912109375 0.5508100147275405 0.0244140625 0.03829160530191458 0.093314453125 0.5408291605301915 0.10460546875 0.5403431516936671 0.09863671875 0.5478836524300441 0.0957333984375 0.5566421207658321 0.102669921875 0.5571281296023565
0  0.01025390625 0.49779086892488955 0.0205078125 0.044182621502209134 -0.0050400390625 0.48122238586156113 0.0063955078125 0.48122238586156113 -0.000541015625 0.49253166421207656 -0.0044775390625 0.501860088365243 0.0056455078125 0.5021428571428571
0  0.982421875 0.26288659793814434 0.0078125 0.01914580265095729 -0.0009765625 -0.0014727540500736377 -0.0009765625 -0.0014727540500736377 -0.0009765625 -0.0014727540500736377 -0.0009765625 -0.0014727540500736377 -0.0009765625 -0.0014727540500736377
