0  0.88818359375 0.20247395833333334 0.0537109375 0.08463541666666667 0.8664375 0.18684895833333334 0.8748603515625 0.18738411458333334 0.862025390625 0.20342708333333334 0.8668388671875 0.21947135416666666 0.87405859375 0.22054036458333334
0  0.7041015625 0.18619791666666666 0.044921875 0.06770833333333333 0.6889736328125 0.17536328125 0.708068359375 0.17408984375 0.69279296875 0.18724479166666666 0.690564453125 0.20124739583333331 0.7029765625 0.19997395833333334
0  0.4208984375 0.2975260416666667 0.04296875 0.06640625 0.4069130859375 0.2763671875 0.423548828125 0.2776223958333333 0.4100517578125 0.2889231770833333 0.405029296875 0.3039895833333333 0.4188408203125 0.3048268229166667
0  0.34716796875 0.28125 0.0361328125 0.0546875 0.335876953125 0.27065364583333335 0.3487373046875 0.2696236979166667 0.3394775390625 0.28162760416666666 0.3366484375 0.289515625 0.3487373046875 0.29054427083333334
0  0.1083984375 0.216796875 0.05078125 0.08203125 0.08672265625 0.20149739583333334 0.1055556640625 0.19783593749999998 0.0882919921875 0.21300651041666666 0.0882919921875 0.23341015624999997 0.10359375 0.22974739583333334
0  0.07958984375 0.20703125 0.0380859375 0.049479166666666664 -0.0009765625 -0.0013020833333333333 -0.0009765625 -0.0013020833333333333 -0.0009765625 -0.0013020833333333333 -0.0009765625 -0.0013020833333333333 -0.0009765625 -0.0013020833333333333
0  0.18212890625 0.08268229166666667 0.0107421875 0.016927083333333332 -0.0009765625 -0.0013020833333333333 -0.0009765625 -0.0013020833333333333 -0.0009765625 -0.0013020833333333333 -0.0009765625 -0.0013020833333333333 -0.0009765625 -0.0013020833333333333
0  0.08251953125 0.054036458333333336 0.0107421875 0.01953125 -0.0009765625 -0.0013020833333333333 -0.0009765625 -0.0013020833333333333 -0.0009765625 -0.0013020833333333333 -0.0009765625 -0.0013020833333333333 -0.0009765625 -0.0013020833333333333
0  0.04638671875 0.052083333333333336 0.0107421875 0.018229166666666668 0.042724609375 0.049734375 0.0465615234375 0.05078125 0.043509765625 0.05357161458333334 0.0433349609375 0.0567109375 0.0460380859375 0.05705859375
0  0.27001953125 0.052734375 0.0126953125 0.022135416666666668 -0.0009765625 -0.0013020833333333333 -0.0009765625 -0.0013020833333333333 -0.0009765625 -0.0013020833333333333 -0.0009765625 -0.0013020833333333333 -0.0009765625 -0.0013020833333333333
0  0.40380859375 0.11458333333333333 0.0107421875 0.018229166666666668 -0.0009765625 -0.0013020833333333333 -0.0009765625 -0.0013020833333333333 -0.0009765625 -0.0013020833333333333 -0.0009765625 -0.0013020833333333333 -0.0009765625 -0.0013020833333333333
0  0.44873046875 0.07421875 0.0126953125 0.018229166666666668 0.448033203125 0.07047526041666667 0.451869140625 0.07094010416666667 0.4500380859375 0.07466015625 0.447509765625 0.07698567708333333 0.451171875 0.07698567708333333
0  0.57861328125 0.02734375 0.0107421875 0.020833333333333332 0.577357421875 0.02664583333333333 0.582275390625 0.02678515625 0.5803916015625 0.03097135416666667 0.57808984375 0.033481770833333334 0.5811240234375 0.033481770833333334
0  0.658203125 0.042317708333333336 0.01171875 0.022135416666666668 -0.0009765625 -0.0013020833333333333 -0.0009765625 -0.0013020833333333333 -0.0009765625 -0.0013020833333333333 -0.0009765625 -0.0013020833333333333 -0.0009765625 -0.0013020833333333333
0  0.6201171875 0.033203125 0.013671875 0.022135416666666668 -0.0009765625 -0.0013020833333333333 -0.0009765625 -0.0013020833333333333 -0.0009765625 -0.0013020833333333333 -0.0009765625 -0.0013020833333333333 -0.0009765625 -0.0013020833333333333
0  0.8115234375 0.020182291666666668 0.009765625 0.016927083333333332 -0.0009765625 -0.0013020833333333333 -0.0009765625 -0.0013020833333333333 -0.0009765625 -0.0013020833333333333 -0.0009765625 -0.0013020833333333333 -0.0009765625 -0.0013020833333333333
0  0.80224609375 0.024088541666666668 0.0087890625 0.01953125 -0.0009765625 -0.0013020833333333333 -0.0009765625 -0.0013020833333333333 -0.0009765625 -0.0013020833333333333 -0.0009765625 -0.0013020833333333333 -0.0009765625 -0.0013020833333333333
0  0.77734375 0.05078125 0.01171875 0.018229166666666668 -0.0009765625 -0.0013020833333333333 -0.0009765625 -0.0013020833333333333 -0.0009765625 -0.0013020833333333333 -0.0009765625 -0.0013020833333333333 -0.0009765625 -0.0013020833333333333
0  0.84130859375 0.06966145833333333 0.0107421875 0.01953125 -0.0009765625 -0.0013020833333333333 -0.0009765625 -0.0013020833333333333 -0.0009765625 -0.0013020833333333333 -0.0009765625 -0.0013020833333333333 -0.0009765625 -0.0013020833333333333
0  0.20361328125 0.146484375 0.0126953125 0.016927083333333332 -0.0009765625 -0.0013020833333333333 -0.0009765625 -0.0013020833333333333 -0.0009765625 -0.0013020833333333333 -0.0009765625 -0.0013020833333333333 -0.0009765625 -0.0013020833333333333
0  0.294921875 0.23307291666666666 0.029296875 0.046875 -0.0009765625 -0.0013020833333333333 -0.0009765625 -0.0013020833333333333 -0.0009765625 -0.0013020833333333333 -0.0009765625 -0.0013020833333333333 -0.0009765625 -0.0013020833333333333
0  0.7841796875 0.0859375 0.013671875 0.020833333333333332 -0.0009765625 -0.0013020833333333333 -0.0009765625 -0.0013020833333333333 -0.0009765625 -0.0013020833333333333 -0.0009765625 -0.0013020833333333333 -0.0009765625 -0.0013020833333333333
0  0.8544921875 0.008463541666666666 0.01171875 0.016927083333333332 -0.0009765625 -0.0013020833333333333 -0.0009765625 -0.0013020833333333333 -0.0009765625 -0.0013020833333333333 -0.0009765625 -0.0013020833333333333 -0.0009765625 -0.0013020833333333333
