0  0.35107421875 0.05364238410596026 0.0107421875 0.019867549668874173 0.3475341796875 0.05132450331125828 0.35073828125 0.053311258278145694 0.3486328125 0.056291390728476824 0.3476259765625 0.05964370860927152 0.349181640625 0.05989271523178808
0  0.4169921875 0.04304635761589404 0.009765625 0.019867549668874173 -0.0009765625 -0.0013245033112582781 -0.0009765625 -0.0013245033112582781 -0.0009765625 -0.0013245033112582781 -0.0009765625 -0.0013245033112582781 -0.0009765625 -0.0013245033112582781
0  0.39404296875 0.18013245033112582 0.0126953125 0.02384105960264901 -0.0009765625 -0.0013245033112582781 -0.0009765625 -0.0013245033112582781 -0.0009765625 -0.0013245033112582781 -0.0009765625 -0.0013245033112582781 -0.0009765625 -0.0013245033112582781
0  0.37744140625 0.2503311258278146 0.0126953125 0.02384105960264901 -0.0009765625 -0.0013245033112582781 -0.0009765625 -0.0013245033112582781 -0.0009765625 -0.0013245033112582781 -0.0009765625 -0.0013245033112582781 -0.0009765625 -0.0013245033112582781
0  0.35693359375 0.33178807947019867 0.0166015625 0.02781456953642384 0.354552734375 0.3321549668874172 0.3618515625 0.3308715231788079 0.35982421875 0.3396701986754967 0.3561748046875 0.34241986754966885 0.3610400390625 0.34205298013245033
0  0.26123046875 0.3662251655629139 0.0205078125 0.033112582781456956 0.2552490234375 0.3653139072847682 0.2637939453125 0.3673841059602649 0.258453125 0.3742132450331126 0.2561640625 0.37690331125827814 0.259826171875 0.3777324503311258
0  0.50439453125 0.14503311258278145 0.0126953125 0.019867549668874173 0.505728515625 0.14424105960264902 0.5090859375 0.13968741721854305 0.5098525390625 0.14476158940397352 0.5081259765625 0.1502251655629139 0.5095654296875 0.1497046357615894
0  0.53955078125 0.08940397350993377 0.0087890625 0.019867549668874173 -0.0009765625 -0.0013245033112582781 -0.0009765625 -0.0013245033112582781 -0.0009765625 -0.0013245033112582781 -0.0009765625 -0.0013245033112582781 -0.0009765625 -0.0013245033112582781
0  0.58935546875 0.09205298013245033 0.0126953125 0.025165562913907286 0.59033203125 0.09221854304635761 0.5947265625 0.0923841059602649 0.5931396484375 0.09652317880794702 0.5892333984375 0.10049668874172185 0.5933837890625 0.10082781456953642
0  0.619140625 0.07218543046357616 0.009765625 0.022516556291390728 -0.0009765625 -0.0013245033112582781 -0.0009765625 -0.0013245033112582781 -0.0009765625 -0.0013245033112582781 -0.0009765625 -0.0013245033112582781 -0.0009765625 -0.0013245033112582781
0  0.6865234375 0.14437086092715232 0.009765625 0.018543046357615896 -0.0009765625 -0.0013245033112582781 -0.0009765625 -0.0013245033112582781 -0.0009765625 -0.0013245033112582781 -0.0009765625 -0.0013245033112582781 -0.0009765625 -0.0013245033112582781
0  0.73876953125 0.09205298013245033 0.0107421875 0.019867549668874173 0.738865234375 0.09074039735099337 0.7435654296875 0.09087019867549669 0.741646484375 0.09464238410596026 0.739537109375 0.09815496688741722 0.7427021484375 0.09841589403973511
0  0.7958984375 0.10662251655629139 0.009765625 0.019867549668874173 -0.0009765625 -0.0013245033112582781 -0.0009765625 -0.0013245033112582781 -0.0009765625 -0.0013245033112582781 -0.0009765625 -0.0013245033112582781 -0.0009765625 -0.0013245033112582781
0  0.85693359375 0.06688741721854305 0.0107421875 0.019867549668874173 -0.0009765625 -0.0013245033112582781 -0.0009765625 -0.0013245033112582781 -0.0009765625 -0.0013245033112582781 -0.0009765625 -0.0013245033112582781 -0.0009765625 -0.0013245033112582781
0  0.86865234375 0.15960264900662252 0.0166015625 0.02781456953642384 -0.0009765625 -0.0013245033112582781 -0.0009765625 -0.0013245033112582781 -0.0009765625 -0.0013245033112582781 -0.0009765625 -0.0013245033112582781 -0.0009765625 -0.0013245033112582781
0  0.81494140625 0.17218543046357615 0.0146484375 0.02913907284768212 0.8109658203125 0.16878013245033113 0.817662109375 0.1701046357615894 0.8129189453125 0.17540264900662253 0.8095703125 0.1771046357615894 0.816685546875 0.17937615894039735
0  0.79345703125 0.13708609271523178 0.0166015625 0.030463576158940398 -0.0009765625 -0.0013245033112582781 -0.0009765625 -0.0013245033112582781 -0.0009765625 -0.0013245033112582781 -0.0009765625 -0.0013245033112582781 -0.0009765625 -0.0013245033112582781
0  0.8369140625 0.16821192052980133 0.015625 0.02384105960264901 -0.0009765625 -0.0013245033112582781 -0.0009765625 -0.0013245033112582781 -0.0009765625 -0.0013245033112582781 -0.0009765625 -0.0013245033112582781 -0.0009765625 -0.0013245033112582781
0  0.81689453125 0.14105960264900663 0.0126953125 0.025165562913907286 -0.0009765625 -0.0013245033112582781 -0.0009765625 -0.0013245033112582781 -0.0009765625 -0.0013245033112582781 -0.0009765625 -0.0013245033112582781 -0.0009765625 -0.0013245033112582781
0  0.9365234375 0.1271523178807947 0.01953125 0.03443708609271523 0.9308994140625 0.12223311258278145 0.939017578125 0.1224569536423841 0.9338818359375 0.1296476821192053 0.93123046875 0.13638807947019868 0.938685546875 0.13638807947019868
0  0.98291015625 0.12317880794701987 0.0244140625 0.0423841059602649 0.9746005859375 0.11723046357615895 0.9842265625 0.11994966887417219 0.9772080078125 0.12865430463576158 0.9770068359375 0.13191788079470199 0.9840263671875 0.13273377483443707
0  0.6669921875 0.38543046357615895 0.015625 0.02913907284768212 0.66169921875 0.3830119205298013 0.667310546875 0.38808476821192056 0.66098046875 0.3937443708609271 0.663857421875 0.3956953642384106 0.6661591796875 0.3974516556291391
0  0.349609375 0.42980132450331127 0.017578125 0.02781456953642384 -0.0009765625 -0.0013245033112582781 -0.0009765625 -0.0013245033112582781 -0.0009765625 -0.0013245033112582781 -0.0009765625 -0.0013245033112582781 -0.0009765625 -0.0013245033112582781
0  0.3525390625 0.4960264900662252 0.015625 0.02781456953642384 -0.0009765625 -0.0013245033112582781 -0.0009765625 -0.0013245033112582781 -0.0009765625 -0.0013245033112582781 -0.0009765625 -0.0013245033112582781 -0.0009765625 -0.0013245033112582781
0  0.29296875 0.6125827814569537 0.021484375 0.02781456953642384 -0.0009765625 -0.0013245033112582781 -0.0009765625 -0.0013245033112582781 -0.0009765625 -0.0013245033112582781 -0.0009765625 -0.0013245033112582781 -0.0009765625 -0.0013245033112582781
0  0.3212890625 0.5384105960264901 0.021484375 0.038410596026490065 0.315259765625 0.5336927152317881 0.3247333984375 0.5392675496688741 0.31633203125 0.5421774834437086 0.3141875 0.5472688741721854 0.3188349609375 0.5509046357615894
0  0.017578125 0.7264900662251655 0.01953125 0.022516556291390728 -0.0009765625 -0.0013245033112582781 -0.0009765625 -0.0013245033112582781 -0.0009765625 -0.0013245033112582781 -0.0009765625 -0.0013245033112582781 -0.0009765625 -0.0013245033112582781
0  0.1640625 0.8423841059602649 0.0234375 0.03443708609271523 -0.0009765625 -0.0013245033112582781 -0.0009765625 -0.0013245033112582781 -0.0009765625 -0.0013245033112582781 -0.0009765625 -0.0013245033112582781 -0.0009765625 -0.0013245033112582781
0  0.23095703125 0.7251655629139073 0.0146484375 0.019867549668874173 -0.0009765625 -0.0013245033112582781 -0.0009765625 -0.0013245033112582781 -0.0009765625 -0.0013245033112582781 -0.0009765625 -0.0013245033112582781 -0.0009765625 -0.0013245033112582781
0  0.73974609375 0.5927152317880795 0.0185546875 0.033112582781456956 -0.0009765625 -0.0013245033112582781 -0.0009765625 -0.0013245033112582781 -0.0009765625 -0.0013245033112582781 -0.0009765625 -0.0013245033112582781 -0.0009765625 -0.0013245033112582781
0  0.74560546875 0.6980132450331126 0.0224609375 0.0423841059602649 0.7395888671875 0.6933894039735099 0.74680859375 0.7042688741721854 0.737583984375 0.7059006622516557 0.7383857421875 0.7113403973509934 0.742998046875 0.7162370860927153
0  0.765625 0.8264900662251655 0.017578125 0.03443708609271523 -0.0009765625 -0.0013245033112582781 -0.0009765625 -0.0013245033112582781 -0.0009765625 -0.0013245033112582781 -0.0009765625 -0.0013245033112582781 -0.0009765625 -0.0013245033112582781
0  0.5703125 0.16026490066225166 0.01171875 0.013245033112582781 -0.0009765625 -0.0013245033112582781 -0.0009765625 -0.0013245033112582781 -0.0009765625 -0.0013245033112582781 -0.0009765625 -0.0013245033112582781 -0.0009765625 -0.0013245033112582781
0  0.3134765625 0.05099337748344371 0.01171875 0.019867549668874173 -0.0009765625 -0.0013245033112582781 -0.0009765625 -0.0013245033112582781 -0.0009765625 -0.0013245033112582781 -0.0009765625 -0.0013245033112582781 -0.0009765625 -0.0013245033112582781
0  0.31689453125 0.08741721854304636 0.0146484375 0.02119205298013245 -0.0009765625 -0.0013245033112582781 -0.0009765625 -0.0013245033112582781 -0.0009765625 -0.0013245033112582781 -0.0009765625 -0.0013245033112582781 -0.0009765625 -0.0013245033112582781
0  0.09375 0.9649006622516556 0.025390625 0.030463576158940398 -0.0009765625 -0.0013245033112582781 -0.0009765625 -0.0013245033112582781 -0.0009765625 -0.0013245033112582781 -0.0009765625 -0.0013245033112582781 -0.0009765625 -0.0013245033112582781
