0  0.02880859375 0.0302734375 0.0068359375 0.021484375 -0.0009765625 -0.001953125 -0.0009765625 -0.001953125 -0.0009765625 -0.001953125 -0.0009765625 -0.001953125 -0.0009765625 -0.001953125
0  0.03662109375 0.0439453125 0.0087890625 0.025390625 -0.0009765625 -0.001953125 -0.0009765625 -0.001953125 -0.0009765625 -0.001953125 -0.0009765625 -0.001953125 -0.0009765625 -0.001953125
0  0.0419921875 0.0224609375 0.0078125 0.017578125 -0.0009765625 -0.001953125 -0.0009765625 -0.001953125 -0.0009765625 -0.001953125 -0.0009765625 -0.001953125 -0.0009765625 -0.001953125
0  0.05908203125 0.0244140625 0.0087890625 0.025390625 -0.0009765625 -0.001953125 -0.0009765625 -0.001953125 -0.0009765625 -0.001953125 -0.0009765625 -0.001953125 -0.0009765625 -0.001953125
0  0.06982421875 0.046875 0.0068359375 0.01953125 -0.0009765625 -0.001953125 -0.0009765625 -0.001953125 -0.0009765625 -0.001953125 -0.0009765625 -0.001953125 -0.0009765625 -0.001953125
0  0.0634765625 0.0458984375 0.005859375 0.021484375 -0.0009765625 -0.001953125 -0.0009765625 -0.001953125 -0.0009765625 -0.001953125 -0.0009765625 -0.001953125 -0.0009765625 -0.001953125
0  0.0205078125 0.06640625 0.005859375 0.03125 -0.0009765625 -0.001953125 -0.0009765625 -0.001953125 -0.0009765625 -0.001953125 -0.0009765625 -0.001953125 -0.0009765625 -0.001953125
0  0.02392578125 0.1005859375 0.0087890625 0.025390625 -0.0009765625 -0.001953125 -0.0009765625 -0.001953125 -0.0009765625 -0.001953125 -0.0009765625 -0.001953125 -0.0009765625 -0.001953125
0  0.03369140625 0.1435546875 0.0146484375 0.033203125 -0.0009765625 -0.001953125 -0.0009765625 -0.001953125 -0.0009765625 -0.001953125 -0.0009765625 -0.001953125 -0.0009765625 -0.001953125
0  0.02392578125 0.1611328125 0.0107421875 0.029296875 -0.0009765625 -0.001953125 -0.0009765625 -0.001953125 -0.0009765625 -0.001953125 -0.0009765625 -0.001953125 -0.0009765625 -0.001953125
0  0.07080078125 0.1044921875 0.0087890625 0.017578125 -0.0009765625 -0.001953125 -0.0009765625 -0.001953125 -0.0009765625 -0.001953125 -0.0009765625 -0.001953125 -0.0009765625 -0.001953125
0  0.09130859375 0.0126953125 0.0087890625 0.025390625 -0.0009765625 -0.001953125 -0.0009765625 -0.001953125 -0.0009765625 -0.001953125 -0.0009765625 -0.001953125 -0.0009765625 -0.001953125
0  0.1123046875 0.080078125 0.01171875 0.03125 -0.0009765625 -0.001953125 -0.0009765625 -0.001953125 -0.0009765625 -0.001953125 -0.0009765625 -0.001953125 -0.0009765625 -0.001953125
0  0.12548828125 0.05078125 0.0087890625 0.03125 -0.0009765625 -0.001953125 -0.0009765625 -0.001953125 -0.0009765625 -0.001953125 -0.0009765625 -0.001953125 -0.0009765625 -0.001953125
0  0.14892578125 0.064453125 0.0087890625 0.02734375 -0.0009765625 -0.001953125 -0.0009765625 -0.001953125 -0.0009765625 -0.001953125 -0.0009765625 -0.001953125 -0.0009765625 -0.001953125
0  0.15576171875 0.01171875 0.0107421875 0.0234375 -0.0009765625 -0.001953125 -0.0009765625 -0.001953125 -0.0009765625 -0.001953125 -0.0009765625 -0.001953125 -0.0009765625 -0.001953125
0  0.169921875 0.0234375 0.005859375 0.02734375 -0.0009765625 -0.001953125 -0.0009765625 -0.001953125 -0.0009765625 -0.001953125 -0.0009765625 -0.001953125 -0.0009765625 -0.001953125
0  0.1787109375 0.0283203125 0.009765625 0.025390625 0.1760078125 0.0257734375 0.17792578125 0.026123046875 0.17653125 0.03065625 0.17679296875 0.033970703125 0.1787978515625 0.033447265625
0  0.1943359375 0.0146484375 0.0078125 0.021484375 -0.0009765625 -0.001953125 -0.0009765625 -0.001953125 -0.0009765625 -0.001953125 -0.0009765625 -0.001953125 -0.0009765625 -0.001953125
0  0.1865234375 0.0673828125 0.0078125 0.021484375 -0.0009765625 -0.001953125 -0.0009765625 -0.001953125 -0.0009765625 -0.001953125 -0.0009765625 -0.001953125 -0.0009765625 -0.001953125
0  0.1875 0.0458984375 0.0078125 0.021484375 -0.0009765625 -0.001953125 -0.0009765625 -0.001953125 -0.0009765625 -0.001953125 -0.0009765625 -0.001953125 -0.0009765625 -0.001953125
0  0.06201171875 0.140625 0.0166015625 0.03515625 -0.0009765625 -0.001953125 -0.0009765625 -0.001953125 -0.0009765625 -0.001953125 -0.0009765625 -0.001953125 -0.0009765625 -0.001953125
0  0.07861328125 0.1240234375 0.0126953125 0.029296875 -0.0009765625 -0.001953125 -0.0009765625 -0.001953125 -0.0009765625 -0.001953125 -0.0009765625 -0.001953125 -0.0009765625 -0.001953125
0  0.087890625 0.1259765625 0.009765625 0.033203125 -0.0009765625 -0.001953125 -0.0009765625 -0.001953125 -0.0009765625 -0.001953125 -0.0009765625 -0.001953125 -0.0009765625 -0.001953125
0  0.08251953125 0.1513671875 0.0087890625 0.025390625 -0.0009765625 -0.001953125 -0.0009765625 -0.001953125 -0.0009765625 -0.001953125 -0.0009765625 -0.001953125 -0.0009765625 -0.001953125
0  0.0888671875 0.1513671875 0.005859375 0.021484375 -0.0009765625 -0.001953125 -0.0009765625 -0.001953125 -0.0009765625 -0.001953125 -0.0009765625 -0.001953125 -0.0009765625 -0.001953125
0  0.0810546875 0.1787109375 0.0078125 0.025390625 -0.0009765625 -0.001953125 -0.0009765625 -0.001953125 -0.0009765625 -0.001953125 -0.0009765625 -0.001953125 -0.0009765625 -0.001953125
0  0.0634765625 0.2021484375 0.01171875 0.029296875 -0.0009765625 -0.001953125 -0.0009765625 -0.001953125 -0.0009765625 -0.001953125 -0.0009765625 -0.001953125 -0.0009765625 -0.001953125
0  0.037109375 0.177734375 0.009765625 0.02734375 -0.0009765625 -0.001953125 -0.0009765625 -0.001953125 -0.0009765625 -0.001953125 -0.0009765625 -0.001953125 -0.0009765625 -0.001953125
0  0.03857421875 0.2119140625 0.0107421875 0.025390625 -0.0009765625 -0.001953125 -0.0009765625 -0.001953125 -0.0009765625 -0.001953125 -0.0009765625 -0.001953125 -0.0009765625 -0.001953125
0  0.03173828125 0.236328125 0.0126953125 0.03125 -0.0009765625 -0.001953125 -0.0009765625 -0.001953125 -0.0009765625 -0.001953125 -0.0009765625 -0.001953125 -0.0009765625 -0.001953125
0  0.04345703125 0.24609375 0.0126953125 0.03125 -0.0009765625 -0.001953125 -0.0009765625 -0.001953125 -0.0009765625 -0.001953125 -0.0009765625 -0.001953125 -0.0009765625 -0.001953125
0  0.02783203125 0.291015625 0.0107421875 0.0234375 -0.0009765625 -0.001953125 -0.0009765625 -0.001953125 -0.0009765625 -0.001953125 -0.0009765625 -0.001953125 -0.0009765625 -0.001953125
0  0.04541015625 0.2880859375 0.0126953125 0.033203125 0.0447041015625 0.284171875 0.0478642578125 0.284388671875 0.046556640625 0.2904921875 0.04394140625 0.294634765625 0.0479736328125 0.2952890625
0  0.0576171875 0.2431640625 0.009765625 0.033203125 -0.0009765625 -0.001953125 -0.0009765625 -0.001953125 -0.0009765625 -0.001953125 -0.0009765625 -0.001953125 -0.0009765625 -0.001953125
0  0.05419921875 0.2958984375 0.0107421875 0.029296875 -0.0009765625 -0.001953125 -0.0009765625 -0.001953125 -0.0009765625 -0.001953125 -0.0009765625 -0.001953125 -0.0009765625 -0.001953125
0  0.0556640625 0.3271484375 0.01171875 0.029296875 -0.0009765625 -0.001953125 -0.0009765625 -0.001953125 -0.0009765625 -0.001953125 -0.0009765625 -0.001953125 -0.0009765625 -0.001953125
0  0.0263671875 0.3232421875 0.01171875 0.025390625 -0.0009765625 -0.001953125 -0.0009765625 -0.001953125 -0.0009765625 -0.001953125 -0.0009765625 -0.001953125 -0.0009765625 -0.001953125
0  0.0419921875 0.3896484375 0.013671875 0.029296875 0.0399697265625 0.38848046875 0.044861328125 0.38886328125 0.043421875 0.396345703125 0.0411201171875 0.402291015625 0.044380859375 0.40267578125
0  0.06201171875 0.4482421875 0.0107421875 0.025390625 -0.0009765625 -0.001953125 -0.0009765625 -0.001953125 -0.0009765625 -0.001953125 -0.0009765625 -0.001953125 -0.0009765625 -0.001953125
0  0.0712890625 0.4453125 0.0078125 0.015625 -0.0009765625 -0.001953125 -0.0009765625 -0.001953125 -0.0009765625 -0.001953125 -0.0009765625 -0.001953125 -0.0009765625 -0.001953125
0  0.0966796875 0.4033203125 0.013671875 0.033203125 -0.0009765625 -0.001953125 -0.0009765625 -0.001953125 -0.0009765625 -0.001953125 -0.0009765625 -0.001953125 -0.0009765625 -0.001953125
0  0.1044921875 0.388671875 0.01171875 0.02734375 -0.0009765625 -0.001953125 -0.0009765625 -0.001953125 -0.0009765625 -0.001953125 -0.0009765625 -0.001953125 -0.0009765625 -0.001953125
0  0.076171875 0.3310546875 0.0078125 0.029296875 -0.0009765625 -0.001953125 -0.0009765625 -0.001953125 -0.0009765625 -0.001953125 -0.0009765625 -0.001953125 -0.0009765625 -0.001953125
0  0.11181640625 0.3046875 0.0126953125 0.03125 0.11226953125 0.30231640625 0.1156181640625 0.302525390625 0.1145712890625 0.307337890625 0.11279296875 0.310896484375 0.114990234375 0.31110546875
0  0.08935546875 0.26953125 0.0087890625 0.02734375 -0.0009765625 -0.001953125 -0.0009765625 -0.001953125 -0.0009765625 -0.001953125 -0.0009765625 -0.001953125 -0.0009765625 -0.001953125
0  0.09423828125 0.228515625 0.0107421875 0.03125 -0.0009765625 -0.001953125 -0.0009765625 -0.001953125 -0.0009765625 -0.001953125 -0.0009765625 -0.001953125 -0.0009765625 -0.001953125
0  0.11572265625 0.26171875 0.0068359375 0.0234375 -0.0009765625 -0.001953125 -0.0009765625 -0.001953125 -0.0009765625 -0.001953125 -0.0009765625 -0.001953125 -0.0009765625 -0.001953125
0  0.14013671875 0.30078125 0.0126953125 0.02734375 -0.0009765625 -0.001953125 -0.0009765625 -0.001953125 -0.0009765625 -0.001953125 -0.0009765625 -0.001953125 -0.0009765625 -0.001953125
0  0.13232421875 0.22265625 0.0107421875 0.02734375 0.1313779296875 0.21875 0.1315615234375 0.21875 0.1301875 0.224060546875 0.1318359375 0.228455078125 0.131927734375 0.22900390625
0  0.126953125 0.1025390625 0.009765625 0.029296875 -0.0009765625 -0.001953125 -0.0009765625 -0.001953125 -0.0009765625 -0.001953125 -0.0009765625 -0.001953125 -0.0009765625 -0.001953125
0  0.142578125 0.1005859375 0.01171875 0.033203125 -0.0009765625 -0.001953125 -0.0009765625 -0.001953125 -0.0009765625 -0.001953125 -0.0009765625 -0.001953125 -0.0009765625 -0.001953125
0  0.1474609375 0.107421875 0.005859375 0.01953125 -0.0009765625 -0.001953125 -0.0009765625 -0.001953125 -0.0009765625 -0.001953125 -0.0009765625 -0.001953125 -0.0009765625 -0.001953125
0  0.1044921875 0.1572265625 0.0078125 0.017578125 -0.0009765625 -0.001953125 -0.0009765625 -0.001953125 -0.0009765625 -0.001953125 -0.0009765625 -0.001953125 -0.0009765625 -0.001953125
0  0.14453125 0.1552734375 0.009765625 0.033203125 -0.0009765625 -0.001953125 -0.0009765625 -0.001953125 -0.0009765625 -0.001953125 -0.0009765625 -0.001953125 -0.0009765625 -0.001953125
0  0.16162109375 0.23046875 0.0146484375 0.03125 -0.0009765625 -0.001953125 -0.0009765625 -0.001953125 -0.0009765625 -0.001953125 -0.0009765625 -0.001953125 -0.0009765625 -0.001953125
0  0.18359375 0.162109375 0.009765625 0.02734375 -0.0009765625 -0.001953125 -0.0009765625 -0.001953125 -0.0009765625 -0.001953125 -0.0009765625 -0.001953125 -0.0009765625 -0.001953125
0  0.1708984375 0.1728515625 0.0078125 0.033203125 -0.0009765625 -0.001953125 -0.0009765625 -0.001953125 -0.0009765625 -0.001953125 -0.0009765625 -0.001953125 -0.0009765625 -0.001953125
0  0.18310546875 0.2890625 0.0107421875 0.02734375 -0.0009765625 -0.001953125 -0.0009765625 -0.001953125 -0.0009765625 -0.001953125 -0.0009765625 -0.001953125 -0.0009765625 -0.001953125
0  0.19287109375 0.2939453125 0.0107421875 0.029296875 -0.0009765625 -0.001953125 -0.0009765625 -0.001953125 -0.0009765625 -0.001953125 -0.0009765625 -0.001953125 -0.0009765625 -0.001953125
0  0.203125 0.2802734375 0.01171875 0.029296875 -0.0009765625 -0.001953125 -0.0009765625 -0.001953125 -0.0009765625 -0.001953125 -0.0009765625 -0.001953125 -0.0009765625 -0.001953125
0  0.21142578125 0.1923828125 0.0087890625 0.025390625 -0.0009765625 -0.001953125 -0.0009765625 -0.001953125 -0.0009765625 -0.001953125 -0.0009765625 -0.001953125 -0.0009765625 -0.001953125
0  0.17529296875 0.123046875 0.0087890625 0.0234375 -0.0009765625 -0.001953125 -0.0009765625 -0.001953125 -0.0009765625 -0.001953125 -0.0009765625 -0.001953125 -0.0009765625 -0.001953125
0  0.17236328125 0.0849609375 0.0087890625 0.029296875 -0.0009765625 -0.001953125 -0.0009765625 -0.001953125 -0.0009765625 -0.001953125 -0.0009765625 -0.001953125 -0.0009765625 -0.001953125
0  0.2197265625 0.09375 0.009765625 0.03125 -0.0009765625 -0.001953125 -0.0009765625 -0.001953125 -0.0009765625 -0.001953125 -0.0009765625 -0.001953125 -0.0009765625 -0.001953125
0  0.23388671875 0.095703125 0.0087890625 0.03125 -0.0009765625 -0.001953125 -0.0009765625 -0.001953125 -0.0009765625 -0.001953125 -0.0009765625 -0.001953125 -0.0009765625 -0.001953125
0  0.24462890625 0.0927734375 0.0087890625 0.021484375 -0.0009765625 -0.001953125 -0.0009765625 -0.001953125 -0.0009765625 -0.001953125 -0.0009765625 -0.001953125 -0.0009765625 -0.001953125
0  0.2197265625 0.0703125 0.0078125 0.01953125 -0.0009765625 -0.001953125 -0.0009765625 -0.001953125 -0.0009765625 -0.001953125 -0.0009765625 -0.001953125 -0.0009765625 -0.001953125
0  0.21142578125 0.05078125 0.0087890625 0.0234375 -0.0009765625 -0.001953125 -0.0009765625 -0.001953125 -0.0009765625 -0.001953125 -0.0009765625 -0.001953125 -0.0009765625 -0.001953125
0  0.20166015625 0.0546875 0.0068359375 0.0234375 -0.0009765625 -0.001953125 -0.0009765625 -0.001953125 -0.0009765625 -0.001953125 -0.0009765625 -0.001953125 -0.0009765625 -0.001953125
0  0.2099609375 0.025390625 0.0078125 0.01953125 -0.0009765625 -0.001953125 -0.0009765625 -0.001953125 -0.0009765625 -0.001953125 -0.0009765625 -0.001953125 -0.0009765625 -0.001953125
0  0.2265625 0.046875 0.005859375 0.0234375 -0.0009765625 -0.001953125 -0.0009765625 -0.001953125 -0.0009765625 -0.001953125 -0.0009765625 -0.001953125 -0.0009765625 -0.001953125
0  0.23095703125 0.14453125 0.0087890625 0.02734375 -0.0009765625 -0.001953125 -0.0009765625 -0.001953125 -0.0009765625 -0.001953125 -0.0009765625 -0.001953125 -0.0009765625 -0.001953125
0  0.1962890625 0.115234375 0.009765625 0.02734375 -0.0009765625 -0.001953125 -0.0009765625 -0.001953125 -0.0009765625 -0.001953125 -0.0009765625 -0.001953125 -0.0009765625 -0.001953125
0  0.24951171875 0.017578125 0.0107421875 0.02734375 -0.0009765625 -0.001953125 -0.0009765625 -0.001953125 -0.0009765625 -0.001953125 -0.0009765625 -0.001953125 -0.0009765625 -0.001953125
0  0.2802734375 0.0556640625 0.009765625 0.025390625 -0.0009765625 -0.001953125 -0.0009765625 -0.001953125 -0.0009765625 -0.001953125 -0.0009765625 -0.001953125 -0.0009765625 -0.001953125
0  0.2822265625 0.083984375 0.0078125 0.02734375 0.2788388671875 0.08117578125 0.2825927734375 0.08154296875 0.280029296875 0.0855703125 0.279296875 0.0885 0.282318359375 0.0885
0  0.25634765625 0.0634765625 0.0068359375 0.025390625 -0.0009765625 -0.001953125 -0.0009765625 -0.001953125 -0.0009765625 -0.001953125 -0.0009765625 -0.001953125 -0.0009765625 -0.001953125
0  0.29296875 0.0849609375 0.0078125 0.025390625 -0.0009765625 -0.001953125 -0.0009765625 -0.001953125 -0.0009765625 -0.001953125 -0.0009765625 -0.001953125 -0.0009765625 -0.001953125
0  0.302734375 0.1044921875 0.0078125 0.021484375 -0.0009765625 -0.001953125 -0.0009765625 -0.001953125 -0.0009765625 -0.001953125 -0.0009765625 -0.001953125 -0.0009765625 -0.001953125
0  0.2890625 0.0361328125 0.0078125 0.021484375 -0.0009765625 -0.001953125 -0.0009765625 -0.001953125 -0.0009765625 -0.001953125 -0.0009765625 -0.001953125 -0.0009765625 -0.001953125
0  0.310546875 0.0244140625 0.0078125 0.025390625 -0.0009765625 -0.001953125 -0.0009765625 -0.001953125 -0.0009765625 -0.001953125 -0.0009765625 -0.001953125 -0.0009765625 -0.001953125
0  0.34765625 0.0205078125 0.005859375 0.021484375 -0.0009765625 -0.001953125 -0.0009765625 -0.001953125 -0.0009765625 -0.001953125 -0.0009765625 -0.001953125 -0.0009765625 -0.001953125
0  0.34716796875 0.046875 0.0087890625 0.0234375 -0.0009765625 -0.001953125 -0.0009765625 -0.001953125 -0.0009765625 -0.001953125 -0.0009765625 -0.001953125 -0.0009765625 -0.001953125
0  0.36181640625 0.0537109375 0.0087890625 0.033203125 -0.0009765625 -0.001953125 -0.0009765625 -0.001953125 -0.0009765625 -0.001953125 -0.0009765625 -0.001953125 -0.0009765625 -0.001953125
0  0.36865234375 0.0380859375 0.0087890625 0.029296875 -0.0009765625 -0.001953125 -0.0009765625 -0.001953125 -0.0009765625 -0.001953125 -0.0009765625 -0.001953125 -0.0009765625 -0.001953125
0  0.3818359375 0.0458984375 0.009765625 0.029296875 -0.0009765625 -0.001953125 -0.0009765625 -0.001953125 -0.0009765625 -0.001953125 -0.0009765625 -0.001953125 -0.0009765625 -0.001953125
0  0.33984375 0.0830078125 0.009765625 0.033203125 -0.0009765625 -0.001953125 -0.0009765625 -0.001953125 -0.0009765625 -0.001953125 -0.0009765625 -0.001953125 -0.0009765625 -0.001953125
0  0.37939453125 0.09765625 0.0087890625 0.02734375 -0.0009765625 -0.001953125 -0.0009765625 -0.001953125 -0.0009765625 -0.001953125 -0.0009765625 -0.001953125 -0.0009765625 -0.001953125
0  0.365234375 0.0888671875 0.005859375 0.025390625 -0.0009765625 -0.001953125 -0.0009765625 -0.001953125 -0.0009765625 -0.001953125 -0.0009765625 -0.001953125 -0.0009765625 -0.001953125
0  0.3876953125 0.0810546875 0.009765625 0.029296875 -0.0009765625 -0.001953125 -0.0009765625 -0.001953125 -0.0009765625 -0.001953125 -0.0009765625 -0.001953125 -0.0009765625 -0.001953125
0  0.27197265625 0.1220703125 0.0087890625 0.025390625 -0.0009765625 -0.001953125 -0.0009765625 -0.001953125 -0.0009765625 -0.001953125 -0.0009765625 -0.001953125 -0.0009765625 -0.001953125
0  0.28759765625 0.130859375 0.0087890625 0.0234375 -0.0009765625 -0.001953125 -0.0009765625 -0.001953125 -0.0009765625 -0.001953125 -0.0009765625 -0.001953125 -0.0009765625 -0.001953125
0  0.3134765625 0.130859375 0.0078125 0.02734375 -0.0009765625 -0.001953125 -0.0009765625 -0.001953125 -0.0009765625 -0.001953125 -0.0009765625 -0.001953125 -0.0009765625 -0.001953125
0  0.31396484375 0.09375 0.0087890625 0.02734375 -0.0009765625 -0.001953125 -0.0009765625 -0.001953125 -0.0009765625 -0.001953125 -0.0009765625 -0.001953125 -0.0009765625 -0.001953125
0  0.27001953125 0.19140625 0.0087890625 0.0234375 -0.0009765625 -0.001953125 -0.0009765625 -0.001953125 -0.0009765625 -0.001953125 -0.0009765625 -0.001953125 -0.0009765625 -0.001953125
0  0.30517578125 0.15625 0.0087890625 0.02734375 -0.0009765625 -0.001953125 -0.0009765625 -0.001953125 -0.0009765625 -0.001953125 -0.0009765625 -0.001953125 -0.0009765625 -0.001953125
0  0.3310546875 0.166015625 0.0078125 0.02734375 -0.0009765625 -0.001953125 -0.0009765625 -0.001953125 -0.0009765625 -0.001953125 -0.0009765625 -0.001953125 -0.0009765625 -0.001953125
0  0.3193359375 0.15625 0.0078125 0.02734375 -0.0009765625 -0.001953125 -0.0009765625 -0.001953125 -0.0009765625 -0.001953125 -0.0009765625 -0.001953125 -0.0009765625 -0.001953125
0  0.33154296875 0.1298828125 0.0087890625 0.033203125 -0.0009765625 -0.001953125 -0.0009765625 -0.001953125 -0.0009765625 -0.001953125 -0.0009765625 -0.001953125 -0.0009765625 -0.001953125
0  0.38330078125 0.1376953125 0.0087890625 0.029296875 -0.0009765625 -0.001953125 -0.0009765625 -0.001953125 -0.0009765625 -0.001953125 -0.0009765625 -0.001953125 -0.0009765625 -0.001953125
0  0.25 0.1982421875 0.0078125 0.025390625 -0.0009765625 -0.001953125 -0.0009765625 -0.001953125 -0.0009765625 -0.001953125 -0.0009765625 -0.001953125 -0.0009765625 -0.001953125
0  0.259765625 0.1962890625 0.0078125 0.025390625 -0.0009765625 -0.001953125 -0.0009765625 -0.001953125 -0.0009765625 -0.001953125 -0.0009765625 -0.001953125 -0.0009765625 -0.001953125
0  0.24462890625 0.228515625 0.0126953125 0.03125 -0.0009765625 -0.001953125 -0.0009765625 -0.001953125 -0.0009765625 -0.001953125 -0.0009765625 -0.001953125 -0.0009765625 -0.001953125
0  0.2490234375 0.2666015625 0.013671875 0.037109375 -0.0009765625 -0.001953125 -0.0009765625 -0.001953125 -0.0009765625 -0.001953125 -0.0009765625 -0.001953125 -0.0009765625 -0.001953125
0  0.23193359375 0.24609375 0.0107421875 0.03125 -0.0009765625 -0.001953125 -0.0009765625 -0.001953125 -0.0009765625 -0.001953125 -0.0009765625 -0.001953125 -0.0009765625 -0.001953125
0  0.27880859375 0.2333984375 0.0087890625 0.033203125 -0.0009765625 -0.001953125 -0.0009765625 -0.001953125 -0.0009765625 -0.001953125 -0.0009765625 -0.001953125 -0.0009765625 -0.001953125
0  0.2978515625 0.2314453125 0.009765625 0.029296875 -0.0009765625 -0.001953125 -0.0009765625 -0.001953125 -0.0009765625 -0.001953125 -0.0009765625 -0.001953125 -0.0009765625 -0.001953125
0  0.1982421875 0.220703125 0.01171875 0.01953125 -0.0009765625 -0.001953125 -0.0009765625 -0.001953125 -0.0009765625 -0.001953125 -0.0009765625 -0.001953125 -0.0009765625 -0.001953125
0  0.1640625 0.1962890625 0.0078125 0.021484375 -0.0009765625 -0.001953125 -0.0009765625 -0.001953125 -0.0009765625 -0.001953125 -0.0009765625 -0.001953125 -0.0009765625 -0.001953125
0  0.17236328125 0.2734375 0.0107421875 0.02734375 -0.0009765625 -0.001953125 -0.0009765625 -0.001953125 -0.0009765625 -0.001953125 -0.0009765625 -0.001953125 -0.0009765625 -0.001953125
0  0.14306640625 0.3955078125 0.0087890625 0.033203125 -0.0009765625 -0.001953125 -0.0009765625 -0.001953125 -0.0009765625 -0.001953125 -0.0009765625 -0.001953125 -0.0009765625 -0.001953125
0  0.1396484375 0.4404296875 0.01171875 0.033203125 -0.0009765625 -0.001953125 -0.0009765625 -0.001953125 -0.0009765625 -0.001953125 -0.0009765625 -0.001953125 -0.0009765625 -0.001953125
0  0.158203125 0.3994140625 0.01171875 0.033203125 -0.0009765625 -0.001953125 -0.0009765625 -0.001953125 -0.0009765625 -0.001953125 -0.0009765625 -0.001953125 -0.0009765625 -0.001953125
0  0.16015625 0.439453125 0.01171875 0.03125 -0.0009765625 -0.001953125 -0.0009765625 -0.001953125 -0.0009765625 -0.001953125 -0.0009765625 -0.001953125 -0.0009765625 -0.001953125
0  0.17919921875 0.4365234375 0.0107421875 0.029296875 -0.0009765625 -0.001953125 -0.0009765625 -0.001953125 -0.0009765625 -0.001953125 -0.0009765625 -0.001953125 -0.0009765625 -0.001953125
0  0.2109375 0.4228515625 0.013671875 0.033203125 -0.0009765625 -0.001953125 -0.0009765625 -0.001953125 -0.0009765625 -0.001953125 -0.0009765625 -0.001953125 -0.0009765625 -0.001953125
0  0.19873046875 0.4404296875 0.0107421875 0.033203125 -0.0009765625 -0.001953125 -0.0009765625 -0.001953125 -0.0009765625 -0.001953125 -0.0009765625 -0.001953125 -0.0009765625 -0.001953125
0  0.14208984375 0.4814453125 0.0107421875 0.025390625 -0.0009765625 -0.001953125 -0.0009765625 -0.001953125 -0.0009765625 -0.001953125 -0.0009765625 -0.001953125 -0.0009765625 -0.001953125
0  0.18212890625 0.3330078125 0.0107421875 0.025390625 -0.0009765625 -0.001953125 -0.0009765625 -0.001953125 -0.0009765625 -0.001953125 -0.0009765625 -0.001953125 -0.0009765625 -0.001953125
0  0.203125 0.3603515625 0.01171875 0.033203125 -0.0009765625 -0.001953125 -0.0009765625 -0.001953125 -0.0009765625 -0.001953125 -0.0009765625 -0.001953125 -0.0009765625 -0.001953125
0  0.21044921875 0.3759765625 0.0087890625 0.025390625 -0.0009765625 -0.001953125 -0.0009765625 -0.001953125 -0.0009765625 -0.001953125 -0.0009765625 -0.001953125 -0.0009765625 -0.001953125
0  0.21337890625 0.3359375 0.0107421875 0.02734375 -0.0009765625 -0.001953125 -0.0009765625 -0.001953125 -0.0009765625 -0.001953125 -0.0009765625 -0.001953125 -0.0009765625 -0.001953125
0  0.21142578125 0.3056640625 0.0087890625 0.021484375 -0.0009765625 -0.001953125 -0.0009765625 -0.001953125 -0.0009765625 -0.001953125 -0.0009765625 -0.001953125 -0.0009765625 -0.001953125
0  0.24609375 0.3369140625 0.01171875 0.033203125 -0.0009765625 -0.001953125 -0.0009765625 -0.001953125 -0.0009765625 -0.001953125 -0.0009765625 -0.001953125 -0.0009765625 -0.001953125
0  0.26611328125 0.3642578125 0.0107421875 0.029296875 -0.0009765625 -0.001953125 -0.0009765625 -0.001953125 -0.0009765625 -0.001953125 -0.0009765625 -0.001953125 -0.0009765625 -0.001953125
0  0.25537109375 0.3544921875 0.0107421875 0.029296875 -0.0009765625 -0.001953125 -0.0009765625 -0.001953125 -0.0009765625 -0.001953125 -0.0009765625 -0.001953125 -0.0009765625 -0.001953125
0  0.251953125 0.4150390625 0.013671875 0.029296875 -0.0009765625 -0.001953125 -0.0009765625 -0.001953125 -0.0009765625 -0.001953125 -0.0009765625 -0.001953125 -0.0009765625 -0.001953125
0  0.22900390625 0.4267578125 0.0126953125 0.029296875 -0.0009765625 -0.001953125 -0.0009765625 -0.001953125 -0.0009765625 -0.001953125 -0.0009765625 -0.001953125 -0.0009765625 -0.001953125
0  0.26171875 0.462890625 0.01171875 0.02734375 -0.0009765625 -0.001953125 -0.0009765625 -0.001953125 -0.0009765625 -0.001953125 -0.0009765625 -0.001953125 -0.0009765625 -0.001953125
0  0.28076171875 0.46875 0.0146484375 0.03515625 -0.0009765625 -0.001953125 -0.0009765625 -0.001953125 -0.0009765625 -0.001953125 -0.0009765625 -0.001953125 -0.0009765625 -0.001953125
0  0.28173828125 0.4072265625 0.0107421875 0.029296875 0.277998046875 0.40471484375 0.28068359375 0.40490625 0.279052734375 0.410662109375 0.2791484375 0.414689453125 0.280779296875 0.41373046875
0  0.29833984375 0.3984375 0.0126953125 0.03125 -0.0009765625 -0.001953125 -0.0009765625 -0.001953125 -0.0009765625 -0.001953125 -0.0009765625 -0.001953125 -0.0009765625 -0.001953125
0  0.302734375 0.4404296875 0.01171875 0.021484375 -0.0009765625 -0.001953125 -0.0009765625 -0.001953125 -0.0009765625 -0.001953125 -0.0009765625 -0.001953125 -0.0009765625 -0.001953125
0  0.22998046875 0.4658203125 0.0107421875 0.029296875 -0.0009765625 -0.001953125 -0.0009765625 -0.001953125 -0.0009765625 -0.001953125 -0.0009765625 -0.001953125 -0.0009765625 -0.001953125
0  0.21533203125 0.4697265625 0.0107421875 0.029296875 -0.0009765625 -0.001953125 -0.0009765625 -0.001953125 -0.0009765625 -0.001953125 -0.0009765625 -0.001953125 -0.0009765625 -0.001953125
0  0.29052734375 0.27734375 0.0087890625 0.03125 -0.0009765625 -0.001953125 -0.0009765625 -0.001953125 -0.0009765625 -0.001953125 -0.0009765625 -0.001953125 -0.0009765625 -0.001953125
0  0.3095703125 0.1943359375 0.005859375 0.021484375 -0.0009765625 -0.001953125 -0.0009765625 -0.001953125 -0.0009765625 -0.001953125 -0.0009765625 -0.001953125 -0.0009765625 -0.001953125
0  0.30078125 0.203125 0.0078125 0.01953125 -0.0009765625 -0.001953125 -0.0009765625 -0.001953125 -0.0009765625 -0.001953125 -0.0009765625 -0.001953125 -0.0009765625 -0.001953125
0  0.31884765625 0.21484375 0.0068359375 0.01953125 -0.0009765625 -0.001953125 -0.0009765625 -0.001953125 -0.0009765625 -0.001953125 -0.0009765625 -0.001953125 -0.0009765625 -0.001953125
0  0.37353515625 0.1337890625 0.0068359375 0.021484375 -0.0009765625 -0.001953125 -0.0009765625 -0.001953125 -0.0009765625 -0.001953125 -0.0009765625 -0.001953125 -0.0009765625 -0.001953125
0  0.33251953125 0.2666015625 0.0087890625 0.025390625 -0.0009765625 -0.001953125 -0.0009765625 -0.001953125 -0.0009765625 -0.001953125 -0.0009765625 -0.001953125 -0.0009765625 -0.001953125
0  0.33056640625 0.2314453125 0.0068359375 0.021484375 -0.0009765625 -0.001953125 -0.0009765625 -0.001953125 -0.0009765625 -0.001953125 -0.0009765625 -0.001953125 -0.0009765625 -0.001953125
0  0.404296875 0.0556640625 0.0078125 0.025390625 -0.0009765625 -0.001953125 -0.0009765625 -0.001953125 -0.0009765625 -0.001953125 -0.0009765625 -0.001953125 -0.0009765625 -0.001953125
0  0.4384765625 0.060546875 0.009765625 0.02734375 -0.0009765625 -0.001953125 -0.0009765625 -0.001953125 -0.0009765625 -0.001953125 -0.0009765625 -0.001953125 -0.0009765625 -0.001953125
0  0.42626953125 0.0283203125 0.0087890625 0.025390625 -0.0009765625 -0.001953125 -0.0009765625 -0.001953125 -0.0009765625 -0.001953125 -0.0009765625 -0.001953125 -0.0009765625 -0.001953125
0  0.45263671875 0.025390625 0.0087890625 0.02734375 -0.0009765625 -0.001953125 -0.0009765625 -0.001953125 -0.0009765625 -0.001953125 -0.0009765625 -0.001953125 -0.0009765625 -0.001953125
0  0.44580078125 0.0166015625 0.0048828125 0.017578125 -0.0009765625 -0.001953125 -0.0009765625 -0.001953125 -0.0009765625 -0.001953125 -0.0009765625 -0.001953125 -0.0009765625 -0.001953125
0  0.4755859375 0.025390625 0.005859375 0.015625 -0.0009765625 -0.001953125 -0.0009765625 -0.001953125 -0.0009765625 -0.001953125 -0.0009765625 -0.001953125 -0.0009765625 -0.001953125
0  0.4873046875 0.01171875 0.005859375 0.015625 -0.0009765625 -0.001953125 -0.0009765625 -0.001953125 -0.0009765625 -0.001953125 -0.0009765625 -0.001953125 -0.0009765625 -0.001953125
0  0.4599609375 0.072265625 0.0078125 0.01953125 -0.0009765625 -0.001953125 -0.0009765625 -0.001953125 -0.0009765625 -0.001953125 -0.0009765625 -0.001953125 -0.0009765625 -0.001953125
0  0.4765625 0.06640625 0.009765625 0.01953125 0.4746357421875 0.0599375 0.477708984375 0.06006640625 0.47607421875 0.06359765625 0.47483203125 0.068568359375 0.477447265625 0.06869921875
0  0.48828125 0.05078125 0.0078125 0.0234375 -0.0009765625 -0.001953125 -0.0009765625 -0.001953125 -0.0009765625 -0.001953125 -0.0009765625 -0.001953125 -0.0009765625 -0.001953125
0  0.5205078125 0.0048828125 0.0078125 0.009765625 -0.0009765625 -0.001953125 -0.0009765625 -0.001953125 -0.0009765625 -0.001953125 -0.0009765625 -0.001953125 -0.0009765625 -0.001953125
0  0.5283203125 0.021484375 0.0078125 0.01953125 -0.0009765625 -0.001953125 -0.0009765625 -0.001953125 -0.0009765625 -0.001953125 -0.0009765625 -0.001953125 -0.0009765625 -0.001953125
0  0.52587890625 0.0556640625 0.0087890625 0.021484375 -0.0009765625 -0.001953125 -0.0009765625 -0.001953125 -0.0009765625 -0.001953125 -0.0009765625 -0.001953125 -0.0009765625 -0.001953125
0  0.53369140625 0.048828125 0.0087890625 0.0234375 -0.0009765625 -0.001953125 -0.0009765625 -0.001953125 -0.0009765625 -0.001953125 -0.0009765625 -0.001953125 -0.0009765625 -0.001953125
0  0.56689453125 0.01171875 0.0107421875 0.0234375 -0.0009765625 -0.001953125 -0.0009765625 -0.001953125 -0.0009765625 -0.001953125 -0.0009765625 -0.001953125 -0.0009765625 -0.001953125
0  0.5947265625 0.025390625 0.0078125 0.0234375 -0.0009765625 -0.001953125 -0.0009765625 -0.001953125 -0.0009765625 -0.001953125 -0.0009765625 -0.001953125 -0.0009765625 -0.001953125
0  0.58740234375 0.0302734375 0.0068359375 0.017578125 -0.0009765625 -0.001953125 -0.0009765625 -0.001953125 -0.0009765625 -0.001953125 -0.0009765625 -0.001953125 -0.0009765625 -0.001953125
0  0.5791015625 0.01171875 0.005859375 0.01953125 -0.0009765625 -0.001953125 -0.0009765625 -0.001953125 -0.0009765625 -0.001953125 -0.0009765625 -0.001953125 -0.0009765625 -0.001953125
0  0.564453125 0.0576171875 0.0078125 0.029296875 -0.0009765625 -0.001953125 -0.0009765625 -0.001953125 -0.0009765625 -0.001953125 -0.0009765625 -0.001953125 -0.0009765625 -0.001953125
0  0.54931640625 0.06640625 0.0107421875 0.02734375 -0.0009765625 -0.001953125 -0.0009765625 -0.001953125 -0.0009765625 -0.001953125 -0.0009765625 -0.001953125 -0.0009765625 -0.001953125
0  0.56689453125 0.0810546875 0.0087890625 0.021484375 -0.0009765625 -0.001953125 -0.0009765625 -0.001953125 -0.0009765625 -0.001953125 -0.0009765625 -0.001953125 -0.0009765625 -0.001953125
0  0.5849609375 0.0908203125 0.009765625 0.029296875 -0.0009765625 -0.001953125 -0.0009765625 -0.001953125 -0.0009765625 -0.001953125 -0.0009765625 -0.001953125 -0.0009765625 -0.001953125
0  0.59716796875 0.0888671875 0.0068359375 0.017578125 -0.0009765625 -0.001953125 -0.0009765625 -0.001953125 -0.0009765625 -0.001953125 -0.0009765625 -0.001953125 -0.0009765625 -0.001953125
0  0.61083984375 0.05859375 0.0107421875 0.01953125 -0.0009765625 -0.001953125 -0.0009765625 -0.001953125 -0.0009765625 -0.001953125 -0.0009765625 -0.001953125 -0.0009765625 -0.001953125
0  0.6201171875 0.0361328125 0.009765625 0.021484375 -0.0009765625 -0.001953125 -0.0009765625 -0.001953125 -0.0009765625 -0.001953125 -0.0009765625 -0.001953125 -0.0009765625 -0.001953125
0  0.61962890625 0.091796875 0.0107421875 0.03125 -0.0009765625 -0.001953125 -0.0009765625 -0.001953125 -0.0009765625 -0.001953125 -0.0009765625 -0.001953125 -0.0009765625 -0.001953125
0  0.6552734375 0.0185546875 0.0078125 0.021484375 -0.0009765625 -0.001953125 -0.0009765625 -0.001953125 -0.0009765625 -0.001953125 -0.0009765625 -0.001953125 -0.0009765625 -0.001953125
0  0.6474609375 0.0693359375 0.0078125 0.021484375 -0.0009765625 -0.001953125 -0.0009765625 -0.001953125 -0.0009765625 -0.001953125 -0.0009765625 -0.001953125 -0.0009765625 -0.001953125
0  0.65771484375 0.0732421875 0.0068359375 0.021484375 -0.0009765625 -0.001953125 -0.0009765625 -0.001953125 -0.0009765625 -0.001953125 -0.0009765625 -0.001953125 -0.0009765625 -0.001953125
0  0.6474609375 0.1396484375 0.009765625 0.025390625 0.64531640625 0.132228515625 0.650369140625 0.13156640625 0.6478837890625 0.13736328125 0.64614453125 0.1425 0.649375 0.142333984375
0  0.65673828125 0.111328125 0.0087890625 0.03125 0.65426171875 0.108607421875 0.65823828125 0.109025390625 0.656041015625 0.11572265625 0.6556220703125 0.12053515625 0.6581337890625 0.12053515625
0  0.6201171875 0.125 0.0078125 0.02734375 -0.0009765625 -0.001953125 -0.0009765625 -0.001953125 -0.0009765625 -0.001953125 -0.0009765625 -0.001953125 -0.0009765625 -0.001953125
0  0.623046875 0.193359375 0.013671875 0.0390625 -0.0009765625 -0.001953125 -0.0009765625 -0.001953125 -0.0009765625 -0.001953125 -0.0009765625 -0.001953125 -0.0009765625 -0.001953125
0  0.64794921875 0.2041015625 0.0068359375 0.025390625 -0.0009765625 -0.001953125 -0.0009765625 -0.001953125 -0.0009765625 -0.001953125 -0.0009765625 -0.001953125 -0.0009765625 -0.001953125
0  0.62939453125 0.2041015625 0.0087890625 0.029296875 -0.0009765625 -0.001953125 -0.0009765625 -0.001953125 -0.0009765625 -0.001953125 -0.0009765625 -0.001953125 -0.0009765625 -0.001953125
0  0.65576171875 0.2333984375 0.0068359375 0.017578125 -0.0009765625 -0.001953125 -0.0009765625 -0.001953125 -0.0009765625 -0.001953125 -0.0009765625 -0.001953125 -0.0009765625 -0.001953125
0  0.63525390625 0.2373046875 0.0068359375 0.017578125 -0.0009765625 -0.001953125 -0.0009765625 -0.001953125 -0.0009765625 -0.001953125 -0.0009765625 -0.001953125 -0.0009765625 -0.001953125
0  0.64111328125 0.2314453125 0.0068359375 0.017578125 -0.0009765625 -0.001953125 -0.0009765625 -0.001953125 -0.0009765625 -0.001953125 -0.0009765625 -0.001953125 -0.0009765625 -0.001953125
0  0.189453125 0.474609375 0.005859375 0.02734375 -0.0009765625 -0.001953125 -0.0009765625 -0.001953125 -0.0009765625 -0.001953125 -0.0009765625 -0.001953125 -0.0009765625 -0.001953125
0  0.17236328125 0.4990234375 0.0107421875 0.033203125 -0.0009765625 -0.001953125 -0.0009765625 -0.001953125 -0.0009765625 -0.001953125 -0.0009765625 -0.001953125 -0.0009765625 -0.001953125
0  0.14501953125 0.5439453125 0.0107421875 0.033203125 -0.0009765625 -0.001953125 -0.0009765625 -0.001953125 -0.0009765625 -0.001953125 -0.0009765625 -0.001953125 -0.0009765625 -0.001953125
0  0.20166015625 0.5166015625 0.0087890625 0.029296875 -0.0009765625 -0.001953125 -0.0009765625 -0.001953125 -0.0009765625 -0.001953125 -0.0009765625 -0.001953125 -0.0009765625 -0.001953125
0  0.21630859375 0.5087890625 0.0126953125 0.037109375 -0.0009765625 -0.001953125 -0.0009765625 -0.001953125 -0.0009765625 -0.001953125 -0.0009765625 -0.001953125 -0.0009765625 -0.001953125
0  0.24267578125 0.5185546875 0.0146484375 0.025390625 -0.0009765625 -0.001953125 -0.0009765625 -0.001953125 -0.0009765625 -0.001953125 -0.0009765625 -0.001953125 -0.0009765625 -0.001953125
0  0.26025390625 0.525390625 0.0087890625 0.03515625 -0.0009765625 -0.001953125 -0.0009765625 -0.001953125 -0.0009765625 -0.001953125 -0.0009765625 -0.001953125 -0.0009765625 -0.001953125
0  0.3056640625 0.5185546875 0.009765625 0.029296875 -0.0009765625 -0.001953125 -0.0009765625 -0.001953125 -0.0009765625 -0.001953125 -0.0009765625 -0.001953125 -0.0009765625 -0.001953125
0  0.2822265625 0.513671875 0.0078125 0.0234375 -0.0009765625 -0.001953125 -0.0009765625 -0.001953125 -0.0009765625 -0.001953125 -0.0009765625 -0.001953125 -0.0009765625 -0.001953125
0  0.31640625 0.4755859375 0.0078125 0.021484375 -0.0009765625 -0.001953125 -0.0009765625 -0.001953125 -0.0009765625 -0.001953125 -0.0009765625 -0.001953125 -0.0009765625 -0.001953125
0  0.26611328125 0.576171875 0.0146484375 0.0390625 -0.0009765625 -0.001953125 -0.0009765625 -0.001953125 -0.0009765625 -0.001953125 -0.0009765625 -0.001953125 -0.0009765625 -0.001953125
0  0.25830078125 0.5859375 0.0087890625 0.03125 -0.0009765625 -0.001953125 -0.0009765625 -0.001953125 -0.0009765625 -0.001953125 -0.0009765625 -0.001953125 -0.0009765625 -0.001953125
0  0.22265625 0.5869140625 0.015625 0.037109375 0.21826171875 0.58056640625 0.22412109375 0.58154296875 0.2197265625 0.58935546875 0.21728515625 0.59326171875 0.22314453125 0.59326171875
0  0.19873046875 0.5654296875 0.0126953125 0.029296875 -0.0009765625 -0.001953125 -0.0009765625 -0.001953125 -0.0009765625 -0.001953125 -0.0009765625 -0.001953125 -0.0009765625 -0.001953125
0  0.21142578125 0.5615234375 0.0107421875 0.048828125 -0.0009765625 -0.001953125 -0.0009765625 -0.001953125 -0.0009765625 -0.001953125 -0.0009765625 -0.001953125 -0.0009765625 -0.001953125
0  0.23583984375 0.5625 0.0126953125 0.03515625 -0.0009765625 -0.001953125 -0.0009765625 -0.001953125 -0.0009765625 -0.001953125 -0.0009765625 -0.001953125 -0.0009765625 -0.001953125
0  0.2490234375 0.5546875 0.015625 0.03125 -0.0009765625 -0.001953125 -0.0009765625 -0.001953125 -0.0009765625 -0.001953125 -0.0009765625 -0.001953125 -0.0009765625 -0.001953125
0  0.166015625 0.556640625 0.01171875 0.03125 -0.0009765625 -0.001953125 -0.0009765625 -0.001953125 -0.0009765625 -0.001953125 -0.0009765625 -0.001953125 -0.0009765625 -0.001953125
0  0.1103515625 0.625 0.017578125 0.046875 -0.0009765625 -0.001953125 -0.0009765625 -0.001953125 -0.0009765625 -0.001953125 -0.0009765625 -0.001953125 -0.0009765625 -0.001953125
0  0.0732421875 0.6328125 0.015625 0.0390625 -0.0009765625 -0.001953125 -0.0009765625 -0.001953125 -0.0009765625 -0.001953125 -0.0009765625 -0.001953125 -0.0009765625 -0.001953125
0  0.04345703125 0.8173828125 0.0146484375 0.041015625 0.0403525390625 0.81457421875 0.0470234375 0.815359375 0.04218359375 0.8229453125 0.0406142578125 0.83236328125 0.0447998046875 0.832625
0  0.03564453125 0.8681640625 0.0146484375 0.037109375 0.0357451171875 0.8646328125 0.0398642578125 0.86392578125 0.039158203125 0.871931640625 0.036451171875 0.876404296875 0.0398642578125 0.875697265625
0  0.03125 0.966796875 0.01171875 0.03515625 0.032880859375 0.965890625 0.033787109375 0.9661171875 0.034126953125 0.97337109375 0.0312939453125 0.9785859375 0.0320869140625 0.9785859375
0  0.1640625 0.6240234375 0.013671875 0.037109375 -0.0009765625 -0.001953125 -0.0009765625 -0.001953125 -0.0009765625 -0.001953125 -0.0009765625 -0.001953125 -0.0009765625 -0.001953125
0  0.1484375 0.572265625 0.0078125 0.0234375 -0.0009765625 -0.001953125 -0.0009765625 -0.001953125 -0.0009765625 -0.001953125 -0.0009765625 -0.001953125 -0.0009765625 -0.001953125
0  0.18896484375 0.638671875 0.0126953125 0.03125 -0.0009765625 -0.001953125 -0.0009765625 -0.001953125 -0.0009765625 -0.001953125 -0.0009765625 -0.001953125 -0.0009765625 -0.001953125
0  0.27099609375 0.6171875 0.0146484375 0.03125 -0.0009765625 -0.001953125 -0.0009765625 -0.001953125 -0.0009765625 -0.001953125 -0.0009765625 -0.001953125 -0.0009765625 -0.001953125
0  0.30517578125 0.5908203125 0.0126953125 0.033203125 0.30746484375 0.58776953125 0.310189453125 0.58755078125 0.30975390625 0.599322265625 0.30517578125 0.607822265625 0.3055029296875 0.60738671875
0  0.33837890625 0.62890625 0.0068359375 0.02734375 -0.0009765625 -0.001953125 -0.0009765625 -0.001953125 -0.0009765625 -0.001953125 -0.0009765625 -0.001953125 -0.0009765625 -0.001953125
0  0.353515625 0.6318359375 0.013671875 0.033203125 -0.0009765625 -0.001953125 -0.0009765625 -0.001953125 -0.0009765625 -0.001953125 -0.0009765625 -0.001953125 -0.0009765625 -0.001953125
0  0.3603515625 0.658203125 0.01171875 0.03515625 -0.0009765625 -0.001953125 -0.0009765625 -0.001953125 -0.0009765625 -0.001953125 -0.0009765625 -0.001953125 -0.0009765625 -0.001953125
0  0.375 0.6279296875 0.005859375 0.017578125 -0.0009765625 -0.001953125 -0.0009765625 -0.001953125 -0.0009765625 -0.001953125 -0.0009765625 -0.001953125 -0.0009765625 -0.001953125
0  0.39599609375 0.6083984375 0.0126953125 0.033203125 -0.0009765625 -0.001953125 -0.0009765625 -0.001953125 -0.0009765625 -0.001953125 -0.0009765625 -0.001953125 -0.0009765625 -0.001953125
0  0.3916015625 0.5771484375 0.015625 0.033203125 -0.0009765625 -0.001953125 -0.0009765625 -0.001953125 -0.0009765625 -0.001953125 -0.0009765625 -0.001953125 -0.0009765625 -0.001953125
0  0.40185546875 0.55859375 0.0107421875 0.03125 -0.0009765625 -0.001953125 -0.0009765625 -0.001953125 -0.0009765625 -0.001953125 -0.0009765625 -0.001953125 -0.0009765625 -0.001953125
0  0.4130859375 0.6220703125 0.013671875 0.033203125 -0.0009765625 -0.001953125 -0.0009765625 -0.001953125 -0.0009765625 -0.001953125 -0.0009765625 -0.001953125 -0.0009765625 -0.001953125
0  0.1552734375 0.84375 0.009765625 0.03515625 -0.0009765625 -0.001953125 -0.0009765625 -0.001953125 -0.0009765625 -0.001953125 -0.0009765625 -0.001953125 -0.0009765625 -0.001953125
0  0.1572265625 0.8671875 0.0078125 0.02734375 -0.0009765625 -0.001953125 -0.0009765625 -0.001953125 -0.0009765625 -0.001953125 -0.0009765625 -0.001953125 -0.0009765625 -0.001953125
0  0.1650390625 0.9287109375 0.009765625 0.029296875 -0.0009765625 -0.001953125 -0.0009765625 -0.001953125 -0.0009765625 -0.001953125 -0.0009765625 -0.001953125 -0.0009765625 -0.001953125
0  0.2119140625 0.921875 0.015625 0.0390625 0.2100703125 0.9125546875 0.2155068359375 0.911794921875 0.21386328125 0.920140625 0.2110810546875 0.927978515625 0.21462109375 0.927978515625
0  0.2353515625 0.8857421875 0.015625 0.041015625 0.2309130859375 0.8824375 0.2369951171875 0.88270703125 0.2332109375 0.890005859375 0.231724609375 0.895953125 0.235103515625 0.895953125
0  0.18505859375 0.8671875 0.0087890625 0.03515625 -0.0009765625 -0.001953125 -0.0009765625 -0.001953125 -0.0009765625 -0.001953125 -0.0009765625 -0.001953125 -0.0009765625 -0.001953125
0  0.21044921875 0.8740234375 0.0146484375 0.033203125 -0.0009765625 -0.001953125 -0.0009765625 -0.001953125 -0.0009765625 -0.001953125 -0.0009765625 -0.001953125 -0.0009765625 -0.001953125
0  0.23779296875 0.9521484375 0.0126953125 0.037109375 -0.0009765625 -0.001953125 -0.0009765625 -0.001953125 -0.0009765625 -0.001953125 -0.0009765625 -0.001953125 -0.0009765625 -0.001953125
0  0.24609375 0.9501953125 0.0078125 0.033203125 0.2422265625 0.950849609375 0.2482216796875 0.9499765625 0.24560546875 0.9593515625 0.241791015625 0.967197265625 0.2476767578125 0.966544921875
0  0.279296875 0.943359375 0.01171875 0.02734375 -0.0009765625 -0.001953125 -0.0009765625 -0.001953125 -0.0009765625 -0.001953125 -0.0009765625 -0.001953125 -0.0009765625 -0.001953125
0  0.26171875 0.9560546875 0.01171875 0.025390625 -0.0009765625 -0.001953125 -0.0009765625 -0.001953125 -0.0009765625 -0.001953125 -0.0009765625 -0.001953125 -0.0009765625 -0.001953125
0  0.3076171875 0.96484375 0.01171875 0.03515625 -0.0009765625 -0.001953125 -0.0009765625 -0.001953125 -0.0009765625 -0.001953125 -0.0009765625 -0.001953125 -0.0009765625 -0.001953125
0  0.322265625 0.9150390625 0.01171875 0.041015625 -0.0009765625 -0.001953125 -0.0009765625 -0.001953125 -0.0009765625 -0.001953125 -0.0009765625 -0.001953125 -0.0009765625 -0.001953125
0  0.333984375 0.84765625 0.009765625 0.0234375 -0.0009765625 -0.001953125 -0.0009765625 -0.001953125 -0.0009765625 -0.001953125 -0.0009765625 -0.001953125 -0.0009765625 -0.001953125
0  0.3310546875 0.892578125 0.013671875 0.046875 -0.0009765625 -0.001953125 -0.0009765625 -0.001953125 -0.0009765625 -0.001953125 -0.0009765625 -0.001953125 -0.0009765625 -0.001953125
0  0.3671875 0.890625 0.01171875 0.046875 -0.0009765625 -0.001953125 -0.0009765625 -0.001953125 -0.0009765625 -0.001953125 -0.0009765625 -0.001953125 -0.0009765625 -0.001953125
0  0.375 0.900390625 0.01171875 0.0390625 -0.0009765625 -0.001953125 -0.0009765625 -0.001953125 -0.0009765625 -0.001953125 -0.0009765625 -0.001953125 -0.0009765625 -0.001953125
0  0.39697265625 0.951171875 0.0126953125 0.03125 -0.0009765625 -0.001953125 -0.0009765625 -0.001953125 -0.0009765625 -0.001953125 -0.0009765625 -0.001953125 -0.0009765625 -0.001953125
0  0.3798828125 0.9345703125 0.013671875 0.029296875 -0.0009765625 -0.001953125 -0.0009765625 -0.001953125 -0.0009765625 -0.001953125 -0.0009765625 -0.001953125 -0.0009765625 -0.001953125
0  0.4169921875 0.966796875 0.013671875 0.03125 -0.0009765625 -0.001953125 -0.0009765625 -0.001953125 -0.0009765625 -0.001953125 -0.0009765625 -0.001953125 -0.0009765625 -0.001953125
0  0.4287109375 0.8564453125 0.01171875 0.029296875 -0.0009765625 -0.001953125 -0.0009765625 -0.001953125 -0.0009765625 -0.001953125 -0.0009765625 -0.001953125 -0.0009765625 -0.001953125
0  0.4580078125 0.662109375 0.01171875 0.0234375 -0.0009765625 -0.001953125 -0.0009765625 -0.001953125 -0.0009765625 -0.001953125 -0.0009765625 -0.001953125 -0.0009765625 -0.001953125
0  0.4580078125 0.6064453125 0.01171875 0.033203125 -0.0009765625 -0.001953125 -0.0009765625 -0.001953125 -0.0009765625 -0.001953125 -0.0009765625 -0.001953125 -0.0009765625 -0.001953125
0  0.548828125 0.6181640625 0.01171875 0.033203125 -0.0009765625 -0.001953125 -0.0009765625 -0.001953125 -0.0009765625 -0.001953125 -0.0009765625 -0.001953125 -0.0009765625 -0.001953125
0  0.58251953125 0.6337890625 0.0087890625 0.021484375 -0.0009765625 -0.001953125 -0.0009765625 -0.001953125 -0.0009765625 -0.001953125 -0.0009765625 -0.001953125 -0.0009765625 -0.001953125
0  0.47021484375 0.880859375 0.0107421875 0.03125 -0.0009765625 -0.001953125 -0.0009765625 -0.001953125 -0.0009765625 -0.001953125 -0.0009765625 -0.001953125 -0.0009765625 -0.001953125
0  0.48583984375 0.84765625 0.0087890625 0.03125 0.485107421875 0.840470703125 0.490234375 0.841517578125 0.487513671875 0.845494140625 0.4855263671875 0.849259765625 0.48876953125 0.8496796875
0  0.49072265625 0.9130859375 0.0107421875 0.037109375 -0.0009765625 -0.001953125 -0.0009765625 -0.001953125 -0.0009765625 -0.001953125 -0.0009765625 -0.001953125 -0.0009765625 -0.001953125
0  0.453125 0.9296875 0.013671875 0.03125 -0.0009765625 -0.001953125 -0.0009765625 -0.001953125 -0.0009765625 -0.001953125 -0.0009765625 -0.001953125 -0.0009765625 -0.001953125
0  0.46630859375 0.9697265625 0.0146484375 0.033203125 -0.0009765625 -0.001953125 -0.0009765625 -0.001953125 -0.0009765625 -0.001953125 -0.0009765625 -0.001953125 -0.0009765625 -0.001953125
0  0.54052734375 0.9775390625 0.0166015625 0.029296875 -0.0009765625 -0.001953125 -0.0009765625 -0.001953125 -0.0009765625 -0.001953125 -0.0009765625 -0.001953125 -0.0009765625 -0.001953125
0  0.54052734375 0.8896484375 0.0146484375 0.041015625 -0.0009765625 -0.001953125 -0.0009765625 -0.001953125 -0.0009765625 -0.001953125 -0.0009765625 -0.001953125 -0.0009765625 -0.001953125
0  0.5546875 0.9033203125 0.009765625 0.033203125 -0.0009765625 -0.001953125 -0.0009765625 -0.001953125 -0.0009765625 -0.001953125 -0.0009765625 -0.001953125 -0.0009765625 -0.001953125
0  0.56640625 0.82421875 0.0078125 0.01953125 -0.0009765625 -0.001953125 -0.0009765625 -0.001953125 -0.0009765625 -0.001953125 -0.0009765625 -0.001953125 -0.0009765625 -0.001953125
0  0.5654296875 0.861328125 0.013671875 0.03125 -0.0009765625 -0.001953125 -0.0009765625 -0.001953125 -0.0009765625 -0.001953125 -0.0009765625 -0.001953125 -0.0009765625 -0.001953125
0  0.57470703125 0.87890625 0.0107421875 0.03125 -0.0009765625 -0.001953125 -0.0009765625 -0.001953125 -0.0009765625 -0.001953125 -0.0009765625 -0.001953125 -0.0009765625 -0.001953125
0  0.591796875 0.9140625 0.009765625 0.0234375 -0.0009765625 -0.001953125 -0.0009765625 -0.001953125 -0.0009765625 -0.001953125 -0.0009765625 -0.001953125 -0.0009765625 -0.001953125
0  0.6220703125 0.8642578125 0.013671875 0.033203125 -0.0009765625 -0.001953125 -0.0009765625 -0.001953125 -0.0009765625 -0.001953125 -0.0009765625 -0.001953125 -0.0009765625 -0.001953125
0  0.60546875 0.8076171875 0.009765625 0.029296875 -0.0009765625 -0.001953125 -0.0009765625 -0.001953125 -0.0009765625 -0.001953125 -0.0009765625 -0.001953125 -0.0009765625 -0.001953125
0  0.615234375 0.9453125 0.015625 0.0390625 0.6118203125 0.94130078125 0.6164990234375 0.942818359375 0.61283203125 0.9498984375 0.612326171875 0.956978515625 0.6154873046875 0.95773828125
0  0.607421875 0.9111328125 0.009765625 0.041015625 -0.0009765625 -0.001953125 -0.0009765625 -0.001953125 -0.0009765625 -0.001953125 -0.0009765625 -0.001953125 -0.0009765625 -0.001953125
0  0.63720703125 0.9326171875 0.0107421875 0.037109375 -0.0009765625 -0.001953125 -0.0009765625 -0.001953125 -0.0009765625 -0.001953125 -0.0009765625 -0.001953125 -0.0009765625 -0.001953125
0  0.599609375 0.9765625 0.009765625 0.0234375 -0.0009765625 -0.001953125 -0.0009765625 -0.001953125 -0.0009765625 -0.001953125 -0.0009765625 -0.001953125 -0.0009765625 -0.001953125
0  0.66162109375 0.9404296875 0.0166015625 0.025390625 -0.0009765625 -0.001953125 -0.0009765625 -0.001953125 -0.0009765625 -0.001953125 -0.0009765625 -0.001953125 -0.0009765625 -0.001953125
0  0.6865234375 0.9189453125 0.015625 0.037109375 -0.0009765625 -0.001953125 -0.0009765625 -0.001953125 -0.0009765625 -0.001953125 -0.0009765625 -0.001953125 -0.0009765625 -0.001953125
0  0.68701171875 0.8564453125 0.0146484375 0.044921875 0.684365234375 0.849828125 0.6905517578125 0.849251953125 0.68825 0.857021484375 0.6863798828125 0.86565234375 0.6899765625 0.86594140625
0  0.73681640625 0.9541015625 0.0107421875 0.037109375 -0.0009765625 -0.001953125 -0.0009765625 -0.001953125 -0.0009765625 -0.001953125 -0.0009765625 -0.001953125 -0.0009765625 -0.001953125
0  0.7490234375 0.9208984375 0.015625 0.037109375 -0.0009765625 -0.001953125 -0.0009765625 -0.001953125 -0.0009765625 -0.001953125 -0.0009765625 -0.001953125 -0.0009765625 -0.001953125
0  0.732421875 0.861328125 0.013671875 0.03515625 -0.0009765625 -0.001953125 -0.0009765625 -0.001953125 -0.0009765625 -0.001953125 -0.0009765625 -0.001953125 -0.0009765625 -0.001953125
0  0.73681640625 0.826171875 0.0146484375 0.03515625 -0.0009765625 -0.001953125 -0.0009765625 -0.001953125 -0.0009765625 -0.001953125 -0.0009765625 -0.001953125 -0.0009765625 -0.001953125
0  0.75390625 0.8359375 0.01171875 0.03515625 -0.0009765625 -0.001953125 -0.0009765625 -0.001953125 -0.0009765625 -0.001953125 -0.0009765625 -0.001953125 -0.0009765625 -0.001953125
0  0.7880859375 0.9814453125 0.01171875 0.037109375 0.7828984375 0.978341796875 0.790318359375 0.975935546875 0.78741015625 0.98516015625 0.7849033203125 0.993181640625 0.789716796875 0.99177734375
0  0.8017578125 0.931640625 0.009765625 0.03515625 -0.0009765625 -0.001953125 -0.0009765625 -0.001953125 -0.0009765625 -0.001953125 -0.0009765625 -0.001953125 -0.0009765625 -0.001953125
0  0.80908203125 0.888671875 0.0126953125 0.03515625 -0.0009765625 -0.001953125 -0.0009765625 -0.001953125 -0.0009765625 -0.001953125 -0.0009765625 -0.001953125 -0.0009765625 -0.001953125
0  0.8212890625 0.8271484375 0.015625 0.044921875 0.81734765625 0.825708984375 0.822958984375 0.825421875 0.8202255859375 0.831751953125 0.81907421875 0.8389453125 0.8235341796875 0.83837109375
0  0.83544921875 0.951171875 0.0087890625 0.0390625 -0.0009765625 -0.001953125 -0.0009765625 -0.001953125 -0.0009765625 -0.001953125 -0.0009765625 -0.001953125 -0.0009765625 -0.001953125
0  0.88232421875 0.91796875 0.0126953125 0.0390625 -0.0009765625 -0.001953125 -0.0009765625 -0.001953125 -0.0009765625 -0.001953125 -0.0009765625 -0.001953125 -0.0009765625 -0.001953125
0  0.86865234375 0.986328125 0.0146484375 0.02734375 -0.0009765625 -0.001953125 -0.0009765625 -0.001953125 -0.0009765625 -0.001953125 -0.0009765625 -0.001953125 -0.0009765625 -0.001953125
0  0.9013671875 0.9814453125 0.01171875 0.037109375 -0.0009765625 -0.001953125 -0.0009765625 -0.001953125 -0.0009765625 -0.001953125 -0.0009765625 -0.001953125 -0.0009765625 -0.001953125
0  0.861328125 0.8955078125 0.009765625 0.029296875 -0.0009765625 -0.001953125 -0.0009765625 -0.001953125 -0.0009765625 -0.001953125 -0.0009765625 -0.001953125 -0.0009765625 -0.001953125
0  0.91845703125 0.9228515625 0.0146484375 0.041015625 -0.0009765625 -0.001953125 -0.0009765625 -0.001953125 -0.0009765625 -0.001953125 -0.0009765625 -0.001953125 -0.0009765625 -0.001953125
0  0.93798828125 0.9404296875 0.0126953125 0.033203125 -0.0009765625 -0.001953125 -0.0009765625 -0.001953125 -0.0009765625 -0.001953125 -0.0009765625 -0.001953125 -0.0009765625 -0.001953125
0  0.97900390625 0.890625 0.0146484375 0.0390625 0.977015625 0.888130859375 0.984095703125 0.88863671875 0.981314453125 0.8952109375 0.9776484375 0.90178515625 0.9829580078125 0.902291015625
0  0.98779296875 0.9814453125 0.0126953125 0.037109375 -0.0009765625 -0.001953125 -0.0009765625 -0.001953125 -0.0009765625 -0.001953125 -0.0009765625 -0.001953125 -0.0009765625 -0.001953125
0  0.98095703125 0.9853515625 0.0126953125 0.029296875 -0.0009765625 -0.001953125 -0.0009765625 -0.001953125 -0.0009765625 -0.001953125 -0.0009765625 -0.001953125 -0.0009765625 -0.001953125
0  0.75390625 0.62109375 0.01171875 0.03515625 -0.0009765625 -0.001953125 -0.0009765625 -0.001953125 -0.0009765625 -0.001953125 -0.0009765625 -0.001953125 -0.0009765625 -0.001953125
0  0.7685546875 0.6240234375 0.01171875 0.037109375 -0.0009765625 -0.001953125 -0.0009765625 -0.001953125 -0.0009765625 -0.001953125 -0.0009765625 -0.001953125 -0.0009765625 -0.001953125
0  0.767578125 0.5537109375 0.01171875 0.037109375 0.762716796875 0.5504140625 0.7676611328125 0.5520625 0.76389453125 0.557712890625 0.7642470703125 0.561951171875 0.7676611328125 0.56265625
0  0.7158203125 0.5859375 0.013671875 0.0390625 -0.0009765625 -0.001953125 -0.0009765625 -0.001953125 -0.0009765625 -0.001953125 -0.0009765625 -0.001953125 -0.0009765625 -0.001953125
0  0.7275390625 0.5478515625 0.01171875 0.033203125 0.725794921875 0.53948046875 0.7306083984375 0.540109375 0.7282021484375 0.547224609375 0.7254814453125 0.55224609375 0.728515625 0.55224609375
0  0.70703125 0.556640625 0.015625 0.03125 0.703125 0.5516875 0.708775390625 0.55126953125 0.7061591796875 0.56005859375 0.704380859375 0.564453125 0.7094033203125 0.563615234375
0  0.689453125 0.580078125 0.01171875 0.03125 0.6876484375 0.577296875 0.6930625 0.57569140625 0.6900546875 0.582912109375 0.6875478515625 0.587123046875 0.692962890625 0.586521484375
0  0.67529296875 0.5888671875 0.0126953125 0.033203125 -0.0009765625 -0.001953125 -0.0009765625 -0.001953125 -0.0009765625 -0.001953125 -0.0009765625 -0.001953125 -0.0009765625 -0.001953125
0  0.63525390625 0.634765625 0.0126953125 0.03515625 0.633240234375 0.63466015625 0.6384716796875 0.633353515625 0.636509765625 0.63945703125 0.6350927734375 0.645125 0.6379267578125 0.644251953125
0  0.66845703125 0.5478515625 0.0126953125 0.037109375 -0.0009765625 -0.001953125 -0.0009765625 -0.001953125 -0.0009765625 -0.001953125 -0.0009765625 -0.001953125 -0.0009765625 -0.001953125
0  0.669921875 0.4912109375 0.01171875 0.033203125 -0.0009765625 -0.001953125 -0.0009765625 -0.001953125 -0.0009765625 -0.001953125 -0.0009765625 -0.001953125 -0.0009765625 -0.001953125
0  0.71435546875 0.51171875 0.0126953125 0.03515625 -0.0009765625 -0.001953125 -0.0009765625 -0.001953125 -0.0009765625 -0.001953125 -0.0009765625 -0.001953125 -0.0009765625 -0.001953125
0  0.68896484375 0.51171875 0.0126953125 0.03515625 -0.0009765625 -0.001953125 -0.0009765625 -0.001953125 -0.0009765625 -0.001953125 -0.0009765625 -0.001953125 -0.0009765625 -0.001953125
0  0.68359375 0.4697265625 0.009765625 0.025390625 -0.0009765625 -0.001953125 -0.0009765625 -0.001953125 -0.0009765625 -0.001953125 -0.0009765625 -0.001953125 -0.0009765625 -0.001953125
0  0.77587890625 0.4716796875 0.0087890625 0.029296875 -0.0009765625 -0.001953125 -0.0009765625 -0.001953125 -0.0009765625 -0.001953125 -0.0009765625 -0.001953125 -0.0009765625 -0.001953125
0  0.75341796875 0.47265625 0.0087890625 0.0234375 -0.0009765625 -0.001953125 -0.0009765625 -0.001953125 -0.0009765625 -0.001953125 -0.0009765625 -0.001953125 -0.0009765625 -0.001953125
0  0.76123046875 0.4609375 0.0087890625 0.0234375 -0.0009765625 -0.001953125 -0.0009765625 -0.001953125 -0.0009765625 -0.001953125 -0.0009765625 -0.001953125 -0.0009765625 -0.001953125
0  0.70654296875 0.470703125 0.0087890625 0.0234375 -0.0009765625 -0.001953125 -0.0009765625 -0.001953125 -0.0009765625 -0.001953125 -0.0009765625 -0.001953125 -0.0009765625 -0.001953125
0  0.7490234375 0.4130859375 0.01171875 0.029296875 0.744689453125 0.40673828125 0.750732421875 0.40635546875 0.7475673828125 0.41364453125 0.74545703125 0.419783203125 0.74996484375 0.4193984375
0  0.685546875 0.443359375 0.009765625 0.02734375 -0.0009765625 -0.001953125 -0.0009765625 -0.001953125 -0.0009765625 -0.001953125 -0.0009765625 -0.001953125 -0.0009765625 -0.001953125
0  0.73095703125 0.4990234375 0.0107421875 0.017578125 -0.0009765625 -0.001953125 -0.0009765625 -0.001953125 -0.0009765625 -0.001953125 -0.0009765625 -0.001953125 -0.0009765625 -0.001953125
0  0.74267578125 0.5224609375 0.0146484375 0.029296875 -0.0009765625 -0.001953125 -0.0009765625 -0.001953125 -0.0009765625 -0.001953125 -0.0009765625 -0.001953125 -0.0009765625 -0.001953125
0  0.75634765625 0.4921875 0.0087890625 0.0234375 -0.0009765625 -0.001953125 -0.0009765625 -0.001953125 -0.0009765625 -0.001953125 -0.0009765625 -0.001953125 -0.0009765625 -0.001953125
0  0.7333984375 0.4189453125 0.009765625 0.025390625 -0.0009765625 -0.001953125 -0.0009765625 -0.001953125 -0.0009765625 -0.001953125 -0.0009765625 -0.001953125 -0.0009765625 -0.001953125
0  0.7041015625 0.408203125 0.009765625 0.03515625 -0.0009765625 -0.001953125 -0.0009765625 -0.001953125 -0.0009765625 -0.001953125 -0.0009765625 -0.001953125 -0.0009765625 -0.001953125
0  0.7431640625 0.3720703125 0.013671875 0.029296875 -0.0009765625 -0.001953125 -0.0009765625 -0.001953125 -0.0009765625 -0.001953125 -0.0009765625 -0.001953125 -0.0009765625 -0.001953125
0  0.82861328125 0.44140625 0.0126953125 0.04296875 -0.0009765625 -0.001953125 -0.0009765625 -0.001953125 -0.0009765625 -0.001953125 -0.0009765625 -0.001953125 -0.0009765625 -0.001953125
0  0.80126953125 0.3916015625 0.0126953125 0.033203125 -0.0009765625 -0.001953125 -0.0009765625 -0.001953125 -0.0009765625 -0.001953125 -0.0009765625 -0.001953125 -0.0009765625 -0.001953125
0  0.783203125 0.388671875 0.005859375 0.03125 -0.0009765625 -0.001953125 -0.0009765625 -0.001953125 -0.0009765625 -0.001953125 -0.0009765625 -0.001953125 -0.0009765625 -0.001953125
0  0.79052734375 0.3896484375 0.0087890625 0.037109375 -0.0009765625 -0.001953125 -0.0009765625 -0.001953125 -0.0009765625 -0.001953125 -0.0009765625 -0.001953125 -0.0009765625 -0.001953125
0  0.7958984375 0.3603515625 0.009765625 0.025390625 -0.0009765625 -0.001953125 -0.0009765625 -0.001953125 -0.0009765625 -0.001953125 -0.0009765625 -0.001953125 -0.0009765625 -0.001953125
0  0.8974609375 0.40625 0.009765625 0.03125 -0.0009765625 -0.001953125 -0.0009765625 -0.001953125 -0.0009765625 -0.001953125 -0.0009765625 -0.001953125 -0.0009765625 -0.001953125
0  0.88671875 0.4033203125 0.0078125 0.033203125 -0.0009765625 -0.001953125 -0.0009765625 -0.001953125 -0.0009765625 -0.001953125 -0.0009765625 -0.001953125 -0.0009765625 -0.001953125
0  0.84912109375 0.3828125 0.0126953125 0.03515625 -0.0009765625 -0.001953125 -0.0009765625 -0.001953125 -0.0009765625 -0.001953125 -0.0009765625 -0.001953125 -0.0009765625 -0.001953125
0  0.8720703125 0.3642578125 0.01171875 0.025390625 -0.0009765625 -0.001953125 -0.0009765625 -0.001953125 -0.0009765625 -0.001953125 -0.0009765625 -0.001953125 -0.0009765625 -0.001953125
0  0.8154296875 0.341796875 0.01171875 0.02734375 -0.0009765625 -0.001953125 -0.0009765625 -0.001953125 -0.0009765625 -0.001953125 -0.0009765625 -0.001953125 -0.0009765625 -0.001953125
0  0.77685546875 0.365234375 0.0107421875 0.03125 -0.0009765625 -0.001953125 -0.0009765625 -0.001953125 -0.0009765625 -0.001953125 -0.0009765625 -0.001953125 -0.0009765625 -0.001953125
0  0.7890625 0.33984375 0.009765625 0.02734375 -0.0009765625 -0.001953125 -0.0009765625 -0.001953125 -0.0009765625 -0.001953125 -0.0009765625 -0.001953125 -0.0009765625 -0.001953125
0  0.77978515625 0.314453125 0.0068359375 0.0234375 -0.0009765625 -0.001953125 -0.0009765625 -0.001953125 -0.0009765625 -0.001953125 -0.0009765625 -0.001953125 -0.0009765625 -0.001953125
0  0.68701171875 0.3291015625 0.0107421875 0.021484375 -0.0009765625 -0.001953125 -0.0009765625 -0.001953125 -0.0009765625 -0.001953125 -0.0009765625 -0.001953125 -0.0009765625 -0.001953125
0  0.8984375 0.3232421875 0.009765625 0.029296875 -0.0009765625 -0.001953125 -0.0009765625 -0.001953125 -0.0009765625 -0.001953125 -0.0009765625 -0.001953125 -0.0009765625 -0.001953125
0  0.87548828125 0.3232421875 0.0087890625 0.029296875 -0.0009765625 -0.001953125 -0.0009765625 -0.001953125 -0.0009765625 -0.001953125 -0.0009765625 -0.001953125 -0.0009765625 -0.001953125
0  0.68310546875 0.0947265625 0.0087890625 0.021484375 -0.0009765625 -0.001953125 -0.0009765625 -0.001953125 -0.0009765625 -0.001953125 -0.0009765625 -0.001953125 -0.0009765625 -0.001953125
0  0.69384765625 0.0732421875 0.0068359375 0.021484375 -0.0009765625 -0.001953125 -0.0009765625 -0.001953125 -0.0009765625 -0.001953125 -0.0009765625 -0.001953125 -0.0009765625 -0.001953125
0  0.69970703125 0.0322265625 0.0087890625 0.017578125 -0.0009765625 -0.001953125 -0.0009765625 -0.001953125 -0.0009765625 -0.001953125 -0.0009765625 -0.001953125 -0.0009765625 -0.001953125
0  0.720703125 0.0634765625 0.009765625 0.029296875 0.71859765625 0.06237890625 0.72381640625 0.0621953125 0.72134375 0.06750390625 0.7189638671875 0.072998046875 0.7231748046875 0.072814453125
0  0.74658203125 0.1435546875 0.0107421875 0.029296875 -0.0009765625 -0.001953125 -0.0009765625 -0.001953125 -0.0009765625 -0.001953125 -0.0009765625 -0.001953125 -0.0009765625 -0.001953125
0  0.765625 0.095703125 0.0078125 0.0234375 -0.0009765625 -0.001953125 -0.0009765625 -0.001953125 -0.0009765625 -0.001953125 -0.0009765625 -0.001953125 -0.0009765625 -0.001953125
0  0.75048828125 0.068359375 0.0068359375 0.0234375 -0.0009765625 -0.001953125 -0.0009765625 -0.001953125 -0.0009765625 -0.001953125 -0.0009765625 -0.001953125 -0.0009765625 -0.001953125
0  0.7568359375 0.033203125 0.0078125 0.02734375 0.7572548828125 0.0317734375 0.7596083984375 0.030552734375 0.758998046875 0.0361328125 0.757080078125 0.03962109375 0.7585625 0.03962109375
0  0.81494140625 0.0498046875 0.0068359375 0.025390625 -0.0009765625 -0.001953125 -0.0009765625 -0.001953125 -0.0009765625 -0.001953125 -0.0009765625 -0.001953125 -0.0009765625 -0.001953125
0  0.8076171875 0.0283203125 0.009765625 0.029296875 -0.0009765625 -0.001953125 -0.0009765625 -0.001953125 -0.0009765625 -0.001953125 -0.0009765625 -0.001953125 -0.0009765625 -0.001953125
0  0.8427734375 0.01171875 0.0078125 0.0234375 -0.0009765625 -0.001953125 -0.0009765625 -0.001953125 -0.0009765625 -0.001953125 -0.0009765625 -0.001953125 -0.0009765625 -0.001953125
0  0.8681640625 0.080078125 0.009765625 0.02734375 -0.0009765625 -0.001953125 -0.0009765625 -0.001953125 -0.0009765625 -0.001953125 -0.0009765625 -0.001953125 -0.0009765625 -0.001953125
0  0.88525390625 0.0380859375 0.0087890625 0.017578125 -0.0009765625 -0.001953125 -0.0009765625 -0.001953125 -0.0009765625 -0.001953125 -0.0009765625 -0.001953125 -0.0009765625 -0.001953125
0  0.869140625 0.0224609375 0.0078125 0.021484375 -0.0009765625 -0.001953125 -0.0009765625 -0.001953125 -0.0009765625 -0.001953125 -0.0009765625 -0.001953125 -0.0009765625 -0.001953125
0  0.8623046875 0.0048828125 0.0078125 0.009765625 -0.0009765625 -0.001953125 -0.0009765625 -0.001953125 -0.0009765625 -0.001953125 -0.0009765625 -0.001953125 -0.0009765625 -0.001953125
0  0.88037109375 0.0166015625 0.0068359375 0.021484375 -0.0009765625 -0.001953125 -0.0009765625 -0.001953125 -0.0009765625 -0.001953125 -0.0009765625 -0.001953125 -0.0009765625 -0.001953125
0  0.8984375 0.017578125 0.0078125 0.02734375 -0.0009765625 -0.001953125 -0.0009765625 -0.001953125 -0.0009765625 -0.001953125 -0.0009765625 -0.001953125 -0.0009765625 -0.001953125
0  0.8857421875 0.015625 0.00390625 0.015625 -0.0009765625 -0.001953125 -0.0009765625 -0.001953125 -0.0009765625 -0.001953125 -0.0009765625 -0.001953125 -0.0009765625 -0.001953125
0  0.9140625 0.0224609375 0.01171875 0.025390625 -0.0009765625 -0.001953125 -0.0009765625 -0.001953125 -0.0009765625 -0.001953125 -0.0009765625 -0.001953125 -0.0009765625 -0.001953125
0  0.9306640625 0.04296875 0.005859375 0.0234375 -0.0009765625 -0.001953125 -0.0009765625 -0.001953125 -0.0009765625 -0.001953125 -0.0009765625 -0.001953125 -0.0009765625 -0.001953125
0  0.927734375 0.0166015625 0.005859375 0.021484375 -0.0009765625 -0.001953125 -0.0009765625 -0.001953125 -0.0009765625 -0.001953125 -0.0009765625 -0.001953125 -0.0009765625 -0.001953125
0  0.94970703125 0.0107421875 0.0068359375 0.021484375 -0.0009765625 -0.001953125 -0.0009765625 -0.001953125 -0.0009765625 -0.001953125 -0.0009765625 -0.001953125 -0.0009765625 -0.001953125
0  0.974609375 0.01171875 0.009765625 0.01953125 -0.0009765625 -0.001953125 -0.0009765625 -0.001953125 -0.0009765625 -0.001953125 -0.0009765625 -0.001953125 -0.0009765625 -0.001953125
0  0.98193359375 0.0498046875 0.0068359375 0.021484375 -0.0009765625 -0.001953125 -0.0009765625 -0.001953125 -0.0009765625 -0.001953125 -0.0009765625 -0.001953125 -0.0009765625 -0.001953125
0  0.9921875 0.0498046875 0.009765625 0.029296875 -0.0009765625 -0.001953125 -0.0009765625 -0.001953125 -0.0009765625 -0.001953125 -0.0009765625 -0.001953125 -0.0009765625 -0.001953125
0  0.97265625 0.056640625 0.0078125 0.0234375 -0.0009765625 -0.001953125 -0.0009765625 -0.001953125 -0.0009765625 -0.001953125 -0.0009765625 -0.001953125 -0.0009765625 -0.001953125
0  0.7939453125 0.1318359375 0.009765625 0.021484375 -0.0009765625 -0.001953125 -0.0009765625 -0.001953125 -0.0009765625 -0.001953125 -0.0009765625 -0.001953125 -0.0009765625 -0.001953125
0  0.8125 0.1005859375 0.0078125 0.025390625 -0.0009765625 -0.001953125 -0.0009765625 -0.001953125 -0.0009765625 -0.001953125 -0.0009765625 -0.001953125 -0.0009765625 -0.001953125
0  0.79736328125 0.1494140625 0.0068359375 0.017578125 0.793666015625 0.144740234375 0.796330078125 0.144060546875 0.7945732421875 0.149615234375 0.7942900390625 0.15380859375 0.795876953125 0.15358203125
0  0.78271484375 0.1708984375 0.0107421875 0.021484375 -0.0009765625 -0.001953125 -0.0009765625 -0.001953125 -0.0009765625 -0.001953125 -0.0009765625 -0.001953125 -0.0009765625 -0.001953125
0  0.77783203125 0.1982421875 0.0068359375 0.021484375 -0.0009765625 -0.001953125 -0.0009765625 -0.001953125 -0.0009765625 -0.001953125 -0.0009765625 -0.001953125 -0.0009765625 -0.001953125
0  0.7890625 0.2080078125 0.009765625 0.017578125 -0.0009765625 -0.001953125 -0.0009765625 -0.001953125 -0.0009765625 -0.001953125 -0.0009765625 -0.001953125 -0.0009765625 -0.001953125
0  0.81201171875 0.1591796875 0.0087890625 0.029296875 -0.0009765625 -0.001953125 -0.0009765625 -0.001953125 -0.0009765625 -0.001953125 -0.0009765625 -0.001953125 -0.0009765625 -0.001953125
0  0.82421875 0.1689453125 0.0078125 0.025390625 -0.0009765625 -0.001953125 -0.0009765625 -0.001953125 -0.0009765625 -0.001953125 -0.0009765625 -0.001953125 -0.0009765625 -0.001953125
0  0.82958984375 0.1318359375 0.0087890625 0.025390625 -0.0009765625 -0.001953125 -0.0009765625 -0.001953125 -0.0009765625 -0.001953125 -0.0009765625 -0.001953125 -0.0009765625 -0.001953125
0  0.8564453125 0.0673828125 0.0078125 0.021484375 -0.0009765625 -0.001953125 -0.0009765625 -0.001953125 -0.0009765625 -0.001953125 -0.0009765625 -0.001953125 -0.0009765625 -0.001953125
0  0.8330078125 0.07421875 0.0078125 0.0234375 -0.0009765625 -0.001953125 -0.0009765625 -0.001953125 -0.0009765625 -0.001953125 -0.0009765625 -0.001953125 -0.0009765625 -0.001953125
0  0.8349609375 0.0517578125 0.005859375 0.013671875 -0.0009765625 -0.001953125 -0.0009765625 -0.001953125 -0.0009765625 -0.001953125 -0.0009765625 -0.001953125 -0.0009765625 -0.001953125
0  0.83935546875 0.1572265625 0.0087890625 0.029296875 -0.0009765625 -0.001953125 -0.0009765625 -0.001953125 -0.0009765625 -0.001953125 -0.0009765625 -0.001953125 -0.0009765625 -0.001953125
0  0.8623046875 0.166015625 0.01171875 0.02734375 -0.0009765625 -0.001953125 -0.0009765625 -0.001953125 -0.0009765625 -0.001953125 -0.0009765625 -0.001953125 -0.0009765625 -0.001953125
0  0.8623046875 0.1279296875 0.0078125 0.025390625 -0.0009765625 -0.001953125 -0.0009765625 -0.001953125 -0.0009765625 -0.001953125 -0.0009765625 -0.001953125 -0.0009765625 -0.001953125
0  0.8994140625 0.0927734375 0.0078125 0.025390625 -0.0009765625 -0.001953125 -0.0009765625 -0.001953125 -0.0009765625 -0.001953125 -0.0009765625 -0.001953125 -0.0009765625 -0.001953125
0  0.8759765625 0.068359375 0.0078125 0.02734375 -0.0009765625 -0.001953125 -0.0009765625 -0.001953125 -0.0009765625 -0.001953125 -0.0009765625 -0.001953125 -0.0009765625 -0.001953125
0  0.93017578125 0.095703125 0.0126953125 0.03125 -0.0009765625 -0.001953125 -0.0009765625 -0.001953125 -0.0009765625 -0.001953125 -0.0009765625 -0.001953125 -0.0009765625 -0.001953125
0  0.9443359375 0.07421875 0.009765625 0.0234375 -0.0009765625 -0.001953125 -0.0009765625 -0.001953125 -0.0009765625 -0.001953125 -0.0009765625 -0.001953125 -0.0009765625 -0.001953125
0  0.9853515625 0.115234375 0.009765625 0.02734375 -0.0009765625 -0.001953125 -0.0009765625 -0.001953125 -0.0009765625 -0.001953125 -0.0009765625 -0.001953125 -0.0009765625 -0.001953125
0  0.9755859375 0.1240234375 0.0078125 0.025390625 -0.0009765625 -0.001953125 -0.0009765625 -0.001953125 -0.0009765625 -0.001953125 -0.0009765625 -0.001953125 -0.0009765625 -0.001953125
0  0.95849609375 0.1201171875 0.0146484375 0.029296875 -0.0009765625 -0.001953125 -0.0009765625 -0.001953125 -0.0009765625 -0.001953125 -0.0009765625 -0.001953125 -0.0009765625 -0.001953125
0  0.935546875 0.1279296875 0.0078125 0.021484375 -0.0009765625 -0.001953125 -0.0009765625 -0.001953125 -0.0009765625 -0.001953125 -0.0009765625 -0.001953125 -0.0009765625 -0.001953125
0  0.9443359375 0.1435546875 0.009765625 0.021484375 -0.0009765625 -0.001953125 -0.0009765625 -0.001953125 -0.0009765625 -0.001953125 -0.0009765625 -0.001953125 -0.0009765625 -0.001953125
0  0.91552734375 0.1640625 0.0107421875 0.02734375 -0.0009765625 -0.001953125 -0.0009765625 -0.001953125 -0.0009765625 -0.001953125 -0.0009765625 -0.001953125 -0.0009765625 -0.001953125
0  0.8984375 0.193359375 0.0078125 0.02734375 -0.0009765625 -0.001953125 -0.0009765625 -0.001953125 -0.0009765625 -0.001953125 -0.0009765625 -0.001953125 -0.0009765625 -0.001953125
0  0.89990234375 0.171875 0.0087890625 0.015625 -0.0009765625 -0.001953125 -0.0009765625 -0.001953125 -0.0009765625 -0.001953125 -0.0009765625 -0.001953125 -0.0009765625 -0.001953125
0  0.8515625 0.2236328125 0.009765625 0.029296875 -0.0009765625 -0.001953125 -0.0009765625 -0.001953125 -0.0009765625 -0.001953125 -0.0009765625 -0.001953125 -0.0009765625 -0.001953125
0  0.85791015625 0.1982421875 0.0087890625 0.017578125 -0.0009765625 -0.001953125 -0.0009765625 -0.001953125 -0.0009765625 -0.001953125 -0.0009765625 -0.001953125 -0.0009765625 -0.001953125
0  0.85302734375 0.1611328125 0.0068359375 0.017578125 -0.0009765625 -0.001953125 -0.0009765625 -0.001953125 -0.0009765625 -0.001953125 -0.0009765625 -0.001953125 -0.0009765625 -0.001953125
0  0.80908203125 0.25 0.0087890625 0.0234375 -0.0009765625 -0.001953125 -0.0009765625 -0.001953125 -0.0009765625 -0.001953125 -0.0009765625 -0.001953125 -0.0009765625 -0.001953125
0  0.775390625 0.267578125 0.009765625 0.0234375 -0.0009765625 -0.001953125 -0.0009765625 -0.001953125 -0.0009765625 -0.001953125 -0.0009765625 -0.001953125 -0.0009765625 -0.001953125
0  0.7705078125 0.2314453125 0.009765625 0.029296875 -0.0009765625 -0.001953125 -0.0009765625 -0.001953125 -0.0009765625 -0.001953125 -0.0009765625 -0.001953125 -0.0009765625 -0.001953125
0  0.68359375 0.37890625 0.009765625 0.03125 -0.0009765625 -0.001953125 -0.0009765625 -0.001953125 -0.0009765625 -0.001953125 -0.0009765625 -0.001953125 -0.0009765625 -0.001953125
0  0.7998046875 0.296875 0.0078125 0.01953125 -0.0009765625 -0.001953125 -0.0009765625 -0.001953125 -0.0009765625 -0.001953125 -0.0009765625 -0.001953125 -0.0009765625 -0.001953125
0  0.7978515625 0.2685546875 0.0078125 0.025390625 -0.0009765625 -0.001953125 -0.0009765625 -0.001953125 -0.0009765625 -0.001953125 -0.0009765625 -0.001953125 -0.0009765625 -0.001953125
0  0.82763671875 0.2998046875 0.0087890625 0.029296875 -0.0009765625 -0.001953125 -0.0009765625 -0.001953125 -0.0009765625 -0.001953125 -0.0009765625 -0.001953125 -0.0009765625 -0.001953125
0  0.83935546875 0.271484375 0.0087890625 0.02734375 -0.0009765625 -0.001953125 -0.0009765625 -0.001953125 -0.0009765625 -0.001953125 -0.0009765625 -0.001953125 -0.0009765625 -0.001953125
0  0.84619140625 0.296875 0.0068359375 0.01953125 -0.0009765625 -0.001953125 -0.0009765625 -0.001953125 -0.0009765625 -0.001953125 -0.0009765625 -0.001953125 -0.0009765625 -0.001953125
0  0.86328125 0.283203125 0.009765625 0.02734375 -0.0009765625 -0.001953125 -0.0009765625 -0.001953125 -0.0009765625 -0.001953125 -0.0009765625 -0.001953125 -0.0009765625 -0.001953125
0  0.8642578125 0.2412109375 0.01171875 0.033203125 -0.0009765625 -0.001953125 -0.0009765625 -0.001953125 -0.0009765625 -0.001953125 -0.0009765625 -0.001953125 -0.0009765625 -0.001953125
0  0.90576171875 0.21875 0.0087890625 0.0234375 -0.0009765625 -0.001953125 -0.0009765625 -0.001953125 -0.0009765625 -0.001953125 -0.0009765625 -0.001953125 -0.0009765625 -0.001953125
0  0.93212890625 0.2197265625 0.0087890625 0.025390625 -0.0009765625 -0.001953125 -0.0009765625 -0.001953125 -0.0009765625 -0.001953125 -0.0009765625 -0.001953125 -0.0009765625 -0.001953125
0  0.93994140625 0.173828125 0.0087890625 0.01953125 -0.0009765625 -0.001953125 -0.0009765625 -0.001953125 -0.0009765625 -0.001953125 -0.0009765625 -0.001953125 -0.0009765625 -0.001953125
0  0.96240234375 0.22265625 0.0107421875 0.03125 0.957798828125 0.213029296875 0.9650185546875 0.215123046875 0.959263671875 0.221818359375 0.95706640625 0.229353515625 0.9610419921875 0.22998046875
0  0.97314453125 0.2265625 0.0087890625 0.02734375 -0.0009765625 -0.001953125 -0.0009765625 -0.001953125 -0.0009765625 -0.001953125 -0.0009765625 -0.001953125 -0.0009765625 -0.001953125
0  0.97412109375 0.1962890625 0.0126953125 0.017578125 -0.0009765625 -0.001953125 -0.0009765625 -0.001953125 -0.0009765625 -0.001953125 -0.0009765625 -0.001953125 -0.0009765625 -0.001953125
0  0.9765625 0.19140625 0.009765625 0.03125 -0.0009765625 -0.001953125 -0.0009765625 -0.001953125 -0.0009765625 -0.001953125 -0.0009765625 -0.001953125 -0.0009765625 -0.001953125
0  0.9931640625 0.29296875 0.01171875 0.04296875 -0.0009765625 -0.001953125 -0.0009765625 -0.001953125 -0.0009765625 -0.001953125 -0.0009765625 -0.001953125 -0.0009765625 -0.001953125
0  0.9384765625 0.2646484375 0.0078125 0.025390625 -0.0009765625 -0.001953125 -0.0009765625 -0.001953125 -0.0009765625 -0.001953125 -0.0009765625 -0.001953125 -0.0009765625 -0.001953125
0  0.94677734375 0.255859375 0.0087890625 0.02734375 -0.0009765625 -0.001953125 -0.0009765625 -0.001953125 -0.0009765625 -0.001953125 -0.0009765625 -0.001953125 -0.0009765625 -0.001953125
0  0.92041015625 0.2578125 0.0087890625 0.02734375 -0.0009765625 -0.001953125 -0.0009765625 -0.001953125 -0.0009765625 -0.001953125 -0.0009765625 -0.001953125 -0.0009765625 -0.001953125
0  0.92919921875 0.306640625 0.0107421875 0.02734375 -0.0009765625 -0.001953125 -0.0009765625 -0.001953125 -0.0009765625 -0.001953125 -0.0009765625 -0.001953125 -0.0009765625 -0.001953125
0  0.9384765625 0.341796875 0.009765625 0.02734375 -0.0009765625 -0.001953125 -0.0009765625 -0.001953125 -0.0009765625 -0.001953125 -0.0009765625 -0.001953125 -0.0009765625 -0.001953125
0  0.94091796875 0.3828125 0.0107421875 0.03125 -0.0009765625 -0.001953125 -0.0009765625 -0.001953125 -0.0009765625 -0.001953125 -0.0009765625 -0.001953125 -0.0009765625 -0.001953125
0  0.9345703125 0.4052734375 0.013671875 0.029296875 -0.0009765625 -0.001953125 -0.0009765625 -0.001953125 -0.0009765625 -0.001953125 -0.0009765625 -0.001953125 -0.0009765625 -0.001953125
0  0.939453125 0.4365234375 0.01171875 0.017578125 -0.0009765625 -0.001953125 -0.0009765625 -0.001953125 -0.0009765625 -0.001953125 -0.0009765625 -0.001953125 -0.0009765625 -0.001953125
0  0.95849609375 0.3955078125 0.0126953125 0.041015625 -0.0009765625 -0.001953125 -0.0009765625 -0.001953125 -0.0009765625 -0.001953125 -0.0009765625 -0.001953125 -0.0009765625 -0.001953125
0  0.9736328125 0.2880859375 0.013671875 0.037109375 -0.0009765625 -0.001953125 -0.0009765625 -0.001953125 -0.0009765625 -0.001953125 -0.0009765625 -0.001953125 -0.0009765625 -0.001953125
0  0.98876953125 0.369140625 0.0185546875 0.0390625 -0.0009765625 -0.001953125 -0.0009765625 -0.001953125 -0.0009765625 -0.001953125 -0.0009765625 -0.001953125 -0.0009765625 -0.001953125
0  0.9794921875 0.4384765625 0.015625 0.017578125 -0.0009765625 -0.001953125 -0.0009765625 -0.001953125 -0.0009765625 -0.001953125 -0.0009765625 -0.001953125 -0.0009765625 -0.001953125
0  0.9921875 0.419921875 0.009765625 0.02734375 -0.0009765625 -0.001953125 -0.0009765625 -0.001953125 -0.0009765625 -0.001953125 -0.0009765625 -0.001953125 -0.0009765625 -0.001953125
0  0.71875 0.2412109375 0.005859375 0.013671875 -0.0009765625 -0.001953125 -0.0009765625 -0.001953125 -0.0009765625 -0.001953125 -0.0009765625 -0.001953125 -0.0009765625 -0.001953125
0  0.70654296875 0.2802734375 0.0068359375 0.021484375 -0.0009765625 -0.001953125 -0.0009765625 -0.001953125 -0.0009765625 -0.001953125 -0.0009765625 -0.001953125 -0.0009765625 -0.001953125
0  0.2900390625 0.8271484375 0.005859375 0.025390625 -0.0009765625 -0.001953125 -0.0009765625 -0.001953125 -0.0009765625 -0.001953125 -0.0009765625 -0.001953125 -0.0009765625 -0.001953125
0  0.07275390625 0.9609375 0.0107421875 0.0390625 -0.0009765625 -0.001953125 -0.0009765625 -0.001953125 -0.0009765625 -0.001953125 -0.0009765625 -0.001953125 -0.0009765625 -0.001953125
0  0.7412109375 0.556640625 0.01171875 0.02734375 -0.0009765625 -0.001953125 -0.0009765625 -0.001953125 -0.0009765625 -0.001953125 -0.0009765625 -0.001953125 -0.0009765625 -0.001953125
0  0.783203125 0.134765625 0.005859375 0.015625 -0.0009765625 -0.001953125 -0.0009765625 -0.001953125 -0.0009765625 -0.001953125 -0.0009765625 -0.001953125 -0.0009765625 -0.001953125
