0  0.02880859375 0.28154205607476634 0.0419921875 0.0911214953271028 0.0146611328125 0.2526799065420561 0.03241015625 0.24960280373831775 0.022892578125 0.2686822429906542 0.018005859375 0.29699065420560744 0.0300947265625 0.29391355140186914
0  0.171875 0.32242990654205606 0.0390625 0.07476635514018691 -0.0009765625 -0.002336448598130841 -0.0009765625 -0.002336448598130841 -0.0009765625 -0.002336448598130841 -0.0009765625 -0.002336448598130841 -0.0009765625 -0.002336448598130841
0  0.150390625 0.5362149532710281 0.04296875 0.12383177570093458 0.1391123046875 0.5205794392523364 0.15775 0.505714953271028 0.150556640625 0.5417009345794392 0.1463056640625 0.5690817757009345 0.1600380859375 0.5573481308411214
0  0.24365234375 0.2675233644859813 0.0263671875 0.06775700934579439 -0.0009765625 -0.002336448598130841 -0.0009765625 -0.002336448598130841 -0.0009765625 -0.002336448598130841 -0.0009765625 -0.002336448598130841 -0.0009765625 -0.002336448598130841
0  0.37109375 0.308411214953271 0.0390625 0.09345794392523364 0.35821484375 0.2896565420560748 0.375916015625 0.2890514018691589 0.3685830078125 0.323535046728972 0.361755859375 0.3386588785046729 0.37338671875 0.3386588785046729
0  0.43798828125 0.2324766355140187 0.0380859375 0.08177570093457943 -0.0009765625 -0.002336448598130841 -0.0009765625 -0.002336448598130841 -0.0009765625 -0.002336448598130841 -0.0009765625 -0.002336448598130841 -0.0009765625 -0.002336448598130841
0  0.416015625 0.4591121495327103 0.048828125 0.15654205607476634 0.403544921875 0.4462616822429907 0.4242578125 0.43399532710280375 0.415712890625 0.47665887850467287 0.41189453125 0.4989252336448598 0.427822265625 0.48824766355140187
0  0.54931640625 0.25116822429906543 0.0302734375 0.0911214953271028 0.541634765625 0.24137383177570096 0.557939453125 0.24079906542056073 0.549787109375 0.25571495327102806 0.5449912109375 0.2712056074766355 0.556021484375 0.2706308411214953
0  0.6953125 0.125 0.03515625 0.10046728971962617 0.6889296875 0.10591121495327102 0.70488671875 0.10209345794392523 0.6974404296875 0.11863785046728972 0.6886640625 0.14345093457943925 0.7091416015625 0.13263551401869159
0  0.693359375 0.37850467289719625 0.0390625 0.13551401869158877 0.677185546875 0.37646962616822427 0.6811650390625 0.3773364485981308 0.6764609375 0.3981144859813084 0.68731640625 0.413696261682243 0.688041015625 0.413696261682243
0  0.85791015625 0.14018691588785046 0.0380859375 0.09813084112149532 -0.0009765625 -0.002336448598130841 -0.0009765625 -0.002336448598130841 -0.0009765625 -0.002336448598130841 -0.0009765625 -0.002336448598130841 -0.0009765625 -0.002336448598130841
0  0.93310546875 0.3901869158878505 0.0283203125 0.09345794392523364 -0.0009765625 -0.002336448598130841 -0.0009765625 -0.002336448598130841 -0.0009765625 -0.002336448598130841 -0.0009765625 -0.002336448598130841 -0.0009765625 -0.002336448598130841
0  0.33740234375 0.27453271028037385 0.0166015625 0.04439252336448598 -0.0009765625 -0.002336448598130841 -0.0009765625 -0.002336448598130841 -0.0009765625 -0.002336448598130841 -0.0009765625 -0.002336448598130841 -0.0009765625 -0.002336448598130841
