0  0.0546875 0.0739385065885798 0.06640625 0.12445095168374817 0.029732421875 0.04457686676427526 0.0474765625 0.051767203513909225 0.0225390625 0.07189897510980967 0.038365234375 0.10713030746705711 0.038365234375 0.10713030746705711
0  0.06591796875 0.26281112737920936 0.0654296875 0.1478770131771596 0.0454794921875 0.24452269399707172 0.0623125 0.24452269399707172 0.0342578125 0.273497803806735 0.0442333984375 0.29779941434846263 0.0542080078125 0.2996691068814056
0  0.177734375 0.12225475841874085 0.0625 0.11566617862371889 0.15625 0.09297218155197658 0.16796875 0.09663250366032211 0.1494140625 0.12225475841874085 0.15869140625 0.14421669106881405 0.1708984375 0.14714494875549047
0  0.2548828125 0.14128843338213762 0.0625 0.13323572474377746 0.2376533203125 0.10960029282576866 0.24658203125 0.11210980966325036 0.225376953125 0.13637335285505126 0.2343056640625 0.16147291361639823 0.2393271484375 0.16398243045387995
0  0.14306640625 0.4546120058565154 0.0732421875 0.13030746705710103 0.117859375 0.42752562225475843 0.134337890625 0.4332913616398243 0.1085205078125 0.45717423133235724 0.1129150390625 0.4835285505124451 0.1282958984375 0.48846998535871156
0  0.2626953125 0.3089311859443631 0.078125 0.1376281112737921 0.2311318359375 0.2677789165446559 0.252423828125 0.2738184480234261 0.223650390625 0.30056515373352855 0.2288291015625 0.33766471449487556 0.2443671875 0.34025329428989753
0  0.423828125 0.21010248901903367 0.068359375 0.12152269399707175 0.407017578125 0.18034260614934114 0.416708984375 0.18416691068814056 0.3932451171875 0.20710834553440705 0.4049765625 0.23158125915080524 0.414158203125 0.23387554904831626
0  0.4677734375 0.3806734992679356 0.076171875 0.14055636896046853 0.4388251953125 0.3477833089311859 0.4566123046875 0.35667203513909224 0.4317099609375 0.38778477306002934 0.4400107421875 0.4108975109809663 0.4512763671875 0.4153426061493411
0  0.625 0.4333821376281113 0.072265625 0.1376281112737921 0.6044921875 0.39824304538799415 0.6181640625 0.39970717423133234 0.5927734375 0.4289897510980966 0.5966796875 0.45973645680819913 0.6083984375 0.4612005856515373
0  0.5576171875 0.2518301610541728 0.0703125 0.1054172767203514 0.530892578125 0.24049633967789164 0.5442333984375 0.24249633967789166 0.525111328125 0.2598301610541728 0.5486796875 0.276497803806735 0.5522373046875 0.2771654465592972
0  0.4541015625 0.043923865300146414 0.076171875 0.08784773060029283 0.4205146484375 0.008875549048316252 0.431544921875 0.008875549048316252 0.4166787109375 0.03332210834553441 0.4195556640625 0.05920644216691069 0.4301064453125 0.062081991215226943
0  0.5390625 0.05856515373352855 0.0625 0.1171303074670571 0.50994921875 0.03651244509516837 0.531310546875 0.03843338213762811 0.508240234375 0.05380673499267936 0.508240234375 0.07942898975109809 0.51934765625 0.08455344070278184
0  0.6845703125 0.10248901903367497 0.068359375 0.12298682284040996 0.6612548828125 0.08308931185944363 0.674744140625 0.08231185944363104 0.651916015625 0.10720204978038067 0.6596982421875 0.12898096632503658 0.67007421875 0.12898096632503658
0  0.771484375 0.1295754026354319 0.0703125 0.11859443631039532 0.751953125 0.10395314787701318 0.7646484375 0.10980966325036604 0.7373046875 0.13323572474377746 0.7470703125 0.1581259150805271 0.759765625 0.16251830161054173
0  0.74365234375 0.3001464128843338 0.0673828125 0.1259150805270864 0.7276962890625 0.27622401171303074 0.7399296875 0.2802108345534407 0.712271484375 0.2985519765739385 0.71758984375 0.32725915080527085 0.7261005859375 0.33204392386530013
0  0.90576171875 0.17496339677891654 0.0654296875 0.12152269399707175 0.8812998046875 0.15049194729136164 0.8976220703125 0.15355051244509516 0.874158203125 0.17419912152269398 0.8787490234375 0.20172913616398244 0.888951171875 0.20555344070278184
0  0.8896484375 0.06734992679355783 0.056640625 0.1171303074670571 0.868705078125 0.04733528550512445 0.879376953125 0.054002928257686676 0.86692578125 0.07733674963396779 0.8638134765625 0.09333821376281112 0.8704833984375 0.09400439238653001
0  0.986328125 0.0527086383601757 0.02734375 0.1054172767203514 0.986328125 0.017569546120058566 0.9990234375 0.024890190336749635 0.9765625 0.040995607613469986 0.982421875 0.07320644216691069 0.9921875 0.07320644216691069
0  0.9765625 0.3067349926793558 0.046875 0.15666178623718888 0.9654580078125 0.29489165446559296 0.9766494140625 0.2958784773060029 0.955583984375 0.3205534407027818 0.96743359375 0.3491756954612006 0.9759912109375 0.35016251830161055
