0  0.87060546875 0.3834635416666667 0.0400390625 0.05859375 0.856166015625 0.3805807291666667 0.8701171875 0.37425651041666663 0.864537109375 0.3902526041666667 0.860630859375 0.40252994791666663 0.8734658203125 0.3973216145833333
0  0.79541015625 0.404296875 0.0458984375 0.06901041666666667 0.776873046875 0.3948098958333333 0.78880078125 0.3908346354166667 0.774884765625 0.4054127604166667 0.7791923828125 0.4195494791666667 0.7904580078125 0.41822395833333337
0  0.720703125 0.5501302083333334 0.046875 0.07682291666666667 0.704345703125 0.5338541666666666 0.723388671875 0.5338541666666666 0.7054443359375 0.5406901041666666 0.7069091796875 0.5636393229166666 0.718994140625 0.5636393229166666
0  0.8203125 0.21614583333333334 0.03125 0.044270833333333336 0.81561328125 0.20609505208333334 0.82928515625 0.20808854166666668 0.8222353515625 0.21919791666666666 0.81689453125 0.22517968749999998 0.8271484375 0.22631770833333334
0  0.95751953125 0.2799479166666667 0.0283203125 0.049479166666666664 -0.0009765625 -0.0013020833333333333 -0.0009765625 -0.0013020833333333333 -0.0009765625 -0.0013020833333333333 -0.0009765625 -0.0013020833333333333 -0.0009765625 -0.0013020833333333333
0  0.4228515625 0.455078125 0.01953125 0.037760416666666664 0.4152138671875 0.44721354166666666 0.42093359375 0.4479283854166667 0.4143193359375 0.4565078125 0.416107421875 0.4643723958333333 0.4207548828125 0.46461067708333337
0  0.375 0.47265625 0.021484375 0.036458333333333336 0.3662109375 0.4622395833333333 0.3759765625 0.4622395833333333 0.3662109375 0.4739583333333333 0.3662109375 0.4791666666666667 0.375 0.4791666666666667
0  0.3427734375 0.6608072916666666 0.046875 0.06901041666666667 0.3269169921875 0.6586328124999999 0.3455546875 0.6507864583333333 0.33770703125 0.67301953125 0.3419580078125 0.6852265625 0.3507861328125 0.6799960937499999
0  0.2001953125 0.5716145833333334 0.0234375 0.033854166666666664 0.200361328125 0.5639062499999999 0.2119580078125 0.5639062499999999 0.2088095703125 0.5711966145833333 0.204005859375 0.5802526041666667 0.2114609375 0.5798111979166667
0  0.2763671875 0.5520833333333334 0.017578125 0.03125 -0.0009765625 -0.0013020833333333333 -0.0009765625 -0.0013020833333333333 -0.0009765625 -0.0013020833333333333 -0.0009765625 -0.0013020833333333333 -0.0009765625 -0.0013020833333333333
0  0.3916015625 0.5852864583333334 0.0234375 0.04296875 -0.0009765625 -0.0013020833333333333 -0.0009765625 -0.0013020833333333333 -0.0009765625 -0.0013020833333333333 -0.0009765625 -0.0013020833333333333 -0.0009765625 -0.0013020833333333333
0  0.14306640625 0.7578125 0.0361328125 0.046875 -0.0009765625 -0.0013020833333333333 -0.0009765625 -0.0013020833333333333 -0.0009765625 -0.0013020833333333333 -0.0009765625 -0.0013020833333333333 -0.0009765625 -0.0013020833333333333
0  0.04833984375 0.7858072916666666 0.0302734375 0.048177083333333336 -0.0009765625 -0.0013020833333333333 -0.0009765625 -0.0013020833333333333 -0.0009765625 -0.0013020833333333333 -0.0009765625 -0.0013020833333333333 -0.0009765625 -0.0013020833333333333
0  0.21240234375 0.6419270833333334 0.0263671875 0.046875 0.21875 0.6354166666666666 0.2236328125 0.6354166666666666 0.2265625 0.640625 0.220703125 0.6536458333333334 0.2265625 0.65234375
0  0.4794921875 0.6614583333333334 0.044921875 0.078125 0.4641806640625 0.6445026041666667 0.4630693359375 0.6445026041666667 0.4586220703125 0.66130078125 0.47048046875 0.6761236979166667 0.4715927734375 0.6761236979166667
0  0.13671875 0.5989583333333334 0.01953125 0.036458333333333336 -0.0009765625 -0.0013020833333333333 -0.0009765625 -0.0013020833333333333 -0.0009765625 -0.0013020833333333333 -0.0009765625 -0.0013020833333333333 -0.0009765625 -0.0013020833333333333
0  0.21826171875 0.57421875 0.0166015625 0.028645833333333332 -0.0009765625 -0.0013020833333333333 -0.0009765625 -0.0013020833333333333 -0.0009765625 -0.0013020833333333333 -0.0009765625 -0.0013020833333333333 -0.0009765625 -0.0013020833333333333
0  0.58056640625 0.3450520833333333 0.0341796875 0.06770833333333333 -0.0009765625 -0.0013020833333333333 -0.0009765625 -0.0013020833333333333 -0.0009765625 -0.0013020833333333333 -0.0009765625 -0.0013020833333333333 -0.0009765625 -0.0013020833333333333
