0  0.32568359375 0.5601045296167247 0.0712890625 0.1480836236933798 0.306884765625 0.5265679442508711 0.3377509765625 0.5200348432055749 0.3225791015625 0.5582996515679443 0.314208984375 0.5928327526132404 0.3335654296875 0.5881655052264809
0  0.1728515625 0.4634146341463415 0.05859375 0.11846689895470383 0.1568076171875 0.4400191637630662 0.185267578125 0.4340470383275261 0.1722939453125 0.44823344947735194 0.1651787109375 0.4833257839721254 0.1840126953125 0.48108536585365846
0  0.37646484375 0.445993031358885 0.0517578125 0.11498257839721254 0.3663291015625 0.4292090592334495 0.3898447265625 0.4248693379790941 0.3861953125 0.4436759581881533 0.375654296875 0.4726080139372822 0.3890341796875 0.4718850174216028
0  0.1123046875 0.4337979094076655 0.044921875 0.09407665505226481 0.098205078125 0.41615853658536583 0.1217041015625 0.41675783972125435 0.1082763671875 0.43472299651567947 0.104919921875 0.4568815331010453 0.11700390625 0.4568815331010453
0  0.05322265625 0.36846689895470386 0.0361328125 0.07491289198606271 0.04030078125 0.3603623693379791 0.0586806640625 0.35554006968641116 0.052193359375 0.3762752613240418 0.050841796875 0.38929442508710804 0.05841015625 0.38784843205574915
0  0.1083984375 0.35627177700348434 0.037109375 0.07142857142857142 -0.0009765625 -0.0017421602787456446 -0.0009765625 -0.0017421602787456446 -0.0009765625 -0.0017421602787456446 -0.0009765625 -0.0017421602787456446 -0.0009765625 -0.0017421602787456446
0  0.279296875 0.37282229965156793 0.033203125 0.07665505226480836 -0.0009765625 -0.0017421602787456446 -0.0009765625 -0.0017421602787456446 -0.0009765625 -0.0017421602787456446 -0.0009765625 -0.0017421602787456446 -0.0009765625 -0.0017421602787456446
0  0.30810546875 0.43989547038327526 0.0439453125 0.08536585365853659 -0.0009765625 -0.0017421602787456446 -0.0009765625 -0.0017421602787456446 -0.0009765625 -0.0017421602787456446 -0.0009765625 -0.0017421602787456446 -0.0009765625 -0.0017421602787456446
0  0.67724609375 0.573170731707317 0.1220703125 0.2926829268292683 0.672625 0.5096289198606272 0.7211875 0.5335905923344948 0.7046552734375 0.5667700348432057 0.6540263671875 0.6202247386759582 0.6994892578125 0.6478728222996516
0  0.51806640625 0.43902439024390244 0.0517578125 0.10801393728222997 0.5107509765625 0.4259738675958188 0.535025390625 0.4259738675958188 0.5304736328125 0.4334163763066202 0.52175 0.4618362369337979 0.5357841796875 0.4638658536585366
0  0.7626953125 0.5461672473867596 0.060546875 0.18292682926829268 0.76220703125 0.5119146341463414 0.785435546875 0.5268797909407665 0.7880166015625 0.5545052264808362 0.7667236328125 0.5959425087108015 0.785435546875 0.6005470383275261
0  0.189453125 0.4076655052264808 0.03125 0.07665505226480836 -0.0009765625 -0.0017421602787456446 -0.0009765625 -0.0017421602787456446 -0.0009765625 -0.0017421602787456446 -0.0009765625 -0.0017421602787456446 -0.0009765625 -0.0017421602787456446
0  0.35205078125 0.34494773519163763 0.0205078125 0.03832752613240418 -0.0009765625 -0.0017421602787456446 -0.0009765625 -0.0017421602787456446 -0.0009765625 -0.0017421602787456446 -0.0009765625 -0.0017421602787456446 -0.0009765625 -0.0017421602787456446
0  0.3779296875 0.3693379790940767 0.0234375 0.05574912891986063 -0.0009765625 -0.0017421602787456446 -0.0009765625 -0.0017421602787456446 -0.0009765625 -0.0017421602787456446 -0.0009765625 -0.0017421602787456446 -0.0009765625 -0.0017421602787456446
0  0.4619140625 0.4181184668989547 0.033203125 0.08710801393728224 -0.0009765625 -0.0017421602787456446 -0.0009765625 -0.0017421602787456446 -0.0009765625 -0.0017421602787456446 -0.0009765625 -0.0017421602787456446 -0.0009765625 -0.0017421602787456446
0  0.55078125 0.4094076655052265 0.029296875 0.06968641114982578 -0.0009765625 -0.0017421602787456446 -0.0009765625 -0.0017421602787456446 -0.0009765625 -0.0017421602787456446 -0.0009765625 -0.0017421602787456446 -0.0009765625 -0.0017421602787456446
0  0.0078125 0.3789198606271777 0.015625 0.06445993031358885 -0.0059462890625 0.3611010452961672 0.005837890625 0.36481184668989547 -0.0006318359375 0.37223170731707317 0.002833984375 0.38501045296167247 -0.0057158203125 0.38253658536585367
0  0.56689453125 0.35714285714285715 0.0205078125 0.05226480836236934 -0.0009765625 -0.0017421602787456446 -0.0009765625 -0.0017421602787456446 -0.0009765625 -0.0017421602787456446 -0.0009765625 -0.0017421602787456446 -0.0009765625 -0.0017421602787456446
