0  0.14404296875 0.3301075268817204 0.0205078125 0.06236559139784946 0.140197265625 0.3229849462365591 0.147521484375 0.32741935483870965 0.141296875 0.3366924731182796 0.1385498046875 0.3455655913978494 0.143859375 0.34919354838709676
0  0.16943359375 0.32903225806451614 0.0185546875 0.060215053763440864 -0.0009765625 -0.002150537634408602 -0.0009765625 -0.002150537634408602 -0.0009765625 -0.002150537634408602 -0.0009765625 -0.002150537634408602 -0.0009765625 -0.002150537634408602
0  0.201171875 0.3387096774193548 0.015625 0.04516129032258064 -0.0009765625 -0.002150537634408602 -0.0009765625 -0.002150537634408602 -0.0009765625 -0.002150537634408602 -0.0009765625 -0.002150537634408602 -0.0009765625 -0.002150537634408602
0  0.27197265625 0.34301075268817205 0.0185546875 0.05806451612903226 0.2664619140625 0.3350236559139785 0.277099609375 0.3357913978494624 0.27151953125 0.348847311827957 0.267857421875 0.3569118279569892 0.2755302734375 0.3580645161290323
0  0.29150390625 0.35591397849462364 0.0166015625 0.04946236559139785 -0.0009765625 -0.002150537634408602 -0.0009765625 -0.002150537634408602 -0.0009765625 -0.002150537634408602 -0.0009765625 -0.002150537634408602 -0.0009765625 -0.002150537634408602
0  0.34912109375 0.3387096774193548 0.0185546875 0.04946236559139785 -0.0009765625 -0.002150537634408602 -0.0009765625 -0.002150537634408602 -0.0009765625 -0.002150537634408602 -0.0009765625 -0.002150537634408602 -0.0009765625 -0.002150537634408602
0  0.40087890625 0.36451612903225805 0.0166015625 0.053763440860215055 0.394095703125 0.36171182795698925 0.403041015625 0.3613677419354839 0.3978623046875 0.374847311827957 0.3956650390625 0.38521505376344084 0.4019423828125 0.38521505376344084
0  0.41943359375 0.34516129032258064 0.0126953125 0.04516129032258064 0.4117822265625 0.3392086021505376 0.4212431640625 0.3347440860215054 0.41691796875 0.3502215053763441 0.4151611328125 0.36272043010752686 0.4200263671875 0.36093548387096774
0  0.43701171875 0.3279569892473118 0.0146484375 0.04516129032258064 -0.0009765625 -0.002150537634408602 -0.0009765625 -0.002150537634408602 -0.0009765625 -0.002150537634408602 -0.0009765625 -0.002150537634408602 -0.0009765625 -0.002150537634408602
0  0.48779296875 0.3881720430107527 0.0166015625 0.04086021505376344 0.4856396484375 0.38221075268817206 0.4915244140625 0.38350537634408605 0.489052734375 0.39516989247311823 0.48505078125 0.3980215053763441 0.490818359375 0.4008731182795699
0  0.5166015625 0.35698924731182796 0.013671875 0.03870967741935484 0.512447265625 0.35124731182795704 0.51998046875 0.35150752688172043 0.5157431640625 0.3631720430107527 0.51303515625 0.3688752688172043 0.517390625 0.36991182795698924
0  0.5478515625 0.3774193548387097 0.01171875 0.03655913978494624 -0.0009765625 -0.002150537634408602 -0.0009765625 -0.002150537634408602 -0.0009765625 -0.002150537634408602 -0.0009765625 -0.002150537634408602 -0.0009765625 -0.002150537634408602
0  0.5634765625 0.36451612903225805 0.013671875 0.04086021505376344 -0.0009765625 -0.002150537634408602 -0.0009765625 -0.002150537634408602 -0.0009765625 -0.002150537634408602 -0.0009765625 -0.002150537634408602 -0.0009765625 -0.002150537634408602
0  0.5849609375 0.3580645161290323 0.013671875 0.03225806451612903 0.58274609375 0.34875268817204297 0.588212890625 0.3489634408602151 0.5860068359375 0.3586795698924731 0.583513671875 0.3679720430107527 0.587158203125 0.3683956989247312
0  0.59521484375 0.3688172043010753 0.0087890625 0.02795698924731183 -0.0009765625 -0.002150537634408602 -0.0009765625 -0.002150537634408602 -0.0009765625 -0.002150537634408602 -0.0009765625 -0.002150537634408602 -0.0009765625 -0.002150537634408602
0  0.60986328125 0.3602150537634409 0.0107421875 0.03655913978494624 -0.0009765625 -0.002150537634408602 -0.0009765625 -0.002150537634408602 -0.0009765625 -0.002150537634408602 -0.0009765625 -0.002150537634408602 -0.0009765625 -0.002150537634408602
0  0.63037109375 0.35376344086021505 0.0146484375 0.03225806451612903 0.626974609375 0.3447677419354839 0.632189453125 0.3447677419354839 0.6291806640625 0.35492473118279566 0.627876953125 0.3624322580645161 0.63078515625 0.3624322580645161
0  0.654296875 0.35053763440860214 0.01171875 0.030107526881720432 -0.0009765625 -0.002150537634408602 -0.0009765625 -0.002150537634408602 -0.0009765625 -0.002150537634408602 -0.0009765625 -0.002150537634408602 -0.0009765625 -0.002150537634408602
0  0.66796875 0.32365591397849464 0.013671875 0.04086021505376344 -0.0009765625 -0.002150537634408602 -0.0009765625 -0.002150537634408602 -0.0009765625 -0.002150537634408602 -0.0009765625 -0.002150537634408602 -0.0009765625 -0.002150537634408602
0  0.70166015625 0.32903225806451614 0.0126953125 0.034408602150537634 0.697060546875 0.32530752688172043 0.704080078125 0.32596989247311825 0.7006708984375 0.33325591397849463 0.6977626953125 0.33877634408602153 0.7030771484375 0.33943870967741935
0  0.81005859375 0.4150537634408602 0.0126953125 0.034408602150537634 0.8052451171875 0.40603010752688173 0.8111611328125 0.40691182795698927 0.8066494140625 0.41221290322580645 0.8060478515625 0.42016129032258065 0.808052734375 0.42016129032258065
0  0.7705078125 0.3419354838709677 0.013671875 0.03870967741935484 -0.0009765625 -0.002150537634408602 -0.0009765625 -0.002150537634408602 -0.0009765625 -0.002150537634408602 -0.0009765625 -0.002150537634408602 -0.0009765625 -0.002150537634408602
0  0.8056640625 0.35376344086021505 0.01171875 0.02795698924731183 -0.0009765625 -0.002150537634408602 -0.0009765625 -0.002150537634408602 -0.0009765625 -0.002150537634408602 -0.0009765625 -0.002150537634408602 -0.0009765625 -0.002150537634408602
0  0.82421875 0.3602150537634409 0.009765625 0.023655913978494623 -0.0009765625 -0.002150537634408602 -0.0009765625 -0.002150537634408602 -0.0009765625 -0.002150537634408602 -0.0009765625 -0.002150537634408602 -0.0009765625 -0.002150537634408602
0  0.8515625 0.3774193548387097 0.01171875 0.02795698924731183 -0.0009765625 -0.002150537634408602 -0.0009765625 -0.002150537634408602 -0.0009765625 -0.002150537634408602 -0.0009765625 -0.002150537634408602 -0.0009765625 -0.002150537634408602
0  0.89306640625 0.3903225806451613 0.0185546875 0.053763440860215055 -0.0009765625 -0.002150537634408602 -0.0009765625 -0.002150537634408602 -0.0009765625 -0.002150537634408602 -0.0009765625 -0.002150537634408602 -0.0009765625 -0.002150537634408602
0  0.9130859375 0.34623655913978496 0.009765625 0.021505376344086023 -0.0009765625 -0.002150537634408602 -0.0009765625 -0.002150537634408602 -0.0009765625 -0.002150537634408602 -0.0009765625 -0.002150537634408602 -0.0009765625 -0.002150537634408602
0  0.92724609375 0.3903225806451613 0.0146484375 0.04086021505376344 0.92405078125 0.386952688172043 0.931701171875 0.3866924731182796 0.9295830078125 0.39343225806451615 0.9267578125 0.40120860215053766 0.931583984375 0.40069032258064513
0  0.94384765625 0.3580645161290323 0.0107421875 0.02795698924731183 -0.0009765625 -0.002150537634408602 -0.0009765625 -0.002150537634408602 -0.0009765625 -0.002150537634408602 -0.0009765625 -0.002150537634408602 -0.0009765625 -0.002150537634408602
0  0.974609375 0.35268817204301073 0.01171875 0.030107526881720432 -0.0009765625 -0.002150537634408602 -0.0009765625 -0.002150537634408602 -0.0009765625 -0.002150537634408602 -0.0009765625 -0.002150537634408602 -0.0009765625 -0.002150537634408602
0  0.07080078125 0.3193548387096774 0.0166015625 0.04086021505376344 -0.0009765625 -0.002150537634408602 -0.0009765625 -0.002150537634408602 -0.0009765625 -0.002150537634408602 -0.0009765625 -0.002150537634408602 -0.0009765625 -0.002150537634408602
