0  0.31689453125 0.17753120665742025 0.0205078125 0.030513176144244106 -0.0009765625 -0.0013869625520110957 -0.0009765625 -0.0013869625520110957 -0.0009765625 -0.0013869625520110957 -0.0009765625 -0.0013869625520110957 -0.0009765625 -0.0013869625520110957
0  0.2109375 0.4119278779472954 0.017578125 0.036061026352288486 -0.0009765625 -0.0013869625520110957 -0.0009765625 -0.0013869625520110957 -0.0009765625 -0.0013869625520110957 -0.0009765625 -0.0013869625520110957 -0.0009765625 -0.0013869625520110957
0  0.130859375 0.30859916782246877 0.015625 0.02912621359223301 -0.0009765625 -0.0013869625520110957 -0.0009765625 -0.0013869625520110957 -0.0009765625 -0.0013869625520110957 -0.0009765625 -0.0013869625520110957 -0.0009765625 -0.0013869625520110957
0  0.849609375 0.05894590846047157 0.01953125 0.02912621359223301 -0.0009765625 -0.0013869625520110957 -0.0009765625 -0.0013869625520110957 -0.0009765625 -0.0013869625520110957 -0.0009765625 -0.0013869625520110957 -0.0009765625 -0.0013869625520110957
0  0.7763671875 0.05131761442441054 0.025390625 0.036061026352288486 -0.0009765625 -0.0013869625520110957 -0.0009765625 -0.0013869625520110957 -0.0009765625 -0.0013869625520110957 -0.0009765625 -0.0013869625520110957 -0.0009765625 -0.0013869625520110957
0  0.73876953125 0.13453536754507628 0.0224609375 0.033287101248266296 -0.0009765625 -0.0013869625520110957 -0.0009765625 -0.0013869625520110957 -0.0009765625 -0.0013869625520110957 -0.0009765625 -0.0013869625520110957 -0.0009765625 -0.0013869625520110957
0  0.69482421875 0.10748959778085991 0.0244140625 0.04299583911234397 0.6876220703125 0.09644382801664356 0.700474609375 0.09617059639389736 0.6956787109375 0.1076130374479889 0.6922255859375 0.11660332871012483 0.7018173828125 0.11633148404993066
0  0.685546875 0.05409153952843273 0.021484375 0.036061026352288486 -0.0009765625 -0.0013869625520110957 -0.0009765625 -0.0013869625520110957 -0.0009765625 -0.0013869625520110957 -0.0009765625 -0.0013869625520110957 -0.0009765625 -0.0013869625520110957
0  0.783203125 0.11997226074895978 0.015625 0.02912621359223301 -0.0009765625 -0.0013869625520110957 -0.0009765625 -0.0013869625520110957 -0.0009765625 -0.0013869625520110957 -0.0009765625 -0.0013869625520110957 -0.0009765625 -0.0013869625520110957
0  0.61279296875 0.09223300970873786 0.0224609375 0.04022191400832178 -0.0009765625 -0.0013869625520110957 -0.0009765625 -0.0013869625520110957 -0.0009765625 -0.0013869625520110957 -0.0009765625 -0.0013869625520110957 -0.0009765625 -0.0013869625520110957
0  0.62744140625 0.024965325936199722 0.0205078125 0.033287101248266296 -0.0009765625 -0.0013869625520110957 -0.0009765625 -0.0013869625520110957 -0.0009765625 -0.0013869625520110957 -0.0009765625 -0.0013869625520110957 -0.0009765625 -0.0013869625520110957
0  0.396484375 0.12343966712898752 0.0234375 0.04160887656033287 0.395734375 0.11529126213592233 0.4039833984375 0.11529126213592233 0.4019208984375 0.12407766990291261 0.397984375 0.1317988904299584 0.404357421875 0.13153259361997224
0  0.25634765625 0.11927877947295423 0.0283203125 0.047156726768377254 0.260462890625 0.1142260748959778 0.269251953125 0.11363245492371707 0.266322265625 0.12195423023578364 0.2625556640625 0.13116643550624132 0.2679970703125 0.1302760055478502
0  0.37890625 0.059639389736477116 0.0234375 0.036061026352288486 0.372951171875 0.05234535367545076 0.38322265625 0.051639389736477116 0.3787490234375 0.060581137309292654 0.373779296875 0.06787517337031901 0.3845478515625 0.06787517337031901
0  0.478515625 0.07350901525658807 0.0234375 0.036061026352288486 -0.0009765625 -0.0013869625520110957 -0.0009765625 -0.0013869625520110957 -0.0009765625 -0.0013869625520110957 -0.0009765625 -0.0013869625520110957 -0.0009765625 -0.0013869625520110957
0  0.400390625 0.02288488210818308 0.021484375 0.0319001386962552 -0.0009765625 -0.0013869625520110957 -0.0009765625 -0.0013869625520110957 -0.0009765625 -0.0013869625520110957 -0.0009765625 -0.0013869625520110957 -0.0009765625 -0.0013869625520110957
0  0.2939453125 0.022191400832177532 0.01953125 0.033287101248266296 -0.0009765625 -0.0013869625520110957 -0.0009765625 -0.0013869625520110957 -0.0009765625 -0.0013869625520110957 -0.0009765625 -0.0013869625520110957 -0.0009765625 -0.0013869625520110957
0  0.8056640625 0.013176144244105409 0.02734375 0.026352288488210817 -0.0009765625 -0.0013869625520110957 -0.0009765625 -0.0013869625520110957 -0.0009765625 -0.0013869625520110957 -0.0009765625 -0.0013869625520110957 -0.0009765625 -0.0013869625520110957
0  0.1787109375 0.15742024965325938 0.0234375 0.03744798890429958 0.1768623046875 0.15041747572815534 0.187744140625 0.15065880721220526 0.1836630859375 0.15814424410540917 0.17822265625 0.1644230235783634 0.1850234375 0.1646643550624133
0  0.12744140625 0.17891816920943135 0.0185546875 0.033287101248266296 -0.0009765625 -0.0013869625520110957 -0.0009765625 -0.0013869625520110957 -0.0009765625 -0.0013869625520110957 -0.0009765625 -0.0013869625520110957 -0.0009765625 -0.0013869625520110957
0  0.568359375 0.047156726768377254 0.01953125 0.030513176144244106 -0.0009765625 -0.0013869625520110957 -0.0009765625 -0.0013869625520110957 -0.0009765625 -0.0013869625520110957 -0.0009765625 -0.0013869625520110957 -0.0009765625 -0.0013869625520110957
0  0.58935546875 0.05339805825242718 0.0224609375 0.03744798890429958 -0.0009765625 -0.0013869625520110957 -0.0009765625 -0.0013869625520110957 -0.0009765625 -0.0013869625520110957 -0.0009765625 -0.0013869625520110957 -0.0009765625 -0.0013869625520110957
0  0.4921875 0.03398058252427184 0.017578125 0.02912621359223301 -0.0009765625 -0.0013869625520110957 -0.0009765625 -0.0013869625520110957 -0.0009765625 -0.0013869625520110957 -0.0009765625 -0.0013869625520110957 -0.0009765625 -0.0013869625520110957
0  0.6279296875 0.14771151178918168 0.01953125 0.03467406380027739 -0.0009765625 -0.0013869625520110957 -0.0009765625 -0.0013869625520110957 -0.0009765625 -0.0013869625520110957 -0.0009765625 -0.0013869625520110957 -0.0009765625 -0.0013869625520110957
0  0.6103515625 0.42995839112343964 0.01953125 0.04160887656033287 0.6063017578125 0.425005547850208 0.6169873046875 0.4247392510402219 0.61173828125 0.43618723994452147 0.60855078125 0.4431095700416089 0.6136123046875 0.4431095700416089
0  0.96728515625 0.3522884882108183 0.0283203125 0.044382801664355064 0.96248046875 0.3390568654646325 0.9732705078125 0.3376629680998613 0.968955078125 0.34936615811373095 0.96503125 0.3602330097087379 0.9722900390625 0.3602330097087379
0  0.8779296875 0.39181692094313453 0.033203125 0.04854368932038835 -0.0009765625 -0.0013869625520110957 -0.0009765625 -0.0013869625520110957 -0.0009765625 -0.0013869625520110957 -0.0009765625 -0.0013869625520110957 -0.0009765625 -0.0013869625520110957
0  0.720703125 0.3779472954230236 0.01953125 0.04576976421636616 -0.0009765625 -0.0013869625520110957 -0.0009765625 -0.0013869625520110957 -0.0009765625 -0.0013869625520110957 -0.0009765625 -0.0013869625520110957 -0.0009765625 -0.0013869625520110957
0  0.54150390625 0.49514563106796117 0.0517578125 0.06657420249653259 0.5516181640625 0.5041109570041609 0.552943359375 0.5191692094313454 0.5469794921875 0.5243467406380027 0.5350517578125 0.5102288488210819 0.534720703125 0.5248169209431345
0  0.314453125 0.4507628294036061 0.025390625 0.044382801664355064 -0.0009765625 -0.0013869625520110957 -0.0009765625 -0.0013869625520110957 -0.0009765625 -0.0013869625520110957 -0.0009765625 -0.0013869625520110957 -0.0009765625 -0.0013869625520110957
0  0.36328125 0.3959778085991678 0.021484375 0.03467406380027739 -0.0009765625 -0.0013869625520110957 -0.0009765625 -0.0013869625520110957 -0.0009765625 -0.0013869625520110957 -0.0009765625 -0.0013869625520110957 -0.0009765625 -0.0013869625520110957
