0  0.34130859375 0.545632333767927 0.0166015625 0.02998696219035202 -0.0009765625 -0.001303780964797914 -0.0009765625 -0.001303780964797914 -0.0009765625 -0.001303780964797914 -0.0009765625 -0.001303780964797914 -0.0009765625 -0.001303780964797914
0  0.29150390625 0.5710560625814863 0.0205078125 0.03911342894393742 0.281080078125 0.5706544980443286 0.293640625 0.568651890482399 0.2857666015625 0.5766610169491525 0.2852041015625 0.5851707953063886 0.293265625 0.5829178617992178
0  0.240234375 0.5567144719687093 0.021484375 0.03389830508474576 0.2332939453125 0.5527327249022165 0.242240234375 0.5529543676662321 0.2371044921875 0.5593689700130378 0.2332939453125 0.5653402868318123 0.242240234375 0.5653402868318123
0  0.6943359375 0.5554106910039114 0.0234375 0.03650586701434159 0.687046875 0.5507548891786179 0.6983818359375 0.5507548891786179 0.6928017578125 0.5572737940026076 0.6886162109375 0.5658878748370274 0.6968125 0.5663533246414602
0  0.59375 0.5677966101694916 0.0234375 0.04041720990873533 0.586591796875 0.5649152542372882 0.5960078125 0.5646531942633638 0.5899267578125 0.5704159061277706 0.5873759765625 0.5787979139504563 0.595419921875 0.5777496740547589
0  0.50439453125 0.575619295958279 0.0224609375 0.04041720990873533 0.496041015625 0.5716375488917862 0.50390625 0.5713820078226858 0.497767578125 0.5790651890482399 0.4962333984375 0.5870039113428944 0.502947265625 0.586748370273794
0  0.43701171875 0.5176010430247718 0.0185546875 0.03389830508474576 0.4310390625 0.5091968709256844 0.4399111328125 0.5102724902216428 0.4347490234375 0.5178109517601043 0.4316845703125 0.5247014341590613 0.438943359375 0.5251329856584094
0  0.64453125 0.5247718383311604 0.017578125 0.03259452411994785 0.6404501953125 0.5213963494132986 0.6487685546875 0.5211864406779662 0.64374609375 0.5285202086049544 0.6412353515625 0.5341773142112125 0.6464150390625 0.5341773142112125
0  0.67041015625 0.5241199478487614 0.0185546875 0.03389830508474576 0.6658935546875 0.5182998696219036 0.6749267578125 0.5170078226857888 0.67041015625 0.5236831812255541 0.66766796875 0.5318670143415907 0.6757333984375 0.5305749674054759
0  0.517578125 0.5013037809647979 0.0234375 0.02998696219035202 -0.0009765625 -0.001303780964797914 -0.0009765625 -0.001303780964797914 -0.0009765625 -0.001303780964797914 -0.0009765625 -0.001303780964797914 -0.0009765625 -0.001303780964797914
0  0.58984375 0.4915254237288136 0.021484375 0.03389830508474576 0.588361328125 0.484890482398957 0.5925029296875 0.4853324641460235 0.585544921875 0.4937366362451109 0.5865390625 0.5034693611473272 0.5870361328125 0.5034693611473272
0  0.75048828125 0.5495436766623207 0.0205078125 0.03259452411994785 -0.0009765625 -0.001303780964797914 -0.0009765625 -0.001303780964797914 -0.0009765625 -0.001303780964797914 -0.0009765625 -0.001303780964797914 -0.0009765625 -0.001303780964797914
0  0.71142578125 0.5345501955671447 0.0224609375 0.03389830508474576 0.7052919921875 0.5317444589308996 0.714001953125 0.5321760104302476 0.7091630859375 0.538851368970013 0.706259765625 0.5446662320730118 0.7119052734375 0.54445110821382
0  0.35986328125 0.5932203389830508 0.0185546875 0.03650586701434159 -0.0009765625 -0.001303780964797914 -0.0009765625 -0.001303780964797914 -0.0009765625 -0.001303780964797914 -0.0009765625 -0.001303780964797914 -0.0009765625 -0.001303780964797914
0  0.84912109375 0.5391134289439374 0.0126953125 0.02216427640156454 -0.0009765625 -0.001303780964797914 -0.0009765625 -0.001303780964797914 -0.0009765625 -0.001303780964797914 -0.0009765625 -0.001303780964797914 -0.0009765625 -0.001303780964797914
0  0.9150390625 0.5482398956975228 0.0078125 0.011734028683181226 -0.0009765625 -0.001303780964797914 -0.0009765625 -0.001303780964797914 -0.0009765625 -0.001303780964797914 -0.0009765625 -0.001303780964797914 -0.0009765625 -0.001303780964797914
0  0.44970703125 0.5026075619295959 0.0166015625 0.03259452411994785 -0.0009765625 -0.001303780964797914 -0.0009765625 -0.001303780964797914 -0.0009765625 -0.001303780964797914 -0.0009765625 -0.001303780964797914 -0.0009765625 -0.001303780964797914
0  0.28125 0.5521512385919165 0.017578125 0.03259452411994785 0.275408203125 0.5504511082138202 0.284197265625 0.5496140808344198 0.27933203125 0.5550612777053455 0.27760546875 0.5628148631029987 0.284197265625 0.5613481095176011
0  0.96826171875 0.5325945241199479 0.0126953125 0.024771838331160364 -0.0009765625 -0.001303780964797914 -0.0009765625 -0.001303780964797914 -0.0009765625 -0.001303780964797914 -0.0009765625 -0.001303780964797914 -0.0009765625 -0.001303780964797914
