0  0.0478515625 0.08944281524926687 0.037109375 0.05865102639296188 0.0391630859375 0.08870967741935484 0.04860546875 0.08833724340175954 0.0426416015625 0.1017683284457478 0.0416474609375 0.10997653958944283 0.047611328125 0.11035043988269795
0  0.09912109375 0.11656891495601172 0.0361328125 0.05718475073313783 0.095458984375 0.11143695014662756 0.108642578125 0.11033724340175953 0.10546875 0.12976539589442815 0.09814453125 0.1374633431085044 0.107666015625 0.1374633431085044
0  0.1328125 0.05791788856304985 0.029296875 0.051319648093841645 -0.0009765625 -0.001466275659824047 -0.0009765625 -0.001466275659824047 -0.0009765625 -0.001466275659824047 -0.0009765625 -0.001466275659824047 -0.0009765625 -0.001466275659824047
0  0.166015625 0.08284457478005865 0.029296875 0.054252199413489736 0.156978515625 0.07555865102639296 0.1680693359375 0.07764076246334312 0.1613681640625 0.09047653958944281 0.157208984375 0.10053812316715542 0.166220703125 0.10227272727272728
0  0.259765625 0.1063049853372434 0.033203125 0.060117302052785926 0.251185546875 0.0987375366568915 0.2595302734375 0.09987683284457478 0.2519443359375 0.1127859237536657 0.253208984375 0.12189736070381232 0.2590244140625 0.12189736070381232
0  0.20947265625 0.1774193548387097 0.0419921875 0.05865102639296188 -0.0009765625 -0.001466275659824047 -0.0009765625 -0.001466275659824047 -0.0009765625 -0.001466275659824047 -0.0009765625 -0.001466275659824047 -0.0009765625 -0.001466275659824047
0  0.21533203125 0.24853372434017595 0.0361328125 0.0747800586510264 0.225830078125 0.26382551319648095 0.2405830078125 0.2661818181818182 0.2299111328125 0.2826774193548387 0.2317939453125 0.2958739002932551 0.242466796875 0.2972873900293255
0  0.2412109375 0.27419354838709675 0.044921875 0.08211143695014662 0.22708984375 0.26363489736070383 0.240177734375 0.2667375366568915 0.230189453125 0.28431964809384164 0.231912109375 0.298282991202346 0.242244140625 0.2987991202346041
0  0.10009765625 0.2558651026392962 0.0439453125 0.08357771260997067 -0.0009765625 -0.001466275659824047 -0.0009765625 -0.001466275659824047 -0.0009765625 -0.001466275659824047 -0.0009765625 -0.001466275659824047 -0.0009765625 -0.001466275659824047
0  0.04345703125 0.40762463343108507 0.0498046875 0.09970674486803519 0.0256953125 0.3969281524926686 0.0438798828125 0.3988328445747801 0.02865625 0.4185175953079178 0.027810546875 0.43312023460410554 0.0447255859375 0.43629618768328443
0  0.1337890625 0.3357771260997067 0.05078125 0.07624633431085044 0.1148828125 0.32192082111436954 0.132265625 0.323108504398827 0.11791015625 0.33929618768328446 0.11787109375 0.35661290322580647 0.130439453125 0.3571407624633431
0  0.21240234375 0.4347507331378299 0.0556640625 0.08357771260997067 0.191201171875 0.4231818181818182 0.20890625 0.42608504398826974 0.19287109375 0.44422287390029325 0.193564453125 0.4576979472140762 0.20806640625 0.45929618768328445
0  0.314453125 0.3548387096774194 0.04296875 0.08211143695014662 0.2981220703125 0.34065982404692086 0.3167197265625 0.3437624633431085 0.300876953125 0.36444868035190614 0.2984658203125 0.37685923753665684 0.312931640625 0.3789281524926686
0  0.3251953125 0.19941348973607037 0.03515625 0.06451612903225806 0.31268359375 0.19744281524926688 0.32421875 0.19744281524926688 0.3173525390625 0.2139384164222874 0.315978515625 0.22342375366568915 0.3275146484375 0.22342375366568915
0  0.3603515625 0.24120234604105573 0.0390625 0.0718475073313783 0.34491015625 0.23268035190615835 0.35498046875 0.23359530791788857 0.34491015625 0.249633431085044 0.3479609375 0.2661290322580645 0.3531494140625 0.2661290322580645
0  0.38623046875 0.2991202346041056 0.0419921875 0.07917888563049853 0.3649296875 0.28780205278592375 0.383392578125 0.2862903225806452 0.367615234375 0.30796334310850443 0.37030078125 0.3225806451612903 0.3840634765625 0.32056451612903225
0  0.3896484375 0.45454545454545453 0.052734375 0.093841642228739 0.3712158203125 0.44011143695014665 0.3934326171875 0.4424941348973607 0.3747861328125 0.4639384164222874 0.3743896484375 0.4788299120234604 0.3870849609375 0.4806173020527859
0  0.384765625 0.11143695014662756 0.03125 0.06158357771260997 0.384560546875 0.10529618768328446 0.3971640625 0.105683284457478 0.39227734375 0.11688269794721408 0.386361328125 0.13078592375366568 0.394591796875 0.1296275659824047
0  0.41748046875 0.15175953079178886 0.0341796875 0.06598240469208211 0.4080634765625 0.14055278592375367 0.4228515625 0.14222873900293256 0.4139228515625 0.15689149560117302 0.408900390625 0.16862170087976538 0.4195029296875 0.17071700879765397
0  0.42626953125 0.08357771260997067 0.0322265625 0.05278592375366569 -0.0009765625 -0.001466275659824047 -0.0009765625 -0.001466275659824047 -0.0009765625 -0.001466275659824047 -0.0009765625 -0.001466275659824047 -0.0009765625 -0.001466275659824047
0  0.37060546875 0.05278592375366569 0.0302734375 0.0469208211143695 -0.0009765625 -0.001466275659824047 -0.0009765625 -0.001466275659824047 -0.0009765625 -0.001466275659824047 -0.0009765625 -0.001466275659824047 -0.0009765625 -0.001466275659824047
0  0.48486328125 0.10337243401759531 0.0341796875 0.06304985337243402 0.4747578125 0.09751319648093842 0.4853955078125 0.09911143695014663 0.47794921875 0.11308651026392962 0.4752890625 0.12067302052785925 0.4843310546875 0.1226700879765396
0  0.45166015625 0.218475073313783 0.0341796875 0.06451612903225806 0.4492490234375 0.215266862170088 0.46270703125 0.21073167155425218 0.459412109375 0.2218651026392962 0.4530947265625 0.23794868035190617 0.4654541015625 0.23506158357771262
0  0.50634765625 0.24853372434017595 0.0439453125 0.06598240469208211 0.4918955078125 0.2472565982404692 0.5046474609375 0.24768328445747798 0.496146484375 0.2604472140762463 0.4950126953125 0.27108357771260994 0.503513671875 0.2732111436950147
0  0.47265625 0.3614369501466276 0.046875 0.08357771260997067 0.4556357421875 0.349183284457478 0.4751669921875 0.35180205278592375 0.45947265625 0.3696055718475073 0.458775390625 0.3837448680351906 0.4720283203125 0.3847932551319648
0  0.53515625 0.3152492668621701 0.041015625 0.08211143695014662 0.523302734375 0.30624193548387096 0.53466796875 0.305208211143695 0.52261328125 0.3186524926686217 0.5246796875 0.3372697947214076 0.5332900390625 0.3377873900293255
0  0.53955078125 0.47214076246334313 0.0517578125 0.09970674486803519 0.522740234375 0.46271407624633437 0.5457587890625 0.46271407624633437 0.5298544921875 0.48533724340175954 0.526087890625 0.5004193548387097 0.543248046875 0.5004193548387097
0  0.52197265625 0.16202346041055718 0.0322265625 0.051319648093841645 -0.0009765625 -0.001466275659824047 -0.0009765625 -0.001466275659824047 -0.0009765625 -0.001466275659824047 -0.0009765625 -0.001466275659824047 -0.0009765625 -0.001466275659824047
0  0.57763671875 0.218475073313783 0.0322265625 0.05865102639296188 0.56640625 0.21444281524926687 0.576171875 0.21370967741935484 0.5693359375 0.2280058651026393 0.5693359375 0.23973607038123168 0.58447265625 0.23826979472140764
0  0.625 0.2587976539589443 0.0390625 0.06598240469208211 0.612583984375 0.24549706744868036 0.6270927734375 0.2488475073313783 0.6162109375 0.26392961876832843 0.6148154296875 0.2760791788856305 0.6245810546875 0.27984897360703814
0  0.6845703125 0.34384164222873903 0.0390625 0.08357771260997067 0.6717353515625 0.32739882697947215 0.6874306640625 0.3284457478005865 0.6741767578125 0.3467741935483871 0.672083984375 0.3614369501466276 0.68603515625 0.36405571847507334
0  0.71484375 0.4831378299120235 0.05078125 0.10117302052785923 0.69775390625 0.4714985337243402 0.7174072265625 0.472782991202346 0.699890625 0.49908357771260997 0.699890625 0.5131964809384164 0.71484375 0.5164046920821114
0  0.6123046875 0.0593841642228739 0.029296875 0.045454545454545456 0.6029921875 0.05289002932551319 0.6148857421875 0.054042521994134896 0.6068291015625 0.06498680351906158 0.6043349609375 0.07362756598240469 0.614501953125 0.07391642228739004
0  0.58984375 0.12683284457478006 0.033203125 0.054252199413489736 0.5807412109375 0.12235483870967742 0.59525 0.12303665689149561 0.5870888671875 0.1380131964809384 0.5825546875 0.145841642228739 0.5934365234375 0.1465234604105572
0  0.64599609375 0.16642228739002932 0.0380859375 0.06304985337243402 0.637451171875 0.1575718475073314 0.6528583984375 0.15716715542521995 0.6417763671875 0.17421114369501467 0.634748046875 0.17745894428152492 0.6488037109375 0.1794882697947214
0  0.65380859375 0.07991202346041056 0.0283203125 0.04838709677419355 0.64453125 0.07823607038123168 0.6570869140625 0.07854985337243402 0.6497626953125 0.08703372434017595 0.6451591796875 0.09457478005865103 0.6591796875 0.09457478005865103
0  0.705078125 0.1312316715542522 0.03125 0.054252199413489736 0.695103515625 0.12369061583577713 0.708931640625 0.12505278592375366 0.69805078125 0.13730645161290322 0.696009765625 0.14785777126099706 0.7034912109375 0.14853958944281526
0  0.70703125 0.21994134897360704 0.0390625 0.06158357771260997 0.6954169921875 0.21321847507331376 0.70924609375 0.21321847507331376 0.6972783203125 0.22679472140762463 0.69648046875 0.2423680351906158 0.7087138671875 0.242766862170088
0  0.54296875 0.017595307917888565 0.0234375 0.03519061583577713 -0.0009765625 -0.001466275659824047 -0.0009765625 -0.001466275659824047 -0.0009765625 -0.001466275659824047 -0.0009765625 -0.001466275659824047 -0.0009765625 -0.001466275659824047
0  0.568359375 0.08211143695014662 0.029296875 0.04985337243401759 -0.0009765625 -0.001466275659824047 -0.0009765625 -0.001466275659824047 -0.0009765625 -0.001466275659824047 -0.0009765625 -0.001466275659824047 -0.0009765625 -0.001466275659824047
0  0.68017578125 0.026392961876832845 0.0283203125 0.04985337243401759 0.6693115234375 0.017319648093841643 0.6788330078125 0.019244868035190616 0.669677734375 0.026942815249266863 0.6678466796875 0.03848973607038123 0.67498828125 0.03931378299120235
0  0.72998046875 0.06524926686217009 0.0263671875 0.04838709677419355 -0.0009765625 -0.001466275659824047 -0.0009765625 -0.001466275659824047 -0.0009765625 -0.001466275659824047 -0.0009765625 -0.001466275659824047 -0.0009765625 -0.001466275659824047
0  0.7646484375 0.17228739002932553 0.037109375 0.054252199413489736 -0.0009765625 -0.001466275659824047 -0.0009765625 -0.001466275659824047 -0.0009765625 -0.001466275659824047 -0.0009765625 -0.001466275659824047 -0.0009765625 -0.001466275659824047
0  0.736328125 0.2793255131964809 0.037109375 0.08064516129032258 -0.0009765625 -0.001466275659824047 -0.0009765625 -0.001466275659824047 -0.0009765625 -0.001466275659824047 -0.0009765625 -0.001466275659824047 -0.0009765625 -0.001466275659824047
0  0.76953125 0.027126099706744868 0.029296875 0.045454545454545456 -0.0009765625 -0.001466275659824047 -0.0009765625 -0.001466275659824047 -0.0009765625 -0.001466275659824047 -0.0009765625 -0.001466275659824047 -0.0009765625 -0.001466275659824047
0  0.75146484375 0.09090909090909091 0.0302734375 0.04985337243401759 0.741001953125 0.08535777126099707 0.752720703125 0.0872434017595308 0.7462333984375 0.09886950146627567 0.7430947265625 0.10766715542521994 0.7506279296875 0.10766715542521994
0  0.88916015625 0.04252199413489736 0.0283203125 0.05278592375366569 -0.0009765625 -0.001466275659824047 -0.0009765625 -0.001466275659824047 -0.0009765625 -0.001466275659824047 -0.0009765625 -0.001466275659824047 -0.0009765625 -0.001466275659824047
0  0.9228515625 0.062316715542521994 0.03125 0.05718475073313783 0.919921875 0.05205278592375367 0.932861328125 0.0531524926686217 0.925048828125 0.06781524926686217 0.917236328125 0.07587976539589443 0.931396484375 0.07697947214076246
0  0.966796875 0.04032258064516129 0.029296875 0.051319648093841645 -0.0009765625 -0.001466275659824047 -0.0009765625 -0.001466275659824047 -0.0009765625 -0.001466275659824047 -0.0009765625 -0.001466275659824047 -0.0009765625 -0.001466275659824047
0  0.8134765625 0.1312316715542522 0.0390625 0.060117302052785926 0.802115234375 0.12404398826979472 0.8137470703125 0.12404398826979472 0.8064140625 0.1365733137829912 0.8018623046875 0.14872287390029326 0.81020703125 0.14986070381231673
0  0.86962890625 0.10850439882697947 0.0302734375 0.05278592375366569 0.859580078125 0.10376539589442815 0.87180859375 0.10510117302052786 0.86358203125 0.11778592375366569 0.8615810546875 0.12646627565982405 0.869140625 0.12680058651026394
0  0.82763671875 0.21407624633431085 0.0400390625 0.07038123167155426 0.813236328125 0.20159970674486805 0.8291796875 0.20430938416422287 0.8183505859375 0.22102199413489734 0.8153427734375 0.23276539589442816 0.8279765625 0.2350234604105572
0  0.89501953125 0.18475073313782991 0.0419921875 0.07331378299120235 0.89156640625 0.17239882697947212 0.90828125 0.17332844574780057 0.9020908203125 0.18913049853372432 0.888162109375 0.20028445747800586 0.9058056640625 0.20167888563049852
0  0.96142578125 0.23020527859237536 0.0400390625 0.07624633431085044 -0.0009765625 -0.001466275659824047 -0.0009765625 -0.001466275659824047 -0.0009765625 -0.001466275659824047 -0.0009765625 -0.001466275659824047 -0.0009765625 -0.001466275659824047
0  0.91455078125 0.2932551319648094 0.0419921875 0.07624633431085044 0.90133203125 0.2815307917888563 0.9172451171875 0.282008797653959 0.9057880859375 0.30016715542521993 0.907060546875 0.3125923753665689 0.9175634765625 0.311158357771261
0  0.8525390625 0.35410557184750735 0.052734375 0.08651026392961877 -0.0009765625 -0.001466275659824047 -0.0009765625 -0.001466275659824047 -0.0009765625 -0.001466275659824047 -0.0009765625 -0.001466275659824047 -0.0009765625 -0.001466275659824047
0  0.810546875 0.4112903225806452 0.056640625 0.10117302052785923 0.7990634765625 0.3979560117302053 0.825705078125 0.3979560117302053 0.8121728515625 0.42081524926686215 0.8016005859375 0.4392287390029325 0.824013671875 0.4398636363636364
0  0.93798828125 0.499266862170088 0.0634765625 0.10410557184750734 0.916962890625 0.47881231671554253 0.9415234375 0.4824193548387097 0.922548828125 0.5044428152492668 0.917763671875 0.5241202346041055 0.93564453125 0.5269941348973607
0  0.4599609375 0.010997067448680353 0.017578125 0.021994134897360705 -0.0009765625 -0.001466275659824047 -0.0009765625 -0.001466275659824047 -0.0009765625 -0.001466275659824047 -0.0009765625 -0.001466275659824047 -0.0009765625 -0.001466275659824047
