0  0.0458984375 0.41220556745182013 0.0078125 0.023554603854389723 0.044921875 0.4132762312633833 0.0498046875 0.4132762312633833 0.0478515625 0.41755888650963596 0.0458984375 0.42398286937901497 0.0498046875 0.42398286937901497
0  0.0615234375 0.39400428265524623 0.009765625 0.02569593147751606 0.059966796875 0.385458244111349 0.0650068359375 0.38448394004282654 0.0633017578125 0.3926081370449679 0.0612265625 0.39748394004282656 0.0641171875 0.3966723768736617
0  0.0810546875 0.39400428265524623 0.009765625 0.02569593147751606 0.080078125 0.3897216274089936 0.0849609375 0.3897216274089936 0.08203125 0.39400428265524623 0.080078125 0.4004282655246253 0.083984375 0.4004282655246253
0  0.09814453125 0.37794432548179874 0.0107421875 0.032119914346895075 0.09765625 0.3747323340471092 0.1015625 0.3747323340471092 0.1005859375 0.3854389721627409 0.0986328125 0.3897216274089936 0.1015625 0.3897216274089936
0  0.111328125 0.3715203426124197 0.013671875 0.03640256959314775 0.1094794921875 0.36631905781584584 0.1155478515625 0.3660899357601713 0.1138740234375 0.37205567451820126 0.1114677734375 0.3816916488222698 0.115234375 0.3816916488222698
0  0.1474609375 0.354389721627409 0.015625 0.04068522483940043 0.14599609375 0.3485010706638116 0.152099609375 0.3493040685224839 0.149658203125 0.3570663811563169 0.1470947265625 0.36482869379014987 0.1512451171875 0.36509635974304067
0  0.18017578125 0.33940042826552463 0.0166015625 0.044967880085653104 0.178201171875 0.3334732334047109 0.18536328125 0.3343618843683083 0.1827958984375 0.3396959314775161 0.179146484375 0.35095717344753746 0.1854990234375 0.35214346895074944
0  0.2158203125 0.3286937901498929 0.017578125 0.04925053533190578 0.2147568359375 0.32119057815845825 0.2223818359375 0.32150535331905783 0.220080078125 0.3300235546038544 0.2156201171875 0.3391713062098501 0.2223818359375 0.33948608137044967
0  0.26220703125 0.31049250535331907 0.0185546875 0.055674518201284794 0.2620458984375 0.3019935760171306 0.270111328125 0.3019935760171306 0.2672080078125 0.3115438972162741 0.26220703125 0.3218008565310493 0.2691435546875 0.32144753747323346
0  0.32666015625 0.2708779443254818 0.0205078125 0.05353319057815846 0.3251953125 0.26552462526766596 0.333984375 0.26552462526766596 0.3310546875 0.2762312633832976 0.326171875 0.28693790149892934 0.3330078125 0.28693790149892934
0  0.37646484375 0.2462526766595289 0.0224609375 0.059957173447537475 0.3728720703125 0.2383747323340471 0.3833359375 0.2372291220556745 0.379673828125 0.24793576017130622 0.37496484375 0.2605546038543897 0.3828125 0.26017130620985013
0  0.44970703125 0.20663811563169165 0.0263671875 0.06209850107066381 0.44970703125 0.19683940042826553 0.4613251953125 0.1980149892933619 0.459716796875 0.20663811563169165 0.4539970703125 0.2207473233404711 0.4602529296875 0.22192291220556745
0  0.47021484375 0.26659528907922914 0.0166015625 0.03640256959314775 -0.0009765625 -0.0021413276231263384 -0.0009765625 -0.0021413276231263384 -0.0009765625 -0.0021413276231263384 -0.0009765625 -0.0021413276231263384 -0.0009765625 -0.0021413276231263384
0  0.52294921875 0.25160599571734477 0.0263671875 0.07494646680942184 0.52197265625 0.2410321199143469 0.5341494140625 0.24337473233404713 0.531158203125 0.25508565310492504 0.524322265625 0.2682012847965739 0.5330810546875 0.2682012847965739
0  0.54736328125 0.23126338329764454 0.0205078125 0.06423982869379015 0.54530078125 0.22443683083511776 0.555611328125 0.2269036402569593 0.5524248046875 0.23307066381156316 0.54980078125 0.24663597430406853 0.5550498046875 0.2474561027837259
0  0.5771484375 0.32119914346895073 0.015625 0.047109207708779445 0.572265625 0.31263383297644537 0.576171875 0.31263383297644537 0.5732421875 0.32548179871520344 0.5712890625 0.33190578158458245 0.576171875 0.33190578158458245
0  0.6298828125 0.26659528907922914 0.0234375 0.06638115631691649 0.6302490234375 0.2579528907922912 0.6400322265625 0.2600556745182013 0.6373466796875 0.26973019271948606 0.631783203125 0.283610278372591 0.6381142578125 0.2857152034261242
0  0.642578125 0.2494646680942184 0.013671875 0.05353319057815846 -0.0009765625 -0.0021413276231263384 -0.0009765625 -0.0021413276231263384 -0.0009765625 -0.0021413276231263384 -0.0009765625 -0.0021413276231263384 -0.0009765625 -0.0021413276231263384
0  0.71875 0.12419700214132762 0.033203125 0.08137044967880086 0.7197265625 0.11134903640256959 0.7333984375 0.11349036402569593 0.7314453125 0.1284796573875803 0.72265625 0.14346895074946467 0.732421875 0.14346895074946467
0  0.8251953125 0.2569593147751606 0.025390625 0.06852248394004283 0.8271484375 0.24839400428265523 0.8359375 0.24839400428265523 0.833984375 0.25910064239828695 0.828125 0.2740899357601713 0.83203125 0.27194860813704497
0  0.875 0.20985010706638116 0.033203125 0.08137044967880086 0.8747431640625 0.19510920770877943 0.8867314453125 0.19510920770877943 0.88457421875 0.21088222698072806 0.877380859375 0.23138758029978587 0.8867314453125 0.23191434689507495
0  0.91259765625 0.33190578158458245 0.0166015625 0.05139186295503212 0.9111328125 0.32762312633832974 0.91796875 0.32762312633832974 0.9150390625 0.3361884368308351 0.9130859375 0.34475374732334046 0.9169921875 0.34475374732334046
0  0.94970703125 0.47751605995717344 0.0126953125 0.03854389721627409 -0.0009765625 -0.0021413276231263384 -0.0009765625 -0.0021413276231263384 -0.0009765625 -0.0021413276231263384 -0.0009765625 -0.0021413276231263384 -0.0009765625 -0.0021413276231263384
0  0.64892578125 0.29978586723768735 0.0126953125 0.047109207708779445 -0.0009765625 -0.0021413276231263384 -0.0009765625 -0.0021413276231263384 -0.0009765625 -0.0021413276231263384 -0.0009765625 -0.0021413276231263384 -0.0009765625 -0.0021413276231263384
