0  0.048828125 0.19230769230769232 0.01171875 0.015915119363395226 -0.0009765625 -0.001326259946949602 -0.0009765625 -0.001326259946949602 -0.0009765625 -0.001326259946949602 -0.0009765625 -0.001326259946949602 -0.0009765625 -0.001326259946949602
0  0.26513671875 0.20755968169761274 0.0126953125 0.01989389920424403 0.26158203125 0.20428381962864722 0.2661328125 0.20435013262599472 0.262724609375 0.20810344827586205 0.262001953125 0.2119496021220159 0.265283203125 0.21193633952254642
0  0.275390625 0.20159151193633953 0.009765625 0.021220159151193633 -0.0009765625 -0.001326259946949602 -0.0009765625 -0.001326259946949602 -0.0009765625 -0.001326259946949602 -0.0009765625 -0.001326259946949602 -0.0009765625 -0.001326259946949602
0  0.30419921875 0.20225464190981432 0.0087890625 0.014588859416445624 -0.0009765625 -0.001326259946949602 -0.0009765625 -0.001326259946949602 -0.0009765625 -0.001326259946949602 -0.0009765625 -0.001326259946949602 -0.0009765625 -0.001326259946949602
0  0.3154296875 0.20888594164456234 0.01171875 0.025198938992042442 0.3137646484375 0.2054814323607427 0.3190615234375 0.2054814323607427 0.316236328125 0.20947745358090186 0.31329296875 0.21363395225464193 0.318943359375 0.2137944297082228
0  0.349609375 0.20822281167108753 0.01171875 0.021220159151193633 -0.0009765625 -0.001326259946949602 -0.0009765625 -0.001326259946949602 -0.0009765625 -0.001326259946949602 -0.0009765625 -0.001326259946949602 -0.0009765625 -0.001326259946949602
0  0.375 0.20822281167108753 0.009765625 0.01856763925729443 0.3734306640625 0.20514456233421752 0.37744140625 0.20561803713527851 0.3748251953125 0.20905172413793102 0.37334375 0.21390716180371352 0.377005859375 0.21378779840848805
0  0.38818359375 0.20291777188328913 0.0107421875 0.01856763925729443 0.3864443359375 0.200762599469496 0.3908388671875 0.19976790450928383 0.3890078125 0.20374668435013263 0.387451171875 0.20797347480106101 0.3914794921875 0.2069787798408488
0  0.40966796875 0.21750663129973474 0.0126953125 0.023872679045092837 0.4043837890625 0.21217771883289124 0.4102783203125 0.21217771883289124 0.405291015625 0.21571883289124666 0.405064453125 0.22018302387267905 0.40846484375 0.22002917771883287
0  0.4365234375 0.21352785145888595 0.01171875 0.01856763925729443 0.4330751953125 0.2122427055702918 0.4381103515625 0.21087533156498675 0.435455078125 0.215973474801061 0.4350888671875 0.21957824933687003 0.4374697265625 0.21945490716180371
0  0.45654296875 0.20557029177718833 0.0107421875 0.021220159151193633 0.452544921875 0.20381830238726792 0.457759765625 0.20409018567639256 0.4538486328125 0.20640450928381962 0.4532470703125 0.2113076923076923 0.4564560546875 0.21144429708222812
0  0.427734375 0.21883289124668434 0.0078125 0.013262599469496022 0.4283271484375 0.21728116710875334 0.42950390625 0.21737002652519893 0.4307470703125 0.2216339522546419 0.4274775390625 0.22420954907161805 0.4287197265625 0.22420954907161805
0  0.50341796875 0.21485411140583555 0.0107421875 0.015915119363395226 -0.0009765625 -0.001326259946949602 -0.0009765625 -0.001326259946949602 -0.0009765625 -0.001326259946949602 -0.0009765625 -0.001326259946949602 -0.0009765625 -0.001326259946949602
0  0.52099609375 0.22347480106100795 0.0146484375 0.01989389920424403 0.515607421875 0.22144960212201592 0.5219248046875 0.22240318302387269 0.517412109375 0.22430901856763924 0.5163095703125 0.22812201591511935 0.5203203125 0.22894031830238729
0  0.5673828125 0.2380636604774536 0.01171875 0.01989389920424403 0.5645751953125 0.23642970822281167 0.56888671875 0.23711007957559682 0.5663798828125 0.24105968169761272 0.56467578125 0.2451445623342175 0.5683857421875 0.24568965517241378
0  0.5927734375 0.2480106100795756 0.009765625 0.01856763925729443 -0.0009765625 -0.001326259946949602 -0.0009765625 -0.001326259946949602 -0.0009765625 -0.001326259946949602 -0.0009765625 -0.001326259946949602 -0.0009765625 -0.001326259946949602
0  0.6005859375 0.23143236074270557 0.009765625 0.017241379310344827 0.5990517578125 0.22970291777188329 0.6023642578125 0.22994031830238726 0.601056640625 0.23325596816976127 0.5992255859375 0.23586074270557028 0.601841796875 0.23609814323607428
0  0.60595703125 0.2553050397877984 0.0107421875 0.01989389920424403 0.60392578125 0.25307824933687 0.608720703125 0.253209549071618 0.606994140625 0.2565954907161804 0.6055556640625 0.26089389920424405 0.6082412109375 0.2606339522546419
0  0.61474609375 0.2453580901856764 0.0087890625 0.01856763925729443 0.6119912109375 0.2438183023872679 0.6164375 0.24441114058355437 0.6128623046875 0.24689787798408488 0.6115546875 0.2504496021220159 0.613560546875 0.2506870026525199
0  0.634765625 0.22811671087533156 0.009765625 0.01856763925729443 0.6331787109375 0.22509151193633953 0.637390625 0.2260862068965517 0.6353759765625 0.22944297082228116 0.63299609375 0.2327997347480106 0.636474609375 0.2332970822281167
0  0.64404296875 0.23408488063660476 0.0107421875 0.01989389920424403 0.640869140625 0.2301657824933687 0.642787109375 0.23146816976127318 0.639046875 0.23316180371352785 0.6397177734375 0.2373289124668435 0.6413486328125 0.23811140583554377
0  0.7119140625 0.2519893899204244 0.009765625 0.01856763925729443 -0.0009765625 -0.001326259946949602 -0.0009765625 -0.001326259946949602 -0.0009765625 -0.001326259946949602 -0.0009765625 -0.001326259946949602 -0.0009765625 -0.001326259946949602
0  0.71630859375 0.23872679045092837 0.0087890625 0.013262599469496022 -0.0009765625 -0.001326259946949602 -0.0009765625 -0.001326259946949602 -0.0009765625 -0.001326259946949602 -0.0009765625 -0.001326259946949602 -0.0009765625 -0.001326259946949602
0  0.75244140625 0.2592838196286472 0.0107421875 0.022546419098143235 -0.0009765625 -0.001326259946949602 -0.0009765625 -0.001326259946949602 -0.0009765625 -0.001326259946949602 -0.0009765625 -0.001326259946949602 -0.0009765625 -0.001326259946949602
0  0.77880859375 0.26061007957559684 0.0146484375 0.022546419098143235 -0.0009765625 -0.001326259946949602 -0.0009765625 -0.001326259946949602 -0.0009765625 -0.001326259946949602 -0.0009765625 -0.001326259946949602 -0.0009765625 -0.001326259946949602
0  0.80517578125 0.28116710875331563 0.0107421875 0.021220159151193633 0.802267578125 0.27791644562334217 0.807181640625 0.278053050397878 0.8041728515625 0.2826830238726791 0.80246875 0.28676790450928386 0.8054765625 0.28635941644562335
0  0.802734375 0.2645888594164456 0.01171875 0.022546419098143235 -0.0009765625 -0.001326259946949602 -0.0009765625 -0.001326259946949602 -0.0009765625 -0.001326259946949602 -0.0009765625 -0.001326259946949602 -0.0009765625 -0.001326259946949602
0  0.82958984375 0.27122015915119363 0.0126953125 0.025198938992042442 -0.0009765625 -0.001326259946949602 -0.0009765625 -0.001326259946949602 -0.0009765625 -0.001326259946949602 -0.0009765625 -0.001326259946949602 -0.0009765625 -0.001326259946949602
0  0.91015625 0.26989389920424406 0.015625 0.027851458885941646 0.905744140625 0.27092440318302385 0.9121533203125 0.26914854111405834 0.9082294921875 0.27749602122015915 0.9074443359375 0.2801604774535809 0.9118916015625 0.27891777188328915
0  0.92724609375 0.27851458885941643 0.0224609375 0.034482758620689655 -0.0009765625 -0.001326259946949602 -0.0009765625 -0.001326259946949602 -0.0009765625 -0.001326259946949602 -0.0009765625 -0.001326259946949602 -0.0009765625 -0.001326259946949602
0  0.96728515625 0.27718832891246686 0.0126953125 0.021220159151193633 -0.0009765625 -0.001326259946949602 -0.0009765625 -0.001326259946949602 -0.0009765625 -0.001326259946949602 -0.0009765625 -0.001326259946949602 -0.0009765625 -0.001326259946949602
0  0.982421875 0.2672413793103448 0.017578125 0.04111405835543767 -0.0009765625 -0.001326259946949602 -0.0009765625 -0.001326259946949602 -0.0009765625 -0.001326259946949602 -0.0009765625 -0.001326259946949602 -0.0009765625 -0.001326259946949602
0  0.69189453125 0.26525198938992045 0.0087890625 0.013262599469496022 -0.0009765625 -0.001326259946949602 -0.0009765625 -0.001326259946949602 -0.0009765625 -0.001326259946949602 -0.0009765625 -0.001326259946949602 -0.0009765625 -0.001326259946949602
0  0.68798828125 0.2380636604774536 0.0087890625 0.014588859416445624 -0.0009765625 -0.001326259946949602 -0.0009765625 -0.001326259946949602 -0.0009765625 -0.001326259946949602 -0.0009765625 -0.001326259946949602 -0.0009765625 -0.001326259946949602
0  0.0302734375 0.18501326259946949 0.0078125 0.011936339522546418 -0.0009765625 -0.001326259946949602 -0.0009765625 -0.001326259946949602 -0.0009765625 -0.001326259946949602 -0.0009765625 -0.001326259946949602 -0.0009765625 -0.001326259946949602
0  0.84521484375 0.24204244031830238 0.0166015625 0.046419098143236075 -0.0009765625 -0.001326259946949602 -0.0009765625 -0.001326259946949602 -0.0009765625 -0.001326259946949602 -0.0009765625 -0.001326259946949602 -0.0009765625 -0.001326259946949602
