0  0.130859375 0.636896046852123 0.033203125 0.10248901903367497 -0.0009765625 -0.0014641288433382138 -0.0009765625 -0.0014641288433382138 -0.0009765625 -0.0014641288433382138 -0.0009765625 -0.0014641288433382138 -0.0009765625 -0.0014641288433382138
0  0.3505859375 0.6632503660322109 0.0234375 0.0527086383601757 -0.0009765625 -0.0014641288433382138 -0.0009765625 -0.0014641288433382138 -0.0009765625 -0.0014641288433382138 -0.0009765625 -0.0014641288433382138 -0.0009765625 -0.0014641288433382138
0  0.3349609375 0.5732064421669106 0.03125 0.048316251830161056 -0.0009765625 -0.0014641288433382138 -0.0009765625 -0.0014641288433382138 -0.0009765625 -0.0014641288433382138 -0.0009765625 -0.0014641288433382138 -0.0009765625 -0.0014641288433382138
0  0.27783203125 0.6398243045387995 0.0166015625 0.0527086383601757 -0.0009765625 -0.0014641288433382138 -0.0009765625 -0.0014641288433382138 -0.0009765625 -0.0014641288433382138 -0.0009765625 -0.0014641288433382138 -0.0009765625 -0.0014641288433382138
0  0.1982421875 0.6910688140556369 0.0234375 0.07027818448023426 -0.0009765625 -0.0014641288433382138 -0.0009765625 -0.0014641288433382138 -0.0009765625 -0.0014641288433382138 -0.0009765625 -0.0014641288433382138 -0.0009765625 -0.0014641288433382138
0  0.0732421875 0.47218155197657397 0.015625 0.021961932650073207 0.06854296875 0.4744363103953148 0.0729541015625 0.4714304538799415 0.0719521484375 0.47894729136163977 0.0737568359375 0.481502196193265 0.0770654296875 0.47924743777452417
0  0.02490234375 0.43997071742313326 0.0068359375 0.010248901903367497 -0.0009765625 -0.0014641288433382138 -0.0009765625 -0.0014641288433382138 -0.0009765625 -0.0014641288433382138 -0.0009765625 -0.0014641288433382138 -0.0009765625 -0.0014641288433382138
0  0.20849609375 0.5124450951683748 0.0107421875 0.020497803806734993 -0.0009765625 -0.0014641288433382138 -0.0009765625 -0.0014641288433382138 -0.0009765625 -0.0014641288433382138 -0.0009765625 -0.0014641288433382138 -0.0009765625 -0.0014641288433382138
0  0.2412109375 0.5204978038067349 0.01953125 0.03367496339677892 -0.0009765625 -0.0014641288433382138 -0.0009765625 -0.0014641288433382138 -0.0009765625 -0.0014641288433382138 -0.0009765625 -0.0014641288433382138 -0.0009765625 -0.0014641288433382138
0  0.3681640625 0.3601756954612006 0.021484375 0.04685212298682284 -0.0009765625 -0.0014641288433382138 -0.0009765625 -0.0014641288433382138 -0.0009765625 -0.0014641288433382138 -0.0009765625 -0.0014641288433382138 -0.0009765625 -0.0014641288433382138
0  0.4208984375 0.4978038067349927 0.0234375 0.03513909224011713 -0.0009765625 -0.0014641288433382138 -0.0009765625 -0.0014641288433382138 -0.0009765625 -0.0014641288433382138 -0.0009765625 -0.0014641288433382138 -0.0009765625 -0.0014641288433382138
0  0.384765625 0.5307467057101025 0.017578125 0.036603221083455345 0.381138671875 0.5274260614934114 0.38961328125 0.5276617862371888 0.3858466796875 0.5344860907759883 0.3834921875 0.5413089311859444 0.3880439453125 0.5415446559297218
0  0.6044921875 0.6405563689604685 0.037109375 0.06588579795021962 0.5922158203125 0.6260190336749635 0.610630859375 0.6222547584187409 0.6025390625 0.636896046852123 0.595005859375 0.6540468521229869 0.6142578125 0.6465168374816984
0  0.67529296875 0.4633967789165447 0.0126953125 0.021961932650073207 -0.0009765625 -0.0014641288433382138 -0.0009765625 -0.0014641288433382138 -0.0009765625 -0.0014641288433382138 -0.0009765625 -0.0014641288433382138 -0.0009765625 -0.0014641288433382138
0  0.8876953125 0.5087847730600292 0.025390625 0.05710102489019034 0.880859375 0.5018301610541728 0.8828125 0.5025622254758418 0.87646484375 0.5109809663250366 0.88134765625 0.5234260614934114 0.88232421875 0.523792093704246
0  0.86767578125 0.5051244509516838 0.0107421875 0.020497803806734993 -0.0009765625 -0.0014641288433382138 -0.0009765625 -0.0014641288433382138 -0.0009765625 -0.0014641288433382138 -0.0009765625 -0.0014641288433382138 -0.0009765625 -0.0014641288433382138
0  0.91845703125 0.4407027818448023 0.0087890625 0.014641288433382138 -0.0009765625 -0.0014641288433382138 -0.0009765625 -0.0014641288433382138 -0.0009765625 -0.0014641288433382138 -0.0009765625 -0.0014641288433382138 -0.0009765625 -0.0014641288433382138
0  0.9599609375 0.47144948755490484 0.013671875 0.032210834553440704 -0.0009765625 -0.0014641288433382138 -0.0009765625 -0.0014641288433382138 -0.0009765625 -0.0014641288433382138 -0.0009765625 -0.0014641288433382138 -0.0009765625 -0.0014641288433382138
0  0.98193359375 0.4699853587115666 0.0146484375 0.02635431918008785 0.977591796875 0.4670966325036603 0.9835986328125 0.4672664714494875 0.9799716796875 0.4740644216691069 0.978044921875 0.47831332357247436 0.9830322265625 0.47797218155197657
0  0.94384765625 0.4260614934114202 0.0087890625 0.01171303074670571 -0.0009765625 -0.0014641288433382138 -0.0009765625 -0.0014641288433382138 -0.0009765625 -0.0014641288433382138 -0.0009765625 -0.0014641288433382138 -0.0009765625 -0.0014641288433382138
0  0.96240234375 0.43045387994143486 0.0068359375 0.014641288433382138 -0.0009765625 -0.0014641288433382138 -0.0009765625 -0.0014641288433382138 -0.0009765625 -0.0014641288433382138 -0.0009765625 -0.0014641288433382138 -0.0009765625 -0.0014641288433382138
0  0.93212890625 0.5541727672035139 0.0302734375 0.06588579795021962 -0.0009765625 -0.0014641288433382138 -0.0009765625 -0.0014641288433382138 -0.0009765625 -0.0014641288433382138 -0.0009765625 -0.0014641288433382138 -0.0009765625 -0.0014641288433382138
0  0.74365234375 0.595900439238653 0.0498046875 0.09663250366032211 0.727181640625 0.5842269399707174 0.7468525390625 0.578696925329429 0.73824609375 0.6057306002928258 0.732099609375 0.6174055636896046 0.7538193359375 0.6112606149341142
