0  0.884765625 0.32168850072780203 0.025390625 0.049490538573508006 0.884125 0.3152285298398836 0.8948056640625 0.3120451237263464 0.8928828125 0.3247816593886463 0.885193359375 0.3321048034934498 0.89437890625 0.3321048034934498
0  0.8046875 0.3726346433770015 0.0234375 0.043668122270742356 0.7985751953125 0.3646419213973799 0.8100107421875 0.3643624454148472 0.80344921875 0.37022998544395924 0.8000751953125 0.38140756914119356 0.8090732421875 0.38084861717612806
0  0.7568359375 0.37627365356623 0.025390625 0.04512372634643377 -0.0009765625 -0.001455604075691412 -0.0009765625 -0.001455604075691412 -0.0009765625 -0.001455604075691412 -0.0009765625 -0.001455604075691412 -0.0009765625 -0.001455604075691412
0  0.6416015625 0.3180494905385735 0.025390625 0.042212518195050945 0.6338330078125 0.3097903930131004 0.64509375 0.30579330422125184 0.6391953125 0.31351965065502185 0.63687109375 0.32657496360989813 0.64580859375 0.3247103347889374
0  0.5595703125 0.34279475982532753 0.025390625 0.050946142649199416 0.554595703125 0.3305123726346434 0.566986328125 0.3311499272197962 0.563140625 0.33592576419213976 0.556732421875 0.350254730713246 0.566986328125 0.350254730713246
0  0.470703125 0.3398835516739447 0.02734375 0.050946142649199416 0.465689453125 0.3310334788937409 0.4781142578125 0.33395778748180494 0.47179296875 0.33818049490538576 0.465689453125 0.3492285298398835 0.4748447265625 0.35150218340611356
0  0.3720703125 0.38282387190684136 0.025390625 0.046579330422125184 0.367771484375 0.3771441048034935 0.380205078125 0.37804075691411937 0.37458984375 0.3855138282387191 0.36977734375 0.39597671033478893 0.377798828125 0.3965735080058225
0  0.5771484375 0.35152838427947597 0.01953125 0.036390101892285295 -0.0009765625 -0.001455604075691412 -0.0009765625 -0.001455604075691412 -0.0009765625 -0.001455604075691412 -0.0009765625 -0.001455604075691412 -0.0009765625 -0.001455604075691412
0  0.24462890625 0.46142649199417757 0.0478515625 0.07278020378457059 0.2349853515625 0.443627365356623 0.255724609375 0.4422430858806405 0.2486044921875 0.45008733624454145 0.2399375 0.47500145560407575 0.25510546875 0.47500145560407575
0  0.24951171875 0.2852983988355167 0.0380859375 0.06986899563318777 0.233794921875 0.2711193595342067 0.2476328125 0.26618777292576423 0.2368037109375 0.2832256186317322 0.2413154296875 0.3047481804949054 0.250640625 0.29936681222707423
0  0.09423828125 0.3289665211062591 0.0419921875 0.06986899563318777 0.08229296875 0.313943231441048 0.102748046875 0.3157103347889374 0.0923720703125 0.320570596797671 0.0843681640625 0.3435487627365357 0.09889453125 0.3457583697234352
0  0.19775390625 0.4170305676855895 0.0185546875 0.033478893740902474 0.1965244140625 0.4101164483260553 0.204529296875 0.4160815138282387 0.198451171875 0.41983842794759824 0.195783203125 0.4264657933042213 0.1994892578125 0.4300014556040757
0  0.2109375 0.39446870451237265 0.01953125 0.03202328966521106 -0.0009765625 -0.001455604075691412 -0.0009765625 -0.001455604075691412 -0.0009765625 -0.001455604075691412 -0.0009765625 -0.001455604075691412 -0.0009765625 -0.001455604075691412
0  0.1611328125 0.37554585152838427 0.021484375 0.03202328966521106 -0.0009765625 -0.001455604075691412 -0.0009765625 -0.001455604075691412 -0.0009765625 -0.001455604075691412 -0.0009765625 -0.001455604075691412 -0.0009765625 -0.001455604075691412
0  0.41748046875 0.4141193595342067 0.0107421875 0.024745269286754003 -0.0009765625 -0.001455604075691412 -0.0009765625 -0.001455604075691412 -0.0009765625 -0.001455604075691412 -0.0009765625 -0.001455604075691412 -0.0009765625 -0.001455604075691412
0  0.43408203125 0.3951965065502183 0.0087890625 0.021834061135371178 -0.0009765625 -0.001455604075691412 -0.0009765625 -0.001455604075691412 -0.0009765625 -0.001455604075691412 -0.0009765625 -0.001455604075691412 -0.0009765625 -0.001455604075691412
0  0.44482421875 0.38719068413391555 0.0087890625 0.023289665211062592 -0.0009765625 -0.001455604075691412 -0.0009765625 -0.001455604075691412 -0.0009765625 -0.001455604075691412 -0.0009765625 -0.001455604075691412 -0.0009765625 -0.001455604075691412
0  0.3896484375 0.4104803493449782 0.013671875 0.020378457059679767 -0.0009765625 -0.001455604075691412 -0.0009765625 -0.001455604075691412 -0.0009765625 -0.001455604075691412 -0.0009765625 -0.001455604075691412 -0.0009765625 -0.001455604075691412
