0  0.3212890625 0.34480234260614934 0.02734375 0.05710102489019034 0.313232421875 0.34077598828696926 0.3271484375 0.33857979502196195 0.319091796875 0.3506588579795022 0.3154296875 0.3616398243045388 0.32666015625 0.36054172767203513
0  0.35400390625 0.2979502196193265 0.0224609375 0.05124450951683748 0.3520419921875 0.2946032210834553 0.3625048828125 0.2949311859443631 0.359017578125 0.3034275256222548 0.352259765625 0.31421229868228406 0.3620693359375 0.31323279648609076
0  0.3505859375 0.2349926793557833 0.009765625 0.016105417276720352 0.349609375 0.232796486090776 0.3544921875 0.232796486090776 0.3515625 0.23572474377745242 0.3505859375 0.24011713030746706 0.3544921875 0.23865300146412885
0  0.3720703125 0.2562225475841874 0.0234375 0.04978038067349927 0.36700390625 0.25196778916544654 0.377685546875 0.2516471449487555 0.37255859375 0.26061493411420206 0.3685 0.26926207906295757 0.377685546875 0.26926207906295757
0  0.39794921875 0.28550512445095166 0.0244140625 0.0527086383601757 0.390345703125 0.2807730600292826 0.4039091796875 0.28043923865300147 0.3954599609375 0.2924407027818448 0.390568359375 0.3004407027818448 0.4023525390625 0.29977452415812594
0  0.41943359375 0.2613469985358712 0.0166015625 0.036603221083455345 0.416765625 0.25732064421669104 0.4255546875 0.2596734992679356 0.4214736328125 0.26532064421669105 0.4175498046875 0.2721449487554905 0.4232001953125 0.2742620790629575
0  0.44189453125 0.2869692532942899 0.0263671875 0.05856515373352855 0.432220703125 0.28474670571010247 0.444396484375 0.2817657393850659 0.4376875 0.29182576866764276 0.4352021484375 0.3011405563689605 0.4448935546875 0.2992767203513909
0  0.4716796875 0.2657393850658858 0.01953125 0.03367496339677892 0.4651484375 0.26444509516837483 0.4755078125 0.26336603221083454 0.4701845703125 0.2711317715959004 0.4680263671875 0.2771713030746706 0.46874609375 0.2773865300146413
0  0.48779296875 0.30453879941434847 0.0283203125 0.06149341142020498 0.4778876953125 0.3026822840409956 0.4933212890625 0.301506588579795 0.483904296875 0.31091800878477305 0.4802421875 0.32189897510980964 0.490966796875 0.3199385065885798
0  0.52978515625 0.24158125915080528 0.0185546875 0.032210834553440704 0.5255302734375 0.24220937042459736 0.5327841796875 0.24074524158125915 0.5288779296875 0.24785651537335285 0.5262275390625 0.2541303074670571 0.532505859375 0.2528755490483163
0  0.52099609375 0.29502196193265007 0.0224609375 0.0424597364568082 0.5168369140625 0.2876617862371889 0.5275615234375 0.2876617862371889 0.5227353515625 0.29462957540263546 0.5186240234375 0.30374084919472916 0.5257744140625 0.3034729136163982
0  0.54150390625 0.2745241581259151 0.0185546875 0.027818448023426062 -0.0009765625 -0.0014641288433382138 -0.0009765625 -0.0014641288433382138 -0.0009765625 -0.0014641288433382138 -0.0009765625 -0.0014641288433382138 -0.0009765625 -0.0014641288433382138
0  0.52978515625 0.36383601756954614 0.0322265625 0.060029282576866766 0.5195224609375 0.3561229868228404 0.5362421875 0.3568945827232796 0.5269814453125 0.3711625183016105 0.5213232421875 0.37733382137628113 0.535212890625 0.3769472913616398
0  0.470703125 0.46925329428989754 0.037109375 0.06881405563689605 0.4605185546875 0.45557979502196194 0.4792216796875 0.4564421669106881 0.4700146484375 0.47110980966325033 0.462533203125 0.4814626647144949 0.4780712890625 0.4818945827232797
0  0.42724609375 0.4224011713030747 0.0341796875 0.06588579795021962 0.4143984375 0.4176427525622255 0.428130859375 0.412701317715959 0.420990234375 0.42958418740849197 0.41879296875 0.4378199121522694 0.4314267578125 0.43493704245973647
0  0.3564453125 0.4253294289897511 0.029296875 0.060029282576866766 0.3493828125 0.4162576866764275 0.3632900390625 0.41777306002928255 0.3562099609375 0.4314216691068814 0.3491298828125 0.43634992679355783 0.36354296875 0.43672913616398246
0  0.4150390625 0.3506588579795022 0.033203125 0.06881405563689605 0.4067646484375 0.343502196193265 0.4210771484375 0.3421874084919473 0.4126064453125 0.35444948755490485 0.4067646484375 0.36627379209370425 0.4225380859375 0.36671156661786236
0  0.2998046875 0.2913616398243045 0.025390625 0.055636896046852125 0.291845703125 0.2899121522693997 0.30501953125 0.28833089311859444 0.298251953125 0.29961932650073203 0.29365234375 0.3069399707174231 0.3058984375 0.30559297218155196
0  0.31982421875 0.27232796486090777 0.0166015625 0.032210834553440704 0.3134765625 0.26500732064421667 0.3212890625 0.2664714494875549 0.31640625 0.27232796486090777 0.314453125 0.2781844802342606 0.3203125 0.2781844802342606
0  0.287109375 0.25841874084919475 0.0234375 0.036603221083455345 0.2794013671875 0.2581566617862372 0.2903876953125 0.2569809663250366 0.2841103515625 0.26592240117130306 0.28128515625 0.27180527086383605 0.2863076171875 0.27156954612005857
0  0.2587890625 0.2745241581259151 0.029296875 0.05417276720351391 0.250880859375 0.2703674963396779 0.2635888671875 0.27002049780380677 0.2573505859375 0.2807598828696925 0.2527294921875 0.28803513909224016 0.2642822265625 0.287688140556369
0  0.21630859375 0.25109809663250365 0.0244140625 0.0424597364568082 0.212423828125 0.2537774524158126 0.22243359375 0.2494904831625183 0.2201103515625 0.25833382137628114 0.21957421875 0.2674450951683748 0.2247578125 0.2642298682284041
0  0.2080078125 0.2862371888726208 0.03125 0.05124450951683748 -0.0009765625 -0.0014641288433382138 -0.0009765625 -0.0014641288433382138 -0.0009765625 -0.0014641288433382138 -0.0009765625 -0.0014641288433382138 -0.0009765625 -0.0014641288433382138
0  0.2353515625 0.2752562225475842 0.015625 0.032210834553440704 0.2332802734375 0.27150512445095165 0.24090625 0.2710732064421669 0.237740234375 0.2768975109809663 0.2342880859375 0.2844465592972181 0.240474609375 0.28422986822840407
0  0.15771484375 0.3001464128843338 0.0302734375 0.0527086383601757 0.1492919921875 0.29358418740849196 0.16402734375 0.2932445095168375 0.1588134765625 0.30276134699853585 0.15087890625 0.311597364568082 0.16357421875 0.3112576866764275
0  0.13232421875 0.2686676427525622 0.0224609375 0.04538799414348463 0.1307587890625 0.26690336749633964 0.1417451171875 0.26719765739385065 0.1374296875 0.2736676427525622 0.132720703125 0.28190336749633965 0.1391953125 0.28190336749633965
0  0.09912109375 0.2664714494875549 0.0361328125 0.05856515373352855 0.0927734375 0.2591508052708638 0.109619140625 0.2617130307467057 0.100830078125 0.2708638360175695 0.093994140625 0.2792825768667643 0.10791015625 0.2800146412884334
0  0.15869140625 0.27379209370424595 0.0185546875 0.03806734992679356 -0.0009765625 -0.0014641288433382138 -0.0009765625 -0.0014641288433382138 -0.0009765625 -0.0014641288433382138 -0.0009765625 -0.0014641288433382138 -0.0009765625 -0.0014641288433382138
0  0.17529296875 0.37994143484626647 0.0361328125 0.06588579795021962 0.1670615234375 0.37418887262079065 0.1854775390625 0.37377159590043924 0.17822265625 0.3884128843338214 0.1692939453125 0.3988711566617862 0.18408203125 0.3988711566617862
0  0.19970703125 0.3440702781844802 0.0283203125 0.055636896046852125 0.190669921875 0.33744948755490484 0.2047646484375 0.3346778916544656 0.1971396484375 0.34680234260614934 0.1934423828125 0.3568491947291362 0.203609375 0.35615519765739384
0  0.23388671875 0.37481698389458273 0.0341796875 0.0527086383601757 0.2255859375 0.3689604685212299 0.2431640625 0.363103953147877 0.2373046875 0.37481698389458273 0.232421875 0.38653001464128844 0.24609375 0.383601756954612
0  0.279296875 0.3938506588579795 0.041015625 0.0849194729136164 0.271484375 0.3850658857979502 0.2900390625 0.383601756954612 0.28125 0.39970717423133234 0.2744140625 0.4128843338213763 0.2900390625 0.4128843338213763
0  0.12255859375 0.3418740849194729 0.0322265625 0.0629575402635432 0.1137822265625 0.33509663250366034 0.1313349609375 0.33509663250366034 0.125484375 0.3486515373352855 0.114314453125 0.35622840409956075 0.130802734375 0.3578228404099561
0  0.0830078125 0.3440702781844802 0.04296875 0.0849194729136164 0.073224609375 0.338710102489019 0.09288671875 0.3413909224011713 0.083591796875 0.35800585651537337 0.073224609375 0.36175695461200585 0.092171875 0.3649736456808199
0  0.16748046875 0.47364568081991215 0.0439453125 0.08345534407027819 0.160365234375 0.46663836017569543 0.1805947265625 0.46716105417276726 0.171875 0.4849399707174231 0.161412109375 0.49383016105417277 0.178501953125 0.4922606149341142
0  0.033203125 0.3067349926793558 0.025390625 0.0424597364568082 0.027662109375 0.30351976573938505 0.03981640625 0.29976720351390923 0.0364208984375 0.30941434846266475 0.031416015625 0.31986676427525623 0.042498046875 0.3163821376281113
0  0.55322265625 0.2986822840409956 0.0205078125 0.0527086383601757 0.548287109375 0.2932825768667643 0.56073828125 0.2932825768667643 0.5536240234375 0.3039502196193265 0.5491767578125 0.3126178623718887 0.559849609375 0.3136178623718887
0  0.5791015625 0.32284040995607616 0.03125 0.060029282576866766 0.5730673828125 0.3160424597364568 0.587986328125 0.31945534407027815 0.5801474609375 0.3285534407027818 0.5718037109375 0.3357554904831625 0.58469921875 0.33840995607613467
0  0.6181640625 0.27379209370424595 0.029296875 0.0527086383601757 0.6129150390625 0.2710732064421669 0.6253837890625 0.27243191800878475 0.6190361328125 0.28126939970717424 0.6120078125 0.2890863836017569 0.6224365234375 0.2897672035139092
0  0.6494140625 0.2781844802342606 0.0234375 0.040995607613469986 0.6459267578125 0.27855051244509516 0.6563896484375 0.2788125915080527 0.650634765625 0.2861332357247438 0.6466240234375 0.2916237188872621 0.656041015625 0.2918843338213763
0  0.68359375 0.28038067349926793 0.02734375 0.048316251830161056 0.6747041015625 0.28038067349926793 0.687408203125 0.2776163982430454 0.68044140625 0.29051830161054176 0.67675390625 0.2963557833089312 0.687408203125 0.2948199121522694
0  0.73193359375 0.2884333821376281 0.0302734375 0.055636896046852125 0.7208515625 0.2877276720351391 0.7352119140625 0.28455051244509516 0.726501953125 0.296199121522694 0.7241474609375 0.30643484626647144 0.7342705078125 0.3046691068814056
0  0.765625 0.27013177159590046 0.025390625 0.048316251830161056 0.757603515625 0.2665754026354319 0.771205078125 0.26689019033674966 0.763671875 0.2744202049780381 0.7584404296875 0.2832049780380674 0.769740234375 0.28226354319180086
0  0.677734375 0.34553440702781846 0.033203125 0.06149341142020498 0.6707412109375 0.3358345534407028 0.6859130859375 0.3405402635431918 0.67754296875 0.35112884333821376 0.6686484375 0.35740409956076136 0.680943359375 0.3609341142020498
0  0.640625 0.3945827232796486 0.03515625 0.06881405563689605 0.6307548828125 0.38718301610541733 0.6503212890625 0.3889619326500732 0.6387587890625 0.40007320644216693 0.630162109375 0.41118448023426063 0.64528125 0.4116295754026354
0  0.560546875 0.44875549048316254 0.04296875 0.08052708638360176 0.546796875 0.44190483162518307 0.5651591796875 0.4398667642752562 0.5552978515625 0.4602591508052709 0.5488369140625 0.4694363103953148 0.568900390625 0.46637774524158127
0  0.693359375 0.45900439238653 0.046875 0.08638360175695461 0.6803896484375 0.44844802342606155 0.7022529296875 0.45400439238653 0.688171875 0.47122693997071746 0.6796484375 0.4767833089311859 0.697435546875 0.48233967789165444
0  0.77294921875 0.4260614934114202 0.0361328125 0.06442166910688141 0.76318359375 0.4166822840409956 0.7796630859375 0.4195636896046852 0.7673037109375 0.4339765739385066 0.762634765625 0.44056515373352856 0.776916015625 0.4426237188872621
0  0.76708984375 0.3411420204978038 0.0322265625 0.06149341142020498 0.7598876953125 0.3315402635431918 0.774806640625 0.332696925329429 0.765546875 0.34233821376281115 0.7591162109375 0.35467935578330895 0.7719765625 0.35506442166910684
0  0.83935546875 0.3052708638360176 0.0322265625 0.0629575402635432 0.8287177734375 0.30061639824304537 0.844673828125 0.30261054172767204 0.834302734375 0.31098389458272324 0.8284521484375 0.32134992679355784 0.840685546875 0.32174816983894583
0  0.86083984375 0.26939970717423134 0.0283203125 0.043923865300146414 0.8523642578125 0.2669809663250366 0.8654873046875 0.26557540263543195 0.85798828125 0.2768184480234261 0.8538642578125 0.2841259150805271 0.8649248046875 0.2835636896046852
0  0.8779296875 0.3535871156661786 0.04296875 0.08931185944363104 0.867958984375 0.3458682284040996 0.8861650390625 0.345298682284041 0.87326953125 0.3606530014641288 0.8683388671875 0.3731639824304539 0.88502734375 0.3720263543191801
0  0.85302734375 0.4670571010248902 0.0595703125 0.09663250366032211 0.83721484375 0.45781551976573936 0.86073046875 0.45781551976573936 0.843296875 0.4766588579795022 0.8368095703125 0.49246412884333823 0.8562705078125 0.4930717423133235
0  0.95849609375 0.37774524158125916 0.0556640625 0.09956076134699854 0.9420341796875 0.36582284040995605 0.9642158203125 0.37209809663250365 0.944126953125 0.3846471449487555 0.9391044921875 0.39468667642752564 0.9583564453125 0.4015900439238653
0  0.91259765625 0.3206442166910688 0.0263671875 0.055636896046852125 0.905064453125 0.3195329428989751 0.917541015625 0.32306295754026354 0.909537109375 0.3294158125915081 0.9048291015625 0.33788726207906294 0.9118916015625 0.34106295754026356
