0  0.23779296875 0.4355783308931186 0.0322265625 0.07174231332357248 0.2436259765625 0.43325768667642756 0.24579296875 0.43325768667642756 0.252912109375 0.4476442166910688 0.24331640625 0.4583177159590044 0.2454833984375 0.4583177159590044
0  0.0810546875 0.4633967789165447 0.041015625 0.07759882869692533 0.086216796875 0.4596837481698389 0.0938369140625 0.4527291361639824 0.099138671875 0.4701156661786237 0.087873046875 0.487502196193265 0.0885361328125 0.4865095168374817
0  0.40673828125 0.4443631039531479 0.0341796875 0.06881405563689605 0.40508203125 0.43895754026354317 0.418517578125 0.4337027818448023 0.4155966796875 0.452095168374817 0.4080029296875 0.4665475841874085 0.4196865234375 0.46041581259150804
0  0.4951171875 0.3857979502196193 0.01953125 0.03367496339677892 0.4906572265625 0.38407174231332364 0.498857421875 0.3819150805270864 0.4952607421875 0.38968081991215225 0.492671875 0.3972298682284041 0.5004404296875 0.3957203513909224
0  0.51708984375 0.4685212298682284 0.0322265625 0.05856515373352855 0.513611328125 0.45921961932650074 0.5252900390625 0.4618286969253294 0.5195751953125 0.4756134699853587 0.5103798828125 0.48269253294289893 0.5242958984375 0.48269253294289893
0  0.5703125 0.3857979502196193 0.017578125 0.03074670571010249 0.569095703125 0.38149633967789165 0.57571875 0.3816998535871157 0.5734208984375 0.3904128843338214 0.568419921875 0.3958828696925329 0.573150390625 0.3960863836017569
0  0.59521484375 0.4260614934114202 0.0283203125 0.043923865300146414 0.5915400390625 0.4185841874084919 0.6018505859375 0.4230805270863836 0.5964140625 0.42982576866764277 0.5877900390625 0.4354480234260615 0.5982880859375 0.4399443631039532
0  0.7158203125 0.4377745241581259 0.025390625 0.04685212298682284 0.7102314453125 0.4343953147877013 0.7216103515625 0.4367481698389458 0.7137626953125 0.4443953147877013 0.709642578125 0.44998389458272325 0.718078125 0.45174963396778917
0  0.84619140625 0.49414348462664714 0.0361328125 0.07759882869692533 0.8330078125 0.48316251830161056 0.841796875 0.4890190336749634 0.830078125 0.4978038067349927 0.83203125 0.5153733528550513 0.83984375 0.5153733528550513
0  0.91845703125 0.48462664714494874 0.0283203125 0.05856515373352855 0.9075234375 0.4760702781844802 0.917462890625 0.4794231332357248 0.9060322265625 0.4879926793557833 0.9085166015625 0.4999150805270864 0.9159716796875 0.5006603221083455
0  0.9462890625 0.49487554904831627 0.029296875 0.06149341142020498 0.9347138671875 0.4837306002928257 0.937029296875 0.48488872620790624 0.9321416015625 0.49414348462664714 0.9372861328125 0.5080263543191801 0.9398583984375 0.5091830161054173
0  0.720703125 0.5439238653001464 0.01953125 0.06588579795021962 -0.0009765625 -0.0014641288433382138 -0.0009765625 -0.0014641288433382138 -0.0009765625 -0.0014641288433382138 -0.0009765625 -0.0014641288433382138 -0.0009765625 -0.0014641288433382138
0  0.005859375 0.6054172767203514 0.01171875 0.10102489019033675 -0.0009765625 -0.0014641288433382138 -0.0009765625 -0.0014641288433382138 -0.0009765625 -0.0014641288433382138 -0.0009765625 -0.0014641288433382138 -0.0009765625 -0.0014641288433382138
