0  0.69189453125 0.36766623207301175 0.0361328125 0.05736636245110821 0.690595703125 0.36022816166883964 0.7032998046875 0.37249674054758797 0.6943798828125 0.3750234680573663 0.6827568359375 0.37646675358539766 0.6951904296875 0.38512777053455016
0  0.62255859375 0.36114732724902215 0.0322265625 0.05997392438070404 0.6175361328125 0.3538839634941329 0.6348349609375 0.3576088657105606 0.6231162109375 0.36990091264667535 0.6158623046875 0.3747444589308996 0.6292548828125 0.37623337679269886
0  0.66357421875 0.2966101694915254 0.0322265625 0.061277705345501955 0.6574404296875 0.2884211212516297 0.6723369140625 0.29271056062581485 0.66240625 0.3028500651890482 0.656271484375 0.31025945241199476 0.6676640625 0.31337940026075617
0  0.630859375 0.2561929595827901 0.02734375 0.04302477183833116 0.6216865234375 0.2553728813559322 0.634185546875 0.2526362451108214 0.627013671875 0.26221121251629725 0.625169921875 0.27041851368970016 0.631931640625 0.27041851368970016
0  0.5791015625 0.2457627118644068 0.02734375 0.04563233376792699 0.5739833984375 0.2407457627118644 0.58597265625 0.23958148631029985 0.578779296875 0.24831160365058672 0.57267578125 0.25558800521512387 0.5844462890625 0.2547144719687093
0  0.50927734375 0.2646675358539765 0.0283203125 0.0469361147327249 0.50251953125 0.26104693611473273 0.5145263671875 0.26045371577574966 0.50830078125 0.2678748370273794 0.503853515625 0.27588917861799217 0.5120810546875 0.2749986962190352
0  0.45166015625 0.3363754889178618 0.0361328125 0.05997392438070404 0.4435205078125 0.32777835723598436 0.4593896484375 0.3262659713168188 0.45173828125 0.3372372881355932 0.44550390625 0.3482086049543677 0.4591064453125 0.34556062581486313
0  0.541015625 0.34419817470664926 0.03515625 0.054758800521512385 0.5274091796875 0.3285058670143416 0.54412890625 0.32953585397653196 0.53358203125 0.3415554106910039 0.531009765625 0.353232073011734 0.542328125 0.351857887874837
0  0.7080078125 0.242503259452412 0.03125 0.0469361147327249 0.6988701171875 0.23735853976531943 0.7124716796875 0.2364498044328553 0.704310546875 0.2482542372881356 0.6997763671875 0.25370143415906127 0.709751953125 0.2518852672750978
0  0.74560546875 0.3226857887874837 0.0322265625 0.05084745762711865 0.7379150390625 0.3175632333767927 0.75398046875 0.3153233376792699 0.746546875 0.3226857887874837 0.739353515625 0.3348500651890482 0.7525419921875 0.33261016949152544
0  0.7998046875 0.3878748370273794 0.037109375 0.05867014341590613 0.7867431640625 0.38583833116036503 0.7991025390625 0.37667014341590616 0.793060546875 0.3920717079530639 0.7955322265625 0.40453846153846157 0.8056943359375 0.39683833116036504
0  0.73291015625 0.39113428943937417 0.0380859375 0.054758800521512385 0.721173828125 0.3866870925684485 0.736083984375 0.3786558018252933 0.7300673828125 0.3964654498044329 0.728498046875 0.404148631029987 0.7413154296875 0.3964654498044329
0  0.7529296875 0.5554106910039114 0.044921875 0.06779661016949153 0.7392138671875 0.5476584093872229 0.758248046875 0.5429204693611474 0.7495380859375 0.5588565840938722 0.74534375 0.5709165580182529 0.759216796875 0.5687627118644067
0  0.66748046875 0.5730117340286832 0.0341796875 0.05867014341590613 0.6557314453125 0.564374185136897 0.6705625 0.5654745762711865 0.6593017578125 0.5797757496740548 0.6571044921875 0.5856427640156453 0.670837890625 0.5863754889178618
0  0.45947265625 0.4471968709256845 0.0380859375 0.06258148631029987 0.4486083984375 0.44035202086049546 0.465802734375 0.4348109517601043 0.45928125 0.45183050847457623 0.455130859375 0.46132855280312907 0.46758203125 0.45697522816166886
0  0.37744140625 0.3917861799217731 0.0322265625 0.0560625814863103 0.3660927734375 0.3893011734028683 0.3823154296875 0.3861056062581486 0.3722099609375 0.3985319426336375 0.36955078125 0.4102490221642764 0.3807197265625 0.40847327249022164
0  0.3671875 0.24315514993481094 0.03125 0.03259452411994785 0.357962890625 0.23580964797913953 0.3705966796875 0.2301877444589309 0.364580078125 0.24170013037809646 0.362173828125 0.25026727509778357 0.3705966796875 0.24651890482398958
0  0.3203125 0.24511082138200782 0.025390625 0.04954367666232073 0.31464453125 0.23909256844850063 0.328064453125 0.23940677966101695 0.321236328125 0.24757887874837028 0.3160576171875 0.2557509778357236 0.3261806640625 0.255122555410691
0  0.294921875 0.38722294654498046 0.033203125 0.054758800521512385 0.29075390625 0.38195567144719683 0.305115234375 0.381245110821382 0.3000615234375 0.39260625814863104 0.292083984375 0.4004185136897001 0.3032529296875 0.39935332464146023
0  0.4521484375 0.6049543676662321 0.0390625 0.06258148631029987 0.4377265625 0.6006010430247718 0.4567001953125 0.59822555410691 0.4466201171875 0.6116831812255541 0.44069140625 0.6184106910039113 0.45729296875 0.6180156453715775
0  0.388671875 0.6199478487614081 0.033203125 0.06388526727509779 0.38165234375 0.614813559322034 0.3987421875 0.6115541069100391 0.39141796875 0.6262216427640157 0.3843994140625 0.635186440677966 0.40087890625 0.6315189048239895
0  0.318359375 0.5853976531942634 0.0390625 0.06258148631029987 0.3115234375 0.5736636245110821 0.3291015625 0.5814863102998696 0.3173828125 0.590612777053455 0.306640625 0.5958279009126467 0.3212890625 0.5997392438070405
0  0.2470703125 0.6277705345501956 0.044921875 0.0560625814863103 0.2467822265625 0.6181668839634942 0.2600185546875 0.6289230769230769 0.25138671875 0.6354537157757496 0.2393017578125 0.6354537157757496 0.2482216796875 0.6446727509778357
0  0.2177734375 0.42503259452411996 0.03125 0.05997392438070404 0.2136015625 0.42059713168187746 0.2280537109375 0.4190847457627119 0.2218193359375 0.4323259452411995 0.2127509765625 0.439135593220339 0.226353515625 0.439135593220339
0  0.2392578125 0.3924380704041721 0.03125 0.054758800521512385 -0.0009765625 -0.001303780964797914 -0.0009765625 -0.001303780964797914 -0.0009765625 -0.001303780964797914 -0.0009765625 -0.001303780964797914 -0.0009765625 -0.001303780964797914
0  0.25732421875 0.35528031290743156 0.0302734375 0.05084745762711865 0.250732421875 0.34908735332464147 0.26611328125 0.34876140808344197 0.258544921875 0.3578878748370274 0.253662109375 0.3650586701434159 0.2626953125 0.3647327249022164
0  0.197265625 0.3624511082138201 0.029296875 0.041720990873533245 0.191876953125 0.35522164276401563 0.2059150390625 0.35870273794002605 0.199296875 0.36486049543676663 0.193080078125 0.37182268578878747 0.2027060546875 0.3728930899608866
0  0.158203125 0.3924380704041721 0.033203125 0.05215123859191656 0.15215234375 0.3833233376792699 0.1663125 0.38501173402868316 0.15771484375 0.394464146023468 0.1513935546875 0.4029035202086049 0.1645419921875 0.4049282920469361
0  0.13232421875 0.5071707953063885 0.0439453125 0.06779661016949153 0.128609375 0.4968213820078227 0.146353515625 0.49854498044328555 0.1379658203125 0.5144810951760105 0.1257060546875 0.5209413298565841 0.1415146484375 0.5226649282920469
0  0.08837890625 0.41916558018252936 0.0439453125 0.06388526727509779 0.0795810546875 0.4142477183833116 0.0994345703125 0.41264146023468057 0.0943212890625 0.42268057366362455 0.0865 0.43754106910039114 0.0991337890625 0.43553324641460234
0  0.84619140625 0.35984354628422427 0.0322265625 0.05215123859191656 0.842978515625 0.3528878748370274 0.8563974609375 0.3548787483702738 0.8499365234375 0.36350456323337677 0.8407421875 0.3727940026075619 0.8534150390625 0.3724628422425032
0  0.890625 0.3891786179921773 0.03515625 0.05867014341590613 0.88037109375 0.3792138200782269 0.897669921875 0.38070404172099087 0.88623046875 0.39336897001303783 0.8798134765625 0.40044719687092567 0.8968330078125 0.4011916558018253
0  0.8974609375 0.3396349413298566 0.037109375 0.05345501955671447 0.887111328125 0.32953063885267275 0.9032939453125 0.32885528031290745 0.8944443359375 0.3406714471968709 0.8901455078125 0.3477601043024772 0.8995009765625 0.3474224250325945
