0  0.05810546875 0.18287037037037038 0.0478515625 0.125 0.0516533203125 0.16249074074074074 0.07252734375 0.16720370370370372 0.06325 0.1931226851851852 0.0516533203125 0.20725925925925925 0.0692138671875 0.2088287037037037
0  0.1201171875 0.45717592592592593 0.064453125 0.1875 0.11110546875 0.44535416666666666 0.1381796875 0.4441643518518518 0.12815234375 0.47506481481481483 0.11110546875 0.507150462962963 0.1371767578125 0.505962962962963
0  0.91796875 0.4525462962962963 0.0546875 0.1550925925925926 0.898798828125 0.4360648148148148 0.921171875 0.42666666666666664 0.908408203125 0.4603703703703704 0.905009765625 0.4911111111111111 0.923125 0.4836111111111111
0  0.8095703125 0.40625 0.04296875 0.11342592592592593 0.796875 0.3833912037037037 0.8167109375 0.3833912037037037 0.802978515625 0.40943287037037035 0.7974853515625 0.43330555555555555 0.810302734375 0.43330555555555555
0  0.7255859375 0.3414351851851852 0.0390625 0.09953703703703703 0.71563671875 0.3236203703703704 0.7334765625 0.32618287037037036 0.722935546875 0.34796527777777775 0.7150966796875 0.36526620370370366 0.7296923828125 0.36910879629629634
0  0.634765625 0.3229166666666667 0.03515625 0.09027777777777778 0.6254140625 0.31211805555555555 0.641 0.30643287037037037 0.633806640625 0.3297361111111111 0.6270927734375 0.34735648148148146 0.643158203125 0.34110416666666665
0  0.54052734375 0.15625 0.0322265625 0.08101851851851852 0.5319736328125 0.13907407407407407 0.546578125 0.13700925925925928 0.539603515625 0.1556087962962963 0.5348076171875 0.17421064814814816 0.546796875 0.17214351851851853
0  0.45751953125 0.14699074074074073 0.0361328125 0.09953703703703703 0.449462890625 0.14070833333333332 0.4637890625 0.12661111111111112 0.4629775390625 0.15544444444444444 0.456490234375 0.17658796296296297 0.4697353515625 0.16185185185185186
0  0.44921875 0.3773148148148148 0.044921875 0.12962962962962962 0.4423134765625 0.36177314814814815 0.4614951171875 0.3609467592592593 0.452427734375 0.39649537037037036 0.442662109375 0.41054861111111113 0.4601005859375 0.41054861111111113
0  0.55029296875 0.42476851851851855 0.0361328125 0.12268518518518519 0.544080078125 0.4154791666666667 0.5604287109375 0.4123773148148148 0.554216796875 0.43485416666666665 0.54571484375 0.45268055555555553 0.559775390625 0.45112962962962966
0  0.3876953125 0.1550925925925926 0.033203125 0.08796296296296297 0.3798828125 0.14775462962962962 0.395771484375 0.14662037037037037 0.3884765625 0.16518518518518518 0.3812890625 0.18046296296296294 0.39490234375 0.1795138888888889
0  0.28759765625 0.10416666666666667 0.0419921875 0.10185185185185185 0.2766201171875 0.08558564814814815 0.295 0.08494444444444443 0.2882431640625 0.10929166666666666 0.2801337890625 0.1323587962962963 0.2952705078125 0.13043518518518518
0  0.28466796875 0.3680555555555556 0.0517578125 0.16203703703703703 0.2764111328125 0.34336805555555555 0.3005810546875 0.3454143518518518 0.29022265625 0.3740601851851852 0.279 0.4037291666666667 0.2971279296875 0.40475231481481483
0  0.1796875 0.1400462962962963 0.044921875 0.11805555555555555 0.169921875 0.11954398148148149 0.189697265625 0.1187986111111111 0.1821640625 0.14781712962962962 0.173060546875 0.16939583333333333 0.1915810546875 0.16567361111111112
