0  0.59912109375 0.4928104575163399 0.0419921875 0.07581699346405228 0.5848212890625 0.48289019607843137 0.6059130859375 0.48289019607843137 0.5930439453125 0.49963790849673206 0.58732421875 0.5135150326797385 0.601623046875 0.5139934640522875
0  0.4453125 0.4666666666666667 0.0390625 0.06013071895424837 0.437630859375 0.46458954248366013 0.454607421875 0.46073725490196077 0.4497158203125 0.4788392156862745 0.44655078125 0.48808366013071897 0.45662109375 0.48384705882352935
0  0.36767578125 0.49673202614379086 0.0478515625 0.06535947712418301 0.3698427734375 0.4911058823529412 0.384390625 0.49483529411764704 0.38067578125 0.5097516339869281 0.3667470703125 0.5209385620915032 0.3757236328125 0.5217673202614379
0  0.21435546875 0.49673202614379086 0.0595703125 0.08627450980392157 0.2127158203125 0.4917947712418301 0.2336162109375 0.4874065359477124 0.230337890625 0.5049607843137255 0.2139453125 0.5208679738562092 0.2336162109375 0.5175764705882353
0  0.42626953125 0.3111111111111111 0.0185546875 0.026143790849673203 0.4212646484375 0.3101307189542484 0.4288330078125 0.31094771241830066 0.4246826171875 0.317156862745098 0.422607421875 0.3215686274509804 0.4273681640625 0.3212418300653595
0  0.3564453125 0.34248366013071896 0.017578125 0.02875816993464052 0.3623046875 0.33725490196078434 0.365234375 0.33725490196078434 0.365234375 0.3464052287581699 0.361328125 0.3516339869281046 0.3623046875 0.35294117647058826
0  0.515625 0.3065359477124183 0.021484375 0.032679738562091505 0.509765625 0.3032679738562091 0.5185546875 0.30718954248366015 0.5126953125 0.3111111111111111 0.5078125 0.3137254901960784 0.513671875 0.3176470588235294
0  0.5927734375 0.3137254901960784 0.021484375 0.03137254901960784 0.5857626953125 0.3075751633986928 0.591248046875 0.3099555555555556 0.5848740234375 0.3151137254901961 0.5838359375 0.3216614379084967 0.58694921875 0.3220588235294118
0  0.6591796875 0.33725490196078434 0.021484375 0.023529411764705882 0.650390625 0.33464052287581697 0.65625 0.33464052287581697 0.6513671875 0.3437908496732026 0.6591796875 0.34509803921568627 0.6591796875 0.3437908496732026
0  0.58837890625 0.369281045751634 0.0224609375 0.030065359477124184 -0.0009765625 -0.00130718954248366 -0.0009765625 -0.00130718954248366 -0.0009765625 -0.00130718954248366 -0.0009765625 -0.00130718954248366 -0.0009765625 -0.00130718954248366
0  0.1142578125 0.18104575163398692 0.0234375 0.030065359477124184 0.1139609375 0.17806928104575165 0.12270703125 0.18045098039215685 0.1192978515625 0.18719607843137256 0.11440625 0.191759477124183 0.1179638671875 0.19215686274509805
0  0.19384765625 0.8483660130718954 0.0869140625 0.18823529411764706 0.2065693359375 0.8388078431372549 0.2136142578125 0.832913725490196 0.23651171875 0.8529529411764706 0.2250625 0.9024627450980393 0.227705078125 0.8989267973856209
0  0.0771484375 0.6535947712418301 0.080078125 0.16209150326797386 0.090802734375 0.6340104575163399 0.09990625 0.6269019607843137 0.1165947265625 0.6593960784313725 0.0915615234375 0.6878274509803921 0.0991474609375 0.6827503267973856
0  0.81591796875 0.5235294117647059 0.0537109375 0.09019607843137255 0.80224609375 0.511437908496732 0.82830859375 0.5205882352941177 0.809509765625 0.5354575163398693 0.79669140625 0.5423202614379085 0.818908203125 0.550326797385621
0  0.986328125 0.6019607843137255 0.02734375 0.09803921568627451 0.98095703125 0.5875986928104575 1.0061474609375 0.5913450980392158 0.9898203125 0.6132 0.9846884765625 0.6275620915032679 1.0056806640625 0.6300601307189542
0  0.8486328125 0.28104575163398693 0.044921875 0.0784313725490196 0.8372802734375 0.271959477124183 0.857662109375 0.2779124183006536 0.8443212890625 0.2888248366013072 0.832091796875 0.3002339869281046 0.8513623046875 0.30618562091503265
0  0.88427734375 0.20718954248366014 0.0224609375 0.03529411764705882 0.877328125 0.20019215686274508 0.8882099609375 0.20292418300653595 0.8815791015625 0.20838562091503268 0.876818359375 0.215440522875817 0.8854892578125 0.21726143790849675
0  0.36669921875 0.3130718954248366 0.0224609375 0.022222222222222223 0.37015234375 0.31692287581699347 0.37676953125 0.32116078431372547 0.3711591796875 0.32809281045751637 0.3655478515625 0.328478431372549 0.3669873046875 0.3292483660130719
