0  0.7900390625 0.8345588235294118 0.01953125 0.039705882352941174 -0.0009765625 -0.0014705882352941176 -0.0009765625 -0.0014705882352941176 -0.0009765625 -0.0014705882352941176 -0.0009765625 -0.0014705882352941176 -0.0009765625 -0.0014705882352941176
0  0.85009765625 0.5066176470588235 0.0166015625 0.030882352941176472 0.8453896484375 0.4982014705882353 0.8521904296875 0.4983985294117647 0.8473515625 0.5062764705882352 0.8451279296875 0.5117911764705882 0.850490234375 0.5117911764705882
0  0.77734375 0.4919117647058823 0.017578125 0.027941176470588237 0.7723388671875 0.4852941176470588 0.7796630859375 0.4854779411764706 0.7742919921875 0.49136029411764703 0.776611328125 0.4988970588235294 0.7799072265625 0.49816176470588236
0  0.7294921875 0.5720588235294117 0.009765625 0.03235294117647059 -0.0009765625 -0.0014705882352941176 -0.0009765625 -0.0014705882352941176 -0.0009765625 -0.0014705882352941176 -0.0009765625 -0.0014705882352941176 -0.0009765625 -0.0014705882352941176
0  0.63330078125 0.5073529411764706 0.0166015625 0.029411764705882353 -0.0009765625 -0.0014705882352941176 -0.0009765625 -0.0014705882352941176 -0.0009765625 -0.0014705882352941176 -0.0009765625 -0.0014705882352941176 -0.0009765625 -0.0014705882352941176
0  0.708984375 0.48161764705882354 0.017578125 0.033823529411764704 -0.0009765625 -0.0014705882352941176 -0.0009765625 -0.0014705882352941176 -0.0009765625 -0.0014705882352941176 -0.0009765625 -0.0014705882352941176 -0.0009765625 -0.0014705882352941176
0  0.5732421875 0.5426470588235294 0.01953125 0.03529411764705882 -0.0009765625 -0.0014705882352941176 -0.0009765625 -0.0014705882352941176 -0.0009765625 -0.0014705882352941176 -0.0009765625 -0.0014705882352941176 -0.0009765625 -0.0014705882352941176
0  0.572265625 0.48823529411764705 0.015625 0.026470588235294117 -0.0009765625 -0.0014705882352941176 -0.0009765625 -0.0014705882352941176 -0.0009765625 -0.0014705882352941176 -0.0009765625 -0.0014705882352941176 -0.0009765625 -0.0014705882352941176
0  0.09814453125 0.5970588235294118 0.0146484375 0.03235294117647059 0.101353515625 0.5897058823529412 0.1021904296875 0.5897058823529412 0.10498046875 0.5962191176470588 0.1019111328125 0.6050426470588235 0.10302734375 0.6044117647058823
0  0.05224609375 0.5955882352941176 0.0146484375 0.03235294117647059 -0.0009765625 -0.0014705882352941176 -0.0009765625 -0.0014705882352941176 -0.0009765625 -0.0014705882352941176 -0.0009765625 -0.0014705882352941176 -0.0009765625 -0.0014705882352941176
0  0.1240234375 0.5551470588235294 0.015625 0.027941176470588237 -0.0009765625 -0.0014705882352941176 -0.0009765625 -0.0014705882352941176 -0.0009765625 -0.0014705882352941176 -0.0009765625 -0.0014705882352941176 -0.0009765625 -0.0014705882352941176
0  0.15185546875 0.49779411764705883 0.0166015625 0.027941176470588237 0.1484375 0.49136029411764703 0.1552734375 0.4895220588235294 0.154296875 0.4985294117647059 0.15234375 0.5051470588235294 0.1551513671875 0.5044117647058823
0  0.20654296875 0.5213235294117647 0.0126953125 0.022058823529411766 -0.0009765625 -0.0014705882352941176 -0.0009765625 -0.0014705882352941176 -0.0009765625 -0.0014705882352941176 -0.0009765625 -0.0014705882352941176 -0.0009765625 -0.0014705882352941176
0  0.087890625 0.5080882352941176 0.015625 0.030882352941176472 -0.0009765625 -0.0014705882352941176 -0.0009765625 -0.0014705882352941176 -0.0009765625 -0.0014705882352941176 -0.0009765625 -0.0014705882352941176 -0.0009765625 -0.0014705882352941176
0  0.36865234375 0.5191176470588236 0.0185546875 0.03235294117647059 0.367623046875 0.5175676470588235 0.3753271484375 0.5177720588235294 0.37221875 0.5267264705882353 0.3684345703125 0.5293720588235294 0.37424609375 0.5287617647058823
0  0.48046875 0.5779411764705882 0.021484375 0.03235294117647059 -0.0009765625 -0.0014705882352941176 -0.0009765625 -0.0014705882352941176 -0.0009765625 -0.0014705882352941176 -0.0009765625 -0.0014705882352941176 -0.0009765625 -0.0014705882352941176
0  0.40283203125 0.4676470588235294 0.0146484375 0.020588235294117647 -0.0009765625 -0.0014705882352941176 -0.0009765625 -0.0014705882352941176 -0.0009765625 -0.0014705882352941176 -0.0009765625 -0.0014705882352941176 -0.0009765625 -0.0014705882352941176
0  0.04736328125 0.5426470588235294 0.0205078125 0.03235294117647059 -0.0009765625 -0.0014705882352941176 -0.0009765625 -0.0014705882352941176 -0.0009765625 -0.0014705882352941176 -0.0009765625 -0.0014705882352941176 -0.0009765625 -0.0014705882352941176
0  0.20068359375 0.5654411764705882 0.0244140625 0.03676470588235294 -0.0009765625 -0.0014705882352941176 -0.0009765625 -0.0014705882352941176 -0.0009765625 -0.0014705882352941176 -0.0009765625 -0.0014705882352941176 -0.0009765625 -0.0014705882352941176
0  0.23681640625 0.5411764705882353 0.0185546875 0.03235294117647059 -0.0009765625 -0.0014705882352941176 -0.0009765625 -0.0014705882352941176 -0.0009765625 -0.0014705882352941176 -0.0009765625 -0.0014705882352941176 -0.0009765625 -0.0014705882352941176
0  0.25048828125 0.6029411764705882 0.0185546875 0.03235294117647059 -0.0009765625 -0.0014705882352941176 -0.0009765625 -0.0014705882352941176 -0.0009765625 -0.0014705882352941176 -0.0009765625 -0.0014705882352941176 -0.0009765625 -0.0014705882352941176
0  0.46923828125 0.5125 0.0107421875 0.01911764705882353 -0.0009765625 -0.0014705882352941176 -0.0009765625 -0.0014705882352941176 -0.0009765625 -0.0014705882352941176 -0.0009765625 -0.0014705882352941176 -0.0009765625 -0.0014705882352941176
0  0.43798828125 0.5522058823529412 0.0126953125 0.022058823529411766 -0.0009765625 -0.0014705882352941176 -0.0009765625 -0.0014705882352941176 -0.0009765625 -0.0014705882352941176 -0.0009765625 -0.0014705882352941176 -0.0009765625 -0.0014705882352941176
0  0.7626953125 0.4933823529411765 0.01171875 0.027941176470588237 -0.0009765625 -0.0014705882352941176 -0.0009765625 -0.0014705882352941176 -0.0009765625 -0.0014705882352941176 -0.0009765625 -0.0014705882352941176 -0.0009765625 -0.0014705882352941176
0  0.29150390625 0.5367647058823529 0.0146484375 0.03235294117647059 -0.0009765625 -0.0014705882352941176 -0.0009765625 -0.0014705882352941176 -0.0009765625 -0.0014705882352941176 -0.0009765625 -0.0014705882352941176 -0.0009765625 -0.0014705882352941176
0  0.58544921875 0.4823529411764706 0.0146484375 0.026470588235294117 -0.0009765625 -0.0014705882352941176 -0.0009765625 -0.0014705882352941176 -0.0009765625 -0.0014705882352941176 -0.0009765625 -0.0014705882352941176 -0.0009765625 -0.0014705882352941176
0  0.54931640625 0.49264705882352944 0.0166015625 0.023529411764705882 -0.0009765625 -0.0014705882352941176 -0.0009765625 -0.0014705882352941176 -0.0009765625 -0.0014705882352941176 -0.0009765625 -0.0014705882352941176 -0.0009765625 -0.0014705882352941176
0  0.34619140625 0.5058823529411764 0.0166015625 0.029411764705882353 -0.0009765625 -0.0014705882352941176 -0.0009765625 -0.0014705882352941176 -0.0009765625 -0.0014705882352941176 -0.0009765625 -0.0014705882352941176 -0.0009765625 -0.0014705882352941176
