0  0.08837890625 0.34699853587115664 0.0439453125 0.0849194729136164 0.0792060546875 0.33704392386530013 0.0980224609375 0.3375856515373353 0.0882529296875 0.3565739385065886 0.077396484375 0.3630849194729136 0.097298828125 0.36362664714494874
0  0.0947265625 0.25109809663250365 0.04296875 0.0746705710102489 0.09078515625 0.24330746705710102 0.1089912109375 0.24377745241581258 0.099888671875 0.2550717423133236 0.0901572265625 0.2715431918008785 0.1080498046875 0.2710732064421669
0  0.193359375 0.2796486090775988 0.041015625 0.07027818448023426 0.1847490234375 0.26448462664714495 0.2043017578125 0.2640336749633968 0.1949765625 0.2798184480234261 0.1859521484375 0.29199560761347 0.2024970703125 0.29199560761347
0  0.23291015625 0.2591508052708638 0.0322265625 0.07613469985358712 0.23846875 0.248398243045388 0.23846875 0.248398243045388 0.2480166015625 0.258896046852123 0.23910546875 0.27655051244509515 0.23910546875 0.27655051244509515
0  0.2734375 0.3140556368960469 0.0390625 0.07759882869692533 0.2700068359375 0.29836896046852124 0.2883173828125 0.3008199121522694 0.2811240234375 0.3204289897510981 0.269025390625 0.32680087847730604 0.2843935546875 0.32925183016105414
0  0.216796875 0.37994143484626647 0.04296875 0.0746705710102489 0.2123671875 0.36273792093704244 0.22900390625 0.37215080527086386 0.218958984375 0.3857979502196193 0.2054619140625 0.38768081991215225 0.2227255859375 0.3975636896046852
0  0.34521484375 0.2452415812591508 0.0400390625 0.07174231332357248 0.3367919921875 0.23764568081991216 0.3526611328125 0.23444363103953147 0.3465576171875 0.25 0.34198046875 0.2600658857979502 0.355408203125 0.2577774524158126
0  0.3251953125 0.32210834553440704 0.0390625 0.06149341142020498 0.3195625 0.3051800878477306 0.33808203125 0.307493411420205 0.3285654296875 0.3248477306002928 0.31801953125 0.33063103953147877 0.3329384765625 0.33410248901903367
0  0.36669921875 0.34333821376281115 0.0400390625 0.07759882869692533 0.3593447265625 0.33500439238653 0.37830859375 0.3364743777452416 0.3685 0.3497115666178624 0.3586904296875 0.35951537335285505 0.3753662109375 0.36196632503660325
0  0.400390625 0.3008784773060029 0.03515625 0.07174231332357248 0.3919677734375 0.2932825768667643 0.4102783203125 0.29099560761347 0.4029541015625 0.3019765739385066 0.3956298828125 0.31799121522693996 0.410888671875 0.3157027818448023
0  0.4677734375 0.22913616398243045 0.033203125 0.0629575402635432 0.4609375 0.2240117130307467 0.4755859375 0.21669106881405564 0.4697265625 0.22547584187408493 0.46484375 0.2445095168374817 0.4775390625 0.2342606149341142
0  0.49462890625 0.2569546120058565 0.0419921875 0.08052708638360176 0.484619140625 0.25214348462664715 0.5023017578125 0.25061493411420205 0.4931201171875 0.26998828696925325 0.484619140625 0.27763543191800877 0.502982421875 0.27559590043923865
0  0.55810546875 0.2518301610541728 0.0361328125 0.06442166910688141 0.548828125 0.2428623718887262 0.5647578125 0.24862664714494878 0.5529482421875 0.25521522693997073 0.5452578125 0.2638638360175695 0.558990234375 0.2696281112737921
0  0.53466796875 0.2613469985358712 0.0146484375 0.03074670571010249 -0.0009765625 -0.0014641288433382138 -0.0009765625 -0.0014641288433382138 -0.0009765625 -0.0014641288433382138 -0.0009765625 -0.0014641288433382138 -0.0009765625 -0.0014641288433382138
0  0.55615234375 0.3513909224011713 0.0400390625 0.07613469985358712 0.5457978515625 0.34540995607613467 0.5648935546875 0.3425475841874085 0.55630078125 0.3640190336749634 0.5467529296875 0.3711756954612006 0.56712109375 0.36735871156661787
0  0.50830078125 0.4238653001464129 0.0400390625 0.07759882869692533 0.4978115234375 0.4163616398243045 0.5155556640625 0.4129751098096633 0.505876953125 0.4318389458272328 0.5036181640625 0.4468345534407028 0.5174912109375 0.4400614934114202
0  0.42724609375 0.40995607613469986 0.0400390625 0.07320644216691069 0.4162333984375 0.403190336749634 0.4348056640625 0.4013352855051245 0.4252099609375 0.4157218155197657 0.4168525390625 0.42593118594436313 0.4360439453125 0.4240746705710102
0  0.33251953125 0.5461200585651538 0.0458984375 0.09077598828696926 0.3255830078125 0.5402693997071742 0.3449267578125 0.5453879941434846 0.3346865234375 0.5613103953147877 0.322548828125 0.5675651537335286 0.341513671875 0.5704084919472914
0  0.458984375 0.6442166910688141 0.0390625 0.06734992679355783 0.4480107421875 0.6396603221083454 0.465296875 0.6294641288433381 0.4607626953125 0.6519824304538799 0.4542451171875 0.6621786237188872 0.47096484375 0.6524070278184481
0  0.61474609375 0.3235724743777452 0.0361328125 0.07320644216691069 0.6031142578125 0.31587994143484627 0.6204482421875 0.31495168374816984 0.61054296875 0.32887408491947295 0.6031142578125 0.34001171303074673 0.6207578125 0.33908345534407025
0  0.65576171875 0.3609077598828697 0.0341796875 0.07174231332357248 0.648865234375 0.3505680819912152 0.66534375 0.3583455344070278 0.654052734375 0.3716134699853587 0.6461181640625 0.37390190336749635 0.66290234375 0.38168081991215225
0  0.708984375 0.43704245973645683 0.037109375 0.07759882869692533 0.69921875 0.4343235724743777 0.7177734375 0.43134260614934117 0.7098212890625 0.45220644216691075 0.701869140625 0.4576705710102489 0.7190986328125 0.4551874084919473
0  0.80322265625 0.47144948755490484 0.0439453125 0.07906295754026355 0.7919921875 0.4651815519765739 0.80877734375 0.45964568081991214 0.8030703125 0.47927379209370424 0.79669140625 0.48984187408491947 0.8128046875 0.484809663250366
0  0.865234375 0.4612005856515373 0.044921875 0.07906295754026355 0.8486328125 0.45241581259150804 0.86474609375 0.4498989751098097 0.856353515625 0.4695285505124451 0.8523251953125 0.47758125915080524 0.8684384765625 0.47456076134699854
0  0.8447265625 0.3118594436310395 0.03515625 0.07613469985358712 0.833587890625 0.3058784773060029 0.8526826171875 0.30397071742313325 0.843453125 0.3235329428989751 0.83390625 0.33021376281112735 0.8530009765625 0.32830453879941435
0  0.7724609375 0.3374816983894583 0.041015625 0.07759882869692533 0.760533203125 0.328800878477306 0.78008203125 0.3263177159590044 0.769478515625 0.34221376281112736 0.7625205078125 0.3566193265007321 0.7810751953125 0.3536398243045388
0  0.70947265625 0.3089311859443631 0.0419921875 0.06734992679355783 0.702466796875 0.2992767203513909 0.7169189453125 0.30904831625183016 0.70530078125 0.316696925329429 0.6950986328125 0.3192459736456808 0.7098349609375 0.3302913616398243
0  0.68798828125 0.22840409956076135 0.0341796875 0.06149341142020498 0.6806640625 0.21376281112737922 0.69921875 0.212298682284041 0.6923828125 0.22547584187408493 0.681640625 0.23865300146412885 0.6982421875 0.23865300146412885
0  0.6416015625 0.2591508052708638 0.03515625 0.07027818448023426 0.6314873046875 0.25030014641288434 0.6474306640625 0.24849633967789167 0.6390078125 0.26473206442166913 0.6320888671875 0.2746544655929722 0.6471298828125 0.27420351390922404
0  0.75341796875 0.24231332357247437 0.0361328125 0.06588579795021962 0.741490234375 0.22944948755490482 0.7579521484375 0.22903221083455344 0.746791015625 0.24409077598828696 0.7417685546875 0.2537130307467057 0.757115234375 0.2537130307467057
0  0.72607421875 0.2445095168374817 0.0341796875 0.05856515373352855 -0.0009765625 -0.0014641288433382138 -0.0009765625 -0.0014641288433382138 -0.0009765625 -0.0014641288433382138 -0.0009765625 -0.0014641288433382138 -0.0009765625 -0.0014641288433382138
0  0.8447265625 0.22913616398243045 0.03125 0.048316251830161056 0.8314736328125 0.21742313323572474 0.8467490234375 0.21271742313323572 0.8364951171875 0.23060029282576866 0.8350302734375 0.24220937042459736 0.8490517578125 0.23624743777452414
0  0.82275390625 0.23792093704245973 0.0166015625 0.03074670571010249 0.81794921875 0.23307174231332356 0.8200419921875 0.2334626647144949 0.8167724609375 0.23816983894582722 0.81794921875 0.2454245973645681 0.8201728515625 0.2446398243045388
0  0.9169921875 0.2972181551976574 0.04296875 0.06734992679355783 0.9046015625 0.290112737920937 0.9210380859375 0.2799165446559297 0.91650390625 0.3066822840409956 0.9150869140625 0.3185783308931186 0.9278388671875 0.31093118594436314
0  0.93115234375 0.23645680819912152 0.0185546875 0.036603221083455345 -0.0009765625 -0.0014641288433382138 -0.0009765625 -0.0014641288433382138 -0.0009765625 -0.0014641288433382138 -0.0009765625 -0.0014641288433382138 -0.0009765625 -0.0014641288433382138
0  0.603515625 0.2679355783308931 0.015625 0.029282576866764276 0.6013271484375 0.2665622254758419 0.607212890625 0.2647979502196193 0.60603515625 0.27068081991215226 0.6038125 0.275190336749634 0.607474609375 0.27499414348462664
