0  0.0380859375 0.25949367088607594 0.013671875 0.028481012658227847 0.0364208984375 0.25856803797468353 0.0412470703125 0.258378164556962 0.038892578125 0.2652436708860759 0.0370087890625 0.26962974683544305 0.040658203125 0.26982120253164554
0  0.07763671875 0.23022151898734178 0.0107421875 0.020569620253164556 0.0732421875 0.22943037974683544 0.078125 0.22626582278481014 0.0771484375 0.2310126582278481 0.07421875 0.23734177215189872 0.0810546875 0.23417721518987342
0  0.11669921875 0.23259493670886075 0.0126953125 0.02531645569620253 0.115234375 0.22943037974683544 0.12109375 0.22943037974683544 0.119140625 0.23734177215189872 0.115234375 0.24208860759493672 0.1201171875 0.24367088607594936
0  0.12109375 0.1843354430379747 0.01171875 0.02689873417721519 0.1186171875 0.18049208860759494 0.1239541015625 0.1806629746835443 0.1212333984375 0.18608702531645568 0.1186171875 0.18896993670886075 0.1241630859375 0.18879905063291139
0  0.1494140625 0.22705696202531644 0.013671875 0.030063291139240507 0.1441650390625 0.22646360759493672 0.151611328125 0.22527689873417722 0.148681640625 0.23180379746835442 0.1463623046875 0.23655063291139242 0.15234375 0.23595727848101267
0  0.16162109375 0.20174050632911392 0.0126953125 0.030063291139240507 0.1589140625 0.20212183544303797 0.16326953125 0.20193196202531644 0.161150390625 0.206126582278481 0.1591494140625 0.2107041139240506 0.1635048828125 0.2110854430379747
0  0.18701171875 0.21598101265822786 0.0126953125 0.02689873417721519 0.1824912109375 0.2152753164556962 0.18979296875 0.2142151898734177 0.1873955078125 0.22039556962025314 0.18325390625 0.22551740506329113 0.1896845703125 0.2248101265822785
0  0.08056640625 0.28085443037974683 0.0146484375 0.03322784810126582 0.076171875 0.2848101265822785 0.08203125 0.28164556962025317 0.080078125 0.2879746835443038 0.0791015625 0.29430379746835444 0.083984375 0.2911392405063291
0  0.09912109375 0.3045886075949367 0.0126953125 0.030063291139240507 0.0971201171875 0.30224367088607595 0.102298828125 0.3024335443037975 0.09912109375 0.3072025316455696 0.0971201171875 0.31235126582278483 0.1033583984375 0.31273259493670885
0  0.12890625 0.27927215189873417 0.01171875 0.023734177215189875 0.125060546875 0.2755284810126582 0.1314873046875 0.2749066455696203 0.1288974609375 0.28018987341772156 0.126787109375 0.2854746835443038 0.1316787109375 0.28516297468354435
0  0.1640625 0.29825949367088606 0.013671875 0.023734177215189875 0.1605224609375 0.2908924050632911 0.167572265625 0.290001582278481 0.1642763671875 0.2981613924050633 0.1619873046875 0.30305537974683544 0.16619921875 0.30290822784810123
0  0.140625 0.3346518987341772 0.015625 0.030063291139240507 0.1368408203125 0.3317341772151899 0.14366796875 0.3317341772151899 0.1400185546875 0.3378370253164557 0.1376650390625 0.3426060126582278 0.143314453125 0.3422246835443038
0  0.17578125 0.2563291139240506 0.013671875 0.022151898734177215 0.1732177734375 0.2527199367088607 0.177978515625 0.252126582278481 0.1762392578125 0.2579113924050633 0.1745 0.263251582278481 0.178619140625 0.263251582278481
0  0.19091796875 0.3212025316455696 0.0126953125 0.028481012658227847 0.188798828125 0.32021993670886073 0.194802734375 0.31774050632911394 0.192330078125 0.32441613924050633 0.19009375 0.3295664556962025 0.195390625 0.329375
0  0.17724609375 0.36313291139240506 0.0146484375 0.03322784810126582 0.1743251953125 0.3615506329113924 0.1812177734375 0.36001740506329116 0.178244140625 0.36636867088607594 0.176216796875 0.37293670886075947 0.1817587890625 0.37140506329113926
0  0.197265625 0.4620253164556962 0.013671875 0.02531645569620253 0.1951376953125 0.45942563291139243 0.2002646484375 0.45942563291139243 0.197544921875 0.46569778481012664 0.1962890625 0.4697674050632911 0.1995322265625 0.4695981012658228
0  0.15283203125 0.4129746835443038 0.0146484375 0.028481012658227847 0.150390625 0.4098101265822785 0.158203125 0.40822784810126583 0.1552734375 0.4161392405063291 0.15234375 0.4224683544303797 0.158203125 0.4224683544303797
0  0.236328125 0.40348101265822783 0.013671875 0.028481012658227847 0.2305556640625 0.40021835443037973 0.2389482421875 0.3989810126582279 0.2353515625 0.405868670886076 0.2332802734375 0.4118734177215189 0.2396025390625 0.41010759493670884
0  0.2412109375 0.4723101265822785 0.013671875 0.02689873417721519 0.237583984375 0.46948417721518987 0.2435478515625 0.4677895569620253 0.2410361328125 0.47575791139240503 0.238525390625 0.47965664556962023 0.2439658203125 0.4783006329113924
0  0.22314453125 0.5134493670886076 0.0146484375 0.02689873417721519 0.2190068359375 0.5081582278481013 0.2246748046875 0.5060395569620253 0.22216796875 0.5143386075949368 0.22096875 0.5199905063291139 0.22652734375 0.5182246835443037
0  0.25390625 0.5387658227848101 0.017578125 0.03322784810126582 0.2509765625 0.5363924050632911 0.2587890625 0.5348101265822784 0.2548828125 0.5411392405063291 0.25 0.5490506329113924 0.2607421875 0.5458860759493671
0  0.28369140625 0.5775316455696202 0.0185546875 0.04113924050632911 0.2786865234375 0.5762183544303797 0.2864296875 0.5749113924050633 0.2825576171875 0.5835363924050633 0.2804609375 0.5900696202531646 0.28707421875 0.588501582278481
0  0.3291015625 0.5886075949367089 0.015625 0.03481012658227848 0.3251953125 0.5870253164556962 0.3330078125 0.5854430379746836 0.330078125 0.5917721518987342 0.3251953125 0.5981012658227848 0.333984375 0.5965189873417721
0  0.349609375 0.5371835443037974 0.015625 0.03639240506329114 0.3440810546875 0.5387943037974683 0.350751953125 0.5390348101265823 0.3471943359375 0.5467199367088608 0.345267578125 0.5517626582278481 0.350751953125 0.5517626582278481
0  0.3134765625 0.4873417721518987 0.015625 0.03164556962025317 0.311470703125 0.4830680379746835 0.3174130859375 0.48286392405063294 0.315390625 0.48982753164556964 0.3117236328125 0.49576898734177216 0.3174130859375 0.49576898734177216
0  0.36083984375 0.48813291139240506 0.0166015625 0.030063291139240507 0.3564453125 0.4853639240506329 0.3634033203125 0.4831882911392405 0.361083984375 0.4932753164556962 0.358642578125 0.4966376582278481 0.3646240234375 0.49406645569620256
0  0.22509765625 0.3623417721518987 0.0126953125 0.022151898734177215 0.2219541015625 0.35887974683544305 0.2281796875 0.3582879746835443 0.22479296875 0.36540822784810123 0.22378515625 0.3695601265822785 0.226806640625 0.3694129746835443
0  0.224609375 0.317246835443038 0.013671875 0.023734177215189875 0.221244140625 0.3131930379746835 0.226806640625 0.3128813291139241 0.22412109375 0.3187863924050633 0.2226826171875 0.3218955696202531 0.2262314453125 0.3217389240506329
0  0.2734375 0.3829113924050633 0.015625 0.028481012658227847 0.26953125 0.3829113924050633 0.2763671875 0.379746835443038 0.2744140625 0.3860759493670886 0.2724609375 0.3939873417721519 0.279296875 0.39082278481012656
0  0.28759765625 0.32436708860759494 0.0146484375 0.03164556962025317 0.2850869140625 0.3219367088607595 0.29090234375 0.3219367088607595 0.2882470703125 0.32890189873417724 0.28571875 0.3336139240506329 0.2906494140625 0.3336139240506329
0  0.314453125 0.34572784810126583 0.015625 0.03322784810126582 0.3116103515625 0.34599683544303794 0.317365234375 0.3436645569620253 0.3152724609375 0.35108227848101264 0.31396484375 0.35553164556962025 0.318412109375 0.3532009493670886
0  0.33935546875 0.3670886075949367 0.0146484375 0.03164556962025317 0.338212890625 0.3633876582278481 0.3439677734375 0.36529430379746836 0.3412216796875 0.37059177215189876 0.3366435546875 0.3729240506329114 0.34266015625 0.375254746835443
0  0.3642578125 0.3963607594936709 0.013671875 0.03322784810126582 0.3606650390625 0.39556962025316456 0.367859375 0.39641772151898735 0.3651123046875 0.4044699367088608 0.3622353515625 0.40870886075949364 0.36707421875 0.40870886075949364
0  0.30078125 0.4287974683544304 0.015625 0.03164556962025317 0.296875 0.4272151898734177 0.3037109375 0.4272151898734177 0.30078125 0.4319620253164557 0.2978515625 0.43829113924050633 0.3046875 0.43670886075949367
0  0.28125 0.47072784810126583 0.015625 0.03322784810126582 0.2782763671875 0.4690886075949367 0.28429296875 0.4690886075949367 0.281416015625 0.4752341772151899 0.2790615234375 0.4788370253164557 0.283638671875 0.4788370253164557
0  0.38818359375 0.5909810126582279 0.0166015625 0.03955696202531646 0.3837890625 0.5870253164556962 0.3916015625 0.5870253164556962 0.3876953125 0.5933544303797469 0.3837890625 0.5996835443037974 0.390625 0.6012658227848101
0  0.43701171875 0.6289556962025317 0.0166015625 0.030063291139240507 0.432638671875 0.6254667721518987 0.4394658203125 0.6241313291139241 0.43569921875 0.6325221518987342 0.4329921875 0.6363370253164558 0.4401728515625 0.6344303797468354
0  0.44580078125 0.5474683544303798 0.0166015625 0.03481012658227848 0.44140625 0.5443037974683544 0.44921875 0.5443037974683544 0.4462890625 0.5490506329113924 0.44140625 0.555379746835443 0.44921875 0.5569620253164557
0  0.49560546875 0.5680379746835443 0.0166015625 0.03481012658227848 0.4915595703125 0.5678117088607595 0.4986748046875 0.5655522151898734 0.495884765625 0.575496835443038 0.4950478515625 0.5818259493670886 0.4986748046875 0.5800174050632911
0  0.56884765625 0.5901898734177216 0.0146484375 0.028481012658227847 0.5660927734375 0.5854145569620254 0.572212890625 0.587618670886076 0.56847265625 0.5945981012658228 0.565525390625 0.5960664556962025 0.570853515625 0.5969857594936709
0  0.58544921875 0.5213607594936709 0.0166015625 0.03639240506329114 0.57928515625 0.5192705696202531 0.5865478515625 0.5207104430379746 0.58165625 0.5286360759493671 0.57883984375 0.5317579113924051 0.5852138671875 0.5334398734177216
0  0.16064453125 0.14082278481012658 0.0126953125 0.028481012658227847 0.158203125 0.14082278481012658 0.1640625 0.13924050632911392 0.162109375 0.1439873417721519 0.1591796875 0.15031645569620253 0.1650390625 0.14873417721518986
0  0.22119140625 0.17800632911392406 0.0126953125 0.02689873417721519 0.2188505859375 0.17677056962025314 0.2242998046875 0.17641772151898732 0.221357421875 0.1817151898734177 0.21950390625 0.18577689873417721 0.22408203125 0.1854240506329114
0  0.21484375 0.23338607594936708 0.013671875 0.030063291139240507 0.21270703125 0.23109810126582278 0.21776953125 0.23090664556962023 0.2154150390625 0.2372009493670886 0.214001953125 0.24273101265822786 0.2168271484375 0.24273101265822786
0  0.24169921875 0.21123417721518986 0.0126953125 0.02689873417721519 0.238978515625 0.2089462025316456 0.2442099609375 0.20859177215189875 0.241267578125 0.21494936708860762 0.2405048828125 0.2191882911392405 0.2443193359375 0.21865822784810127
0  0.2490234375 0.14715189873417722 0.01171875 0.022151898734177215 0.24609375 0.14715189873417722 0.251953125 0.14556962025316456 0.2490234375 0.15031645569620253 0.2470703125 0.15664556962025317 0.2529296875 0.1550632911392405
0  0.27294921875 0.1661392405063291 0.0126953125 0.028481012658227847 0.2700068359375 0.1642879746835443 0.2749111328125 0.16358227848101267 0.27175 0.16993987341772152 0.2716416015625 0.17453164556962025 0.2755654296875 0.174001582278481
0  0.306640625 0.16376582278481014 0.01171875 0.023734177215189875 0.303658203125 0.1626645569620253 0.3080703125 0.1615759493670886 0.3066318359375 0.16701582278481014 0.3058642578125 0.17105537974683543 0.3093173828125 0.16996835443037975
0  0.29150390625 0.20490506329113925 0.0126953125 0.030063291139240507 0.287353515625 0.20233386075949367 0.29296875 0.20233386075949367 0.2901611328125 0.20826740506329114 0.2879638671875 0.21123417721518986 0.2935791015625 0.21103639240506328
0  0.26025390625 0.23971518987341772 0.0146484375 0.02689873417721519 0.257271484375 0.23947468354430382 0.263619140625 0.2359857594936709 0.2614658203125 0.24516772151898733 0.25942578125 0.24902531645569617 0.2648662109375 0.2466376582278481
0  0.314453125 0.23180379746835442 0.015625 0.02689873417721519 0.3110224609375 0.23340031645569617 0.31614453125 0.22951582278481014 0.314619140625 0.23675474683544304 0.3150546875 0.24081645569620252 0.3179970703125 0.23816772151898732
0  0.212890625 0.2721518987341772 0.013671875 0.028481012658227847 0.2105498046875 0.27047784810126585 0.2154541015625 0.26924208860759496 0.212947265625 0.2755996835443038 0.2104404296875 0.2796613924050633 0.2158896484375 0.2798370253164557
0  0.263671875 0.28322784810126583 0.015625 0.028481012658227847 0.259765625 0.28164556962025317 0.267578125 0.28164556962025317 0.2646484375 0.28639240506329117 0.2607421875 0.2927215189873418 0.267578125 0.2927215189873418
0  0.30908203125 0.2911392405063291 0.0126953125 0.028481012658227847 0.305869140625 0.2914082278481012 0.31197265625 0.28999525316455693 0.30968359375 0.2963528481012658 0.3078310546875 0.30112025316455693 0.31186328125 0.29988449367088604
0  0.3193359375 0.2626582278481013 0.013671875 0.03164556962025317 0.318115234375 0.25949367088607594 0.322998046875 0.2598892405063291 0.3204345703125 0.26424050632911394 0.317626953125 0.2689873417721519 0.3214111328125 0.2697784810126582
0  0.34912109375 0.2721518987341772 0.0146484375 0.03481012658227848 0.3461474609375 0.2709224683544304 0.3527705078125 0.2700474683544304 0.349796875 0.27705379746835446 0.347904296875 0.280995253164557 0.35317578125 0.2807768987341772
0  0.390625 0.435126582278481 0.015625 0.028481012658227847 0.38671875 0.4319620253164557 0.3935546875 0.4319620253164557 0.390625 0.43670886075949367 0.38671875 0.4430379746835443 0.3935546875 0.4430379746835443
0  0.44775390625 0.40822784810126583 0.0166015625 0.03481012658227848 0.44287109375 0.4070981012658228 0.450962890625 0.40732436708860753 0.4476142578125 0.4141044303797468 0.44384765625 0.4181740506329114 0.4512412109375 0.41659177215189874
0  0.41650390625 0.49841772151898733 0.0166015625 0.03481012658227848 0.41263671875 0.49412341772151896 0.4203408203125 0.49631329113924055 0.4156103515625 0.5041962025316455 0.41263671875 0.5085759493670886 0.41804296875 0.5094509493670887
0  0.47900390625 0.49920886075949367 0.0166015625 0.03639240506329114 0.4757255859375 0.49434968354430375 0.4833984375 0.49457436708860764 0.4793525390625 0.5020348101265822 0.476283203125 0.5061028481012658 0.4810263671875 0.5054256329113923
0  0.48291015625 0.40189873417721517 0.0146484375 0.03164556962025317 0.4783759765625 0.39803481012658226 0.485203125 0.397625 0.4816630859375 0.405 0.4792607421875 0.4097120253164557 0.4845712890625 0.40868670886075953
0  0.37255859375 0.3259493670886076 0.0146484375 0.028481012658227847 0.3698037109375 0.32197943037974686 0.375923828125 0.32142879746835445 0.3734306640625 0.32748892405063296 0.3702568359375 0.3311629746835443 0.3766044921875 0.3302436708860759
0  0.38818359375 0.372626582278481 0.0146484375 0.02689873417721519 0.3845908203125 0.3710379746835443 0.3897138671875 0.36962500000000004 0.387861328125 0.37739398734177215 0.3861171875 0.38145569620253167 0.391130859375 0.3802199367088608
0  0.421875 0.3338607594936709 0.01171875 0.022151898734177215 0.4199521484375 0.3314382911392405 0.425353515625 0.3296582278481013 0.424255859375 0.3379651898734177 0.4207763671875 0.34093196202531645 0.426818359375 0.3381139240506329
0  0.4267578125 0.37420886075949367 0.015625 0.03322784810126582 0.422869140625 0.37384177215189873 0.429408203125 0.3727816455696203 0.425615234375 0.3801993670886076 0.425353515625 0.3848607594936709 0.429015625 0.38464873417721523
0  0.45751953125 0.3425632911392405 0.0146484375 0.030063291139240507 0.4547119140625 0.33643196202531644 0.4603271484375 0.3384098101265823 0.45703125 0.34394778481012656 0.454345703125 0.34632120253164556 0.4593505859375 0.3482990506329114
0  0.439453125 0.31329113924050633 0.01171875 0.02531645569620253 0.4371513671875 0.3102389240506329 0.443115234375 0.31125632911392404 0.439453125 0.31718987341772154 0.4369423828125 0.31990348101265825 0.4423828125 0.3195632911392405
0  0.474609375 0.31091772151898733 0.013671875 0.030063291139240507 0.4708251953125 0.3091376582278481 0.476806640625 0.3089398734177215 0.47314453125 0.3160601265822785 0.4715576171875 0.3194224683544304 0.4757080078125 0.3194224683544304
0  0.50537109375 0.442246835443038 0.0166015625 0.03322784810126582 0.50150390625 0.4396186708860759 0.5079912109375 0.4383053797468355 0.5046123046875 0.4479398734177215 0.502044921875 0.4523196202531645 0.5075859375 0.452757911392405
0  0.53466796875 0.4825949367088608 0.0166015625 0.03481012658227848 0.5296455078125 0.47943037974683544 0.536341796875 0.4783006329113924 0.532994140625 0.48598575949367084 0.5299248046875 0.48982753164556964 0.5364814453125 0.488245253164557
0  0.291015625 0.08702531645569621 0.01171875 0.028481012658227847 0.289115234375 0.08585284810126582 0.294529296875 0.08566139240506329 0.292763671875 0.09329113924050633 0.2895859375 0.09557911392405063 0.2942939453125 0.09557911392405063
0  0.34521484375 0.09889240506329114 0.0107421875 0.023734177215189875 0.342681640625 0.0970126582278481 0.3468935546875 0.09686550632911392 0.34487890625 0.10265031645569621 0.343689453125 0.10635917721518987 0.34652734375 0.10621044303797468
0  0.390625 0.09889240506329114 0.009765625 0.023734177215189875 0.38671875 0.0981012658227848 0.3916015625 0.10126582278481013 0.388671875 0.10284810126582279 0.38671875 0.10759493670886076 0.390625 0.10759493670886076
0  0.32275390625 0.17563291139240506 0.0126953125 0.02531645569620253 0.319091796875 0.1760854430379747 0.3250556640625 0.17455854430379747 0.322544921875 0.18015348101265824 0.3204521484375 0.1828655063291139 0.3263115234375 0.18083227848101266
0  0.35400390625 0.15981012658227847 0.0107421875 0.02531645569620253 0.351318359375 0.15737974683544304 0.356236328125 0.15754905063291139 0.353515625 0.16484018987341773 0.3519462890625 0.16789082278481013 0.355712890625 0.16806012658227848
0  0.40771484375 0.1495253164556962 0.0126953125 0.023734177215189875 0.406171875 0.1453148734177215 0.4114462890625 0.1453148734177215 0.409240234375 0.1498227848101266 0.4075146484375 0.15479430379746836 0.410583984375 0.15479430379746836
0  0.34912109375 0.20253164556962025 0.0126953125 0.028481012658227847 0.3466796875 0.20253164556962025 0.3515625 0.20094936708860758 0.349609375 0.20569620253164558 0.34765625 0.21044303797468356 0.3525390625 0.21044303797468356
0  0.361328125 0.24920886075949367 0.01171875 0.02689873417721519 0.35855078125 0.24709018987341771 0.3640009765625 0.2469129746835443 0.36083984375 0.25256487341772155 0.35975 0.25680221518987345 0.3632373046875 0.25680221518987345
0  0.40966796875 0.22468354430379747 0.0126953125 0.03164556962025317 0.40688671875 0.22348259493670888 0.412955078125 0.22348259493670888 0.4092890625 0.23003797468354428 0.4075185546875 0.23393037974683542 0.4123232421875 0.23372468354430379
0  0.39794921875 0.18908227848101267 0.0107421875 0.030063291139240507 0.3948974609375 0.18789556962025317 0.400146484375 0.18730221518987342 0.397705078125 0.1930379746835443 0.396484375 0.19916930379746836 0.39990234375 0.19897151898734178
0  0.39501953125 0.28164556962025317 0.0126953125 0.03164556962025317 0.392578125 0.28164556962025317 0.3984375 0.28164556962025317 0.396484375 0.28639240506329117 0.3935546875 0.2911392405063291 0.3994140625 0.2911392405063291
0  0.4375 0.19462025316455697 0.01171875 0.028481012658227847 0.43381640625 0.1957357594936709 0.439583984375 0.19535443037974684 0.4371123046875 0.20012341772151898 0.435111328125 0.20183860759493671 0.4393486328125 0.20203006329113926
0  0.451171875 0.26819620253164556 0.013671875 0.023734177215189875 0.447173828125 0.26379588607594934 0.4526669921875 0.2643892405063291 0.4501953125 0.2688386075949367 0.4489140625 0.27299208860759494 0.4520263671875 0.27299208860759494
0  0.4404296875 0.08781645569620253 0.01171875 0.02689873417721519 0.438685546875 0.08464556962025317 0.4435908203125 0.08482120253164557 0.44141015625 0.08959018987341773 0.43923046875 0.0948876582278481 0.4430458984375 0.0950632911392405
0  0.5146484375 0.08702531645569621 0.01171875 0.02531645569620253 0.5151279296875 0.08668670886075949 0.5194443359375 0.08730854430379748 0.5178134765625 0.092125 0.5143603515625 0.0943006329113924 0.51483984375 0.09414556962025317
0  0.5087890625 0.12262658227848101 0.01171875 0.02689873417721519 0.5069931640625 0.11963132911392405 0.5118974609375 0.11998417721518988 0.5096083984375 0.12598892405063292 0.5072109375 0.12793196202531645 0.511025390625 0.12810759493670887
0  0.466796875 0.14715189873417722 0.01171875 0.028481012658227847 0.46484375 0.1439873417721519 0.4716796875 0.14715189873417722 0.4677734375 0.14873417721518986 0.4638671875 0.1518987341772152 0.46875 0.15664556962025317
0  0.48828125 0.16534810126582278 0.01171875 0.02689873417721519 0.4853515625 0.1629746835443038 0.4912109375 0.1629746835443038 0.48828125 0.16772151898734178 0.4853515625 0.17246835443037975 0.4921875 0.17246835443037975
0  0.53564453125 0.17088607594936708 0.0107421875 0.0189873417721519 0.5330849609375 0.16821518987341771 0.5372275390625 0.16808227848101265 0.53515625 0.1734509493670886 0.5335 0.1755981012658228 0.5372275390625 0.1754636075949367
0  0.48486328125 0.2120253164556962 0.0126953125 0.03164556962025317 0.4822255859375 0.2108243670886076 0.4877890625 0.21123417721518986 0.4850068359375 0.21696993670886075 0.48260546875 0.22086234177215192 0.487283203125 0.22106645569620254
0  0.49462890625 0.2697784810126582 0.0126953125 0.030063291139240507 0.4908447265625 0.26938291139240506 0.497314453125 0.26938291139240506 0.494140625 0.2755142405063291 0.4913330078125 0.28085443037974683 0.4971923828125 0.28085443037974683
0  0.53759765625 0.2563291139240506 0.0107421875 0.0189873417721519 0.5341796875 0.25316455696202533 0.5400390625 0.25316455696202533 0.537109375 0.2579113924050633 0.53515625 0.2626582278481013 0.5400390625 0.26424050632911394
0  0.53271484375 0.2911392405063291 0.0146484375 0.03481012658227848 0.5281806640625 0.288878164556962 0.533900390625 0.2884272151898734 0.5308310546875 0.29565981012658227 0.5297158203125 0.30040664556962027 0.5345986328125 0.29927689873417723
0  0.5791015625 0.25316455696202533 0.013671875 0.03164556962025317 0.57568359375 0.2511867088607595 0.58251953125 0.2511867088607595 0.5791015625 0.2600870253164557 0.5762939453125 0.26404272151898733 0.5826416015625 0.26364715189873417
0  0.55029296875 0.2175632911392405 0.0107421875 0.023734177215189875 0.5483876953125 0.2165886075949367 0.553501953125 0.2165886075949367 0.5506943359375 0.22194936708860757 0.5495908203125 0.2253623417721519 0.552900390625 0.22503639240506332
0  0.60205078125 0.22468354430379747 0.0126953125 0.03164556962025317 0.5975341796875 0.22389240506329114 0.603982421875 0.22389240506329114 0.600568359375 0.2294240506329114 0.598798828125 0.23393037974683542 0.60385546875 0.23393037974683542
0  0.5087890625 0.3575949367088608 0.013671875 0.028481012658227847 0.505126953125 0.35594145569620256 0.512041015625 0.356493670886076 0.508640625 0.36237025316455695 0.504787109375 0.365125 0.511587890625 0.36622626582278484
0  0.58447265625 0.32199367088607594 0.0126953125 0.02689873417721519 0.5816435546875 0.3188227848101266 0.587419921875 0.31935126582278484 0.5842587890625 0.3258860759493671 0.582515625 0.32959493670886075 0.5861123046875 0.32959493670886075
0  0.5546875 0.3694620253164557 0.015625 0.03322784810126582 0.55044140625 0.366128164556962 0.557111328125 0.3663401898734177 0.5531875 0.37481645569620253 0.5512255859375 0.37820727848101265 0.55645703125 0.37863132911392405
0  0.57470703125 0.4208860759493671 0.0126953125 0.02531645569620253 0.5693056640625 0.4192832278481013 0.5749208984375 0.41765822784810125 0.5720126953125 0.4248069620253165 0.571611328125 0.4287056962025317 0.5753212890625 0.4277310126582279
0  0.60791015625 0.35680379746835444 0.0146484375 0.030063291139240507 0.6058349609375 0.3528481012658228 0.6112060546875 0.3528481012658228 0.607421875 0.3583860759493671 0.6065673828125 0.36333069620253167 0.610595703125 0.3627373417721519
0  0.6572265625 0.3299050632911392 0.013671875 0.030063291139240507 0.6541748046875 0.3275316455696203 0.6602783203125 0.32772943037974683 0.6571044921875 0.332871835443038 0.654296875 0.33643196202531644 0.6595458984375 0.33643196202531644
0  0.6279296875 0.27689873417721517 0.013671875 0.022151898734177215 0.62515234375 0.27294303797468356 0.631103515625 0.2723496835443038 0.6285400390625 0.2781344936708861 0.6264345703125 0.28377215189873417 0.630462890625 0.2833259493670886
0  0.63671875 0.4240506329113924 0.013671875 0.028481012658227847 0.63273828125 0.42008069620253163 0.6398232421875 0.4183148734177215 0.6368798828125 0.4262610759493671 0.6335009765625 0.4306772151898734 0.6397138671875 0.4306772151898734
0  0.58544921875 0.4564873417721519 0.0146484375 0.03322784810126582 0.5813115234375 0.4534208860759494 0.5880693359375 0.45407911392405065 0.584150390625 0.46174208860759497 0.5811767578125 0.46393196202531645 0.5875283203125 0.4641518987341772
0  0.6279296875 0.4920886075949367 0.015625 0.03164556962025317 0.6240234375 0.49050632911392406 0.6318359375 0.4889240506329114 0.6279296875 0.495253164556962 0.623046875 0.5031645569620253 0.630859375 0.504746835443038
0  0.673828125 0.47705696202531644 0.017578125 0.03955696202531646 0.6719443359375 0.47499367088607597 0.6774375 0.47499367088607597 0.6741416015625 0.4818607594936709 0.67021875 0.4846582278481012 0.6775947265625 0.4841487341772152
0  0.72216796875 0.49287974683544306 0.0166015625 0.03322784810126582 0.7197265625 0.4873417721518987 0.7265625 0.4889240506329114 0.7236328125 0.4936708860759494 0.71875 0.5 0.7265625 0.5031645569620253
0  0.7666015625 0.4762658227848101 0.015625 0.03164556962025317 0.7635849609375 0.4724018987341772 0.770412109375 0.4719920886075949 0.7658603515625 0.47834177215189877 0.7630791015625 0.4840791139240506 0.77028515625 0.4840791139240506
0  0.78369140625 0.509493670886076 0.0146484375 0.03164556962025317 0.77734375 0.5015822784810127 0.787109375 0.5015822784810127 0.7822265625 0.509493670886076 0.7783203125 0.5158227848101266 0.787109375 0.5174050632911392
0  0.751953125 0.5680379746835443 0.015625 0.03164556962025317 0.74868359375 0.5624287974683544 0.755615234375 0.5626408227848101 0.751560546875 0.5706946202531645 0.748814453125 0.5734493670886076 0.755484375 0.5734493670886076
0  0.7216796875 0.5498417721518988 0.015625 0.030063291139240507 0.7186279296875 0.5464794303797469 0.724853515625 0.5470727848101266 0.721435546875 0.5532041139240507 0.7186279296875 0.5567642405063291 0.7254638671875 0.5567642405063291
0  0.68798828125 0.5704113924050633 0.0166015625 0.03639240506329114 0.683703125 0.5655158227848102 0.6914716796875 0.5662151898734178 0.6872998046875 0.5750727848101266 0.683703125 0.5788037974683544 0.6903203125 0.5797357594936708
0  0.6708984375 0.5284810126582279 0.017578125 0.03164556962025317 0.6669794921875 0.5250268987341772 0.6735537109375 0.5233876582278482 0.670013671875 0.5311724683544304 0.667611328125 0.5356787974683545 0.6739326171875 0.5340395569620253
0  0.62939453125 0.5656645569620253 0.0185546875 0.03955696202531646 0.62496484375 0.5620759493670886 0.63187109375 0.5623306962025316 0.6276328125 0.5691962025316456 0.624494140625 0.5740284810126582 0.631556640625 0.5740284810126582
0  0.61474609375 0.6352848101265823 0.0166015625 0.030063291139240507 0.6104736328125 0.6318512658227848 0.6170654296875 0.6312800632911393 0.6140048828125 0.6389082278481013 0.610591796875 0.6423417721518987 0.6178896484375 0.640625
0  0.6875 0.6550632911392406 0.015625 0.03481012658227848 0.6845703125 0.6518987341772152 0.693359375 0.6582278481012658 0.6875 0.6598101265822784 0.6826171875 0.6629746835443038 0.689453125 0.6677215189873418
0  0.8046875 0.6194620253164557 0.015625 0.030063291139240507 0.800314453125 0.617498417721519 0.807376953125 0.6186424050632912 0.8021982421875 0.6249367088607595 0.801962890625 0.6279873417721519 0.808201171875 0.6285601265822784
0  0.8515625 0.6914556962025317 0.017578125 0.0379746835443038 0.8460390625 0.6872025316455697 0.854736328125 0.6884398734177215 0.850158203125 0.6965981012658228 0.847259765625 0.7032737341772152 0.8529052734375 0.7030253164556962
0  0.693359375 0.3947784810126582 0.015625 0.02689873417721519 0.690638671875 0.38805379746835444 0.697021484375 0.38873259493670886 0.6929404296875 0.39449525316455697 0.6900107421875 0.3994129746835443 0.6968125 0.3977167721518987
0  0.71337890625 0.44699367088607594 0.0146484375 0.030063291139240507 0.7093505859375 0.4428401898734177 0.716796875 0.4442246835443038 0.7127685546875 0.450751582278481 0.708984375 0.45569620253164556 0.71630859375 0.45628955696202533
0  0.748046875 0.3876582278481013 0.015625 0.028481012658227847 0.743556640625 0.3852705696202532 0.750130859375 0.3849034810126582 0.7466171875 0.39133069620253164 0.744009765625 0.39555537974683547 0.749564453125 0.39482120253164554
0  0.77978515625 0.4224683544303797 0.0146484375 0.0379746835443038 0.77685546875 0.4192056962025316 0.7835693359375 0.4209351265822785 0.77944921875 0.4278575949367089 0.775634765625 0.43131962025316456 0.7825009765625 0.43156645569620256
0  0.544921875 0.11234177215189874 0.01171875 0.02531645569620253 0.5422275390625 0.1104493670886076 0.547119140625 0.10936075949367088 0.54510546875 0.1158876582278481 0.5438583984375 0.11899525316455696 0.5468310546875 0.11821835443037974
0  0.572265625 0.1518987341772152 0.01171875 0.02531645569620253 0.56955859375 0.14980854430379748 0.574271484375 0.14915822784810126 0.5718642578125 0.15451898734177216 0.570259765625 0.15825632911392404 0.57437109375 0.15809335443037975
0  0.58837890625 0.17563291139240506 0.0107421875 0.02531645569620253 0.5849609375 0.17246835443037975 0.591796875 0.17088607594936708 0.5888671875 0.17563291139240506 0.5859375 0.1819620253164557 0.591796875 0.1819620253164557
0  0.626953125 0.14715189873417722 0.01171875 0.02531645569620253 0.6237099609375 0.14664398734177214 0.629150390625 0.14647310126582277 0.6255927734375 0.1510506329113924 0.6233955078125 0.15393354430379746 0.6273720703125 0.15376424050632911
0  0.63330078125 0.10996835443037975 0.0107421875 0.02689873417721519 0.6301962890625 0.10591455696202531 0.6351015625 0.10609018987341773 0.6325947265625 0.11103481012658228 0.6304150390625 0.11368354430379747 0.6347744140625 0.11350791139240506
0  0.6494140625 0.19145569620253164 0.01171875 0.028481012658227847 0.6476181640625 0.19084177215189874 0.6524130859375 0.1906645569620253 0.6496884765625 0.19490348101265823 0.6478359375 0.1989651898734177 0.6519775390625 0.1989651898734177
0  0.66259765625 0.23971518987341772 0.0126953125 0.02689873417721519 0.6591796875 0.23734177215189872 0.6650390625 0.23734177215189872 0.662109375 0.24208860759493672 0.66015625 0.2468354430379747 0.6650390625 0.24525316455696203
0  0.68798828125 0.28322784810126583 0.0126953125 0.028481012658227847 0.6850107421875 0.28033860759493673 0.690189453125 0.28071993670886075 0.68701171875 0.2877768987341772 0.6850107421875 0.2906376582278481 0.68971875 0.2910189873417722
0  0.69091796875 0.33069620253164556 0.0126953125 0.028481012658227847 0.6922783203125 0.3316851265822785 0.688197265625 0.33131803797468357 0.687630859375 0.34049999999999997 0.6898974609375 0.3375617088607595 0.6920517578125 0.3412357594936709
0  0.72998046875 0.3069620253164557 0.0126953125 0.03164556962025317 0.7274521484375 0.30555696202531646 0.7331416015625 0.3053512658227848 0.72998046875 0.3121107594936709 0.72719921875 0.3139556962025316 0.7335205078125 0.31375
0  0.6982421875 0.17563291139240506 0.01171875 0.02531645569620253 0.6953125 0.17405063291139242 0.701171875 0.17246835443037975 0.6982421875 0.17721518987341772 0.6962890625 0.1819620253164557 0.701171875 0.18037974683544303
0  0.73779296875 0.21518987341772153 0.0146484375 0.028481012658227847 0.7353779296875 0.21121993670886077 0.7413857421875 0.21140348101265824 0.7388916015625 0.2169129746835443 0.73651171875 0.22132120253164558 0.7414990234375 0.22132120253164558
0  0.806640625 0.20332278481012658 0.013671875 0.02689873417721519 0.803375 0.1985617088607595 0.8091513671875 0.19962183544303796 0.8057734375 0.20703797468354432 0.8031572265625 0.2096867088607595 0.8080615234375 0.21039398734177214
0  0.80712890625 0.2689873417721519 0.0146484375 0.02531645569620253 0.8037109375 0.26424050632911394 0.810546875 0.26582278481012656 0.806640625 0.2689873417721519 0.8037109375 0.2737341772151899 0.8095703125 0.27531645569620256
0  0.787109375 0.3212025316455696 0.013671875 0.028481012658227847 0.7848076171875 0.31863132911392406 0.7910419921875 0.3180806962025316 0.7879814453125 0.32506012658227845 0.7853740234375 0.3290996835443038 0.790361328125 0.3285490506329114
0  0.71240234375 0.37183544303797467 0.0146484375 0.03164556962025317 0.7095595703125 0.3709873417721519 0.71596875 0.3705632911392405 0.7130908203125 0.37649683544303797 0.7106064453125 0.3798876582278481 0.71518359375 0.3798876582278481
0  0.90673828125 0.6613924050632911 0.0185546875 0.03481012658227848 0.902623046875 0.6534810126582279 0.912388671875 0.658001582278481 0.9044365234375 0.6668180379746835 0.901087890625 0.6695300632911392 0.906529296875 0.6726946202531645
0  0.9326171875 0.5933544303797469 0.017578125 0.04113924050632911 0.92664453125 0.5874778481012658 0.933271484375 0.5904303797468354 0.9269755859375 0.596871835443038 0.9278037109375 0.604120253164557 0.932939453125 0.6035822784810126
0  0.91064453125 0.5213607594936709 0.0166015625 0.03639240506329114 0.906904296875 0.5192626582278481 0.9151044921875 0.5206613924050633 0.9105009765625 0.5278876582278481 0.90647265625 0.5290537974683545 0.91409765625 0.5304525316455696
0  0.86669921875 0.5783227848101266 0.0166015625 0.03639240506329114 0.861607421875 0.5734272151898734 0.8698076171875 0.5745933544303797 0.8652041015625 0.5832183544303797 0.862470703125 0.5881139240506329 0.868224609375 0.5892784810126582
0  0.8427734375 0.5181962025316456 0.015625 0.03639240506329114 0.8386884765625 0.514748417721519 0.8471767578125 0.5152151898734177 0.8434365234375 0.5226740506329114 0.8395517578125 0.530134493670886 0.8466015625 0.528501582278481
0  0.818359375 0.4129746835443038 0.013671875 0.028481012658227847 0.814453125 0.41139240506329117 0.8232421875 0.41455696202531644 0.8193359375 0.4161392405063291 0.814453125 0.4208860759493671 0.8203125 0.4240506329113924
0  0.83251953125 0.47072784810126583 0.0166015625 0.03322784810126582 0.826171875 0.4699367088607595 0.8330078125 0.47310126582278483 0.8291015625 0.47468354430379744 0.826171875 0.47943037974683544 0.833984375 0.4810126582278481
0  0.86962890625 0.4026898734177215 0.0146484375 0.030063291139240507 0.8663330078125 0.40189873417721517 0.872802734375 0.40308544303797467 0.8697509765625 0.4084256329113924 0.8660888671875 0.41218354430379744 0.8712158203125 0.41337025316455694
0  0.89697265625 0.46044303797468356 0.0185546875 0.03164556962025317 0.891662109375 0.4565791139240506 0.899880859375 0.4569889240506329 0.8953291015625 0.461495253164557 0.8925478515625 0.4676408227848101 0.8987421875 0.4676408227848101
0  0.8974609375 0.23180379746835442 0.013671875 0.023734177215189875 0.8928486328125 0.22822943037974686 0.8985634765625 0.22774208860759493 0.8949541015625 0.23570253164556962 0.894251953125 0.23976424050632913 0.8976611328125 0.23960284810126584
0  0.9111328125 0.3552215189873418 0.015625 0.03322784810126582 0.90733984375 0.348496835443038 0.9133564453125 0.3504034810126582 0.908125 0.35485443037974684 0.9061630859375 0.35993987341772155 0.911263671875 0.3612120253164557
0  0.8486328125 0.3299050632911392 0.013671875 0.03322784810126582 0.8458466796875 0.329248417721519 0.8526044921875 0.32946677215189873 0.8485498046875 0.33713132911392407 0.8461171875 0.33932120253164555 0.850982421875 0.3397594936708861
