0  0.10546875 0.20442708333333334 0.01171875 0.020833333333333332 -0.0009765625 -0.0013020833333333333 -0.0009765625 -0.0013020833333333333 -0.0009765625 -0.0013020833333333333 -0.0009765625 -0.0013020833333333333 -0.0009765625 -0.0013020833333333333
0  0.177734375 0.17708333333333334 0.015625 0.026041666666666668 0.1750791015625 0.17491536458333334 0.18152734375 0.17491536458333334 0.1788720703125 0.1796354166666667 0.17634375 0.18334375 0.181021484375 0.18368098958333334
0  0.0859375 0.189453125 0.01171875 0.014322916666666666 -0.0009765625 -0.0013020833333333333 -0.0009765625 -0.0013020833333333333 -0.0009765625 -0.0013020833333333333 -0.0009765625 -0.0013020833333333333 -0.0009765625 -0.0013020833333333333
0  0.07470703125 0.2109375 0.0107421875 0.0234375 -0.0009765625 -0.0013020833333333333 -0.0009765625 -0.0013020833333333333 -0.0009765625 -0.0013020833333333333 -0.0009765625 -0.0013020833333333333 -0.0009765625 -0.0013020833333333333
0  0.2587890625 0.23697916666666666 0.01953125 0.03125 0.2508896484375 0.23381640625 0.25800390625 0.23302604166666666 0.25296484375 0.23974609375 0.2520751953125 0.24646614583333334 0.2590419921875 0.24626822916666666
0  0.14892578125 0.20638020833333334 0.0107421875 0.01953125 -0.0009765625 -0.0013020833333333333 -0.0009765625 -0.0013020833333333333 -0.0009765625 -0.0013020833333333333 -0.0009765625 -0.0013020833333333333 -0.0009765625 -0.0013020833333333333
0  0.162109375 0.177734375 0.0078125 0.014322916666666666 -0.0009765625 -0.0013020833333333333 -0.0009765625 -0.0013020833333333333 -0.0009765625 -0.0013020833333333333 -0.0009765625 -0.0013020833333333333 -0.0009765625 -0.0013020833333333333
0  0.5078125 0.2884114583333333 0.029296875 0.04296875 0.495814453125 0.2830169270833333 0.50732421875 0.2802265625 0.4995810546875 0.2897135416666667 0.49853515625 0.3008736979166667 0.505650390625 0.2989205729166667
0  0.45458984375 0.24869791666666666 0.0244140625 0.0390625 0.4449462890625 0.24422135416666668 0.4544677734375 0.24373437499999998 0.4482421875 0.2508138020833333 0.44805859375 0.259359375 0.4552001953125 0.2591145833333333
0  0.41064453125 0.23697916666666666 0.0146484375 0.0234375 0.4073310546875 0.23287500000000003 0.4152177734375 0.23413020833333334 0.4102744140625 0.2382109375 0.4125107421875 0.24260546875 0.4081552734375 0.24260546875
0  0.44970703125 0.19205729166666666 0.0166015625 0.022135416666666668 -0.0009765625 -0.0013020833333333333 -0.0009765625 -0.0013020833333333333 -0.0009765625 -0.0013020833333333333 -0.0009765625 -0.0013020833333333333 -0.0009765625 -0.0013020833333333333
0  0.5439453125 0.19205729166666666 0.015625 0.022135416666666668 -0.0009765625 -0.0013020833333333333 -0.0009765625 -0.0013020833333333333 -0.0009765625 -0.0013020833333333333 -0.0009765625 -0.0013020833333333333 -0.0009765625 -0.0013020833333333333
0  0.41650390625 0.3151041666666667 0.0263671875 0.0390625 0.406568359375 0.3094544270833333 0.41706640625 0.30870442708333334 0.408443359375 0.315203125 0.406943359375 0.32395182291666663 0.4135048828125 0.32395182291666663
0  0.16845703125 0.15559895833333334 0.0068359375 0.014322916666666666 -0.0009765625 -0.0013020833333333333 -0.0009765625 -0.0013020833333333333 -0.0009765625 -0.0013020833333333333 -0.0009765625 -0.0013020833333333333 -0.0009765625 -0.0013020833333333333
0  0.18896484375 0.15950520833333334 0.0068359375 0.014322916666666666 -0.0009765625 -0.0013020833333333333 -0.0009765625 -0.0013020833333333333 -0.0009765625 -0.0013020833333333333 -0.0009765625 -0.0013020833333333333 -0.0009765625 -0.0013020833333333333
0  0.8271484375 0.16471354166666666 0.029296875 0.048177083333333336 0.8314208984375 0.15771484375 0.84003515625 0.15650520833333334 0.84003515625 0.16678255208333334 0.8311943359375 0.17615364583333334 0.8384482421875 0.1758515625
0  0.85595703125 0.15625 0.0185546875 0.028645833333333332 0.8527138671875 0.15523828125 0.8602822265625 0.15235546875 0.856767578125 0.16010416666666666 0.8543349609375 0.164609375 0.8610927734375 0.16316666666666665
0  0.685546875 0.197265625 0.02734375 0.04296875 0.6741201171875 0.1905 0.68498046875 0.18995312499999997 0.6773984375 0.19896875 0.675349609375 0.2077109375 0.68231640625 0.2077109375
0  0.6005859375 0.18424479166666666 0.0234375 0.03515625 -0.0009765625 -0.0013020833333333333 -0.0009765625 -0.0013020833333333333 -0.0009765625 -0.0013020833333333333 -0.0009765625 -0.0013020833333333333 -0.0009765625 -0.0013020833333333333
0  0.6826171875 0.2682291666666667 0.025390625 0.041666666666666664 0.6733046875 0.2626145833333333 0.687142578125 0.26100911458333337 0.6763134765625 0.266625 0.6755107421875 0.278390625 0.6813271484375 0.27758854166666663
0  0.771484375 0.5052083333333334 0.044921875 0.06770833333333333 0.7566748046875 0.4990403645833333 0.77704296875 0.4998893229166667 0.7624033203125 0.5092252604166666 0.7569931640625 0.5266223958333334 0.7729052734375 0.5274713541666667
0  0.90087890625 0.431640625 0.0322265625 0.053385416666666664 0.8920458984375 0.42660677083333337 0.9082294921875 0.4232356770833334 0.9006435546875 0.4357096354166667 0.8958388671875 0.4488580729166667 0.9077236328125 0.4471731770833333
0  0.9560546875 0.458984375 0.03515625 0.055989583333333336 0.939888671875 0.4572526041666667 0.95286328125 0.45220703125 0.9407001953125 0.4655416666666667 0.9434033203125 0.478515625 0.95286328125 0.47455078125
0  0.1298828125 0.2513020833333333 0.017578125 0.03125 -0.0009765625 -0.0013020833333333333 -0.0009765625 -0.0013020833333333333 -0.0009765625 -0.0013020833333333333 -0.0009765625 -0.0013020833333333333 -0.0009765625 -0.0013020833333333333
0  0.41943359375 0.171875 0.0126953125 0.018229166666666668 -0.0009765625 -0.0013020833333333333 -0.0009765625 -0.0013020833333333333 -0.0009765625 -0.0013020833333333333 -0.0009765625 -0.0013020833333333333 -0.0009765625 -0.0013020833333333333
0  0.3916015625 0.060546875 0.00390625 0.006510416666666667 -0.0009765625 -0.0013020833333333333 -0.0009765625 -0.0013020833333333333 -0.0009765625 -0.0013020833333333333 -0.0009765625 -0.0013020833333333333 -0.0009765625 -0.0013020833333333333
0  0.42333984375 0.06575520833333333 0.0087890625 0.01171875 -0.0009765625 -0.0013020833333333333 -0.0009765625 -0.0013020833333333333 -0.0009765625 -0.0013020833333333333 -0.0009765625 -0.0013020833333333333 -0.0009765625 -0.0013020833333333333
0  0.455078125 0.119140625 0.005859375 0.009114583333333334 -0.0009765625 -0.0013020833333333333 -0.0009765625 -0.0013020833333333333 -0.0009765625 -0.0013020833333333333 -0.0009765625 -0.0013020833333333333 -0.0009765625 -0.0013020833333333333
0  0.7197265625 0.20768229166666666 0.01953125 0.032552083333333336 -0.0009765625 -0.0013020833333333333 -0.0009765625 -0.0013020833333333333 -0.0009765625 -0.0013020833333333333 -0.0009765625 -0.0013020833333333333 -0.0009765625 -0.0013020833333333333
0  0.6689453125 0.19921875 0.017578125 0.028645833333333332 0.662806640625 0.19587109375 0.6695029296875 0.19549869791666666 0.6654580078125 0.19959114583333334 0.664341796875 0.20647265625 0.667689453125 0.20647265625
0  0.55615234375 0.2513020833333333 0.0263671875 0.033854166666666664 0.54612109375 0.2456341145833333 0.5571728515625 0.24495442708333334 0.549181640625 0.25379557291666666 0.5483310546875 0.26218359375 0.55615234375 0.26127734375
0  0.76025390625 0.134765625 0.0146484375 0.024739583333333332 0.7569580078125 0.131265625 0.7643740234375 0.13063802083333334 0.7601357421875 0.13440494791666666 0.757546875 0.14068359375 0.763431640625 0.1400546875
0  0.0810546875 0.267578125 0.015625 0.024739583333333332 -0.0009765625 -0.0013020833333333333 -0.0009765625 -0.0013020833333333333 -0.0009765625 -0.0013020833333333333 -0.0009765625 -0.0013020833333333333 -0.0009765625 -0.0013020833333333333
0  0.9501953125 0.13541666666666666 0.03125 0.03125 -0.0009765625 -0.0013020833333333333 -0.0009765625 -0.0013020833333333333 -0.0009765625 -0.0013020833333333333 -0.0009765625 -0.0013020833333333333 -0.0009765625 -0.0013020833333333333
0  0.8642578125 0.046875 0.0078125 0.010416666666666666 -0.0009765625 -0.0013020833333333333 -0.0009765625 -0.0013020833333333333 -0.0009765625 -0.0013020833333333333 -0.0009765625 -0.0013020833333333333 -0.0009765625 -0.0013020833333333333
0  0.89208984375 0.10416666666666667 0.0126953125 0.020833333333333332 -0.0009765625 -0.0013020833333333333 -0.0009765625 -0.0013020833333333333 -0.0009765625 -0.0013020833333333333 -0.0009765625 -0.0013020833333333333 -0.0009765625 -0.0013020833333333333
0  0.81591796875 0.09375 0.0068359375 0.010416666666666666 -0.0009765625 -0.0013020833333333333 -0.0009765625 -0.0013020833333333333 -0.0009765625 -0.0013020833333333333 -0.0009765625 -0.0013020833333333333 -0.0009765625 -0.0013020833333333333
0  0.802734375 0.087890625 0.005859375 0.009114583333333334 -0.0009765625 -0.0013020833333333333 -0.0009765625 -0.0013020833333333333 -0.0009765625 -0.0013020833333333333 -0.0009765625 -0.0013020833333333333 -0.0009765625 -0.0013020833333333333
0  0.30224609375 0.12630208333333334 0.0087890625 0.015625 -0.0009765625 -0.0013020833333333333 -0.0009765625 -0.0013020833333333333 -0.0009765625 -0.0013020833333333333 -0.0009765625 -0.0013020833333333333 -0.0009765625 -0.0013020833333333333
0  0.3623046875 0.09049479166666667 0.00390625 0.006510416666666667 -0.0009765625 -0.0013020833333333333 -0.0009765625 -0.0013020833333333333 -0.0009765625 -0.0013020833333333333 -0.0009765625 -0.0013020833333333333 -0.0009765625 -0.0013020833333333333
0  0.31982421875 0.083984375 0.0048828125 0.006510416666666667 -0.0009765625 -0.0013020833333333333 -0.0009765625 -0.0013020833333333333 -0.0009765625 -0.0013020833333333333 -0.0009765625 -0.0013020833333333333 -0.0009765625 -0.0013020833333333333
0  0.20947265625 0.12825520833333334 0.0087890625 0.014322916666666666 -0.0009765625 -0.0013020833333333333 -0.0009765625 -0.0013020833333333333 -0.0009765625 -0.0013020833333333333 -0.0009765625 -0.0013020833333333333 -0.0009765625 -0.0013020833333333333
0  0.19580078125 0.12760416666666666 0.0107421875 0.015625 -0.0009765625 -0.0013020833333333333 -0.0009765625 -0.0013020833333333333 -0.0009765625 -0.0013020833333333333 -0.0009765625 -0.0013020833333333333 -0.0009765625 -0.0013020833333333333
0  0.3720703125 0.12565104166666666 0.009765625 0.01171875 -0.0009765625 -0.0013020833333333333 -0.0009765625 -0.0013020833333333333 -0.0009765625 -0.0013020833333333333 -0.0009765625 -0.0013020833333333333 -0.0009765625 -0.0013020833333333333
0  0.35693359375 0.11002604166666667 0.0048828125 0.006510416666666667 -0.0009765625 -0.0013020833333333333 -0.0009765625 -0.0013020833333333333 -0.0009765625 -0.0013020833333333333 -0.0009765625 -0.0013020833333333333 -0.0009765625 -0.0013020833333333333
0  0.3984375 0.076171875 0.005859375 0.01171875 -0.0009765625 -0.0013020833333333333 -0.0009765625 -0.0013020833333333333 -0.0009765625 -0.0013020833333333333 -0.0009765625 -0.0013020833333333333 -0.0009765625 -0.0013020833333333333
0  0.3525390625 0.25390625 0.0234375 0.0390625 0.342603515625 0.2502552083333333 0.3529140625 0.24925651041666666 0.3457900390625 0.2542552083333333 0.343353515625 0.2637526041666667 0.3508515625 0.26400260416666665
0  0.00732421875 0.3235677083333333 0.0146484375 0.02734375 -0.0009765625 -0.0013020833333333333 -0.0009765625 -0.0013020833333333333 -0.0009765625 -0.0013020833333333333 -0.0009765625 -0.0013020833333333333 -0.0009765625 -0.0013020833333333333
0  0.44580078125 0.16015625 0.0068359375 0.013020833333333334 -0.0009765625 -0.0013020833333333333 -0.0009765625 -0.0013020833333333333 -0.0009765625 -0.0013020833333333333 -0.0009765625 -0.0013020833333333333 -0.0009765625 -0.0013020833333333333
0  0.44775390625 0.14518229166666666 0.0068359375 0.014322916666666666 0.445033203125 0.1436015625 0.4482421875 0.1436015625 0.446568359375 0.14564713541666666 0.4457314453125 0.14769401041666666 0.447474609375 0.14769401041666666
0  0.4892578125 0.13020833333333334 0.005859375 0.010416666666666666 -0.0009765625 -0.0013020833333333333 -0.0009765625 -0.0013020833333333333 -0.0009765625 -0.0013020833333333333 -0.0009765625 -0.0013020833333333333 -0.0009765625 -0.0013020833333333333
0  0.5048828125 0.13671875 0.01171875 0.020833333333333332 0.50319140625 0.13580078125 0.508205078125 0.13459765625 0.50680078125 0.13954427083333334 0.505296875 0.14301953125 0.5087060546875 0.1423515625
0  0.52001953125 0.14453125 0.0068359375 0.013020833333333334 -0.0009765625 -0.0013020833333333333 -0.0009765625 -0.0013020833333333333 -0.0009765625 -0.0013020833333333333 -0.0009765625 -0.0013020833333333333 -0.0009765625 -0.0013020833333333333
0  0.5341796875 0.13346354166666666 0.01171875 0.01953125 -0.0009765625 -0.0013020833333333333 -0.0009765625 -0.0013020833333333333 -0.0009765625 -0.0013020833333333333 -0.0009765625 -0.0013020833333333333 -0.0009765625 -0.0013020833333333333
0  0.4990234375 0.181640625 0.013671875 0.01953125 -0.0009765625 -0.0013020833333333333 -0.0009765625 -0.0013020833333333333 -0.0009765625 -0.0013020833333333333 -0.0009765625 -0.0013020833333333333 -0.0009765625 -0.0013020833333333333
0  0.98095703125 0.330078125 0.0380859375 0.06640625 0.9693427734375 0.3223125 0.988490234375 0.3223125 0.97562109375 0.33444921875000005 0.9712265625 0.3482604166666667 0.9847236328125 0.3499348958333333
0  0.564453125 0.7272135416666666 0.0625 0.07682291666666667 0.54571484375 0.7207434895833332 0.567931640625 0.7180989583333334 0.554443359375 0.7471927083333334 0.5596005859375 0.7514244791666668 0.5750732421875 0.7477213541666666
0  0.52783203125 0.087890625 0.0048828125 0.009114583333333334 -0.0009765625 -0.0013020833333333333 -0.0009765625 -0.0013020833333333333 -0.0009765625 -0.0013020833333333333 -0.0009765625 -0.0013020833333333333 -0.0009765625 -0.0013020833333333333
0  0.5302734375 0.10677083333333333 0.005859375 0.010416666666666666 -0.0009765625 -0.0013020833333333333 -0.0009765625 -0.0013020833333333333 -0.0009765625 -0.0013020833333333333 -0.0009765625 -0.0013020833333333333 -0.0009765625 -0.0013020833333333333
0  0.470703125 0.14192708333333334 0.0078125 0.013020833333333334 -0.0009765625 -0.0013020833333333333 -0.0009765625 -0.0013020833333333333 -0.0009765625 -0.0013020833333333333 -0.0009765625 -0.0013020833333333333 -0.0009765625 -0.0013020833333333333
0  0.4033203125 0.14713541666666666 0.005859375 0.010416666666666666 -0.0009765625 -0.0013020833333333333 -0.0009765625 -0.0013020833333333333 -0.0009765625 -0.0013020833333333333 -0.0009765625 -0.0013020833333333333 -0.0009765625 -0.0013020833333333333
0  0.57177734375 0.08463541666666667 0.0048828125 0.010416666666666666 -0.0009765625 -0.0013020833333333333 -0.0009765625 -0.0013020833333333333 -0.0009765625 -0.0013020833333333333 -0.0009765625 -0.0013020833333333333 -0.0009765625 -0.0013020833333333333
0  0.38037109375 0.6640625 0.0478515625 0.0703125 0.3600771484375 0.6490885416666666 0.3788759765625 0.6495364583333333 0.3620908203125 0.6665442708333333 0.361419921875 0.6817630208333334 0.371826171875 0.6813151041666666
0  0.25927734375 0.630859375 0.0478515625 0.07161458333333333 0.238583984375 0.62015625 0.257314453125 0.6204427083333334 0.24291015625 0.6369921875 0.242431640625 0.6478645833333333 0.25779296875 0.6477604166666667
0  0.3486328125 0.4251302083333333 0.033203125 0.053385416666666664 0.3327197265625 0.41841015625 0.3473857421875 0.4167252604166667 0.33777734375 0.4278502604166667 0.3347431640625 0.4393138020833333 0.3435927734375 0.4393138020833333
0  0.49853515625 0.4205729166666667 0.0380859375 0.052083333333333336 0.48189453125 0.4126328125 0.4975498046875 0.41230078124999997 0.4863671875 0.42389843749999995 0.4846279296875 0.4358255208333333 0.4933251953125 0.4358255208333333
0  0.21044921875 0.4147135416666667 0.0341796875 0.05078125 0.193115234375 0.4098307291666667 0.206298828125 0.4108072916666667 0.1982421875 0.41796875 0.19580078125 0.4290364583333333 0.208984375 0.4293619791666667
0  0.09033203125 0.4401041666666667 0.0283203125 0.046875 0.07628125 0.43322786458333334 0.0860634765625 0.43352343750000005 0.0765029296875 0.4427135416666667 0.077392578125 0.45368359374999995 0.085619140625 0.45397916666666666
0  0.1181640625 0.3736979166666667 0.02734375 0.03125 0.10873828125 0.3675651041666667 0.1185693359375 0.3658971354166667 0.111419921875 0.371140625 0.1089169921875 0.38091145833333334 0.114994140625 0.38067317708333337
0  0.20458984375 0.3528645833333333 0.0263671875 0.041666666666666664 0.19226953125 0.3475169270833333 0.2004921875 0.3477838541666667 0.1944755859375 0.35473697916666663 0.19287109375 0.363828125 0.197884765625 0.363828125
0  0.158203125 0.3131510416666667 0.01953125 0.029947916666666668 0.1495146484375 0.30873958333333335 0.156419921875 0.30873958333333335 0.150521484375 0.3143020833333333 0.1503779296875 0.32331770833333334 0.154837890625 0.3231263020833333
0  0.33154296875 0.3359375 0.0244140625 0.041666666666666664 0.321912109375 0.33009505208333334 0.33154296875 0.32845572916666665 0.32478125 0.33692578125 0.32519140625 0.34785416666666663 0.331953125 0.34594140624999997
0  0.05908203125 0.3795572916666667 0.0244140625 0.03515625 0.057599609375 0.37360546874999995 0.0506416015625 0.3711744791666667 0.0499794921875 0.3800104166666667 0.0499794921875 0.3877421875 0.0529609375 0.388625
0  0.0830078125 0.330078125 0.01953125 0.029947916666666668 -0.0009765625 -0.0013020833333333333 -0.0009765625 -0.0013020833333333333 -0.0009765625 -0.0013020833333333333 -0.0009765625 -0.0013020833333333333 -0.0009765625 -0.0013020833333333333
0  0.19091796875 0.259765625 0.0166015625 0.02734375 -0.0009765625 -0.0013020833333333333 -0.0009765625 -0.0013020833333333333 -0.0009765625 -0.0013020833333333333 -0.0009765625 -0.0013020833333333333 -0.0009765625 -0.0013020833333333333
0  0.26171875 0.2955729166666667 0.017578125 0.033854166666666664 0.257080078125 0.2938294270833333 0.2610556640625 0.2947122395833333 0.2537666015625 0.3011184895833333 0.258240234375 0.30619921875 0.26171875 0.30641927083333337
0  0.37109375 0.275390625 0.021484375 0.040364583333333336 0.361869140625 0.2716705729166667 0.3680068359375 0.2701354166666667 0.3624443359375 0.2790872395833333 0.36301953125 0.28752734375 0.3689658203125 0.2870169270833333
0  0.03076171875 0.6829427083333334 0.0458984375 0.06640625 0.0083359375 0.6719101562500001 0.0162919921875 0.67063671875 0.00769921875 0.69355078125 0.02583984375 0.7003411458333333 0.02583984375 0.7003411458333333
0  0.81640625 0.24479166666666666 0.02734375 0.044270833333333336 0.80775390625 0.2365625 0.820126953125 0.23630208333333333 0.812353515625 0.24611979166666667 0.8090234375 0.25626302083333335 0.8187890625 0.2559765625
0  0.42236328125 0.13541666666666666 0.0087890625 0.013020833333333334 -0.0009765625 -0.0013020833333333333 -0.0009765625 -0.0013020833333333333 -0.0009765625 -0.0013020833333333333 -0.0009765625 -0.0013020833333333333 -0.0009765625 -0.0013020833333333333
0  0.81884765625 0.018880208333333332 0.0087890625 0.01171875 -0.0009765625 -0.0013020833333333333 -0.0009765625 -0.0013020833333333333 -0.0009765625 -0.0013020833333333333 -0.0009765625 -0.0013020833333333333 -0.0009765625 -0.0013020833333333333
0  0.5859375 0.08528645833333333 0.0078125 0.01171875 -0.0009765625 -0.0013020833333333333 -0.0009765625 -0.0013020833333333333 -0.0009765625 -0.0013020833333333333 -0.0009765625 -0.0013020833333333333 -0.0009765625 -0.0013020833333333333
0  0.5888671875 0.12369791666666667 0.009765625 0.015625 -0.0009765625 -0.0013020833333333333 -0.0009765625 -0.0013020833333333333 -0.0009765625 -0.0013020833333333333 -0.0009765625 -0.0013020833333333333 -0.0009765625 -0.0013020833333333333
0  0.84521484375 0.1015625 0.0107421875 0.015625 -0.0009765625 -0.0013020833333333333 -0.0009765625 -0.0013020833333333333 -0.0009765625 -0.0013020833333333333 -0.0009765625 -0.0013020833333333333 -0.0009765625 -0.0013020833333333333
0  0.8642578125 0.115234375 0.013671875 0.01953125 -0.0009765625 -0.0013020833333333333 -0.0009765625 -0.0013020833333333333 -0.0009765625 -0.0013020833333333333 -0.0009765625 -0.0013020833333333333 -0.0009765625 -0.0013020833333333333
0  0.8896484375 0.11783854166666667 0.015625 0.022135416666666668 -0.0009765625 -0.0013020833333333333 -0.0009765625 -0.0013020833333333333 -0.0009765625 -0.0013020833333333333 -0.0009765625 -0.0013020833333333333 -0.0009765625 -0.0013020833333333333
0  0.89697265625 0.14453125 0.0185546875 0.03125 0.890076171875 0.140625 0.8972470703125 0.140421875 0.892669921875 0.14672916666666666 0.892517578125 0.15323958333333335 0.8969423828125 0.15222135416666668
0  0.87646484375 0.048828125 0.0087890625 0.014322916666666666 -0.0009765625 -0.0013020833333333333 -0.0009765625 -0.0013020833333333333 -0.0009765625 -0.0013020833333333333 -0.0009765625 -0.0013020833333333333 -0.0009765625 -0.0013020833333333333
0  0.91796875 0.0625 0.009765625 0.015625 -0.0009765625 -0.0013020833333333333 -0.0009765625 -0.0013020833333333333 -0.0009765625 -0.0013020833333333333 -0.0009765625 -0.0013020833333333333 -0.0009765625 -0.0013020833333333333
0  0.79296875 0.08919270833333333 0.0078125 0.01171875 -0.0009765625 -0.0013020833333333333 -0.0009765625 -0.0013020833333333333 -0.0009765625 -0.0013020833333333333 -0.0009765625 -0.0013020833333333333 -0.0009765625 -0.0013020833333333333
0  0.80322265625 0.10872395833333333 0.0107421875 0.016927083333333332 -0.0009765625 -0.0013020833333333333 -0.0009765625 -0.0013020833333333333 -0.0009765625 -0.0013020833333333333 -0.0009765625 -0.0013020833333333333 -0.0009765625 -0.0013020833333333333
0  0.76953125 0.09830729166666667 0.0078125 0.009114583333333334 -0.0009765625 -0.0013020833333333333 -0.0009765625 -0.0013020833333333333 -0.0009765625 -0.0013020833333333333 -0.0009765625 -0.0013020833333333333 -0.0009765625 -0.0013020833333333333
0  0.634765625 0.09114583333333333 0.0078125 0.013020833333333334 -0.0009765625 -0.0013020833333333333 -0.0009765625 -0.0013020833333333333 -0.0009765625 -0.0013020833333333333 -0.0009765625 -0.0013020833333333333 -0.0009765625 -0.0013020833333333333
0  0.61962890625 0.095703125 0.0068359375 0.006510416666666667 -0.0009765625 -0.0013020833333333333 -0.0009765625 -0.0013020833333333333 -0.0009765625 -0.0013020833333333333 -0.0009765625 -0.0013020833333333333 -0.0009765625 -0.0013020833333333333
0  0.71533203125 0.11393229166666667 0.0126953125 0.022135416666666668 -0.0009765625 -0.0013020833333333333 -0.0009765625 -0.0013020833333333333 -0.0009765625 -0.0013020833333333333 -0.0009765625 -0.0013020833333333333 -0.0009765625 -0.0013020833333333333
0  0.748046875 0.08072916666666667 0.009765625 0.013020833333333334 -0.0009765625 -0.0013020833333333333 -0.0009765625 -0.0013020833333333333 -0.0009765625 -0.0013020833333333333 -0.0009765625 -0.0013020833333333333 -0.0009765625 -0.0013020833333333333
0  0.96435546875 0.059895833333333336 0.0107421875 0.018229166666666668 -0.0009765625 -0.0013020833333333333 -0.0009765625 -0.0013020833333333333 -0.0009765625 -0.0013020833333333333 -0.0009765625 -0.0013020833333333333 -0.0009765625 -0.0013020833333333333
0  0.9892578125 0.07552083333333333 0.005859375 0.010416666666666666 -0.0009765625 -0.0013020833333333333 -0.0009765625 -0.0013020833333333333 -0.0009765625 -0.0013020833333333333 -0.0009765625 -0.0013020833333333333 -0.0009765625 -0.0013020833333333333
0  0.39453125 0.18880208333333334 0.013671875 0.020833333333333332 -0.0009765625 -0.0013020833333333333 -0.0009765625 -0.0013020833333333333 -0.0009765625 -0.0013020833333333333 -0.0009765625 -0.0013020833333333333 -0.0009765625 -0.0013020833333333333
