0  0.13427734375 0.3949329359165425 0.0380859375 0.06855439642324888 0.1275546875 0.38640387481371086 0.143140625 0.3868360655737705 0.1354892578125 0.40240387481371087 0.127837890625 0.4084590163934427 0.140873046875 0.40932339791356187
0  0.19873046875 0.4165424739195231 0.0361328125 0.06706408345752608 0.190708984375 0.4128166915052161 0.2060546875 0.4102622950819672 0.1987998046875 0.42388822652757074 0.1948935546875 0.43538450074515644 0.2049384765625 0.43283010432190755
0  0.27685546875 0.4374068554396423 0.0361328125 0.06706408345752608 0.2735771484375 0.42942324888226524 0.2866904296875 0.42984947839046195 0.2808310546875 0.4439001490312966 0.2719033203125 0.45028763040238445 0.2861328125 0.45028763040238445
0  0.3291015625 0.3479880774962742 0.033203125 0.07004470938897168 0.3232421875 0.34277198211624443 0.3388671875 0.34277198211624443 0.33203125 0.3561847988077496 0.322265625 0.3651266766020864 0.337890625 0.3651266766020864
0  0.3486328125 0.43889716840536513 0.02734375 0.05216095380029806 0.3479267578125 0.43815201192250375 0.358826171875 0.43981520119225037 0.355337890625 0.44713412816691506 0.348798828125 0.4547853949329359 0.3572998046875 0.45578241430700445
0  0.3828125 0.4195230998509687 0.03515625 0.07004470938897168 0.375130859375 0.413070044709389 0.388654296875 0.41394783904619975 0.380310546875 0.42975558867362146 0.374267578125 0.4354634873323398 0.3883671875 0.435903129657228
0  0.43359375 0.38077496274217587 0.033203125 0.06408345752608048 0.42634765625 0.371779433681073 0.4401328125 0.37095529061102833 0.4333759765625 0.3849791356184799 0.4266181640625 0.39487928464977645 0.4431064453125 0.39322950819672137
0  0.4716796875 0.4135618479880775 0.0234375 0.043219076005961254 0.466796875 0.4172876304023845 0.4775390625 0.4143070044709389 0.4736328125 0.4232488822652757 0.4677734375 0.43219076005961254 0.4794921875 0.4307004470938897
0  0.5693359375 0.4426229508196721 0.03515625 0.05961251862891207 0.563380859375 0.4335350223546945 0.5758056640625 0.43581073025335315 0.5695927734375 0.44870342771982114 0.5616416015625 0.455150521609538 0.5738173828125 0.4574262295081967
0  0.638671875 0.40014903129657226 0.029296875 0.05812220566318927 0.63134765625 0.39157973174366617 0.645751953125 0.3919523099850969 0.637451171875 0.40722801788375557 0.630859375 0.41318926974664677 0.64453125 0.4124441132637854
0  0.697265625 0.37034277198211624 0.033203125 0.06408345752608048 0.6875869140625 0.36217287630402384 0.70083203125 0.3605230998509687 0.6938037109375 0.37660953800298064 0.6875869140625 0.38403576751117735 0.7011025390625 0.38279731743666173
0  0.77001953125 0.39046199701937406 0.0322265625 0.06259314456035768 0.761814453125 0.38382861400894186 0.77467578125 0.381865871833085 0.7697880859375 0.3932503725782414 0.7641298828125 0.4054187779433681 0.77467578125 0.40384798807749633
0  0.80517578125 0.3263785394932936 0.0302734375 0.04769001490312966 0.7984091796875 0.3223397913561848 0.811357421875 0.3232384500745156 0.8040986328125 0.33042324888226526 0.8001748046875 0.3400044709388972 0.8070419921875 0.3400044709388972
0  0.85986328125 0.4247391952309985 0.0283203125 0.06557377049180328 0.85141015625 0.4181251862891207 0.8640439453125 0.4193830104321908 0.858001953125 0.43195827123695973 0.8505859375 0.4399225037257824 0.8634951171875 0.44117883755588677
0  0.8212890625 0.6222056631892697 0.025390625 0.04918032786885246 0.81494140625 0.6150730253353204 0.826869140625 0.6160312965722802 0.8201728515625 0.6252921013412817 0.816615234375 0.6323189269746646 0.8245673828125 0.6319985096870343
0  0.7041015625 0.587183308494784 0.029296875 0.04769001490312966 0.698708984375 0.5744619970193741 0.71067578125 0.5729657228017884 0.704986328125 0.5879344262295082 0.6991005859375 0.5930253353204173 0.711068359375 0.5936229508196722
0  0.64599609375 0.5782414307004471 0.0302734375 0.05365126676602087 0.640171875 0.5683353204172876 0.653734375 0.5679955290611028 0.6463974609375 0.5791922503725782 0.6408388671875 0.5873368107302533 0.6530673828125 0.585639344262295
