0  0.16943359375 0.4731743666169896 0.0205078125 0.037257824143070044 0.1653525390625 0.46811773472429213 0.175240234375 0.4717108792846497 0.1697470703125 0.4767406855439642 0.1647255859375 0.48081222056631895 0.1727294921875 0.48392548435171384
0  0.21728515625 0.4180327868852459 0.0205078125 0.037257824143070044 0.21412890625 0.4132160953800298 0.2218193359375 0.41345603576751117 0.21758203125 0.42159910581222054 0.2144423828125 0.4273472429210134 0.221662109375 0.4273472429210134
0  0.15673828125 0.4105812220566319 0.0205078125 0.03427719821162444 0.152365234375 0.40360208643815204 0.1632998046875 0.404919523099851 0.158408203125 0.41106706408345756 0.1538046875 0.41831296572280174 0.160421875 0.41875111773472434
0  0.26708984375 0.47391952309985097 0.0205078125 0.03576751117734724 0.2626953125 0.46944858420268254 0.271484375 0.46944858420268254 0.2666015625 0.47540983606557374 0.263671875 0.4843517138599106 0.2705078125 0.4843517138599106
0  0.2255859375 0.5767511177347243 0.021484375 0.041728763040238454 0.2207724609375 0.5718017883755588 0.2303642578125 0.5715350223546944 0.225830078125 0.5805827123695977 0.2218193359375 0.5859061102831594 0.230712890625 0.5859061102831594
0  0.07568359375 0.5387481371087929 0.0205078125 0.040238450074515646 0.07155078125 0.5344634873323398 0.078673828125 0.5324411326378539 0.0751953125 0.5397734724292101 0.074201171875 0.5468524590163935 0.0801650390625 0.5455871833084948
0  0.09375 0.48360655737704916 0.01953125 0.03427719821162444 0.089376953125 0.4787764530551416 0.0977216796875 0.47943517138599107 0.0921103515625 0.48624143070044706 0.08980859375 0.49282861400894185 0.096283203125 0.49326676602086444
0  0.23388671875 0.5216095380029806 0.0205078125 0.038748137108792845 0.2301767578125 0.5156944858420268 0.2379189453125 0.5152026825633383 0.23388671875 0.5238181818181818 0.23162890625 0.5292339791356184 0.2384033203125 0.5292339791356184
0  0.1474609375 0.5529061102831595 0.0234375 0.041728763040238454 0.142787109375 0.5498196721311475 0.1534248046875 0.5503517138599106 0.148193359375 0.5567377049180329 0.1441826171875 0.5641892697466468 0.1522041015625 0.5641892697466468
0  0.36669921875 0.4165424739195231 0.0205078125 0.037257824143070044 0.3611708984375 0.4124441132637854 0.3694892578125 0.4114858420268257 0.365251953125 0.41986885245901645 0.3630546875 0.4272935916542474 0.3704306640625 0.4268152011922503
0  0.349609375 0.4992548435171386 0.021484375 0.03576751117734724 0.345458984375 0.4915230998509687 0.3538515625 0.49059314456035763 0.3497314453125 0.5006050670640835 0.3460693359375 0.5054962742175857 0.355072265625 0.5059612518628912
0  0.3779296875 0.5737704918032787 0.021484375 0.044709388971684055 0.373046875 0.5707898658718331 0.3828125 0.5722801788375559 0.376953125 0.5782414307004471 0.3740234375 0.5827123695976155 0.3818359375 0.5856929955290611
0  0.29150390625 0.5685543964232489 0.0224609375 0.037257824143070044 0.2855224609375 0.5626393442622951 0.297423828125 0.5621743666169896 0.2917783203125 0.5700909090909091 0.2878115234375 0.5761460506706408 0.294677734375 0.5763785394932935
0  0.29150390625 0.4195230998509687 0.0185546875 0.03129657228017884 0.28763671875 0.415397913561848 0.2949345703125 0.41416095380029805 0.2920966796875 0.4209672131147541 0.2879072265625 0.42674217585693 0.2973671875 0.4242667660208644
0  0.4931640625 0.43815201192250375 0.01953125 0.03278688524590164 0.4903740234375 0.43219076005961254 0.4984658203125 0.4315514157973175 0.4940009765625 0.43900298062593146 0.4903740234375 0.44602980625931443 0.4994423828125 0.44475260804768996
0  0.4482421875 0.36065573770491804 0.021484375 0.038748137108792845 0.4434462890625 0.35812816691505217 0.45338671875 0.3576214605067064 0.448748046875 0.3634366616989568 0.445103515625 0.37001043219076 0.4527236328125 0.37001043219076
0  0.580078125 0.3405365126676602 0.01953125 0.03427719821162444 0.576171875 0.3353204172876304 0.583984375 0.3353204172876304 0.580078125 0.33979135618479883 0.5771484375 0.3472429210134128 0.5849609375 0.3472429210134128
0  0.57177734375 0.47764530551415796 0.0205078125 0.037257824143070044 0.5682373046875 0.46777198211624443 0.5764765625 0.46823845007451564 0.573578125 0.47638748137108794 0.5680849609375 0.48127868852459016 0.5757138671875 0.4819761549925484
0  0.53662109375 0.5901639344262295 0.0224609375 0.03576751117734724 0.5313896484375 0.5838301043219076 0.5410244140625 0.582698956780924 0.537169921875 0.5940089418777943 0.53361328125 0.5998912071535022 0.5410244140625 0.5987600596125185
0  0.486328125 0.496274217585693 0.01953125 0.03278688524590164 0.48332421875 0.4901669150521609 0.4907578125 0.49078539493293594 0.4869736328125 0.496973174366617 0.4826484375 0.5013040238450075 0.4918388671875 0.5025409836065573
0  0.45361328125 0.6110283159463488 0.0224609375 0.038748137108792845 0.448486328125 0.6021788375558867 0.4582607421875 0.6021788375558867 0.4534560546875 0.6125454545454545 0.45030859375 0.6191192250372578 0.4582607421875 0.619371087928465
0  0.576171875 0.45007451564828616 0.01953125 0.03278688524590164 0.5751953125 0.44113263785394935 0.5810546875 0.44113263785394935 0.578125 0.4485842026825633 0.576171875 0.45454545454545453 0.58203125 0.45454545454545453
0  0.63623046875 0.40536512667660207 0.0185546875 0.03278688524590164 0.6318359375 0.3979135618479881 0.6392294921875 0.39770044709388974 0.6357421875 0.40642921013412814 0.6322548828125 0.4100491803278688 0.6395087890625 0.4098360655737705
0  0.63671875 0.45603576751117736 0.021484375 0.041728763040238454 0.63225 0.45065275707898655 0.640830078125 0.44928912071535027 0.636361328125 0.4582906110283159 0.6335009765625 0.4629284649776453 0.6413662109375 0.4607466467958271
0  0.69677734375 0.3897168405365127 0.0224609375 0.03427719821162444 0.6927490234375 0.3838360655737705 0.7028203125 0.384274217585693 0.6977841796875 0.3919582712369598 0.69346875 0.39854545454545454 0.701380859375 0.39832637853949326
0  0.70751953125 0.4731743666169896 0.0224609375 0.037257824143070044 0.701546875 0.47218926974664677 0.7097734375 0.46874366616989566 0.7055791015625 0.47711326378539487 0.705095703125 0.48572876304023843 0.712193359375 0.4815439642324888
0  0.7412109375 0.5737704918032787 0.025390625 0.044709388971684055 0.7366943359375 0.565865871833085 0.74801171875 0.5673308494783904 0.7418740234375 0.5772831594634874 0.7374619140625 0.5843084947839047 0.7445595703125 0.5860655737704918
0  0.64453125 0.5603576751117735 0.0234375 0.041728763040238454 0.6416015625 0.555886736214605 0.650390625 0.5573770491803278 0.646484375 0.563338301043219 0.6416015625 0.5707898658718331 0.6484375 0.5722801788375559
0  0.759765625 0.42995529061102833 0.01953125 0.037257824143070044 0.75653515625 0.4270014903129657 0.76476171875 0.42675558867362146 0.760890625 0.43364828614008943 0.757341796875 0.4400476900149031 0.76476171875 0.4395558867362146
0  0.8251953125 0.4247391952309985 0.01953125 0.03576751117734724 0.8246025390625 0.4180461997019374 0.8329033203125 0.41533233979135614 0.8299384765625 0.4234754098360656 0.826529296875 0.4318450074515648 0.8326064453125 0.43026080476900147
0  0.89453125 0.5 0.021484375 0.03427719821162444 0.888375 0.49477794336810726 0.8977265625 0.4938986587183309 0.8928349609375 0.5011445603576751 0.8908212890625 0.5088286140089419 0.8975830078125 0.5088286140089419
0  0.83203125 0.4947839046199702 0.01953125 0.038748137108792845 0.8279990234375 0.483946348733234 0.8376767578125 0.4844381520119225 0.83316015625 0.4942846497764531 0.829611328125 0.5011773472429211 0.8368701171875 0.5019165424739195
0  0.93115234375 0.5551415797317437 0.0205078125 0.037257824143070044 0.923828125 0.5514157973174366 0.935546875 0.5514157973174366 0.927734375 0.5603576751117735 0.92578125 0.5678092399403875 0.93359375 0.5663189269746647
0  0.86669921875 0.5901639344262295 0.0224609375 0.038748137108792845 0.8626669921875 0.5817868852459017 0.8723447265625 0.5817868852459017 0.8668603515625 0.5886795827123696 0.8641181640625 0.5968032786885246 0.869119140625 0.5968032786885246
0  0.81005859375 0.5991058122205664 0.0224609375 0.05365126676602087 0.80232421875 0.590628912071535 0.8123515625 0.5899642324888227 0.807337890625 0.6009418777943368 0.8038505859375 0.6079284649776453 0.81366015625 0.6075946348733234
