0  0.2958984375 0.45217391304347826 0.02734375 0.057971014492753624 0.2909287109375 0.4455492753623188 0.3048447265625 0.4455492753623188 0.299376953125 0.4558753623188405 0.2919228515625 0.46398840579710143 0.3048447265625 0.46361884057971015
0  0.36767578125 0.3978260869565217 0.0283203125 0.05652173913043478 0.3645498046875 0.3899710144927536 0.3765390625 0.3899710144927536 0.3717431640625 0.39993478260869564 0.364310546875 0.4063405797101449 0.3770185546875 0.40669710144927534
0  0.4560546875 0.4007246376811594 0.03125 0.059420289855072465 0.45000390625 0.39662318840579713 0.461634765625 0.3951217391304348 0.4573359375 0.40675507246376813 0.45076171875 0.4146347826086957 0.46315234375 0.4142594202898551
0  0.435546875 0.5688405797101449 0.029296875 0.059420289855072465 0.430759765625 0.561736231884058 0.4441611328125 0.5628623188405797 0.4388515625 0.5752463768115942 0.43025390625 0.5816246376811595 0.443150390625 0.582
0  0.5439453125 0.6057971014492753 0.03125 0.05507246376811594 0.53481640625 0.5993782608695652 0.5468056640625 0.5972434782608695 0.542009765625 0.6100550724637681 0.5374541015625 0.6182391304347826 0.5484833984375 0.6171710144927537
0  0.53466796875 0.4449275362318841 0.0263671875 0.05217391304347826 0.5279541015625 0.4395826086956522 0.5415166015625 0.4402434782608695 0.5346240234375 0.4491521739130435 0.5290654296875 0.45740144927536236 0.5399609375 0.4580608695652174
0  0.60888671875 0.4101449275362319 0.0283203125 0.06086956521739131 0.6015625 0.4057971014492754 0.6142578125 0.40144927536231884 0.6083984375 0.4144927536231884 0.6044921875 0.4246376811594203 0.615234375 0.42318840579710143
0  0.62744140625 0.44710144927536233 0.0224609375 0.042028985507246375 0.619140625 0.447463768115942 0.628478515625 0.447463768115942 0.621337890625 0.45480000000000004 0.619873046875 0.46159420289855074 0.6268310546875 0.46186666666666665
0  0.6904296875 0.4043478260869565 0.025390625 0.04927536231884058 0.68359375 0.3979159420289855 0.695556640625 0.39823333333333333 0.6878662109375 0.40996376811594204 0.682953125 0.41503623188405797 0.694916015625 0.41471884057971015
0  0.693359375 0.5818840579710145 0.02734375 0.050724637681159424 0.68878125 0.5801884057971014 0.700552734375 0.5801884057971014 0.694013671875 0.5873057971014493 0.6903076171875 0.5957173913043479 0.6979375 0.596363768115942
