0  0.23974609375 0.2527881040892193 0.0322265625 0.08178438661710037 0.235900390625 0.24140334572490707 0.250732421875 0.2408810408921933 0.2452392578125 0.2565631970260223 0.238373046875 0.26963197026022306 0.249083984375 0.2712007434944238
0  0.3056640625 0.26579925650557623 0.029296875 0.07806691449814127 0.2997744140625 0.2614423791821561 0.3123779296875 0.2614423791821561 0.3054326171875 0.2771096654275093 0.2997744140625 0.2869014869888476 0.3100625 0.2869014869888476
0  0.158203125 0.49814126394052044 0.037109375 0.10037174721189591 0.1535341796875 0.49146096654275095 0.170990234375 0.49401672862453533 0.16226171875 0.5138252788104088 0.1501767578125 0.5208531598513011 0.165955078125 0.524685873605948
0  0.22412109375 0.5399628252788105 0.0341796875 0.09479553903345725 0.217982421875 0.5282788104089219 0.2349326171875 0.5306691449814126 0.2270859375 0.5491895910780669 0.217982421875 0.5593475836431226 0.2317939453125 0.5617360594795539
0  0.3212890625 0.4972118959107807 0.033203125 0.08736059479553904 0.31516796875 0.4866895910780669 0.3308798828125 0.48894795539033453 0.3228759765625 0.5086970260223048 0.3142783203125 0.5171598513011153 0.327619140625 0.5182881040892193
0  0.36669921875 0.354089219330855 0.0322265625 0.0762081784386617 0.3603515625 0.3475836431226766 0.3759765625 0.34572490706319703 0.369140625 0.362453531598513 0.36328125 0.3754646840148699 0.3740234375 0.37174721189591076
0  0.4091796875 0.5074349442379182 0.03515625 0.08921933085501858 0.4029755859375 0.49390892193308555 0.4195205078125 0.49963568773234196 0.412 0.5145204460966543 0.4023740234375 0.5213921933085502 0.4159111328125 0.5259721189591078
0  0.40625 0.2555762081784387 0.03125 0.08364312267657993 0.398228515625 0.24349442379182157 0.41552734375 0.24508736059479555 0.4065986328125 0.2604888475836431 0.3987861328125 0.27270260223048326 0.413294921875 0.2721728624535316
0  0.4638671875 0.34572490706319703 0.03125 0.08178438661710037 0.4541015625 0.3382899628252788 0.4716796875 0.3382899628252788 0.4619140625 0.35315985130111527 0.458984375 0.36617100371747213 0.46875 0.3643122676579926
0  0.4775390625 0.48698884758364314 0.033203125 0.08550185873605948 0.4696044921875 0.47581226765799256 0.484623046875 0.4725762081784387 0.4764052734375 0.4919925650557621 0.471587890625 0.5043977695167285 0.484623046875 0.5049368029739777
0  0.51318359375 0.1412639405204461 0.0322265625 0.08550185873605948 0.504150390625 0.14016914498141264 0.520263671875 0.13633457249070632 0.5133583984375 0.15495539033457248 0.507890625 0.16700371747211895 0.519400390625 0.16426579925650558
0  0.60888671875 0.11988847583643122 0.0283203125 0.0762081784386617 0.601453125 0.11303345724907063 0.6156005859375 0.1154814126394052 0.6071123046875 0.12821189591078067 0.6001669921875 0.13408550185873608 0.6150859375 0.13702416356877323
0  0.619140625 0.3066914498141264 0.029296875 0.08178438661710037 0.612060546875 0.3000111524163569 0.6266171875 0.3021022304832714 0.618103515625 0.3167397769516729 0.6131591796875 0.3256282527881041 0.624419921875 0.3266728624535316
0  0.5537109375 0.32806691449814124 0.02734375 0.08364312267657993 0.5463427734375 0.32566914498141264 0.5616455078125 0.3218940520446097 0.55626171875 0.3413104089219331 0.5486103515625 0.35263754646840145 0.5610791015625 0.3472434944237918
0  0.5615234375 0.5065055762081785 0.037109375 0.09479553903345725 0.5494208984375 0.5079665427509293 0.5651162109375 0.4954200743494424 0.5585244140625 0.5181226765799256 0.5582099609375 0.5354479553903346 0.567626953125 0.5270836431226766
0  0.62451171875 0.5306691449814126 0.0341796875 0.10223048327137546 0.6103515625 0.5241635687732342 0.6279296875 0.5297397769516728 0.615234375 0.5427509293680297 0.6103515625 0.5539033457249071 0.6240234375 0.5576208178438662
0  0.68310546875 0.5092936802973977 0.0302734375 0.08921933085501858 0.6763916015625 0.5001003717472119 0.6935859375 0.5074349442379182 0.6826171875 0.5198494423791821 0.6749091796875 0.5237992565055761 0.69062109375 0.5316988847583642
0  0.70458984375 0.13568773234200743 0.0283203125 0.07806691449814127 0.69677734375 0.13419330855018588 0.71194921875 0.1351895910780669 0.7027939453125 0.1496282527881041 0.6980849609375 0.15759479553903347 0.7090712890625 0.15958550185873605
0  0.779296875 0.14776951672862454 0.029296875 0.0762081784386617 0.774509765625 0.13913940520446097 0.787658203125 0.14058364312267657 0.7808310546875 0.15646654275092936 0.7747626953125 0.16464684014869888 0.7853828125 0.1656096654275093
0  0.810546875 0.3066914498141264 0.03125 0.07806691449814127 0.8021767578125 0.3003513011152416 0.81865625 0.3038364312267658 0.8081923828125 0.3172788104089219 0.803484375 0.3267397769516729 0.8126396484375 0.329228624535316
0  0.71728515625 0.3420074349442379 0.0302734375 0.07434944237918216 0.7093330078125 0.3330371747211896 0.7212607421875 0.33209107806691446 0.7155458984375 0.3524293680297398 0.7115693359375 0.36188847583643124 0.7222548828125 0.36188847583643124
0  0.86669921875 0.5027881040892194 0.0361328125 0.08364312267657993 0.8572822265625 0.49336245353159847 0.8745810546875 0.4928308550185873 0.865931640625 0.509825278810409 0.860072265625 0.5188531598513011 0.8729072265625 0.5161970260223049
0  0.77880859375 0.525092936802974 0.0322265625 0.08736059479553904 0.7721865234375 0.5145297397769517 0.7885439453125 0.5223122676579925 0.778904296875 0.5362118959107807 0.771017578125 0.5412156133828996 0.784162109375 0.5484423791821561
