0  0.8916015625 0.2372093023255814 0.04296875 0.07441860465116279 0.8804013671875 0.2215953488372093 0.8976357421875 0.22113023255813952 0.8877041015625 0.23736124031007755 0.879525390625 0.25173798449612406 0.8988037109375 0.25173798449612406
0  0.794921875 0.22790697674418606 0.0390625 0.07131782945736434 0.7858017578125 0.21447906976744185 0.8036416015625 0.21630697674418606 0.7932822265625 0.23092403100775194 0.7852255859375 0.23960465116279067 0.8010517578125 0.24188837209302325
0  0.69384765625 0.21705426356589147 0.0400390625 0.07441860465116279 0.6844658203125 0.20232558139534884 0.70195703125 0.20467906976744185 0.6924697265625 0.2187984496124031 0.682390625 0.22868217054263565 0.700474609375 0.2333891472868217
0  0.6259765625 0.18449612403100776 0.0390625 0.06201550387596899 0.618896484375 0.17403100775193797 0.635009765625 0.17635658914728683 0.625 0.19031007751937984 0.618408203125 0.1992248062015504 0.63427734375 0.1996124031007752
0  0.58837890625 0.27906976744186046 0.0439453125 0.07441860465116279 0.5798076171875 0.2690201550387597 0.5990859375 0.2685565891472868 0.589447265625 0.2880325581395349 0.5798076171875 0.2963798449612403 0.599962890625 0.2963798449612403
0  0.53515625 0.20387596899224805 0.041015625 0.06976744186046512 0.5250546875 0.1940403100775194 0.5407109375 0.19011627906976744 0.534119140625 0.20930232558139536 0.529724609375 0.21889612403100772 0.544830078125 0.21409922480620155
0  0.4541015625 0.289922480620155 0.0390625 0.06821705426356589 0.4436123046875 0.2793612403100775 0.460640625 0.27678604651162786 0.4506396484375 0.29523875968992247 0.4449638671875 0.30510852713178294 0.4609111328125 0.3029627906976744
0  0.41259765625 0.1992248062015504 0.0419921875 0.07286821705426356 0.4003994140625 0.1865720930232558 0.4202529296875 0.1852015503875969 0.4110458984375 0.20210387596899224 0.403564453125 0.21672248062015503 0.420541015625 0.2144372093023256
0  0.3251953125 0.23333333333333334 0.041015625 0.07596899224806201 0.3160400390625 0.21996124031007752 0.336181640625 0.22044651162790696 0.3255 0.23837209302325582 0.316955078125 0.2475782945736434 0.3343505859375 0.24903100775193798
0  0.29052734375 0.15891472868217055 0.0400390625 0.06666666666666667 0.288146484375 0.14612403100775193 0.3035537109375 0.15341860465116278 0.2986884765625 0.15942635658914728 0.2854443359375 0.17315968992248063 0.3013916015625 0.1765922480620155
0  0.2021484375 0.13333333333333333 0.041015625 0.07131782945736434 0.1967685546875 0.11442480620155039 0.214033203125 0.11670852713178295 0.2065517578125 0.13178294573643412 0.1941787109375 0.1413767441860465 0.2120185546875 0.14457364341085271
0  0.17578125 0.23953488372093024 0.052734375 0.09457364341085271 0.171875 0.21550387596899226 0.1923828125 0.22170542635658916 0.185546875 0.23875968992248062 0.171875 0.2527131782945736 0.189453125 0.25426356589147286
