0  0.2060546875 0.7221510883482715 0.02734375 0.04353393085787452 0.204009765625 0.7187093469910372 0.2151181640625 0.718989756722151 0.2110595703125 0.727112676056338 0.20721484375 0.7315941101152369 0.212982421875 0.7313137003841228
0  0.291015625 0.6766965428937259 0.013671875 0.024327784891165175 -0.0009765625 -0.0012804097311139564 -0.0009765625 -0.0012804097311139564 -0.0009765625 -0.0012804097311139564 -0.0009765625 -0.0012804097311139564 -0.0009765625 -0.0012804097311139564
0  0.3427734375 0.6446862996158771 0.015625 0.029449423815621 -0.0009765625 -0.0012804097311139564 -0.0009765625 -0.0012804097311139564 -0.0009765625 -0.0012804097311139564 -0.0009765625 -0.0012804097311139564 -0.0009765625 -0.0012804097311139564
0  0.3798828125 0.6862996158770807 0.01953125 0.030729833546734954 0.383884765625 0.6820243277848911 0.384330078125 0.681247119078105 0.389666015625 0.6861049935979513 0.3858115234375 0.6948514724711907 0.3861083984375 0.6942676056338027
0  0.39501953125 0.6421254801536491 0.0146484375 0.02176696542893726 -0.0009765625 -0.0012804097311139564 -0.0009765625 -0.0012804097311139564 -0.0009765625 -0.0012804097311139564 -0.0009765625 -0.0012804097311139564 -0.0009765625 -0.0012804097311139564
0  0.42626953125 0.6408450704225352 0.0185546875 0.03969270166453265 -0.0009765625 -0.0012804097311139564 -0.0009765625 -0.0012804097311139564 -0.0009765625 -0.0012804097311139564 -0.0009765625 -0.0012804097311139564 -0.0009765625 -0.0012804097311139564
0  0.44873046875 0.6805377720870679 0.0185546875 0.03201024327784891 -0.0009765625 -0.0012804097311139564 -0.0009765625 -0.0012804097311139564 -0.0009765625 -0.0012804097311139564 -0.0009765625 -0.0012804097311139564 -0.0009765625 -0.0012804097311139564
0  0.45458984375 0.6600512163892446 0.0185546875 0.03201024327784891 -0.0009765625 -0.0012804097311139564 -0.0009765625 -0.0012804097311139564 -0.0009765625 -0.0012804097311139564 -0.0009765625 -0.0012804097311139564 -0.0009765625 -0.0012804097311139564
0  0.47412109375 0.6434058898847631 0.0126953125 0.026888604353393086 -0.0009765625 -0.0012804097311139564 -0.0009765625 -0.0012804097311139564 -0.0009765625 -0.0012804097311139564 -0.0009765625 -0.0012804097311139564 -0.0009765625 -0.0012804097311139564
0  0.8349609375 0.6459667093469911 0.015625 0.026888604353393086 0.8293369140625 0.6382957746478873 0.83064453125 0.6379526248399487 0.827375 0.6449833546734955 0.8295986328125 0.6521856594110116 0.830513671875 0.651842509603073
0  0.88232421875 0.6510883482714469 0.0205078125 0.03201024327784891 0.8755576171875 0.6471562099871959 0.884818359375 0.6485966709346991 0.8780693359375 0.6547695262483995 0.8763427734375 0.6609423815621 0.881365234375 0.6617656850192062
0  0.98291015625 0.6638924455825864 0.0126953125 0.026888604353393086 -0.0009765625 -0.0012804097311139564 -0.0009765625 -0.0012804097311139564 -0.0009765625 -0.0012804097311139564 -0.0009765625 -0.0012804097311139564 -0.0009765625 -0.0012804097311139564
