0  0.81201171875 0.10410557184750734 0.0126953125 0.026392961876832845 0.80716796875 0.1039032258064516 0.8132890625 0.10019061583577712 0.811052734375 0.10584750733137831 0.810228515625 0.11273900293255133 0.81423046875 0.11079472140762463
0  0.77783203125 0.1312316715542522 0.0146484375 0.02785923753665689 0.7756953125 0.12822727272727272 0.7815810546875 0.12787390029325513 0.7785205078125 0.13299853372434017 0.7753427734375 0.1386539589442815 0.780875 0.13918475073313785
0  0.71630859375 0.22947214076246333 0.0126953125 0.021994134897360705 0.714603515625 0.22661143695014663 0.7200185546875 0.2258592375366569 0.71751171875 0.23022434017595308 0.714904296875 0.2345909090909091 0.7203193359375 0.23443988269794722
0  0.66796875 0.33651026392961875 0.01171875 0.024926686217008796 -0.0009765625 -0.001466275659824047 -0.0009765625 -0.001466275659824047 -0.0009765625 -0.001466275659824047 -0.0009765625 -0.001466275659824047 -0.0009765625 -0.001466275659824047
0  0.6484375 0.30058651026392963 0.01171875 0.02346041055718475 0.646484375 0.29885777126099705 0.651087890625 0.2987008797653959 0.6494140625 0.30294281524926686 0.6470078125 0.3081275659824047 0.65140234375 0.3078137829912023
0  0.61865234375 0.2873900293255132 0.0126953125 0.026392961876832845 0.6169169921875 0.2835410557184751 0.622130859375 0.2832008797653959 0.6200908203125 0.28830645161290325 0.6164638671875 0.2935821114369502 0.6228115234375 0.29375219941348973
0  0.57080078125 0.2837243401759531 0.0146484375 0.02785923753665689 0.5678408203125 0.2806671554252199 0.57384375 0.2796070381231672 0.5713720703125 0.284733137829912 0.56948828125 0.28932697947214076 0.5736083984375 0.2887976539589443
0  0.56494140625 0.35043988269794724 0.0146484375 0.026392961876832845 0.5625263671875 0.34948387096774197 0.5686474609375 0.34863343108504397 0.5660400390625 0.35339882697947217 0.5642265625 0.3581642228739003 0.567853515625 0.3578240469208211
0  0.52294921875 0.3086510263929619 0.0126953125 0.024926686217008796 0.51956640625 0.3061891495601173 0.525111328125 0.3057184750733138 0.522705078125 0.3082316715542522 0.520298828125 0.3138870967741935 0.5245888671875 0.31373020527859236
0  0.5009765625 0.3651026392961877 0.01171875 0.026392961876832845 0.499546875 0.3621041055718475 0.5052138671875 0.3626158357771261 0.502607421875 0.3665293255131965 0.49966015625 0.3702741935483871 0.5044208984375 0.3702741935483871
0  0.43408203125 0.4310850439882698 0.0146484375 0.026392961876832845 0.430759765625 0.4272360703812317 0.436541015625 0.42638563049853373 0.43359375 0.4316612903225806 0.429966796875 0.4352346041055718 0.4383544921875 0.4348944281524927
0  0.40966796875 0.4655425219941349 0.0146484375 0.024926686217008796 0.406890625 0.4624325513196481 0.4127763671875 0.46177859237536656 0.4104873046875 0.4657067448680352 0.4077626953125 0.4717609970674487 0.4137578125 0.4712697947214076
0  0.35302734375 0.5498533724340176 0.0126953125 0.02346041055718475 -0.0009765625 -0.001466275659824047 -0.0009765625 -0.001466275659824047 -0.0009765625 -0.001466275659824047 -0.0009765625 -0.001466275659824047 -0.0009765625 -0.001466275659824047
0  0.31201171875 0.5527859237536656 0.0166015625 0.03225806451612903 0.3097666015625 0.5481979472140762 0.3158486328125 0.5492111436950147 0.3126044921875 0.5542844574780058 0.308685546875 0.5593577712609971 0.3139560546875 0.5603724340175953
