0  0.94384765625 0.2913411458333333 0.0224609375 0.017578125 0.9387685546875 0.28952734375 0.9482900390625 0.2899811197916667 0.9423388671875 0.29349479166666664 0.9389384765625 0.2962154947916667 0.945740234375 0.29644205729166667
0  0.931640625 0.3196614583333333 0.0234375 0.018229166666666668 0.9236708984375 0.316275390625 0.933873046875 0.31786263020833333 0.9257119140625 0.32012955729166664 0.921970703125 0.3230768229166667 0.9272421875 0.3244368489583333
0  0.8740234375 0.2613932291666667 0.01953125 0.016276041666666668 0.8666689453125 0.25931770833333334 0.8753662109375 0.259419921875 0.869720703125 0.26267513020833333 0.867279296875 0.26501432291666666 0.87353515625 0.26501432291666666
0  0.90380859375 0.3919270833333333 0.0302734375 0.022135416666666668 0.894740234375 0.38667252604166663 0.9083427734375 0.38764908854166663 0.8993447265625 0.39350846354166663 0.8970419921875 0.3968561197916667 0.9056220703125 0.3968561197916667
0  0.85498046875 0.3684895833333333 0.0283203125 0.020833333333333332 0.8451796875 0.3666178385416667 0.856611328125 0.36581575520833337 0.84979296875 0.3719654947916667 0.8485888671875 0.37544205729166663 0.85701171875 0.3751744791666667
0  0.79345703125 0.3509114583333333 0.0244140625 0.022135416666666668 0.7825009765625 0.3481647135416666 0.7955322265625 0.3475950520833333 0.7876279296875 0.3527220052083333 0.7854921875 0.3567096354166666 0.794037109375 0.3567096354166666
0  0.716796875 0.3037109375 0.0234375 0.018880208333333332 0.7096474609375 0.3016848958333333 0.721265625 0.30156575520833334 0.714294921875 0.3057369791666667 0.7121494140625 0.3085963541666667 0.7200146484375 0.30907356770833333
0  0.68603515625 0.2916666666666667 0.0224609375 0.01953125 0.6803720703125 0.29084114583333337 0.6904951171875 0.29071614583333333 0.68524609375 0.29534049479166663 0.6816845703125 0.29821484375 0.6897451171875 0.29783984375
0  0.64453125 0.2591145833333333 0.01953125 0.018229166666666668 0.6387724609375 0.2583359375 0.6484638671875 0.2575423177083333 0.6426826171875 0.262076171875 0.64115234375 0.264796875 0.6484638671875 0.2638899739583333
0  0.84716796875 0.4313151041666667 0.0302734375 0.024088541666666668 0.837462890625 0.42792643229166666 0.852482421875 0.42777213541666664 0.8443955078125 0.433009765625 0.8416220703125 0.43686067708333337 0.850865234375 0.43716861979166666
0  0.75146484375 0.3818359375 0.0302734375 0.026692708333333332 0.740173828125 0.379298828125 0.7543203125 0.3786126302083333 0.74583203125 0.38495768229166666 0.745060546875 0.38872981770833337 0.7530341796875 0.38838671875
0  0.71484375 0.3717447916666667 0.029296875 0.022135416666666668 0.7081474609375 0.368443359375 0.7202841796875 0.369419921875 0.713169921875 0.374720703125 0.7096123046875 0.377650390625 0.7167275390625 0.3779296875
0  0.70458984375 0.349609375 0.0263671875 0.022135416666666668 0.6964287109375 0.3468190104166667 0.709193359375 0.3468190104166667 0.7020791015625 0.3511438802083333 0.6981025390625 0.3544921875 0.706263671875 0.3546315104166667
0  0.5615234375 0.2975260416666667 0.021484375 0.016927083333333332 0.5545830078125 0.29631119791666666 0.564357421875 0.2957591145833333 0.557896484375 0.30117057291666666 0.55607421875 0.3026067708333333 0.564357421875 0.30249609375000003
0  0.53076171875 0.3313802083333333 0.0244140625 0.018229166666666668 0.5243271484375 0.329505859375 0.5354091796875 0.3292669270833333 0.528259765625 0.33379557291666667 0.5250419921875 0.33641731770833333 0.53380078125 0.3362981770833333
0  0.50927734375 0.310546875 0.0224609375 0.016927083333333332 0.502501953125 0.30735546875 0.514099609375 0.3070240885416667 0.5079697265625 0.3112213541666667 0.503828125 0.31541796875 0.511779296875 0.31508658854166666
0  0.47021484375 0.2815755208333333 0.0224609375 0.017578125 0.4658203125 0.2805989583333333 0.4755859375 0.2805989583333333 0.470703125 0.2838541666666667 0.466796875 0.2890625 0.4775390625 0.287109375
0  0.49267578125 0.2591145833333333 0.0185546875 0.014322916666666666 0.485142578125 0.2578125 0.49267578125 0.2569752604166667 0.488072265625 0.2613470052083333 0.4872353515625 0.264416015625 0.494349609375 0.2634856770833333
0  0.46533203125 0.2506510416666667 0.0185546875 0.014322916666666666 0.46030078125 0.24906380208333334 0.4682744140625 0.24879361979166667 0.464490234375 0.252578125 0.4620576171875 0.2551009114583333 0.4682744140625 0.25438020833333336
0  0.3974609375 0.2555338541666667 0.01953125 0.014973958333333334 0.3933759765625 0.25248502604166667 0.401720703125 0.25267708333333333 0.39697265625 0.25699283854166666 0.3933759765625 0.25996614583333333 0.4012890625 0.26006184895833334
0  0.36962890625 0.2841796875 0.0205078125 0.016276041666666668 0.3622177734375 0.28176171875 0.37383203125 0.2815520833333333 0.36692578125 0.2844817708333333 0.3648857421875 0.2882486979166667 0.370849609375 0.2882486979166667
0  0.38525390625 0.3056640625 0.0244140625 0.017578125 0.3818359375 0.302734375 0.392578125 0.302734375 0.3857421875 0.30859375 0.380859375 0.3111979166666667 0.392578125 0.3111979166666667
0  0.43310546875 0.3160807291666667 0.0244140625 0.017578125 0.424673828125 0.31343619791666666 0.435939453125 0.312220703125 0.430306640625 0.3173014322916667 0.4278212890625 0.319841796875 0.4362705078125 0.31928971354166663
0  0.42431640625 0.3391927083333333 0.0263671875 0.01953125 0.4190673828125 0.33686783854166663 0.433876953125 0.3372421875 0.4286279296875 0.34211653645833334 0.4211298828125 0.3448658854166667 0.4303154296875 0.3447408854166667
0  0.52490234375 0.3580729166666667 0.0224609375 0.01953125 0.5183017578125 0.35487304687500004 0.5304873046875 0.3561223958333333 0.52280078125 0.3599967447916667 0.5194267578125 0.36262174479166664 0.5278623046875 0.36349609375
0  0.34130859375 0.3349609375 0.0224609375 0.017578125 0.3358681640625 0.3314759114583333 0.3467490234375 0.3312493489583333 0.34096875 0.33612369791666663 0.3367177734375 0.33929752604166663 0.3457294921875 0.33929752604166663
0  0.322265625 0.2965494791666667 0.0234375 0.014973958333333334 0.31903125 0.293701171875 0.330626953125 0.29349739583333334 0.325439453125 0.29797395833333334 0.320708984375 0.3000078125 0.32940625 0.299703125
0  0.32080078125 0.2561848958333333 0.0205078125 0.016276041666666668 0.31820703125 0.25339778645833333 0.3261416015625 0.253703125 0.32308984375 0.25705989583333333 0.3188173828125 0.25929752604166667 0.3264462890625 0.25939973958333334
0  0.2578125 0.267578125 0.01953125 0.015625 0.2553408203125 0.2655234375 0.263427734375 0.26531966145833336 0.2593076171875 0.26949088541666666 0.2551875 0.271728515625 0.2615966796875 0.27203385416666664
0  0.171875 0.2779947916666667 0.0234375 0.016927083333333332 0.167515625 0.27594856770833337 0.1783232421875 0.2751959635416667 0.173322265625 0.27885221354166667 0.1688056640625 0.28186328125 0.177193359375 0.28154036458333337
0  0.166015625 0.3043619791666667 0.0234375 0.013671875 0.16192578125 0.30242643229166666 0.17304296875 0.3003509114583333 0.170375 0.30479817708333334 0.1669658203125 0.3084544270833333 0.1725986328125 0.30716927083333334
0  0.1201171875 0.3209635416666667 0.025390625 0.016927083333333332 0.1144931640625 0.3194290364583333 0.12608984375 0.31832421875 0.1217822265625 0.32329427083333334 0.1174755859375 0.32550325520833334 0.1267529296875 0.32473046875
0  0.2099609375 0.3206380208333333 0.025390625 0.018880208333333332 0.20575 0.31823697916666666 0.216552734375 0.31750520833333334 0.2110595703125 0.32373046875 0.20684765625 0.325439453125 0.217833984375 0.3251953125
0  0.28564453125 0.3128255208333333 0.0244140625 0.018880208333333332 0.28162890625 0.31098307291666666 0.2930693359375 0.310267578125 0.288421875 0.31598763020833337 0.2827021484375 0.31765625000000003 0.2923544921875 0.317775390625
0  0.28173828125 0.3557942708333333 0.0263671875 0.021484375 0.27723046875 0.35360872395833337 0.2899345703125 0.35456510416666664 0.2827626953125 0.3585260416666667 0.2762060546875 0.3607122395833333 0.2876806640625 0.3613951822916666
0  0.25244140625 0.3346354166666667 0.0263671875 0.020833333333333332 0.246224609375 0.3329147135416667 0.2584580078125 0.33171158854166666 0.2528427734375 0.33759440104166666 0.2490322265625 0.34000065104166666 0.258056640625 0.33919856770833334
0  0.1845703125 0.369140625 0.029296875 0.01953125 0.17728125 0.36715234375 0.18994140625 0.365234375 0.1849541015625 0.37111718749999995 0.1815009765625 0.3736744791666667 0.19166796875 0.37277929687500005
0  0.35400390625 0.3623046875 0.0283203125 0.020182291666666668 0.3480400390625 0.35967708333333337 0.3616591796875 0.35903776041666663 0.3543701171875 0.3633860677083333 0.3493828125 0.3668385416666667 0.3589736328125 0.3665826822916667
0  0.40185546875 0.3642578125 0.0283203125 0.020182291666666668 0.3953857421875 0.362953125 0.4073525390625 0.36138346354166667 0.4016640625 0.366615234375 0.3975439453125 0.370146484375 0.4087265625 0.36857682291666666
0  0.81396484375 0.4713541666666667 0.0380859375 0.028645833333333332 0.8056376953125 0.4663782552083333 0.82050390625 0.46601822916666663 0.814017578125 0.472685546875 0.8083408203125 0.4779108072916667 0.8226669921875 0.47683007812499995
0  0.8515625 0.5231119791666666 0.037109375 0.029296875 0.843658203125 0.5182493489583333 0.8595888671875 0.5186158854166667 0.84942578125 0.525390625 0.84503125 0.5299680989583333 0.85546875 0.5301510416666667
0  0.73876953125 0.5009765625 0.0380859375 0.030598958333333332 0.72971484375 0.49759895833333334 0.744611328125 0.4993515625 0.735556640625 0.5069466145833333 0.7308828125 0.5088938802083333 0.740814453125 0.5102565104166666
0  0.6796875 0.4576822916666667 0.033203125 0.026041666666666668 0.67075 0.4547063802083333 0.686654296875 0.45321484375000004 0.6784541015625 0.46000716145833337 0.67596875 0.4649772135416667 0.68566015625 0.46448046875
0  0.70849609375 0.4296875 0.0283203125 0.0234375 0.7021484375 0.42646744791666663 0.7168837890625 0.427978515625 0.70781640625 0.4325123697916667 0.702375 0.4349309895833333 0.7128037109375 0.436291015625
0  0.6142578125 0.4303385416666667 0.03125 0.0234375 0.6060263671875 0.42852473958333337 0.6207626953125 0.42822265625 0.6144150390625 0.433361328125 0.610107421875 0.43608138020833337 0.62008203125 0.4359303385416667
0  0.5205078125 0.4694010416666667 0.03125 0.0234375 0.5138984375 0.4683430989583333 0.528861328125 0.4666803385416667 0.5218330078125 0.47333072916666663 0.5186591796875 0.47650455729166663 0.529087890625 0.4742376302083333
0  0.6025390625 0.4905598958333333 0.033203125 0.027994791666666668 0.5949140625 0.48583138020833333 0.6092744140625 0.48583138020833333 0.600232421875 0.49345442708333337 0.5949140625 0.4966458333333333 0.6071474609375 0.4966458333333333
0  0.5751953125 0.5348307291666666 0.037109375 0.030598958333333332 0.5646796875 0.530869140625 0.5833740234375 0.5302851562500001 0.5743193359375 0.5376848958333333 0.567892578125 0.5429427083333334 0.582498046875 0.54333203125
0  0.708984375 0.5608723958333334 0.041015625 0.031901041666666664 0.69921875 0.5576985677083334 0.717224609375 0.5585123697916666 0.707763671875 0.5654296875 0.700439453125 0.56807421875 0.717224609375 0.5684817708333333
0  0.806640625 0.5983072916666666 0.0390625 0.0390625 0.796146484375 0.592546875 0.8150458984375 0.592546875 0.8039287109375 0.6009466145833333 0.79503515625 0.6061341145833333 0.8150458984375 0.6061341145833333
0  0.693359375 0.6168619791666666 0.044921875 0.037109375 0.6800234375 0.6116829427083333 0.7012109375 0.6126243489583333 0.686732421875 0.621099609375 0.681435546875 0.6251015624999999 0.6976796875 0.6265143229166666
0  0.5673828125 0.6015625 0.037109375 0.03125 0.556919921875 0.5973541666666666 0.57441015625 0.5973541666666666 0.5658134765625 0.6056549479166666 0.5586982421875 0.6096074218749999 0.57500390625 0.608619140625
0  0.49755859375 0.5641276041666666 0.0380859375 0.031901041666666664 0.4853388671875 0.5598665364583334 0.5051923828125 0.5580618489583333 0.492859375 0.5658828125 0.4895498046875 0.570294921875 0.5039892578125 0.5700944010416666
0  0.33154296875 0.3883463541666667 0.0263671875 0.021484375 0.32568359375 0.38523046875000005 0.3367744140625 0.3850911458333333 0.330287109375 0.39053190104166663 0.3271484375 0.39401953125000005 0.3365654296875 0.39374088541666663
0  0.310546875 0.4140625 0.02734375 0.0234375 0.306431640625 0.4135625 0.3186728515625 0.4134114583333333 0.312779296875 0.41885221354166663 0.307337890625 0.42217708333333337 0.3157265625 0.42202604166666663
0  0.25244140625 0.4208984375 0.0341796875 0.026692708333333332 0.2455224609375 0.41815494791666663 0.2624990234375 0.4190123697916666 0.2550400390625 0.42415625 0.2455224609375 0.42741471354166666 0.2581259765625 0.42775781249999995
0  0.2451171875 0.3870442708333333 0.029296875 0.024088541666666668 0.2392578125 0.3841145833333333 0.2529296875 0.3841145833333333 0.248046875 0.388671875 0.2421875 0.3938802083333333 0.255859375 0.3919270833333333
0  0.173828125 0.4088541666666667 0.03125 0.020833333333333332 0.170130859375 0.4068658854166667 0.181962890625 0.40298893229166666 0.181361328125 0.4100748697916667 0.17574609375 0.41408593749999995 0.1837685546875 0.41355078125000005
0  0.171875 0.4690755208333333 0.03515625 0.024088541666666668 0.171875 0.4654947916666667 0.185546875 0.46484375 0.18359375 0.470703125 0.1748046875 0.4765625 0.1875 0.474609375
0  0.2509765625 0.509765625 0.037109375 0.028645833333333332 0.2453310546875 0.5055950520833333 0.2629091796875 0.5054114583333333 0.256591796875 0.5125527343749999 0.2475283203125 0.5173138020833333 0.2604375 0.5160319010416666
0  0.40576171875 0.5029296875 0.0302734375 0.022786458333333332 0.3970419921875 0.5001334635416667 0.41230078125 0.49897135416666666 0.404671875 0.506818359375 0.4016201171875 0.5094342447916667 0.4116474609375 0.5084173177083333
0  0.41650390625 0.4694010416666667 0.0283203125 0.01953125 0.4074013671875 0.4686334635416667 0.419677734375 0.466076171875 0.41334765625 0.47183072916666663 0.4121962890625 0.4766901041666667 0.423322265625 0.4737493489583333
0  0.380859375 0.4300130208333333 0.03125 0.026692708333333332 0.37676953125 0.4258977864583333 0.389888671875 0.426412109375 0.382943359375 0.43087044270833336 0.3757412109375 0.434814453125 0.3865439453125 0.43515755208333334
0  0.45751953125 0.5162760416666666 0.0361328125 0.03125 0.4490966796875 0.5109368489583334 0.4665439453125 0.5097337239583334 0.4590234375 0.5161510416666667 0.45511328125 0.5227688802083333 0.4671455078125 0.5215657552083334
0  0.83349609375 0.6647135416666666 0.0478515625 0.040364583333333336 0.8189736328125 0.6611009114583334 0.84097265625 0.6616067708333333 0.8280771484375 0.6719739583333334 0.82125 0.6737441406250001 0.8398349609375 0.6739967447916667
0  0.67919921875 0.7164713541666666 0.0439453125 0.041015625 0.6665478515625 0.7109140625 0.685380859375 0.7109140625 0.675572265625 0.7226855468750001 0.6696865234375 0.7237317708333334 0.6877353515625 0.7234700520833334
0  0.52001953125 0.6735026041666666 0.0478515625 0.041015625 0.5097216796875 0.6692532552083333 0.529732421875 0.66820703125 0.52031640625 0.679193359375 0.5140380859375 0.6854713541666667 0.529732421875 0.6844251302083334
0  0.44580078125 0.6389973958333334 0.0419921875 0.038411458333333336 0.4339599609375 0.6357421875 0.4530029296875 0.635009765625 0.4420166015625 0.64453125 0.4368896484375 0.649169921875 0.4530029296875 0.64892578125
0  0.33203125 0.6569010416666666 0.046875 0.036458333333333336 0.32362109375 0.6512942708333334 0.3432529296875 0.6512942708333334 0.3339541015625 0.6597903645833333 0.324310546875 0.6646119791666667 0.3411865234375 0.6655299479166666
0  0.24169921875 0.6064453125 0.0419921875 0.033203125 0.23336328125 0.6025625 0.253453125 0.6021438802083333 0.2440361328125 0.60988671875 0.2352470703125 0.61428125 0.25094140625 0.6138626302083333
0  0.20166015625 0.71484375 0.0498046875 0.044270833333333336 0.1910224609375 0.7097252604166666 0.2172412109375 0.7049329427083334 0.2079384765625 0.7162096354166666 0.1973662109375 0.72494921875 0.2172412109375 0.7218483072916667
0  0.37744140625 0.5911458333333334 0.0400390625 0.028645833333333332 0.369537109375 0.5862428385416667 0.387390625 0.5860598958333333 0.37777734375 0.5946653645833333 0.370361328125 0.5972291666666667 0.383544921875 0.5975950520833333
0  0.33984375 0.5354817708333334 0.03515625 0.029296875 0.3307060546875 0.5314361979166666 0.3485634765625 0.52976171875 0.3399130859375 0.5372024739583333 0.333775390625 0.54148046875 0.348841796875 0.54055078125
0  0.86669921875 0.568359375 0.0361328125 0.033854166666666664 0.854435546875 0.5631536458333334 0.873212890625 0.5644270833333334 0.860482421875 0.5720651041666667 0.855708984375 0.5743990885416667 0.872576171875 0.57503515625
0  0.92333984375 0.3515625 0.0283203125 0.020833333333333332 0.9175546875 0.34731315104166666 0.9299140625 0.3479674479166666 0.9226552734375 0.352283203125 0.9175546875 0.35476822916666667 0.9273642578125 0.3550299479166667
0  0.5595703125 0.37109375 0.01953125 0.016927083333333332 0.552306640625 0.3691549479166667 0.561501953125 0.368294921875 0.5556943359375 0.3734563802083333 0.5553720703125 0.37614518229166666 0.5635986328125 0.375392578125
0  0.4912109375 0.4290364583333333 0.03125 0.02734375 0.4827490234375 0.4268248697916666 0.4958671875 0.42768229166666666 0.4878935546875 0.4324837239583333 0.4842919921875 0.43625585937500005 0.495095703125 0.4367701822916667
0  0.44482421875 0.3948567708333333 0.0283203125 0.024088541666666668 0.4370810546875 0.3939264322916667 0.45000390625 0.394078125 0.4432021484375 0.3990651041666667 0.4391220703125 0.40163476562499995 0.4490966796875 0.4019368489583333
0  0.2939453125 0.4674479166666667 0.033203125 0.02734375 0.28676953125 0.4619778645833333 0.301173828125 0.46146354166666664 0.2952578125 0.4690084635416667 0.2903701171875 0.4739817708333333 0.3016884765625 0.4734674479166667
0  0.1669921875 0.3284505208333333 0.029296875 0.021484375 0.1595986328125 0.324916015625 0.172572265625 0.324498046875 0.16650390625 0.329798828125 0.1629462890625 0.333287109375 0.170689453125 0.3331471354166667
0  0.5625 0.2685546875 0.015625 0.013671875 -0.0009765625 -0.0006510416666666666 -0.0009765625 -0.0006510416666666666 -0.0009765625 -0.0006510416666666666 -0.0009765625 -0.0006510416666666666 -0.0009765625 -0.0006510416666666666
