0  0.1142578125 0.4228187919463087 0.03125 0.06442953020134229 0.109859375 0.41346442953020135 0.1239970703125 0.41387785234899327 0.11737890625 0.42876375838926173 0.109859375 0.4378590604026845 0.1233955078125 0.4382724832214765
0  0.31103515625 0.45167785234899327 0.0302734375 0.05771812080536913 0.3064921875 0.4420899328859061 0.3205478515625 0.4446912751677853 0.3129794921875 0.4554644295302014 0.305140625 0.46215302013422815 0.316763671875 0.4651248322147651
0  0.42919921875 0.44563758389261743 0.0322265625 0.053691275167785234 0.420013671875 0.44052617449664433 0.4356689453125 0.4354026845637584 0.428958984375 0.45008993288590604 0.4262255859375 0.46341073825503354 0.4376572265625 0.45726308724832215
0  0.57421875 0.4342281879194631 0.03125 0.05771812080536913 0.5703125 0.4228187919463087 0.5849609375 0.42818791946308726 0.57421875 0.4375838926174497 0.568359375 0.4469798657718121 0.5791015625 0.44966442953020136
0  0.6923828125 0.4221476510067114 0.03125 0.06040268456375839 0.6854775390625 0.4126563758389261 0.7022177734375 0.41418926174496645 0.694126953125 0.42569530201342276 0.6865927734375 0.43298120805369134 0.6985908203125 0.4341328859060402
0  0.85205078125 0.3859060402684564 0.0302734375 0.05503355704697987 0.8437236328125 0.37411275167785235 0.8583896484375 0.37168053691275166 0.8515625 0.38593020134228184 0.8475166015625 0.39739865771812083 0.85813671875 0.39705234899328856
0  0.22119140625 0.2758389261744966 0.0302734375 0.04697986577181208 0.2159072265625 0.2649812080536913 0.228986328125 0.26378255033557046 0.2248447265625 0.27546711409395974 0.2193955078125 0.2868523489932886 0.2281142578125 0.2853543624161074
0  0.29150390625 0.26711409395973157 0.0263671875 0.042953020134228186 0.2900126953125 0.2582939597315436 0.3012431640625 0.2577422818791946 0.29803515625 0.26738926174496647 0.2928203125 0.27510738255033557 0.3014443359375 0.2740053691275168
0  0.3564453125 0.25771812080536916 0.025390625 0.040268456375838924 0.3503330078125 0.25008993288590603 0.364580078125 0.24931677852348996 0.3589560546875 0.25988187919463085 0.35333203125 0.2660657718120805 0.3632685546875 0.2660657718120805
0  0.41943359375 0.26375838926174494 0.0283203125 0.04429530201342282 0.413744140625 0.2553087248322148 0.4284970703125 0.2550281879194631 0.4225546875 0.2693906040268456 0.416408203125 0.2758684563758389 0.4268583984375 0.27558657718120805
0  0.48486328125 0.2651006711409396 0.0283203125 0.04429530201342282 0.4821689453125 0.2569865771812081 0.4933994140625 0.25753825503355704 0.488185546875 0.2674617449664429 0.481166015625 0.2738013422818792 0.4927978515625 0.2735261744966443
0  0.5576171875 0.24899328859060402 0.025390625 0.04697986577181208 0.5539111328125 0.2411315436241611 0.56546484375 0.23903355704697987 0.5613232421875 0.2489208053691275 0.5556552734375 0.2588080536912752 0.5672080078125 0.2588080536912752
0  0.63232421875 0.25838926174496646 0.0283203125 0.04697986577181208 0.6242587890625 0.25022818791946305 0.6375556640625 0.2511261744966443 0.6299267578125 0.2586174496644295 0.6244765625 0.2673060402684564 0.6353759765625 0.2676053691275168
0  0.69580078125 0.2550335570469799 0.0263671875 0.042953020134228186 0.6904296875 0.24697986577181208 0.705078125 0.25100671140939596 0.6953125 0.2536912751677852 0.69140625 0.26308724832214764 0.701171875 0.26711409395973157
0  0.77001953125 0.2644295302013423 0.0263671875 0.04563758389261745 0.763671875 0.255896644295302 0.7764365234375 0.25647114093959733 0.7689033203125 0.2688402684563758 0.7630439453125 0.27286711409395975 0.773716796875 0.273441610738255
0  0.814453125 0.27248322147651005 0.025390625 0.04563758389261745 0.807337890625 0.2638536912751678 0.819056640625 0.28226308724832216 0.8136162109375 0.2739208053691275 0.8111044921875 0.28226308724832216 0.8211494140625 0.262703355704698
0  0.8984375 0.26308724832214764 0.03125 0.04563758389261745 0.8879697265625 0.25536912751677854 0.9033505859375 0.25125906040268453 0.8958740234375 0.26593959731543626 0.8913876953125 0.2747489932885906 0.90185546875 0.27357315436241614
