0  0.03515625 0.4033674963396779 0.02734375 0.05124450951683748 0.03402734375 0.39742020497803804 0.0429990234375 0.393896046852123 0.044494140625 0.4038243045387994 0.040435546875 0.4153557833089312 0.0481259765625 0.4134333821376281
0  0.09716796875 0.3711566617862372 0.0224609375 0.03367496339677892 0.0951845703125 0.3660263543191801 0.1056865234375 0.3692606149341142 0.1019462890625 0.3750849194729136 0.0963349609375 0.38112445095168374 0.103384765625 0.3826339677891654
0  0.095703125 0.4143484626647145 0.02734375 0.043923865300146414 0.0910166015625 0.40659004392386533 0.1028271484375 0.40490336749633965 0.098140625 0.41642752562225477 0.0923291015625 0.42598243045387996 0.103576171875 0.4251405563689604
0  0.0791015625 0.4890190336749634 0.029296875 0.04978038067349927 0.069544921875 0.48190775988286966 0.0879599609375 0.47908345534407026 0.07958984375 0.49383016105417277 0.073521484375 0.5004187408491947 0.0873330078125 0.49822254758418744
0  0.01220703125 0.465592972181552 0.0244140625 0.04685212298682284 0.0032177734375 0.4592796486090776 0.0122421875 0.45176281112737915 0.0146484375 0.4598799414348463 0.0100361328125 0.47731918008784774 0.02166796875 0.46950219619326505
0  0.01416015625 0.5431918008784773 0.0283203125 0.0527086383601757 0.0020927734375 0.5418316251830162 0.0188681640625 0.5340146412884335 0.013880859375 0.5496500732064422 0.0041328125 0.5584860907759883 0.0220419921875 0.5506691068814056
0  0.12744140625 0.4838945827232797 0.0244140625 0.04538799414348463 0.1206748046875 0.478900439238653 0.1342119140625 0.473311859443631 0.1271494140625 0.48566617862371886 0.12420703125 0.49625475841874084 0.1349970703125 0.4909604685212299
0  0.1708984375 0.5007320644216691 0.025390625 0.043923865300146414 0.1664736328125 0.4949414348462665 0.179595703125 0.4898814055636896 0.1764091796875 0.5042152269399708 0.17003515625 0.5123660322108345 0.179783203125 0.5092752562225475
0  0.14501953125 0.4363103953147877 0.0263671875 0.040995607613469986 0.1376953125 0.42752562225475843 0.150390625 0.42752562225475843 0.1435546875 0.4363103953147877 0.1396484375 0.4465592972181552 0.1494140625 0.44363103953147875
0  0.166015625 0.38799414348462663 0.021484375 0.040995607613469986 0.15625 0.3557833089311859 0.1708984375 0.35724743777452417 0.1630859375 0.3645680819912152 0.158203125 0.3762811127379209 0.16796875 0.3762811127379209
0  0.1640625 0.34773060029282576 0.013671875 0.024890190336749635 -0.0009765625 -0.0014641288433382138 -0.0009765625 -0.0014641288433382138 -0.0009765625 -0.0014641288433382138 -0.0009765625 -0.0014641288433382138 -0.0009765625 -0.0014641288433382138
0  0.2265625 0.3938506588579795 0.021484375 0.03513909224011713 0.2225341796875 0.3931185944363104 0.2321474609375 0.39083162518301606 0.229400390625 0.4006676427525622 0.2263486328125 0.4084465592972181 0.233826171875 0.40775988286969256
0  0.20263671875 0.4238653001464129 0.0244140625 0.0424597364568082 0.1964501953125 0.42274084919472915 0.2073232421875 0.4202108345534407 0.20282421875 0.4317349926793558 0.1992626953125 0.438199121522694 0.2078857421875 0.4356691068814056
0  0.26611328125 0.5051244509516838 0.0244140625 0.055636896046852125 0.25642578125 0.5005358711566618 0.2618408203125 0.5019472913616398 0.255484375 0.5143016105417276 0.257603515625 0.5213601756954612 0.261134765625 0.5227730600292826
0  0.27099609375 0.4143484626647145 0.0244140625 0.0527086383601757 0.265005859375 0.40830893118594436 0.2774306640625 0.40896193265007325 0.272853515625 0.41778623718887264 0.2669677734375 0.4243221083455344 0.277212890625 0.4256295754026354
0  0.29248046875 0.3806734992679356 0.0205078125 0.03806734992679356 0.28827734375 0.37486237188872623 0.2956982421875 0.37534699853587117 0.2926328125 0.38405270863836016 0.2900517578125 0.38768081991215225 0.293923828125 0.38816398243045386
0  0.27001953125 0.3389458272327965 0.0126953125 0.036603221083455345 -0.0009765625 -0.0014641288433382138 -0.0009765625 -0.0014641288433382138 -0.0009765625 -0.0014641288433382138 -0.0009765625 -0.0014641288433382138 -0.0009765625 -0.0014641288433382138
0  0.3203125 0.32723279648609077 0.013671875 0.027818448023426062 0.31772265625 0.3257686676427526 0.3236083984375 0.3257686676427526 0.3205478515625 0.3294743777452416 0.31772265625 0.33476866764275254 0.3221962890625 0.33529868228404097
0  0.37841796875 0.33601756954612005 0.0166015625 0.03367496339677892 0.3769228515625 0.3323967789165446 0.3841162109375 0.33606295754026355 0.3806630859375 0.3412401171303075 0.3751962890625 0.3455534407027819 0.379943359375 0.3472796486090776
0  0.38671875 0.3989751098096633 0.021484375 0.0424597364568082 0.382607421875 0.397099560761347 0.390830078125 0.39763543191800876 0.3858251953125 0.4072825768667642 0.3817138671875 0.4129106881405563 0.3895791015625 0.4134465592972182
0  0.42138671875 0.3689604685212299 0.0126953125 0.029282576866764276 0.41796875 0.36749633967789164 0.4267578125 0.36749633967789164 0.421875 0.3733528550512445 0.41796875 0.37920937042459735 0.4248046875 0.37920937042459735
0  0.46240234375 0.3784773060029283 0.0126953125 0.027818448023426062 0.4586181640625 0.3764641288433382 0.4652099609375 0.37701317715959004 0.4613037109375 0.38232064421669104 0.459228515625 0.38561493411420206 0.4642333984375 0.3859809663250366
0  0.45849609375 0.4150805270863836 0.0126953125 0.03367496339677892 -0.0009765625 -0.0014641288433382138 -0.0009765625 -0.0014641288433382138 -0.0009765625 -0.0014641288433382138 -0.0009765625 -0.0014641288433382138 -0.0009765625 -0.0014641288433382138
0  0.38623046875 0.45168374816983897 0.0205078125 0.04538799414348463 0.383091796875 0.4466837481698389 0.394470703125 0.44844802342606155 0.38799609375 0.455800878477306 0.3817177734375 0.46256661786237185 0.3921162109375 0.4616837481698389
0  0.3291015625 0.5117130307467057 0.01171875 0.027818448023426062 -0.0009765625 -0.0014641288433382138 -0.0009765625 -0.0014641288433382138 -0.0009765625 -0.0014641288433382138 -0.0009765625 -0.0014641288433382138 -0.0009765625 -0.0014641288433382138
0  0.35009765625 0.5183016105417276 0.0283203125 0.055636896046852125 0.3453720703125 0.5094260614934114 0.3585556640625 0.517896046852123 0.349609375 0.5270732064421669 0.343017578125 0.5281317715959004 0.35219921875 0.5334260614934114
0  0.46484375 0.6054172767203514 0.021484375 0.05710102489019034 0.46728515625 0.6032210834553441 0.468017578125 0.6021229868228404 0.47412109375 0.6050512445095169 0.47265625 0.6215226939970717 0.472900390625 0.6207906295754027
0  0.48583984375 0.6010248901903368 0.0302734375 0.06881405563689605 0.4776435546875 0.5949590043923866 0.4832763671875 0.5967364568081992 0.4737900390625 0.6016266471449487 0.4749755859375 0.6176266471449487 0.480904296875 0.6176266471449487
0  0.47900390625 0.4677891654465593 0.0244140625 0.0424597364568082 0.4716796875 0.45973645680819913 0.486328125 0.45973645680819913 0.4794921875 0.4685212298682284 0.4736328125 0.4743777452415813 0.4833984375 0.47291361639824303
0  0.52685546875 0.35431918008784774 0.0126953125 0.029282576866764276 0.5252119140625 0.3520702781844802 0.5298896484375 0.35188140556368963 0.5276142578125 0.3560512445095168 0.525337890625 0.3615490483162518 0.5293837890625 0.3615490483162518
0  0.57958984375 0.3821376281112738 0.0146484375 0.032210834553440704 0.576171875 0.3821376281112738 0.5849609375 0.3806734992679356 0.58203125 0.38799414348462663 0.578125 0.3953147877013177 0.5849609375 0.3953147877013177
0  0.5615234375 0.404099560761347 0.015625 0.03513909224011713 0.55859375 0.39824304538799415 0.568359375 0.4011713030746706 0.5634765625 0.4055636896046852 0.55859375 0.41142020497803805 0.56640625 0.41142020497803805
0  0.6328125 0.36530014641288433 0.01171875 0.024890190336749635 0.6318359375 0.3645680819912152 0.63671875 0.3645680819912152 0.634765625 0.3689604685212299 0.6318359375 0.37481698389458273 0.6357421875 0.37481698389458273
0  0.66015625 0.3609077598828697 0.01171875 0.027818448023426062 0.6586083984375 0.35614348462664713 0.663669921875 0.3575549048316252 0.6602568359375 0.3628491947291362 0.657548828125 0.36567203513909224 0.661904296875 0.3669077598828697
0  0.70361328125 0.39092240117130306 0.0146484375 0.032210834553440704 0.698751953125 0.38738653001464124 0.706376953125 0.38738653001464124 0.7024931640625 0.3923469985358712 0.6999033203125 0.39752415812591513 0.704794921875 0.39752415812591513
0  0.72509765625 0.39751098096632503 0.0205078125 0.03953147877013177 0.7200400390625 0.38884333821376277 0.7290517578125 0.38960907759882873 0.723611328125 0.3967467057101025 0.7198701171875 0.40286383601756953 0.726841796875 0.4036295754026354
0  0.60595703125 0.3945827232796486 0.0224609375 0.04538799414348463 0.5982666015625 0.3898243045387994 0.6088173828125 0.38752415812591506 0.60325390625 0.3958638360175695 0.6007607421875 0.4053543191800879 0.6097763671875 0.40046559297218154
0  0.63427734375 0.43265007320644217 0.0263671875 0.060029282576866766 0.625208984375 0.423199121522694 0.6353232421875 0.424714494875549 0.6249560546875 0.43608784773060033 0.625208984375 0.44708199121522696 0.63330078125 0.4467027818448024
0  0.6875 0.4216691068814056 0.017578125 0.03806734992679356 0.6868369140625 0.42045387994143485 0.6934638671875 0.42293704245973646 0.689322265625 0.4306368960468521 0.684849609375 0.43485944363103957 0.69031640625 0.4358535871156662
0  0.73486328125 0.45021961932650073 0.0205078125 0.04538799414348463 0.7326484375 0.44143484626647145 0.7430068359375 0.4443103953147877 0.7382119140625 0.4523631039531479 0.7328408203125 0.45524011713030743 0.7401298828125 0.4578272327964861
0  0.70703125 0.4685212298682284 0.02734375 0.04685212298682284 0.7013291015625 0.460402635431918 0.712158203125 0.46100439238653 0.70594140625 0.4700248901903367 0.700326171875 0.4751361639824304 0.710955078125 0.47663982430453883
0  0.79443359375 0.4743777452415813 0.0283203125 0.06442166910688141 0.7894111328125 0.46601171303074673 0.8028037109375 0.47144948755490484 0.7919228515625 0.48065300146412887 0.7841103515625 0.48525475841874083 0.796666015625 0.492783308931186
0  0.787109375 0.4019033674963397 0.01953125 0.036603221083455345 0.78515625 0.40263543191800877 0.7939453125 0.39824304538799415 0.7900390625 0.404099560761347 0.7880859375 0.41142020497803805 0.7939453125 0.41142020497803805
0  0.81640625 0.41874084919472915 0.025390625 0.04685212298682284 0.81073046875 0.41423133235724746 0.821158203125 0.4169370424597364 0.81373828125 0.42505417276720353 0.8089248046875 0.4274597364568082 0.821158203125 0.43076720351390924
0  0.59716796875 0.5029282576866764 0.0224609375 0.0424597364568082 0.58984375 0.49194729136163984 0.6015625 0.493411420204978 0.59375 0.5021961932650073 0.5908203125 0.5095168374816984 0.599609375 0.5124450951683748
0  0.61572265625 0.582723279648609 0.0283203125 0.0527086383601757 0.607421875 0.575402635431918 0.6201171875 0.5739385065885798 0.6123046875 0.5856515373352855 0.6083984375 0.5929721815519766 0.6181640625 0.5915080527086384
0  0.70068359375 0.5592972181551976 0.0302734375 0.06442166910688141 0.6923828125 0.554904831625183 0.7021484375 0.5563689604685212 0.693359375 0.568081991215227 0.69140625 0.5783308931185944 0.703125 0.5768667642752562
0  0.76318359375 0.5717423133235725 0.0322265625 0.0746705710102489 0.7529296875 0.5636896046852123 0.767578125 0.5666178623718887 0.7578125 0.5812591508052709 0.751953125 0.5915080527086384 0.7666015625 0.5900439238653001
0  0.8466796875 0.4765739385065886 0.03125 0.048316251830161056 0.840123046875 0.4662005856515374 0.8522119140625 0.47265153733528553 0.841966796875 0.47879648609077596 0.8364345703125 0.4830966325036603 0.8448359375 0.48954904831625184
0  0.875 0.42093704245973645 0.02734375 0.04538799414348463 0.871529296875 0.4101127379209371 0.883998046875 0.41500146412884337 0.8717216796875 0.41874084919472915 0.8646240234375 0.4256427525622255 0.8755576171875 0.42851976573938505
0  0.94775390625 0.4289897510980966 0.0322265625 0.0527086383601757 0.937935546875 0.42151244509516833 0.953125 0.42627086383601753 0.942923828125 0.4330688140556369 0.937255859375 0.43646705710102496 0.94700390625 0.4412254758418741
0  0.97705078125 0.5058565153733529 0.0302734375 0.048316251830161056 0.970703125 0.49633967789165445 0.98828125 0.5007320644216691 0.9775390625 0.5109809663250366 0.9697265625 0.5153733528550513 0.982421875 0.5168374816983895
0  0.89013671875 0.4816983894582723 0.0244140625 0.04978038067349927 0.8812080078125 0.47364568081991215 0.895228515625 0.47897950219619323 0.8851845703125 0.4868228404099561 0.88037109375 0.4905871156661787 0.88916015625 0.4943528550512445
0  0.31396484375 0.41142020497803805 0.0185546875 0.04685212298682284 0.3095703125 0.40995607613469986 0.3193359375 0.4055636896046852 0.314453125 0.4158125915080527 0.3095703125 0.4260614934114202 0.3173828125 0.42313323572474376
0  0.74609375 0.36676427525622257 0.021484375 0.03367496339677892 0.7431640625 0.3616398243045388 0.751953125 0.36749633967789164 0.7451171875 0.36749633967789164 0.7392578125 0.37042459736456806 0.74609375 0.37920937042459735
0  0.55517578125 0.37481698389458273 0.0166015625 0.029282576866764276 0.5517578125 0.3689604685212299 0.55859375 0.3733528550512445 0.5537109375 0.3762811127379209 0.55078125 0.3806734992679356 0.5546875 0.3821376281112738
0  0.5107421875 0.4341142020497804 0.01953125 0.0424597364568082 -0.0009765625 -0.0014641288433382138 -0.0009765625 -0.0014641288433382138 -0.0009765625 -0.0014641288433382138 -0.0009765625 -0.0014641288433382138 -0.0009765625 -0.0014641288433382138
