0  0.263671875 0.5029368575624082 0.033203125 0.07782672540381791 0.259259765625 0.49655212922173275 0.272666015625 0.49753450807635835 0.2661259765625 0.5152349486049926 0.2579521484375 0.5211350954478707 0.272666015625 0.5206431718061674
0  0.40966796875 0.5594713656387665 0.0322265625 0.06167400881057269 0.401951171875 0.5417195301027901 0.4168701171875 0.5413318649045521 0.4099248046875 0.5575770925110132 0.4034951171875 0.5726607929515419 0.4160986328125 0.5734346549192364
0  0.13720703125 0.513215859030837 0.0341796875 0.06901615271659324 0.1292373046875 0.5055594713656387 0.145638671875 0.5051262848751835 0.13671875 0.5215682819383259 0.1318271484375 0.5323847283406754 0.143048828125 0.5328164464023495
0  0.203125 0.3076358296622614 0.033203125 0.05726872246696035 0.195556640625 0.29405286343612336 0.2099609375 0.29405286343612336 0.202392578125 0.3065345080763583 0.1953125 0.3201174743024963 0.208984375 0.3201174743024963
0  0.349609375 0.2966226138032305 0.029296875 0.049926578560939794 0.3441689453125 0.2834067547723935 0.3577705078125 0.28277679882525697 0.35107421875 0.29693685756240823 0.3447958984375 0.3073215859030837 0.3558876953125 0.3076358296622614
0  0.48193359375 0.2834067547723935 0.0322265625 0.05873715124816446 0.4747275390625 0.27034214390602057 0.48963671875 0.27034214390602057 0.482181640625 0.2811776798825257 0.4762177734375 0.2946299559471366 0.488146484375 0.29425550660792954
0  0.87548828125 0.49265785609397944 0.0322265625 0.05433186490455213 0.8664248046875 0.4794552129221733 0.8835234375 0.4784126284875183 0.8756669921875 0.4982173274596182 0.8703525390625 0.5058604992657856 0.88213671875 0.5044713656387665
0  0.7392578125 0.30616740088105726 0.03125 0.05726872246696035 0.733642578125 0.2911160058737151 0.7470703125 0.29038179148311305 0.74072265625 0.3039647577092511 0.73486328125 0.31791483113069013 0.747314453125 0.31644640234948607
0  0.7314453125 0.5484581497797357 0.033203125 0.05433186490455213 0.726078125 0.5362980910425844 0.7415595703125 0.5349074889867841 0.734166015625 0.5508898678414097 0.7279267578125 0.5602716593245228 0.73948046875 0.5588810572687225
0  0.6259765625 0.30323054331864907 0.033203125 0.05433186490455213 0.6183251953125 0.2921130690161527 0.633806640625 0.2921130690161527 0.624794921875 0.30079882525697504 0.61925 0.31573861967694566 0.6312646484375 0.3150440528634361
0  0.5498046875 0.5279001468428781 0.033203125 0.05433186490455213 0.541203125 0.5160088105726872 0.5543740234375 0.5153142437591777 0.549751953125 0.5274743024963289 0.5446689453125 0.5403289280469897 0.5548359375 0.5403289280469897
0  0.5517578125 0.4368575624082232 0.01171875 0.022026431718061675 -0.0009765625 -0.0014684287812041115 -0.0009765625 -0.0014684287812041115 -0.0009765625 -0.0014684287812041115 -0.0009765625 -0.0014684287812041115 -0.0009765625 -0.0014684287812041115
