0  0.20263671875 0.39171511627906974 0.0380859375 0.06831395348837209 0.1965986328125 0.38156686046511623 0.212080078125 0.3850450581395349 0.204193359375 0.3985218023255814 0.1933857421875 0.40373837209302327 0.209451171875 0.40895639534883726
0  0.21142578125 0.2601744186046512 0.0341796875 0.06686046511627906 0.204986328125 0.25354360465116277 0.2214228515625 0.25776017441860466 0.213771484375 0.2674607558139535 0.2061201171875 0.27884883720930237 0.217171875 0.28011482558139533
0  0.3310546875 0.28924418604651164 0.03515625 0.061046511627906974 0.3255966796875 0.27834302325581395 0.342337890625 0.2787325581395349 0.334751953125 0.2915799418604651 0.3250732421875 0.30170203488372094 0.3397216796875 0.3036497093023256
0  0.31787109375 0.404796511627907 0.0361328125 0.07122093023255814 0.315734375 0.3954389534883721 0.331603515625 0.4004360465116279 0.326111328125 0.4113372093023256 0.314208984375 0.420421511627907 0.32794140625 0.42405523255813954
0  0.396484375 0.39316860465116277 0.0390625 0.07412790697674419 0.3907998046875 0.3873023255813953 0.407435546875 0.3933764534883721 0.396763671875 0.4041220930232558 0.3882880859375 0.4115973837209302 0.4017861328125 0.41673546511627907
0  0.43310546875 0.311046511627907 0.0341796875 0.06976744186046512 0.426775390625 0.3024941860465116 0.441087890625 0.3020595930232558 0.434662109375 0.3168415697674419 0.426775390625 0.3290145348837209 0.44050390625 0.3294491279069767
0  0.4755859375 0.39680232558139533 0.033203125 0.06976744186046512 0.4677734375 0.38564098837209304 0.4825966796875 0.38784738372093025 0.4739990234375 0.40064389534883715 0.4671806640625 0.4103502906976745 0.480224609375 0.4116744186046512
0  0.53759765625 0.2754360465116279 0.0341796875 0.056686046511627904 0.53125 0.2663517441860465 0.54638671875 0.2663517441860465 0.53857421875 0.2765261627906977 0.53076171875 0.2877906976744186 0.54541015625 0.28815406976744184
0  0.53369140625 0.36555232558139533 0.0341796875 0.06540697674418605 0.5239951171875 0.35901162790697677 0.5379462890625 0.3552747093023256 0.5306923828125 0.3706395348837209 0.5281806640625 0.38060610465116285 0.5418525390625 0.3756235465116279
0  0.646484375 0.3132267441860465 0.0390625 0.059593023255813955 0.6338583984375 0.30309156976744184 0.647513671875 0.30083284883720934 0.6381572265625 0.3162630813953488 0.637146484375 0.3271773255813954 0.651306640625 0.3222848837209302
0  0.705078125 0.3699127906976744 0.03515625 0.059593023255813955 0.697130859375 0.3637877906976744 0.7135927734375 0.3622558139534884 0.706390625 0.375655523255814 0.6999599609375 0.38560901162790695 0.7107626953125 0.3852267441860465
0  0.79638671875 0.3706395348837209 0.0400390625 0.06976744186046512 0.7883828125 0.3621264534883721 0.805873046875 0.36080232558139536 0.797572265625 0.374921511627907 0.789568359375 0.3863938953488372 0.8040947265625 0.38683575581395346
0  0.83837890625 0.33066860465116277 0.0380859375 0.06540697674418605 0.8306357421875 0.3253735465116279 0.847376953125 0.3249578488372093 0.8384482421875 0.33575581395348836 0.8314736328125 0.3477994186046512 0.845703125 0.3486293604651163
0  0.88037109375 0.35828488372093026 0.0400390625 0.0625 0.8717734375 0.3503168604651163 0.890154296875 0.3491104651162791 0.8801533203125 0.3623851744186046 0.872314453125 0.3752601744186046 0.888802734375 0.3728459302325581
