0  0.6494140625 0.4194977843426883 0.0234375 0.03840472673559823 -0.0009765625 -0.0014771048744460858 -0.0009765625 -0.0014771048744460858 -0.0009765625 -0.0014771048744460858 -0.0009765625 -0.0014771048744460858 -0.0009765625 -0.0014771048744460858
0  0.62646484375 0.4017725258493353 0.0244140625 0.03545051698670606 -0.0009765625 -0.0014771048744460858 -0.0009765625 -0.0014771048744460858 -0.0009765625 -0.0014771048744460858 -0.0009765625 -0.0014771048744460858 -0.0009765625 -0.0014771048744460858
0  0.52734375 0.3995568685376662 0.021484375 0.033973412112259974 0.5228271484375 0.3950339734121122 0.531171875 0.3941624815361891 0.5265673828125 0.40156129985228955 0.5236904296875 0.407437223042836 0.529876953125 0.40722008862629244
0  0.51171875 0.4054652880354505 0.017578125 0.0310192023633678 -0.0009765625 -0.0014771048744460858 -0.0009765625 -0.0014771048744460858 -0.0009765625 -0.0014771048744460858 -0.0009765625 -0.0014771048744460858 -0.0009765625 -0.0014771048744460858
0  0.45361328125 0.3995568685376662 0.0185546875 0.0310192023633678 -0.0009765625 -0.0014771048744460858 -0.0009765625 -0.0014771048744460858 -0.0009765625 -0.0014771048744460858 -0.0009765625 -0.0014771048744460858 -0.0009765625 -0.0014771048744460858
0  0.42333984375 0.39438700147710487 0.0126953125 0.023633677991137372 0.419943359375 0.38788478581979324 0.4262607421875 0.38758197932053173 0.42225 0.39501329394386997 0.42014453125 0.39971491875923193 0.4262607421875 0.39956277695716397
0  0.3232421875 0.4098966026587888 0.0234375 0.03988183161004431 0.318865234375 0.40629542097488924 0.328046875 0.40629542097488924 0.3231162109375 0.41298227474150667 0.31835546875 0.4194121122599705 0.32838671875 0.4191550960118168
0  0.34716796875 0.378877400295421 0.0107421875 0.022156573116691284 -0.0009765625 -0.0014771048744460858 -0.0009765625 -0.0014771048744460858 -0.0009765625 -0.0014771048744460858 -0.0009765625 -0.0014771048744460858 -0.0009765625 -0.0014771048744460858
0  0.2568359375 0.4121122599704579 0.01953125 0.03545051698670606 -0.0009765625 -0.0014771048744460858 -0.0009765625 -0.0014771048744460858 -0.0009765625 -0.0014771048744460858 -0.0009765625 -0.0014771048744460858 -0.0009765625 -0.0014771048744460858
0  0.19287109375 0.40398818316100443 0.0166015625 0.028064992614475627 -0.0009765625 -0.0014771048744460858 -0.0009765625 -0.0014771048744460858 -0.0009765625 -0.0014771048744460858 -0.0009765625 -0.0014771048744460858 -0.0009765625 -0.0014771048744460858
0  0.232421875 0.397341211225997 0.013671875 0.026587887740029542 -0.0009765625 -0.0014771048744460858 -0.0009765625 -0.0014771048744460858 -0.0009765625 -0.0014771048744460858 -0.0009765625 -0.0014771048744460858 -0.0009765625 -0.0014771048744460858
0  0.20947265625 0.37961595273264404 0.0126953125 0.026587887740029542 -0.0009765625 -0.0014771048744460858 -0.0009765625 -0.0014771048744460858 -0.0009765625 -0.0014771048744460858 -0.0009765625 -0.0014771048744460858 -0.0009765625 -0.0014771048744460858
0  0.275390625 0.34859675036927623 0.009765625 0.01772525849335303 -0.0009765625 -0.0014771048744460858 -0.0009765625 -0.0014771048744460858 -0.0009765625 -0.0014771048744460858 -0.0009765625 -0.0014771048744460858 -0.0009765625 -0.0014771048744460858
0  0.0693359375 0.3316100443131462 0.0078125 0.013293943870014771 -0.0009765625 -0.0014771048744460858 -0.0009765625 -0.0014771048744460858 -0.0009765625 -0.0014771048744460858 -0.0009765625 -0.0014771048744460858 -0.0009765625 -0.0014771048744460858
0  0.10498046875 0.30280649926144754 0.0087890625 0.014771048744460856 -0.0009765625 -0.0014771048744460858 -0.0009765625 -0.0014771048744460858 -0.0009765625 -0.0014771048744460858 -0.0009765625 -0.0014771048744460858 -0.0009765625 -0.0014771048744460858
