0  0.36865234375 0.10286458333333333 0.0263671875 0.044270833333333336 0.363830078125 0.09851041666666667 0.3770751953125 0.10107421875 0.37109375 0.10705598958333333 0.3644716796875 0.11218229166666667 0.37515234375 0.11332161458333334
0  0.3740234375 0.1640625 0.025390625 0.049479166666666664 0.3689140625 0.15848177083333334 0.3806982421875 0.15940625 0.3746904296875 0.1686484375 0.3686826171875 0.17450260416666666 0.380466796875 0.17450260416666666
0  0.3291015625 0.17838541666666666 0.02734375 0.046875 0.3255 0.17239843749999997 0.337951171875 0.1738802083333333 0.3319482421875 0.18099479166666665 0.32572265625 0.18899999999999997 0.3332822265625 0.1898893229166667
0  0.29248046875 0.24674479166666666 0.0361328125 0.06380208333333333 0.2862900390625 0.23931640624999997 0.3026953125 0.23931640624999997 0.2952666015625 0.25128515625 0.288765625 0.26201562500000003 0.3011474609375 0.26201562500000003
0  0.32861328125 0.2649739583333333 0.0283203125 0.045572916666666664 0.3245673828125 0.25756249999999997 0.33657421875 0.26111979166666666 0.33079296875 0.269125 0.32234375 0.27594270833333334 0.3332392578125 0.27772135416666666
0  0.3955078125 0.23502604166666666 0.03125 0.055989583333333336 0.3877734375 0.22824869791666666 0.4050732421875 0.23185156250000002 0.3958828125 0.23942057291666666 0.3885849609375 0.24987239583333332 0.4004775390625 0.2505924479166667
0  0.451171875 0.17903645833333334 0.021484375 0.040364583333333336 0.4448984375 0.17302604166666666 0.4537265625 0.17302604166666666 0.448037109375 0.18008854166666666 0.4433291015625 0.18584375 0.4543154296875 0.18558203124999997
0  0.49609375 0.16927083333333334 0.02734375 0.046875 0.4904482421875 0.16049869791666668 0.5028994140625 0.16435286458333334 0.496228515625 0.17176432291666666 0.488001953125 0.17858333333333332 0.499564453125 0.18302994791666669
0  0.482421875 0.22526041666666666 0.029296875 0.049479166666666664 0.4765185546875 0.21768098958333335 0.49064453125 0.21893619791666666 0.483345703125 0.22647005208333335 0.476283203125 0.23368880208333334 0.4887607421875 0.23557291666666666
0  0.43359375 0.24609375 0.0390625 0.06510416666666667 0.4281533203125 0.23718880208333334 0.443939453125 0.23883984375 0.4358916015625 0.25245833333333334 0.4275341796875 0.2615390625 0.4423916015625 0.26318880208333334
0  0.56591796875 0.2109375 0.0263671875 0.044270833333333336 0.5596396484375 0.20349739583333334 0.5724052734375 0.20377604166666666 0.5663369140625 0.21242578125 0.5615234375 0.22135416666666666 0.5696845703125 0.2216328125
0  0.56103515625 0.18098958333333334 0.0224609375 0.0390625 -0.0009765625 -0.0013020833333333333 -0.0009765625 -0.0013020833333333333 -0.0009765625 -0.0013020833333333333 -0.0009765625 -0.0013020833333333333 -0.0009765625 -0.0013020833333333333
0  0.6064453125 0.16276041666666666 0.0234375 0.046875 0.6012880859375 0.15884895833333332 0.6124052734375 0.15914453125 0.6061796875 0.16981770833333332 0.6012880859375 0.17337499999999997 0.61173828125 0.17396744791666666
0  0.63916015625 0.16471354166666666 0.0263671875 0.05078125 0.631966796875 0.15989453125 0.64539453125 0.15701692708333334 0.638919921875 0.16756770833333334 0.633884765625 0.17907682291666668 0.6461142578125 0.17715885416666666
0  0.640625 0.23502604166666666 0.029296875 0.05078125 0.63330078125 0.22786458333333334 0.64697265625 0.22884114583333334 0.6396484375 0.2392578125 0.634033203125 0.24446614583333334 0.646484375 0.2451171875
0  0.6015625 0.2864583333333333 0.025390625 0.049479166666666664 0.5921279296875 0.2795065104166667 0.604134765625 0.2769947916666667 0.5951884765625 0.28547005208333337 0.5933056640625 0.2973984375 0.602015625 0.29645703125
0  0.67529296875 0.2994791666666667 0.0341796875 0.0625 0.667986328125 0.2911783854166667 0.684291015625 0.29157421875 0.6742119140625 0.3030364583333333 0.66680078125 0.3117330729166667 0.6825126953125 0.3125234375
0  0.5361328125 0.3268229166666667 0.0390625 0.06770833333333333 0.524998046875 0.3177786458333333 0.543064453125 0.31562760416666663 0.53338671875 0.3306822916666667 0.5275791015625 0.342296875 0.5420966796875 0.34100651041666663
0  0.560546875 0.4095052083333333 0.0390625 0.06901041666666667 0.5541728515625 0.4012278645833333 0.5715029296875 0.40209895833333337 0.563328125 0.41692187500000005 0.555154296875 0.42476953125 0.570521484375 0.42520572916666666
0  0.666015625 0.3912760416666667 0.037109375 0.061197916666666664 0.6593935546875 0.3810169270833333 0.677794921875 0.3821848958333333 0.6696171875 0.391921875 0.6599775390625 0.40165755208333337 0.6742900390625 0.40360546875
0  0.73095703125 0.3815104166666667 0.0361328125 0.06510416666666667 0.72119140625 0.3728841145833333 0.739806640625 0.37329166666666663 0.729431640625 0.3859049479166667 0.7236328125 0.3956705729166667 0.732482421875 0.39770572916666663
0  0.38916015625 0.4192708333333333 0.0361328125 0.0625 0.3809638671875 0.41017968749999995 0.398455078125 0.4078072916666667 0.3907470703125 0.42282812500000005 0.3830390625 0.43231510416666663 0.398455078125 0.4315247395833333
0  0.21044921875 0.4212239583333333 0.0439453125 0.08203125 0.2005439453125 0.41115624999999995 0.2233017578125 0.4106328125 0.2119228515625 0.42842057291666663 0.2009365234375 0.4414986979166667 0.220162109375 0.4425455729166667
0  0.24072265625 0.2923177083333333 0.0419921875 0.08203125 0.2312099609375 0.28766145833333334 0.253326171875 0.2902486979166667 0.24207421875 0.30525130208333334 0.233150390625 0.31611588541666663 0.24789453125 0.31766796875
0  0.63623046875 0.4635416666666667 0.0419921875 0.0703125 0.6256279296875 0.4538229166666667 0.64749609375 0.4524973958333333 0.63821875 0.4670755208333333 0.6272841796875 0.4803294270833333 0.6461708984375 0.4794453125
0  0.75390625 0.44921875 0.0390625 0.0703125 0.7443544921875 0.44364453125 0.76382421875 0.44364453125 0.7550966796875 0.45438671875 0.7477109375 0.4664713541666667 0.7624814453125 0.4664713541666667
0  0.83056640625 0.443359375 0.0419921875 0.07421875 0.8173828125 0.43433723958333337 0.8358681640625 0.4329427083333333 0.8261025390625 0.4468932291666667 0.8201728515625 0.458984375 0.8365654296875 0.45851953124999995
