0  0.068359375 0.12518195050946143 0.056640625 0.09898107714701601 0.0555419921875 0.10302328966521107 0.0826064453125 0.10365356622998544 0.070765625 0.13012663755458517 0.0580791015625 0.1484061135371179 0.07541796875 0.1484061135371179
0  0.19140625 0.1848617176128093 0.05859375 0.10480349344978165 0.1785888671875 0.17297671033478892 0.205888671875 0.16838282387190684 0.1935595703125 0.19266666666666665 0.182111328125 0.20710480349344979 0.205888671875 0.2031673944687045
0  0.27587890625 0.1943231441048035 0.0751953125 0.15283842794759825 0.2581259765625 0.1791688500727802 0.294904296875 0.18013100436681223 0.280064453125 0.21475400291120816 0.26070703125 0.2282183406113537 0.2955498046875 0.2272561863173217
0  0.3984375 0.1091703056768559 0.0546875 0.10189228529839883 0.3828125 0.09898107714701601 0.41015625 0.08879184861717612 0.3974609375 0.11790393013100436 0.390625 0.13828238719068414 0.41015625 0.1324599708879185
0  0.4287109375 0.26710334788937407 0.064453125 0.14119359534206696 0.40921875 0.25107860262008735 0.442666015625 0.2519694323144105 0.424748046875 0.28312809315866083 0.4145947265625 0.300042212518195 0.4378876953125 0.3009330422125182
0  0.5419921875 0.22634643377001457 0.072265625 0.15574963609898107 0.5215849609375 0.2131164483260553 0.5571328125 0.21507860262008732 0.5334345703125 0.2484410480349345 0.5229013671875 0.2602154294032023 0.55318359375 0.2641397379912664
0  0.4814453125 0.13755458515283842 0.01953125 0.048034934497816595 0.476166015625 0.13365502183406114 0.4868203125 0.13365502183406114 0.4810830078125 0.1425123726346434 0.4773955078125 0.1504541484716157 0.4849765625 0.15014847161572054
0  0.52392578125 0.08078602620087336 0.0107421875 0.024745269286754003 0.5214189453125 0.07543085880640465 0.5274130859375 0.07332023289665211 0.5231630859375 0.07997962154294032 0.5225087890625 0.08582823871906842 0.5265419921875 0.08485443959243086
0  0.568359375 0.07860262008733625 0.015625 0.034934497816593885 0.56362890625 0.07673799126637555 0.5700380859375 0.07491848617176128 0.56591796875 0.08378748180494905 0.5653076171875 0.08856477438136827 0.571716796875 0.08651819505094614
0  0.6259765625 0.056768558951965066 0.0234375 0.043668122270742356 0.6201171875 0.053857350800582245 0.630859375 0.049490538573508006 0.6259765625 0.05822416302765648 0.623046875 0.06841339155749636 0.6298828125 0.06695778748180495
0  0.7109375 0.24163027656477437 0.08984375 0.16885007278020378 0.6818017578125 0.2313697234352256 0.7180439453125 0.22077729257641923 0.6938828125 0.26314556040756915 0.6938828125 0.291745269286754 0.7223076171875 0.2800931586608443
0  0.8193359375 0.2096069868995633 0.025390625 0.040756914119359534 0.8212890625 0.20232896652110627 0.8369140625 0.20378457059679767 0.8310546875 0.22561863173216884 0.8173828125 0.23871906841339155 0.828125 0.23871906841339155
0  0.03466796875 0.6106259097525473 0.0087890625 0.042212518195050945 0.0313720703125 0.6041659388646289 0.033203125 0.6044395924308588 0.0313720703125 0.6139912663755459 0.0313720703125 0.6227248908296943 0.03466796875 0.6227248908296943
0  0.08203125 0.6091703056768559 0.0234375 0.042212518195050945 0.0755 0.6030742358078602 0.08447265625 0.6025298398835517 0.0784296875 0.6131732168850073 0.07733203125 0.6194497816593887 0.0833740234375 0.6194497816593887
