0  0.2919921875 0.23978685612788633 0.060546875 0.1349911190053286 0.306640625 0.21492007104795738 0.3125 0.2255772646536412 0.3125 0.261101243339254 0.29296875 0.2664298401420959 0.2958984375 0.27175843694493784
0  0.3857421875 0.3765541740674956 0.03125 0.0674955595026643 0.3899619140625 0.36236056838365893 0.3982021484375 0.3627886323268206 0.3986728515625 0.37349378330373 0.3906689453125 0.39190586145648315 0.3937294921875 0.39190586145648315
0  0.439453125 0.4689165186500888 0.017578125 0.03907637655417407 0.4423828125 0.46181172291296624 0.4462890625 0.46003552397868563 0.4462890625 0.4689165186500888 0.443359375 0.47424511545293074 0.4462890625 0.477797513321492
0  0.47705078125 0.5071047957371225 0.0126953125 0.03019538188277087 0.4768330078125 0.5027442273534636 0.48162890625 0.5025452930728241 0.4799931640625 0.5067087033747779 0.478140625 0.512854351687389 0.48271875 0.5126554174067496
0  0.5341796875 0.43872113676731794 0.01171875 0.03907637655417407 0.53515625 0.42984014209591476 0.533203125 0.42984014209591476 0.5302734375 0.4404973357015986 0.5361328125 0.44760213143872113 0.53515625 0.44760213143872113
0  0.60400390625 0.4547069271758437 0.0126953125 0.04262877442273535 0.6044921875 0.44582593250444047 0.6025390625 0.44404973357015987 0.599609375 0.4547069271758437 0.6064453125 0.46536412078152756 0.603515625 0.4635879218472469
0  0.72119140625 0.4493783303730018 0.0107421875 0.035523978685612786 0.724609375 0.4422735346358792 0.72265625 0.44404973357015987 0.7265625 0.45293072824156305 0.7236328125 0.46003552397868563 0.7255859375 0.46003552397868563
0  0.75390625 0.48934280639431615 0.01171875 0.02664298401420959 0.750244140625 0.4849662522202487 0.7544638671875 0.4849662522202487 0.752162109375 0.49211722912966255 0.751298828125 0.4963055062166963 0.7541767578125 0.495955595026643
0  0.80712890625 0.4937833037300178 0.0146484375 0.028419182948490232 0.8037109375 0.49023090586145646 0.8095703125 0.4866785079928952 0.806640625 0.4955595026642984 0.8076171875 0.5026642984014209 0.8115234375 0.4991119005328597
0  0.8671875 0.3827708703374778 0.017578125 0.047957371225577264 0.8621298828125 0.3697833037300177 0.8609404296875 0.3691634103019538 0.8578798828125 0.3818436944937833 0.8646806640625 0.39173889875666074 0.86366015625 0.39112078152753105
