0  0.9052734375 0.3390728476821192 0.009765625 0.013245033112582781 -0.0009765625 -0.0013245033112582781 -0.0009765625 -0.0013245033112582781 -0.0009765625 -0.0013245033112582781 -0.0009765625 -0.0013245033112582781 -0.0009765625 -0.0013245033112582781
0  0.9326171875 0.3423841059602649 0.009765625 0.017218543046357615 -0.0009765625 -0.0013245033112582781 -0.0009765625 -0.0013245033112582781 -0.0009765625 -0.0013245033112582781 -0.0009765625 -0.0013245033112582781 -0.0009765625 -0.0013245033112582781
0  0.9765625 0.4324503311258278 0.013671875 0.019867549668874173 -0.0009765625 -0.0013245033112582781 -0.0009765625 -0.0013245033112582781 -0.0009765625 -0.0013245033112582781 -0.0009765625 -0.0013245033112582781 -0.0009765625 -0.0013245033112582781
0  0.70947265625 0.37748344370860926 0.0107421875 0.018543046357615896 -0.0009765625 -0.0013245033112582781 -0.0009765625 -0.0013245033112582781 -0.0009765625 -0.0013245033112582781 -0.0009765625 -0.0013245033112582781 -0.0009765625 -0.0013245033112582781
0  0.68603515625 0.4059602649006622 0.0126953125 0.019867549668874173 0.6822509765625 0.4033933774834437 0.6865537109375 0.4027735099337748 0.68408203125 0.4077403973509934 0.6838984375 0.4100993377483444 0.68701171875 0.40910596026490065
0  0.6240234375 0.41324503311258276 0.009765625 0.018543046357615896 -0.0009765625 -0.0013245033112582781 -0.0009765625 -0.0013245033112582781 -0.0009765625 -0.0013245033112582781 -0.0009765625 -0.0013245033112582781 -0.0009765625 -0.0013245033112582781
0  0.61181640625 0.376158940397351 0.0107421875 0.018543046357615896 -0.0009765625 -0.0013245033112582781 -0.0009765625 -0.0013245033112582781 -0.0009765625 -0.0013245033112582781 -0.0009765625 -0.0013245033112582781 -0.0009765625 -0.0013245033112582781
0  0.56787109375 0.3801324503311258 0.0107421875 0.015894039735099338 -0.0009765625 -0.0013245033112582781 -0.0009765625 -0.0013245033112582781 -0.0009765625 -0.0013245033112582781 -0.0009765625 -0.0013245033112582781 -0.0009765625 -0.0013245033112582781
0  0.53173828125 0.3933774834437086 0.0107421875 0.018543046357615896 -0.0009765625 -0.0013245033112582781 -0.0009765625 -0.0013245033112582781 -0.0009765625 -0.0013245033112582781 -0.0009765625 -0.0013245033112582781 -0.0009765625 -0.0013245033112582781
0  0.3427734375 0.38211920529801324 0.01171875 0.017218543046357615 -0.0009765625 -0.0013245033112582781 -0.0009765625 -0.0013245033112582781 -0.0009765625 -0.0013245033112582781 -0.0009765625 -0.0013245033112582781 -0.0009765625 -0.0013245033112582781
0  0.21533203125 0.3205298013245033 0.0107421875 0.013245033112582781 -0.0009765625 -0.0013245033112582781 -0.0009765625 -0.0013245033112582781 -0.0009765625 -0.0013245033112582781 -0.0009765625 -0.0013245033112582781 -0.0009765625 -0.0013245033112582781
0  0.15185546875 0.343046357615894 0.0126953125 0.018543046357615896 -0.0009765625 -0.0013245033112582781 -0.0009765625 -0.0013245033112582781 -0.0009765625 -0.0013245033112582781 -0.0009765625 -0.0013245033112582781 -0.0009765625 -0.0013245033112582781
0  0.373046875 0.5794701986754967 0.017578125 0.019867549668874173 -0.0009765625 -0.0013245033112582781 -0.0009765625 -0.0013245033112582781 -0.0009765625 -0.0013245033112582781 -0.0009765625 -0.0013245033112582781 -0.0009765625 -0.0013245033112582781
0  0.27734375 0.46688741721854304 0.01171875 0.017218543046357615 -0.0009765625 -0.0013245033112582781 -0.0009765625 -0.0013245033112582781 -0.0009765625 -0.0013245033112582781 -0.0009765625 -0.0013245033112582781 -0.0009765625 -0.0013245033112582781
0  0.23046875 0.30596026490066225 0.0078125 0.013245033112582781 -0.0009765625 -0.0013245033112582781 -0.0009765625 -0.0013245033112582781 -0.0009765625 -0.0013245033112582781 -0.0009765625 -0.0013245033112582781 -0.0009765625 -0.0013245033112582781
0  0.0810546875 0.41589403973509936 0.01171875 0.018543046357615896 -0.0009765625 -0.0013245033112582781 -0.0009765625 -0.0013245033112582781 -0.0009765625 -0.0013245033112582781 -0.0009765625 -0.0013245033112582781 -0.0009765625 -0.0013245033112582781
0  0.0302734375 0.43178807947019865 0.01171875 0.018543046357615896 -0.0009765625 -0.0013245033112582781 -0.0009765625 -0.0013245033112582781 -0.0009765625 -0.0013245033112582781 -0.0009765625 -0.0013245033112582781 -0.0009765625 -0.0013245033112582781
0  0.16455078125 0.7370860927152317 0.0166015625 0.02781456953642384 -0.0009765625 -0.0013245033112582781 -0.0009765625 -0.0013245033112582781 -0.0009765625 -0.0013245033112582781 -0.0009765625 -0.0013245033112582781 -0.0009765625 -0.0013245033112582781
0  0.3837890625 0.6476821192052981 0.01953125 0.03443708609271523 -0.0009765625 -0.0013245033112582781 -0.0009765625 -0.0013245033112582781 -0.0009765625 -0.0013245033112582781 -0.0009765625 -0.0013245033112582781 -0.0009765625 -0.0013245033112582781
0  0.3271484375 0.6708609271523179 0.021484375 0.03576158940397351 0.3297421875 0.6667695364238411 0.3341630859375 0.6633099337748344 0.335353515625 0.6718423841059602 0.3304228515625 0.6803748344370861 0.33297265625 0.6801443708609272
0  0.42724609375 0.49337748344370863 0.0126953125 0.019867549668874173 0.42503125 0.4889430463576159 0.426853515625 0.4903735099337749 0.4246474609375 0.49427682119205296 0.4243603515625 0.49700794701986756 0.426853515625 0.49856953642384105
0  0.3525390625 0.34503311258278146 0.0078125 0.01456953642384106 -0.0009765625 -0.0013245033112582781 -0.0009765625 -0.0013245033112582781 -0.0009765625 -0.0013245033112582781 -0.0009765625 -0.0013245033112582781 -0.0009765625 -0.0013245033112582781
