0  0.0244140625 0.17279411764705882 0.013671875 0.033823529411764704 -0.0009765625 -0.0014705882352941176 -0.0009765625 -0.0014705882352941176 -0.0009765625 -0.0014705882352941176 -0.0009765625 -0.0014705882352941176 -0.0009765625 -0.0014705882352941176
0  0.05322265625 0.1536764705882353 0.0166015625 0.04264705882352941 -0.0009765625 -0.0014705882352941176 -0.0009765625 -0.0014705882352941176 -0.0009765625 -0.0014705882352941176 -0.0009765625 -0.0014705882352941176 -0.0009765625 -0.0014705882352941176
0  0.0380859375 0.22720588235294117 0.025390625 0.04852941176470588 -0.0009765625 -0.0014705882352941176 -0.0009765625 -0.0014705882352941176 -0.0009765625 -0.0014705882352941176 -0.0009765625 -0.0014705882352941176 -0.0009765625 -0.0014705882352941176
0  0.07275390625 0.24558823529411763 0.0224609375 0.03529411764705882 0.065673828125 0.24301470588235294 0.0765078125 0.23704117647058823 0.0739140625 0.2492191176470588 0.07208203125 0.25496323529411763 0.0791015625 0.25151617647058827
0  0.06298828125 0.3602941176470588 0.0224609375 0.03529411764705882 0.0594482421875 0.3581794117647059 0.068603515625 0.3542735294117647 0.0655517578125 0.3616264705882353 0.0641787109375 0.36966911764705884 0.0699765625 0.3685205882352941
0  0.1005859375 0.3352941176470588 0.01953125 0.03235294117647059 0.092494140625 0.33298382352941175 0.101841796875 0.33256323529411763 0.096958984375 0.3386558823529412 0.095423828125 0.3453779411764706 0.1010048828125 0.34495735294117646
0  0.1162109375 0.21102941176470588 0.0234375 0.04264705882352941 0.110291015625 0.20588235294117646 0.120361328125 0.20588235294117646 0.114501953125 0.21580882352941178 0.1112060546875 0.22380588235294116 0.1192626953125 0.2235294117647059
0  0.09326171875 0.2426470588235294 0.0107421875 0.020588235294117647 -0.0009765625 -0.0014705882352941176 -0.0009765625 -0.0014705882352941176 -0.0009765625 -0.0014705882352941176 -0.0009765625 -0.0014705882352941176 -0.0009765625 -0.0014705882352941176
0  0.08544921875 0.2323529411764706 0.0087890625 0.01764705882352941 -0.0009765625 -0.0014705882352941176 -0.0009765625 -0.0014705882352941176 -0.0009765625 -0.0014705882352941176 -0.0009765625 -0.0014705882352941176 -0.0009765625 -0.0014705882352941176
0  0.1728515625 0.24411764705882352 0.01953125 0.041176470588235294 0.16932421875 0.2412294117647059 0.177546875 0.239075 0.1739716796875 0.24930441176470586 0.171291015625 0.2565720588235294 0.1777255859375 0.2552264705882353
0  0.2138671875 0.19705882352941176 0.03125 0.10294117647058823 -0.0009765625 -0.0014705882352941176 -0.0009765625 -0.0014705882352941176 -0.0009765625 -0.0014705882352941176 -0.0009765625 -0.0014705882352941176 -0.0009765625 -0.0014705882352941176
0  0.232421875 0.20294117647058824 0.01953125 0.03529411764705882 -0.0009765625 -0.0014705882352941176 -0.0009765625 -0.0014705882352941176 -0.0009765625 -0.0014705882352941176 -0.0009765625 -0.0014705882352941176 -0.0009765625 -0.0014705882352941176
0  0.267578125 0.2073529411764706 0.0234375 0.03823529411764706 0.261623046875 0.20361029411764708 0.272888671875 0.20286176470588235 0.2677529296875 0.2086 0.2642734375 0.2170823529411765 0.27272265625 0.2170823529411765
0  0.30078125 0.14705882352941177 0.025390625 0.047058823529411764 -0.0009765625 -0.0014705882352941176 -0.0009765625 -0.0014705882352941176 -0.0009765625 -0.0014705882352941176 -0.0009765625 -0.0014705882352941176 -0.0009765625 -0.0014705882352941176
0  0.3017578125 0.2338235294117647 0.03515625 0.08823529411764706 -0.0009765625 -0.0014705882352941176 -0.0009765625 -0.0014705882352941176 -0.0009765625 -0.0014705882352941176 -0.0009765625 -0.0014705882352941176 -0.0009765625 -0.0014705882352941176
0  0.65625 0.13970588235294118 0.0234375 0.06470588235294118 -0.0009765625 -0.0014705882352941176 -0.0009765625 -0.0014705882352941176 -0.0009765625 -0.0014705882352941176 -0.0009765625 -0.0014705882352941176 -0.0009765625 -0.0014705882352941176
0  0.8701171875 0.16029411764705884 0.01953125 0.047058823529411764 0.861119140625 0.1555014705882353 0.8651298828125 0.15610588235294118 0.86091796875 0.16788382352941178 0.8669345703125 0.17301764705882353 0.8697421875 0.17150735294117647
0  0.95556640625 0.12794117647058822 0.0224609375 0.05588235294117647 0.948015625 0.12226911764705882 0.9567265625 0.12687794117647058 0.950134765625 0.13042352941176472 0.9466025390625 0.1368044117647059 0.9522529296875 0.14105882352941176
0  0.7314453125 0.12205882352941176 0.013671875 0.03529411764705882 -0.0009765625 -0.0014705882352941176 -0.0009765625 -0.0014705882352941176 -0.0009765625 -0.0014705882352941176 -0.0009765625 -0.0014705882352941176 -0.0009765625 -0.0014705882352941176
0  0.5615234375 0.15735294117647058 0.0234375 0.04411764705882353 -0.0009765625 -0.0014705882352941176 -0.0009765625 -0.0014705882352941176 -0.0009765625 -0.0014705882352941176 -0.0009765625 -0.0014705882352941176 -0.0009765625 -0.0014705882352941176
0  0.736328125 0.20220588235294118 0.021484375 0.039705882352941174 0.73212109375 0.20246176470588237 0.740962890625 0.1999014705882353 0.7373916015625 0.20988676470588238 0.7324609375 0.21500735294117648 0.7411328125 0.2134720588235294
0  0.7578125 0.1536764705882353 0.01953125 0.039705882352941174 0.7525634765625 0.15015735294117646 0.763955078125 0.14734117647058823 0.75800390625 0.15579117647058824 0.75375390625 0.16244705882352942 0.764294921875 0.159375
0  0.79296875 0.18970588235294117 0.021484375 0.03823529411764706 -0.0009765625 -0.0014705882352941176 -0.0009765625 -0.0014705882352941176 -0.0009765625 -0.0014705882352941176 -0.0009765625 -0.0014705882352941176 -0.0009765625 -0.0014705882352941176
0  0.34130859375 0.14779411764705883 0.0380859375 0.06323529411764706 -0.0009765625 -0.0014705882352941176 -0.0009765625 -0.0014705882352941176 -0.0009765625 -0.0014705882352941176 -0.0009765625 -0.0014705882352941176 -0.0009765625 -0.0014705882352941176
0  0.36962890625 0.1536764705882353 0.0166015625 0.033823529411764704 -0.0009765625 -0.0014705882352941176 -0.0009765625 -0.0014705882352941176 -0.0009765625 -0.0014705882352941176 -0.0009765625 -0.0014705882352941176 -0.0009765625 -0.0014705882352941176
0  0.33740234375 0.20588235294117646 0.0224609375 0.03823529411764706 0.331263671875 0.20004558823529411 0.339974609375 0.1976161764705882 0.33691015625 0.20830441176470588 0.3330380859375 0.21413529411764706 0.3417490234375 0.21243382352941179
0  0.60986328125 0.17941176470588235 0.0205078125 0.041176470588235294 0.6017236328125 0.17483529411764706 0.6071650390625 0.17457941176470587 0.6000234375 0.18507794117647058 0.603083984375 0.19199117647058825 0.6078447265625 0.1914779411764706
0  0.67041015625 0.19044117647058822 0.0185546875 0.030882352941176472 0.6651171875 0.1901 0.6704794921875 0.18714558823529412 0.6672099609375 0.1932514705882353 0.6666875 0.19916029411764707 0.6713955078125 0.19620588235294115
0  0.68359375 0.17426470588235293 0.017578125 0.045588235294117645 -0.0009765625 -0.0014705882352941176 -0.0009765625 -0.0014705882352941176 -0.0009765625 -0.0014705882352941176 -0.0009765625 -0.0014705882352941176 -0.0009765625 -0.0014705882352941176
0  0.767578125 0.21838235294117647 0.01171875 0.027941176470588237 -0.0009765625 -0.0014705882352941176 -0.0009765625 -0.0014705882352941176 -0.0009765625 -0.0014705882352941176 -0.0009765625 -0.0014705882352941176 -0.0009765625 -0.0014705882352941176
0  0.36279296875 0.23161764705882354 0.0185546875 0.03676470588235294 0.3577265625 0.22761911764705883 0.3665771484375 0.22624117647058822 0.36245703125 0.23451323529411763 0.35986328125 0.24186617647058822 0.3667294921875 0.2407176470588235
0  0.4013671875 0.19044117647058822 0.021484375 0.039705882352941174 0.3967763671875 0.182825 0.405107421875 0.18256911764705883 0.4003466796875 0.1892264705882353 0.39745703125 0.19562794117647056 0.40391796875 0.19562794117647056
0  0.45068359375 0.13676470588235295 0.0224609375 0.05588235294117647 0.45233203125 0.12896470588235293 0.4530380859375 0.12896470588235293 0.4626904296875 0.13676470588235295 0.457275390625 0.15023676470588235 0.45774609375 0.15023676470588235
0  0.46044921875 0.17058823529411765 0.0185546875 0.03529411764705882 0.4563681640625 0.16680735294117646 0.4646865234375 0.165625 0.461861328125 0.1729514705882353 0.456525390625 0.17980588235294118 0.4654716796875 0.17933235294117647
0  0.5068359375 0.2301470588235294 0.01953125 0.039705882352941174 0.49988671875 0.2243235294117647 0.50702734375 0.2233 0.5020966796875 0.23174852941176471 0.5009072265625 0.23763823529411765 0.5075380859375 0.2371264705882353
0  0.5087890625 0.18088235294117647 0.01953125 0.03235294117647059 0.50439453125 0.18046176470588235 0.5140205078125 0.18004264705882353 0.51025390625 0.18571470588235295 0.5059287109375 0.19201617647058825 0.5142998046875 0.19117647058823528
0  0.57421875 0.2036764705882353 0.017578125 0.03676470588235294 0.5716728515625 0.19963235294117648 0.579833984375 0.19916029411764707 0.577166015625 0.20766764705882354 0.57057421875 0.21428529411764705 0.57936328125 0.21405
0  0.71240234375 0.30073529411764705 0.0244140625 0.04264705882352941 0.703552734375 0.29613970588235294 0.713623046875 0.29365882352941175 0.709044921875 0.30551470588235297 0.7066650390625 0.31213235294117647 0.715271484375 0.31130588235294115
0  0.70751953125 0.14338235294117646 0.0126953125 0.027941176470588237 -0.0009765625 -0.0014705882352941176 -0.0009765625 -0.0014705882352941176 -0.0009765625 -0.0014705882352941176 -0.0009765625 -0.0014705882352941176 -0.0009765625 -0.0014705882352941176
0  0.59326171875 0.1625 0.0166015625 0.03676470588235294 -0.0009765625 -0.0014705882352941176 -0.0009765625 -0.0014705882352941176 -0.0009765625 -0.0014705882352941176 -0.0009765625 -0.0014705882352941176 -0.0009765625 -0.0014705882352941176
