0  0.05810546875 0.2591508052708638 0.0244140625 0.07320644216691069 -0.0009765625 -0.0014641288433382138 -0.0009765625 -0.0014641288433382138 -0.0009765625 -0.0014641288433382138 -0.0009765625 -0.0014641288433382138 -0.0009765625 -0.0014641288433382138
0  0.11181640625 0.3301610541727672 0.0166015625 0.03953147877013177 -0.0009765625 -0.0014641288433382138 -0.0009765625 -0.0014641288433382138 -0.0009765625 -0.0014641288433382138 -0.0009765625 -0.0014641288433382138 -0.0009765625 -0.0014641288433382138
0  0.17041015625 0.2935578330893119 0.0146484375 0.0424597364568082 -0.0009765625 -0.0014641288433382138 -0.0009765625 -0.0014641288433382138 -0.0009765625 -0.0014641288433382138 -0.0009765625 -0.0014641288433382138 -0.0009765625 -0.0014641288433382138
0  0.2197265625 0.28989751098096633 0.015625 0.040995607613469986 -0.0009765625 -0.0014641288433382138 -0.0009765625 -0.0014641288433382138 -0.0009765625 -0.0014641288433382138 -0.0009765625 -0.0014641288433382138 -0.0009765625 -0.0014641288433382138
0  0.2841796875 0.26500732064421667 0.009765625 0.03513909224011713 -0.0009765625 -0.0014641288433382138 -0.0009765625 -0.0014641288433382138 -0.0009765625 -0.0014641288433382138 -0.0009765625 -0.0014641288433382138 -0.0009765625 -0.0014641288433382138
0  0.29443359375 0.26061493411420206 0.0087890625 0.032210834553440704 -0.0009765625 -0.0014641288433382138 -0.0009765625 -0.0014641288433382138 -0.0009765625 -0.0014641288433382138 -0.0009765625 -0.0014641288433382138 -0.0009765625 -0.0014641288433382138
0  0.21875 0.2591508052708638 0.01171875 0.029282576866764276 -0.0009765625 -0.0014641288433382138 -0.0009765625 -0.0014641288433382138 -0.0009765625 -0.0014641288433382138 -0.0009765625 -0.0014641288433382138 -0.0009765625 -0.0014641288433382138
0  0.16943359375 0.25841874084919475 0.0166015625 0.03367496339677892 -0.0009765625 -0.0014641288433382138 -0.0009765625 -0.0014641288433382138 -0.0009765625 -0.0014641288433382138 -0.0009765625 -0.0014641288433382138 -0.0009765625 -0.0014641288433382138
0  0.48193359375 0.30307467057101023 0.0107421875 0.017569546120058566 -0.0009765625 -0.0014641288433382138 -0.0009765625 -0.0014641288433382138 -0.0009765625 -0.0014641288433382138 -0.0009765625 -0.0014641288433382138 -0.0009765625 -0.0014641288433382138
0  0.52490234375 0.2767203513909224 0.0126953125 0.020497803806734993 0.522033203125 0.2753016105417277 0.522216796875 0.27543923865300146 0.522765625 0.28202781844802344 0.524962890625 0.28326354319180086 0.525146484375 0.2838125915080527
0  0.61279296875 0.24743777452415813 0.0146484375 0.03513909224011713 0.6105263671875 0.2444187408491947 0.6105263671875 0.2444187408491947 0.6068203125 0.24953001464128843 0.60978515625 0.25553001464128844 0.60978515625 0.25553001464128844
0  0.66455078125 0.23718887262079064 0.0107421875 0.029282576866764276 -0.0009765625 -0.0014641288433382138 -0.0009765625 -0.0014641288433382138 -0.0009765625 -0.0014641288433382138 -0.0009765625 -0.0014641288433382138 -0.0009765625 -0.0014641288433382138
0  0.72412109375 0.22767203513909223 0.0126953125 0.03367496339677892 0.7237763671875 0.22297218155197657 0.7233447265625 0.22275695461200587 0.720611328125 0.2290117130307467 0.7237763671875 0.2380717423133236 0.724064453125 0.23742459736456809
0  0.77001953125 0.2913616398243045 0.0107421875 0.04685212298682284 -0.0009765625 -0.0014641288433382138 -0.0009765625 -0.0014641288433382138 -0.0009765625 -0.0014641288433382138 -0.0009765625 -0.0014641288433382138 -0.0009765625 -0.0014641288433382138
0  0.79443359375 0.24743777452415813 0.0126953125 0.029282576866764276 -0.0009765625 -0.0014641288433382138 -0.0009765625 -0.0014641288433382138 -0.0009765625 -0.0014641288433382138 -0.0009765625 -0.0014641288433382138 -0.0009765625 -0.0014641288433382138
0  0.83642578125 0.31112737920937045 0.0146484375 0.0424597364568082 0.833923828125 0.3065519765739385 0.8342890625 0.3068257686676428 0.830810546875 0.3123162518301611 0.8326416015625 0.31945534407027815 0.83282421875 0.31945534407027815
0  0.91748046875 0.22693997071742314 0.0205078125 0.08199121522693997 -0.0009765625 -0.0014641288433382138 -0.0009765625 -0.0014641288433382138 -0.0009765625 -0.0014641288433382138 -0.0009765625 -0.0014641288433382138 -0.0009765625 -0.0014641288433382138
