0  0.53076171875 0.42752562225475843 0.0166015625 0.032210834553440704 0.5267158203125 0.42752562225475843 0.534388671875 0.42543338213762816 0.53076171875 0.4352650073206442 0.529505859375 0.4398667642752562 0.534947265625 0.438402635431918
0  0.560546875 0.390190336749634 0.013671875 0.027818448023426062 0.55859375 0.38799414348462663 0.55859375 0.38799414348462663 0.5595703125 0.39824304538799415 0.5634765625 0.4011713030746706 0.5634765625 0.4011713030746706
0  0.6865234375 0.43484626647144947 0.015625 0.032210834553440704 0.6817802734375 0.4346368960468522 0.6876396484375 0.4340102489019033 0.684291015625 0.44216691068814057 0.6865234375 0.445723279648609 0.691126953125 0.4440497803806735
0  0.83447265625 0.4267935578330893 0.0185546875 0.024890190336749635 0.830078125 0.43045387994143486 0.833984375 0.42752562225475843 0.83203125 0.4333821376281113 0.837890625 0.43484626647144947 0.837890625 0.43484626647144947
0  0.7412109375 0.43265007320644217 0.015625 0.024890190336749635 0.736328125 0.43484626647144947 0.7421875 0.4333821376281113 0.7392578125 0.44216691068814057 0.740234375 0.445095168374817 0.7451171875 0.4407027818448023
0  0.783203125 0.42972181551976574 0.017578125 0.027818448023426062 0.779296875 0.43484626647144947 0.7822265625 0.43191800878477304 0.7802734375 0.4377745241581259 0.78515625 0.4407027818448023 0.78515625 0.4407027818448023
0  0.20654296875 0.41142020497803805 0.0126953125 0.029282576866764276 0.2109375 0.40995607613469986 0.212890625 0.4084919472913616 0.2138671875 0.4158125915080527 0.2109375 0.4216691068814056 0.2109375 0.4216691068814056
0  0.26318359375 0.43997071742313326 0.0126953125 0.027818448023426062 0.265625 0.4363103953147877 0.2705078125 0.43484626647144947 0.271484375 0.44216691068814057 0.2666015625 0.4480234260614934 0.271484375 0.4465592972181552
0  0.365234375 0.431185944363104 0.015625 0.027818448023426062 0.3662109375 0.43045387994143486 0.37109375 0.43191800878477304 0.3681640625 0.4363103953147877 0.3642578125 0.44216691068814057 0.3671875 0.44216691068814057
0  0.31982421875 0.44875549048316254 0.0146484375 0.03074670571010249 0.3193359375 0.4494875549048316 0.3251953125 0.45241581259150804 0.3232421875 0.4568081991215227 0.3203125 0.4612005856515373 0.3212890625 0.4612005856515373
0  0.49072265625 0.431185944363104 0.0166015625 0.036603221083455345 -0.0009765625 -0.0014641288433382138 -0.0009765625 -0.0014641288433382138 -0.0009765625 -0.0014641288433382138 -0.0009765625 -0.0014641288433382138 -0.0009765625 -0.0014641288433382138
