0  0.109375 0.43699731903485256 0.0625 0.10723860589812333 0.1049453125 0.4221260053619303 0.1310556640625 0.4221260053619303 0.1216953125 0.4437654155495978 0.1039599609375 0.4572895442359249 0.129578125 0.4566139410187668
0  0.21826171875 0.3780160857908847 0.0517578125 0.10187667560321716 0.2074892578125 0.3696621983914209 0.232212890625 0.36645978552278824 0.2275478515625 0.38951206434316354 0.208888671875 0.4016782841823056 0.236876953125 0.3933538873994638
0  0.33935546875 0.3398123324396783 0.0556640625 0.1032171581769437 0.32831640625 0.3292680965147453 0.35325390625 0.32992627345844505 0.3436630859375 0.34638337801608576 0.329755859375 0.3602064343163539 0.3537333984375 0.3608646112600536
0  0.42138671875 0.49463806970509383 0.0654296875 0.10991957104557641 0.403865234375 0.4843324396782842 0.4334453125 0.48295710455764074 0.416900390625 0.5042908847184987 0.4063720703125 0.5194316353887399 0.4329443359375 0.5166782841823057
0  0.4775390625 0.3331099195710456 0.046875 0.0871313672922252 0.47265625 0.32171581769436997 0.4951171875 0.3284182305630027 0.48046875 0.34048257372654156 0.4677734375 0.34986595174262736 0.4853515625 0.3552278820375335
0  0.55419921875 0.403485254691689 0.0517578125 0.10187667560321716 0.5424111328125 0.3976206434316354 0.565953125 0.39374262734584453 0.5560654296875 0.4144249329758713 0.546177734375 0.4292895442359249 0.567365234375 0.42605764075067026
0  0.59423828125 0.31702412868632707 0.0498046875 0.0871313672922252 0.5792236328125 0.3069946380697051 0.6032890625 0.3025898123324397 0.5904541015625 0.3169048257372654 0.5812294921875 0.3334209115281501 0.6004814453125 0.33066890080428957
0  0.62451171875 0.39812332439678283 0.0478515625 0.0938337801608579 0.61884375 0.38619705093833784 0.6412880859375 0.3921206434316354 0.6322236328125 0.40633914209115285 0.6149599609375 0.416411528150134 0.6356767578125 0.42233512064343165
0  0.70751953125 0.4289544235924933 0.0458984375 0.08310991957104558 0.6971611328125 0.4191876675603217 0.7201796875 0.4181353887399463 0.7079033203125 0.4381461126005362 0.6986953125 0.4465723860589812 0.7171103515625 0.44446514745308313
0  0.71826171875 0.34316353887399464 0.0419921875 0.07506702412868632 0.710240234375 0.3345455764075067 0.7301201171875 0.3331099195710456 0.7193076171875 0.34795040214477213 0.7119833984375 0.3575254691689008 0.726283203125 0.3580040214477212
0  0.78173828125 0.3739946380697051 0.0498046875 0.08847184986595175 0.7711142578125 0.3627506702412869 0.796251953125 0.3672024128686327 0.7816552734375 0.3822292225201072 0.7707080078125 0.39113404825737264 0.79098046875 0.3928029490616622
0  0.83740234375 0.34986595174262736 0.0439453125 0.07238605898123325 0.825474609375 0.34213404825737265 0.8453544921875 0.34167962466487933 0.834419921875 0.3553230563002681 0.827130859375 0.36623860589812335 0.844029296875 0.36623860589812335
0  0.8994140625 0.33847184986595175 0.052734375 0.0871313672922252 0.8865791015625 0.3339477211796247 0.9090400390625 0.32623994638069703 0.8982109375 0.3477117962466488 0.8921943359375 0.36257640750670245 0.9114462890625 0.355970509383378
