0  0.73583984375 0.48445273631840796 0.0400390625 0.05845771144278607 0.7251279296875 0.4811044776119403 0.7449912109375 0.47626865671641794 0.7356435546875 0.49152114427860694 0.7298017578125 0.50156592039801 0.7420693359375 0.4989614427860697
0  0.5498046875 0.5783582089552238 0.03515625 0.0472636815920398 0.542123046875 0.5753159203980099 0.556509765625 0.576842039800995 0.5497958984375 0.5881417910447762 0.5438017578125 0.5924179104477612 0.5543515625 0.5936393034825871
0  0.76025390625 0.41044776119402987 0.0244140625 0.03980099502487562 0.7532607421875 0.40281840796019897 0.7632880859375 0.40332960199004975 0.75867578125 0.4107363184079602 0.754263671875 0.4176330845771144 0.761884765625 0.4176330845771144
0  0.64697265625 0.4172885572139303 0.0205078125 0.033582089552238806 0.6406943359375 0.4120248756218905 0.650634765625 0.4118134328358209 0.6448359375 0.4194092039800995 0.6408603515625 0.42616169154228856 0.64765234375 0.4259502487562189
0  0.9296875 0.39241293532338306 0.021484375 0.036069651741293535 0.925109375 0.386660447761194 0.9337158203125 0.38526119402985076 0.9300537109375 0.39389054726368156 0.926208984375 0.399952736318408 0.933349609375 0.39972014925373134
0  0.966796875 0.4216417910447761 0.017578125 0.029850746268656716 -0.0009765625 -0.0012437810945273632 -0.0009765625 -0.0012437810945273632 -0.0009765625 -0.0012437810945273632 -0.0009765625 -0.0012437810945273632 -0.0009765625 -0.0012437810945273632
0  0.8505859375 0.4216417910447761 0.015625 0.02736318407960199 -0.0009765625 -0.0012437810945273632 -0.0009765625 -0.0012437810945273632 -0.0009765625 -0.0012437810945273632 -0.0009765625 -0.0012437810945273632 -0.0009765625 -0.0012437810945273632
0  0.7919921875 0.4141791044776119 0.017578125 0.03233830845771144 0.7928203125 0.4144129353233831 0.7997783203125 0.4156778606965174 0.7971279296875 0.420952736318408 0.792158203125 0.42580597014925375 0.797625 0.426860696517413
0  0.869140625 0.43843283582089554 0.015625 0.026119402985074626 -0.0009765625 -0.0012437810945273632 -0.0009765625 -0.0012437810945273632 -0.0009765625 -0.0012437810945273632 -0.0009765625 -0.0012437810945273632 -0.0009765625 -0.0012437810945273632
0  0.8076171875 0.4197761194029851 0.013671875 0.028606965174129355 -0.0009765625 -0.0012437810945273632 -0.0009765625 -0.0012437810945273632 -0.0009765625 -0.0012437810945273632 -0.0009765625 -0.0012437810945273632 -0.0009765625 -0.0012437810945273632
0  0.6875 0.43283582089552236 0.021484375 0.022388059701492536 0.681544921875 0.4271554726368159 0.6910400390625 0.4251393034825871 0.68701171875 0.4341181592039801 0.6838466796875 0.43833333333333335 0.691328125 0.43631716417910443
0  0.703125 0.42723880597014924 0.013671875 0.01616915422885572 -0.0009765625 -0.0012437810945273632 -0.0009765625 -0.0012437810945273632 -0.0009765625 -0.0012437810945273632 -0.0009765625 -0.0012437810945273632 -0.0009765625 -0.0012437810945273632
0  0.6220703125 0.4060945273631841 0.021484375 0.036069651741293535 0.616171875 0.39847636815920395 0.6249306640625 0.3975659203980099 0.620640625 0.4048507462686567 0.6208193359375 0.4098594527363184 0.625466796875 0.4094042288557214
0  0.57373046875 0.3849502487562189 0.0322265625 0.033582089552238806 -0.0009765625 -0.0012437810945273632 -0.0009765625 -0.0012437810945273632 -0.0009765625 -0.0012437810945273632 -0.0009765625 -0.0012437810945273632 -0.0009765625 -0.0012437810945273632
0  0.52978515625 0.3327114427860697 0.0361328125 0.06592039800995025 0.521142578125 0.3251741293532338 0.537880859375 0.32483830845771144 0.529609375 0.3345149253731343 0.5228125 0.3466542288557214 0.536591796875 0.3464054726368159
0  0.3583984375 0.4129353233830846 0.03515625 0.0472636815920398 0.352634765625 0.40009825870646765 0.36534375 0.40040298507462685 0.35791015625 0.4113967661691542 0.35167578125 0.42269651741293535 0.3643837890625 0.42239179104477614
0  0.46435546875 0.3656716417910448 0.0341796875 0.04477611940298507 0.45804296875 0.35513805970149254 0.471828125 0.3548557213930348 0.46582421875 0.36533333333333334 0.460265625 0.37581094527363185 0.470048828125 0.3760932835820896
0  0.2509765625 0.36691542288557216 0.03515625 0.05223880597014925 0.246373046875 0.3603967661691542 0.2589765625 0.3600696517412935 0.253060546875 0.3685870646766169 0.2481728515625 0.377431592039801 0.2569189453125 0.377431592039801
0  0.48486328125 0.36629353233830847 0.0146484375 0.036069651741293535 -0.0009765625 -0.0012437810945273632 -0.0009765625 -0.0012437810945273632 -0.0009765625 -0.0012437810945273632 -0.0009765625 -0.0012437810945273632 -0.0009765625 -0.0012437810945273632
0  0.1669921875 0.40111940298507465 0.017578125 0.03109452736318408 -0.0009765625 -0.0012437810945273632 -0.0009765625 -0.0012437810945273632 -0.0009765625 -0.0012437810945273632 -0.0009765625 -0.0012437810945273632 -0.0009765625 -0.0012437810945273632
0  0.1025390625 0.4098258706467662 0.01953125 0.041044776119402986 0.0972119140625 0.40773756218905477 0.0992607421875 0.4074776119402985 0.09393359375 0.41348009950248754 0.0968017578125 0.42052611940298507 0.097826171875 0.4202649253731343
0  0.05517578125 0.44402985074626866 0.0166015625 0.03233830845771144 -0.0009765625 -0.0012437810945273632 -0.0009765625 -0.0012437810945273632 -0.0009765625 -0.0012437810945273632 -0.0009765625 -0.0012437810945273632 -0.0009765625 -0.0012437810945273632
0  0.05810546875 0.4123134328358209 0.0166015625 0.018656716417910446 -0.0009765625 -0.0012437810945273632 -0.0009765625 -0.0012437810945273632 -0.0009765625 -0.0012437810945273632 -0.0009765625 -0.0012437810945273632 -0.0009765625 -0.0012437810945273632
0  0.076171875 0.44340796019900497 0.017578125 0.0236318407960199 0.0711845703125 0.44047636815920393 0.0770791015625 0.4387437810945274 0.0749248046875 0.4450957711442786 0.072998046875 0.44957089552238805 0.0780986328125 0.4482723880597015
