0  0.59716796875 0.3079427083333333 0.0224609375 0.05859375 0.5908203125 0.3043151041666667 0.5919365234375 0.3043151041666667 0.5869140625 0.3177083333333333 0.5933310546875 0.3262643229166667 0.5936103515625 0.3258932291666667
0  0.55517578125 0.3743489583333333 0.0244140625 0.045572916666666664 0.5498916015625 0.36846614583333337 0.5614453125 0.3670130208333333 0.556431640625 0.3748606770833333 0.5522900390625 0.3861953125 0.5612265625 0.38532421874999995
0  0.46875 0.3509114583333333 0.01953125 0.05078125 0.4697001953125 0.34675520833333334 0.4697001953125 0.34643489583333337 0.47953125 0.3544283854166667 0.4701796875 0.3643385416666667 0.4701796875 0.3643385416666667
0  0.83642578125 0.3203125 0.0283203125 0.0546875 0.8259970703125 0.3179635416666667 0.8354140625 0.3144765625 0.82861328125 0.32563671875 0.8283515625 0.3367981770833333 0.83672265625 0.33400781249999995
0  0.94140625 0.3170572916666667 0.02734375 0.05078125 0.9305986328125 0.31351692708333334 0.9389912109375 0.31543489583333334 0.92916015625 0.32182942708333334 0.931078125 0.3298229166666667 0.9373125 0.3311015625
0  0.24560546875 0.4036458333333333 0.0244140625 0.046875 0.246716796875 0.399734375 0.255166015625 0.39825130208333337 0.2533876953125 0.40566276041666666 0.2473837890625 0.41455598958333334 0.255388671875 0.41455598958333334
0  0.14794921875 0.3919270833333333 0.0224609375 0.0390625 0.1426611328125 0.39152604166666666 0.1531591796875 0.38677734375 0.1510966796875 0.39427604166666663 0.14903515625 0.40427343750000005 0.154845703125 0.4007747395833334
0  0.2158203125 0.3997395833333333 0.0234375 0.044270833333333336 0.214111328125 0.3968098958333333 0.22479296875 0.39623958333333337 0.22051953125 0.40649479166666663 0.2143251953125 0.41190625 0.223296875 0.4127604166666667
0  0.0791015625 0.3977864583333333 0.0234375 0.037760416666666664 0.0797734375 0.3944505208333333 0.0880126953125 0.3954270833333333 0.086181640625 0.4020182291666667 0.078673828125 0.4078776041666667 0.08673046875 0.4095859375
0  0.017578125 0.408203125 0.02734375 0.040364583333333336 0.0135537109375 0.40428515625 0.0257177734375 0.40166927083333337 0.0221865234375 0.4100403645833333 0.01728125 0.41762630208333335 0.024736328125 0.41605598958333334
0  0.96142578125 0.4309895833333333 0.0126953125 0.09375 -0.0009765625 -0.0013020833333333333 -0.0009765625 -0.0013020833333333333 -0.0009765625 -0.0013020833333333333 -0.0009765625 -0.0013020833333333333 -0.0009765625 -0.0013020833333333333
0  0.03759765625 0.763671875 0.0517578125 0.06380208333333333 0.0353134765625 0.77217578125 0.053951171875 0.7630208333333334 0.04773828125 0.7791510416666667 0.035966796875 0.7874348958333334 0.0425068359375 0.7878710937500001
0  0.046875 0.5403645833333334 0.021484375 0.078125 -0.0009765625 -0.0013020833333333333 -0.0009765625 -0.0013020833333333333 -0.0009765625 -0.0013020833333333333 -0.0009765625 -0.0013020833333333333 -0.0009765625 -0.0013020833333333333
