0  0.72119140625 0.5352422907488987 0.0263671875 0.04552129221732746 0.71540625 0.5293494860499266 0.7275693359375 0.5293494860499266 0.7218798828125 0.5411483113069016 0.7173681640625 0.5467533039647577 0.7265888671875 0.5458693098384728
0  0.75244140625 0.4977973568281938 0.0224609375 0.04405286343612335 0.7482783203125 0.4931160058737151 0.7584013671875 0.49339794419970634 0.75333984375 0.4993186490455213 0.7484658203125 0.5043920704845815 0.7572763671875 0.5049559471365639
0  0.53369140625 0.49706314243759175 0.0166015625 0.04552129221732746 0.5301337890625 0.4934449339207048 0.5310927734375 0.49430983847283405 0.5264892578125 0.5029632892804698 0.5291748046875 0.5110396475770924 0.530708984375 0.5113274596182085
0  0.50927734375 0.49632892804698975 0.0166015625 0.032305433186490456 0.5045341796875 0.4929720998531571 0.51123046875 0.4921336270190895 0.5078818359375 0.49737738619676947 0.5049521484375 0.5043010279001469 0.510951171875 0.5043010279001469
0  0.45849609375 0.5190895741556535 0.0166015625 0.03671071953010279 0.457123046875 0.5176211453744494 0.4629208984375 0.5178502202643172 0.4601748046875 0.5231277533039648 0.45590234375 0.5290925110132159 0.46353125 0.5295521292217328
0  0.41064453125 0.4933920704845815 0.0205078125 0.049926578560939794 0.4137138671875 0.4946505139500735 0.4208291015625 0.49370631424375916 0.4208291015625 0.5018883994126285 0.4130859375 0.511957415565345 0.4185263671875 0.5110132158590308
0  0.279296875 0.5 0.0234375 0.04552129221732746 0.27576953125 0.49557562408223205 0.2851865234375 0.4970499265785609 0.2802822265625 0.5035403817914831 0.2745927734375 0.5103245227606461 0.28440234375 0.5129794419970631
0  0.08203125 0.5124816446402349 0.02734375 0.049926578560939794 0.0807060546875 0.5097547723935388 0.090541015625 0.5097547723935388 0.088658203125 0.5198237885462555 0.0819619140625 0.5254875183553598 0.0909599609375 0.5258017621145374
0  0.2548828125 0.4977973568281938 0.01953125 0.0381791483113069 0.250357421875 0.49706314243759175 0.2581005859375 0.4963348017621146 0.254228515625 0.5021571218795888 0.250841796875 0.5067650513950074 0.258583984375 0.5067650513950074
0  0.3916015625 0.48164464023494863 0.013671875 0.02936857562408223 0.390625 0.4787077826725404 0.396484375 0.48164464023494863 0.3935546875 0.48604992657856094 0.388671875 0.49045521292217326 0.3955078125 0.4919236417033774
0  0.3251953125 0.5249632892804699 0.00390625 0.007342143906020558 -0.0009765625 -0.0014684287812041115 -0.0009765625 -0.0014684287812041115 -0.0009765625 -0.0014684287812041115 -0.0009765625 -0.0014684287812041115 -0.0009765625 -0.0014684287812041115
