0  0.91650390625 0.7516268980477223 0.0302734375 0.049891540130151846 0.90609765625 0.752202819956616 0.916298828125 0.752202819956616 0.9083642578125 0.7613297180043385 0.9109150390625 0.767939262472885 0.918849609375 0.7676247288503254
0  0.72265625 0.8714750542299349 0.009765625 0.014099783080260303 0.72381640625 0.8700032537960954 0.7266318359375 0.8704631236442516 0.7253896484375 0.8732234273318872 0.7231533203125 0.8752472885032537 0.7255556640625 0.8753383947939263
0  0.703125 0.8655097613882863 0.01171875 0.015184381778741865 -0.0009765625 -0.0010845986984815619 -0.0009765625 -0.0010845986984815619 -0.0009765625 -0.0010845986984815619 -0.0009765625 -0.0010845986984815619 -0.0009765625 -0.0010845986984815619
0  0.5888671875 0.7760303687635575 0.02734375 0.06616052060737528 0.582310546875 0.770975054229935 0.5804140625 0.7667624728850326 0.5754833984375 0.7844555314533623 0.5845859375 0.7903524945770065 0.5857236328125 0.7911952277657266
0  0.56201171875 0.8237527114967462 0.0185546875 0.0227765726681128 -0.0009765625 -0.0010845986984815619 -0.0009765625 -0.0010845986984815619 -0.0009765625 -0.0010845986984815619 -0.0009765625 -0.0010845986984815619 -0.0009765625 -0.0010845986984815619
0  0.46875 0.7776572668112798 0.033203125 0.05639913232104121 0.4655234375 0.7715661605206073 0.48133203125 0.7704913232104121 0.47810546875 0.7808817787418655 0.4681044921875 0.7944978308026031 0.481009765625 0.7930639913232105
0  0.3916015625 0.868763557483731 0.015625 0.021691973969631236 -0.0009765625 -0.0010845986984815619 -0.0009765625 -0.0010845986984815619 -0.0009765625 -0.0010845986984815619 -0.0009765625 -0.0010845986984815619 -0.0009765625 -0.0010845986984815619
0  0.29296875 0.7630151843817787 0.025390625 0.04013015184381779 0.29316015625 0.7571084598698481 0.3040419921875 0.7578633405639913 0.2995078125 0.7649132321041214 0.295880859375 0.7727180043383948 0.3033623046875 0.7722147505422993
0  0.240234375 0.829175704989154 0.017578125 0.027114967462039046 -0.0009765625 -0.0010845986984815619 -0.0009765625 -0.0010845986984815619 -0.0009765625 -0.0010845986984815619 -0.0009765625 -0.0010845986984815619 -0.0009765625 -0.0010845986984815619
0  0.09521484375 0.7901301518438177 0.0107421875 0.01843817787418655 -0.0009765625 -0.0010845986984815619 -0.0009765625 -0.0010845986984815619 -0.0009765625 -0.0010845986984815619 -0.0009765625 -0.0010845986984815619 -0.0009765625 -0.0010845986984815619
0  0.44873046875 0.36984815618221256 0.0087890625 0.008676789587852495 -0.0009765625 -0.0010845986984815619 -0.0009765625 -0.0010845986984815619 -0.0009765625 -0.0010845986984815619 -0.0009765625 -0.0010845986984815619 -0.0009765625 -0.0010845986984815619
0  0.576171875 0.3546637744034707 0.00390625 0.006507592190889371 -0.0009765625 -0.0010845986984815619 -0.0009765625 -0.0010845986984815619 -0.0009765625 -0.0010845986984815619 -0.0009765625 -0.0010845986984815619 -0.0009765625 -0.0010845986984815619
0  0.94091796875 0.3524945770065076 0.0068359375 0.010845986984815618 -0.0009765625 -0.0010845986984815619 -0.0009765625 -0.0010845986984815619 -0.0009765625 -0.0010845986984815619 -0.0009765625 -0.0010845986984815619 -0.0009765625 -0.0010845986984815619
