0  0.83203125 0.3711566617862372 0.015625 0.027818448023426062 0.828125 0.37042459736456806 0.8359375 0.3718887262079063 0.8310546875 0.37774524158125916 0.8291015625 0.383601756954612 0.833984375 0.3850658857979502
0  0.712890625 0.36530014641288433 0.017578125 0.03367496339677892 0.707310546875 0.36103221083455345 0.7134970703125 0.3608169838945827 0.70860546875 0.3672869692532943 0.7074541015625 0.3739736456808199 0.71277734375 0.37418887262079065
0  0.5556640625 0.3462664714494876 0.015625 0.03074670571010249 0.5515263671875 0.3458609077598829 0.5585546875 0.3464685212298682 0.5547705078125 0.3495080527086384 0.5513916015625 0.3559926793557833 0.557337890625 0.355385065885798
0  0.75146484375 0.3931185944363104 0.0087890625 0.01903367496339678 -0.0009765625 -0.0014641288433382138 -0.0009765625 -0.0014641288433382138 -0.0009765625 -0.0014641288433382138 -0.0009765625 -0.0014641288433382138 -0.0009765625 -0.0014641288433382138
0  0.501953125 0.3784773060029283 0.017578125 0.03074670571010249 0.497541015625 0.3725549048316252 0.504603515625 0.3725549048316252 0.5002880859375 0.3770658857979502 0.497802734375 0.3841244509516838 0.5027724609375 0.3841244509516838
0  0.2099609375 0.40263543191800877 0.015625 0.032210834553440704 0.2060546875 0.4011713030746706 0.2080078125 0.4011713030746706 0.2041015625 0.40995607613469986 0.208984375 0.4128843338213763 0.2099609375 0.4128843338213763
0  0.78564453125 0.8865300146412884 0.0419921875 0.08345534407027819 0.7756220703125 0.8822942898975109 0.7936318359375 0.878588579795022 0.783744140625 0.8955300146412885 0.781978515625 0.9114143484626647 0.7946904296875 0.9071786237188872
0  0.51171875 0.7306002928257687 0.009765625 0.03513909224011713 0.515625 0.7247437774524158 0.5146484375 0.7247437774524158 0.51953125 0.7306002928257687 0.5166015625 0.739385065885798 0.515625 0.739385065885798
0  0.42919921875 0.6998535871156661 0.0146484375 0.043923865300146414 0.435546875 0.6969253294289898 0.4345703125 0.6954612005856515 0.4384765625 0.7027818448023426 0.43359375 0.7130307467057101 0.4326171875 0.7130307467057101
0  0.3115234375 0.6581259150805271 0.009765625 0.027818448023426062 -0.0009765625 -0.0014641288433382138 -0.0009765625 -0.0014641288433382138 -0.0009765625 -0.0014641288433382138 -0.0009765625 -0.0014641288433382138 -0.0009765625 -0.0014641288433382138
0  0.24462890625 0.7247437774524158 0.0166015625 0.03806734992679356 0.2490234375 0.7174231332357247 0.248046875 0.7174231332357247 0.2529296875 0.726207906295754 0.2490234375 0.7364568081991215 0.248046875 0.7349926793557833
0  0.14111328125 0.8931185944363104 0.0439453125 0.07906295754026355 0.1450458984375 0.8946486090775988 0.1583076171875 0.8941376281112738 0.1549072265625 0.916571010248902 0.137224609375 0.9196295754026353 0.1470859375 0.9206500732064421
0  0.173828125 0.8169838945827232 0.013671875 0.04685212298682284 0.17634765625 0.8076632503660323 0.1779521484375 0.806761346998536 0.1791552734375 0.8166837481698389 0.17634765625 0.8296120058565154 0.17755078125 0.829311859443631
0  0.09619140625 0.7818448023426061 0.0166015625 0.055636896046852125 0.10182421875 0.7729692532942899 0.1034716796875 0.7708506588579794 0.104884765625 0.7846163982430454 0.099234375 0.7959106881405563 0.100646484375 0.7941464128843339
0  0.25830078125 0.9370424597364568 0.0185546875 0.055636896046852125 -0.0009765625 -0.0014641288433382138 -0.0009765625 -0.0014641288433382138 -0.0009765625 -0.0014641288433382138 -0.0009765625 -0.0014641288433382138 -0.0009765625 -0.0014641288433382138
0  0.3740234375 0.6515373352855052 0.0078125 0.029282576866764276 0.3779296875 0.6456808199121523 0.3759765625 0.6442166910688141 0.37890625 0.6515373352855052 0.3759765625 0.6588579795021962 0.375 0.657393850658858
