0  0.96923828125 0.34650259067357514 0.0595703125 0.06476683937823834 0.9833203125 0.33870142487046634 0.9907490234375 0.3391120466321244 1.001892578125 0.35019753886010363 0.981462890625 0.3645680051813472 0.98455859375 0.3645680051813472
0  0.60791015625 0.3863341968911917 0.0634765625 0.05116580310880829 0.5875810546875 0.384729274611399 0.6040341796875 0.384729274611399 0.5880654296875 0.3988510362694301 0.5919365234375 0.4049488341968912 0.605001953125 0.4039857512953368
0  0.53955078125 0.3805051813471503 0.0830078125 0.06800518134715026 0.5184150390625 0.37033937823834195 0.5616455078125 0.3716230569948186 0.5384169921875 0.3793257772020725 0.5216416015625 0.3908795336787565 0.55712890625 0.39130764248704664
0  0.28564453125 0.3626943005181347 0.0693359375 0.05699481865284974 0.29120703125 0.3558646373056995 0.31355078125 0.3558646373056995 0.314095703125 0.3634546632124352 0.2955673828125 0.37646567357512956 0.3124609375 0.3768270725388601
0  0.16162109375 0.38406735751295334 0.0166015625 0.012953367875647668 0.15625 0.38147668393782386 0.1630859375 0.38147668393782386 0.15625 0.38406735751295334 0.1552734375 0.38795336787564766 0.162109375 0.38795336787564766
0  0.02587890625 0.4067357512953368 0.0517578125 0.05829015544041451 0.0246708984375 0.3968646373056995 0.0462646484375 0.3961301813471503 0.046818359375 0.4108186528497409 0.0219033203125 0.42110038860103627 0.040173828125 0.41889702072538865
0  0.35791015625 0.38439119170984454 0.0107421875 0.008419689119170985 0.359375 0.38471502590673573 0.3642578125 0.38406735751295334 0.361328125 0.3866580310880829 0.359375 0.38795336787564766 0.3642578125 0.38795336787564766
0  0.74755859375 0.37661917098445596 0.0146484375 0.012305699481865285 0.74609375 0.37629533678756477 0.751953125 0.3756476683937824 0.748046875 0.3788860103626943 0.74609375 0.38212435233160624 0.751953125 0.38147668393782386
0  0.82080078125 0.37305699481865284 0.0107421875 0.010362694300518135 0.81640625 0.37305699481865284 0.822265625 0.37305699481865284 0.818359375 0.37629533678756477 0.81640625 0.3788860103626943 0.822265625 0.3788860103626943
0  0.328125 0.391839378238342 0.013671875 0.011658031088082901 -0.0009765625 -0.0006476683937823834 -0.0009765625 -0.0006476683937823834 -0.0009765625 -0.0006476683937823834 -0.0009765625 -0.0006476683937823834 -0.0009765625 -0.0006476683937823834
