0  0.2255859375 0.46622613803230545 0.044921875 0.08370044052863436 0.2216796875 0.45080763582966227 0.2421875 0.4581497797356828 0.2314453125 0.4713656387665198 0.2138671875 0.4787077826725404 0.236328125 0.4845814977973568
0  0.30322265625 0.44933920704845814 0.0498046875 0.08223201174743025 0.2903359375 0.4392834067547724 0.31065625 0.4361762114537445 0.30066796875 0.4620704845814978 0.291712890625 0.46880176211453745 0.314099609375 0.4651776798825257
0  0.34716796875 0.5345080763582967 0.0361328125 0.06754772393538913 0.340728515625 0.5265301027900147 0.3580146484375 0.5312173274596182 0.349513671875 0.5427224669603524 0.3393115234375 0.5525227606461086 0.3517802734375 0.5559309838472835
0  0.4873046875 0.4552129221732746 0.04296875 0.07342143906020558 0.4762919921875 0.44144640234948607 0.497650390625 0.4456358296622614 0.485578125 0.46006461086637296 0.4756728515625 0.4689074889867842 0.4942451171875 0.47076945668135095
0  0.56982421875 0.5646108663729809 0.0419921875 0.07488986784140969 0.5599189453125 0.5544361233480176 0.579380859375 0.5558531571218795 0.57027734375 0.570955947136564 0.5608603515625 0.5818120411160058 0.576869140625 0.5822848751835537
0  0.6923828125 0.5837004405286343 0.041015625 0.06901615271659324 0.6826865234375 0.5777738619676945 0.7013896484375 0.5777738619676945 0.6921826171875 0.5955139500734214 0.683837890625 0.6028693098384728 0.6993759765625 0.6028693098384728
0  0.75048828125 0.4052863436123348 0.0498046875 0.08223201174743025 0.734845703125 0.38746255506607935 0.7586103515625 0.3859089574155653 0.7444892578125 0.4045521292217327 0.736568359375 0.4174992657856094 0.7586103515625 0.41646402349486056
0  0.62060546875 0.4368575624082232 0.0498046875 0.09251101321585903 0.609130859375 0.4201938325991189 0.631888671875 0.42078414096916295 0.6212939453125 0.4384831130690162 0.609130859375 0.45323348017621146 0.6291416015625 0.45323348017621146
0  0.6240234375 0.3223201174743025 0.037109375 0.06607929515418502 0.6146064453125 0.3190690161527166 0.631626953125 0.3165506607929515 0.6240927734375 0.3324948604992658 0.6182333984375 0.3434023494860499 0.6319052734375 0.3404654919236417
0  0.76513671875 0.22687224669603523 0.0380859375 0.06020558002936858 0.7548828125 0.2143906020558003 0.7724609375 0.21585903083700442 0.7626953125 0.22173274596182085 0.7529296875 0.2393538913362702 0.7744140625 0.2393538913362702
0  0.8837890625 0.25624082232011747 0.03515625 0.06607929515418502 0.8710244140625 0.24333920704845816 0.8863701171875 0.24795447870778267 0.8749306640625 0.2576049926578561 0.8701865234375 0.2701908957415565 0.8821845703125 0.2739662261380323
0  0.80126953125 0.12187958883994127 0.0419921875 0.07048458149779736 0.7917568359375 0.10486196769456682 0.8080009765625 0.10576651982378855 0.79987890625 0.12024082232011747 0.7899521484375 0.13245374449339206 0.8089033203125 0.13290602055800294
0  0.65478515625 0.21292217327459617 0.0419921875 0.06461086637298091 0.6402890625 0.20516740088105725 0.65869140625 0.203928046989721 0.64825390625 0.217143906020558 0.6422119140625 0.22994713656387664 0.6589658203125 0.22788252569750364
0  0.60595703125 0.157856093979442 0.0380859375 0.06607929515418502 0.5987724609375 0.14831130690161526 0.6163505859375 0.14789133627019088 0.609654296875 0.16131718061674008 0.599888671875 0.1743230543318649 0.6166298828125 0.17474302496328928
0  0.5478515625 0.20190895741556533 0.03515625 0.0631424375917768 0.54296875 0.18795888399412627 0.5615234375 0.19236417033773862 0.55078125 0.20704845814977973 0.5390625 0.21145374449339208 0.556640625 0.2173274596182085
0  0.458984375 0.16519823788546256 0.025390625 0.0513950073421439 0.4499951171875 0.1588913362701909 0.461765625 0.15823641703377386 0.4550087890625 0.17134801762114538 0.452392578125 0.17986930983847282 0.4608935546875 0.1795418502202643
0  0.376953125 0.2055800293685756 0.0390625 0.07342143906020558 0.370583984375 0.19274449339207048 0.38946484375 0.1922790014684288 0.381107421875 0.2118267254038179 0.36996484375 0.21880910425844344 0.3866796875 0.22067107195301025
0  0.4091796875 0.1395007342143906 0.041015625 0.06754772393538913 0.39990625 0.12470484581497798 0.418892578125 0.12555653450807636 0.4095419921875 0.13876651982378854 0.399056640625 0.14984581497797356 0.4174765625 0.1528281938325991
