0  0.10400390625 0.2409972299168975 0.0478515625 0.06925207756232687 0.09330078125 0.22493905817174517 0.116515625 0.2245 0.10723046875 0.24030470914127425 0.0979443359375 0.254792243767313 0.1121826171875 0.25435318559556785
0  0.2333984375 0.2693905817174515 0.046875 0.07063711911357341 0.2225517578125 0.26290997229916896 0.2445244140625 0.25712326869806096 0.2332236328125 0.27181440443213295 0.2266318359375 0.28873130193905816 0.242955078125 0.28606094182825487
0  0.3564453125 0.28116343490304707 0.044921875 0.0664819944598338 0.342833984375 0.27151108033241 0.3611845703125 0.26724515235457064 0.3536640625 0.2843102493074792 0.3470458984375 0.2992437673130194 0.3632900390625 0.2975360110803324
0  0.458984375 0.2146814404432133 0.046875 0.06925207756232687 0.447509765625 0.20083102493074792 0.469482421875 0.1965027700831025 0.459716796875 0.2138157894736842 0.45330859375 0.23156232686980607 0.469787109375 0.2276662049861496
0  0.5966796875 0.23060941828254847 0.046875 0.07340720221606649 0.5875283203125 0.22273130193905818 0.6038779296875 0.22180470914127423 0.595048828125 0.23664404432132963 0.5858935546875 0.2510207756232687 0.6058388671875 0.2510207756232687
0  0.6591796875 0.26662049861495846 0.044921875 0.07063711911357341 0.6485068359375 0.25613434903047094 0.66796875 0.2516814404432133 0.6585517578125 0.27127008310249306 0.6497626953125 0.2859612188365651 0.670166015625 0.2837354570637119
0  0.63818359375 0.47368421052631576 0.0458984375 0.07756232686980609 0.6254404296875 0.4632216066481995 0.6488603515625 0.46029085872576175 0.6385283203125 0.48129639889196674 0.6295732421875 0.49253047091412744 0.648515625 0.48959972299168975
0  0.5205078125 0.3296398891966759 0.044921875 0.06925207756232687 0.5112216796875 0.31797229916897507 0.53072265625 0.31797229916897507 0.5205078125 0.33333795013850415 0.512150390625 0.34782409972299166 0.5291748046875 0.34738504155124655
0  0.42138671875 0.44598337950138506 0.0498046875 0.08033240997229917 0.41290234375 0.43178670360110805 0.4375693359375 0.43077285318559555 0.42934765625 0.4495318559556787 0.418623046875 0.4652506925207756 0.4339951171875 0.4642368421052631
0  0.24560546875 0.45637119113573404 0.0478515625 0.07340720221606649 0.2361708984375 0.4458102493074792 0.2583701171875 0.4467506925207756 0.24876171875 0.45896814404432135 0.2381591796875 0.474005540166205 0.255388671875 0.47541551246537395
0  0.80419921875 0.23822714681440443 0.0458984375 0.060941828254847646 0.7903701171875 0.23007756232686982 0.810525390625 0.22676315789473686 0.7991328125 0.2404349030470914 0.7953359375 0.25617728531855954 0.809064453125 0.25451939058171746
0  0.80859375 0.4425207756232687 0.046875 0.07340720221606649 0.793884765625 0.43602770083102493 0.8161181640625 0.4276814404432133 0.80859765625 0.4494764542936288 0.8000966796875 0.46153462603878115 0.817099609375 0.45643351800554016
0  0.853515625 0.5346260387811634 0.033203125 0.04155124653739612 0.842494140625 0.5309653739612189 0.858607421875 0.5303725761772853 0.8489814453125 0.5345277008310249 0.8460517578125 0.5466952908587258 0.8535849609375 0.5455083102493076
0  0.90966796875 0.41897506925207756 0.0380859375 0.05678670360110803 0.898607421875 0.41131440443213296 0.91635546875 0.4138670360110803 0.9073525390625 0.4270013850415513 0.9024658203125 0.4350263157894737 0.9127548828125 0.4357562326869806
