0  0.09423828125 0.268018018018018 0.0263671875 0.07657657657657657 0.091248046875 0.2609797297297297 0.1042783203125 0.26147297297297295 0.098083984375 0.2777297297297297 0.0916748046875 0.2880765765765766 0.10235546875 0.29103378378378375
0  0.14501953125 0.14527027027027026 0.0205078125 0.06531531531531531 0.1401455078125 0.135759009009009 0.1525185546875 0.14051351351351352 0.14670703125 0.15045945945945946 0.1395830078125 0.1569436936936937 0.1497060546875 0.16126801801801802
0  0.1875 0.14752252252252251 0.0234375 0.060810810810810814 0.1815927734375 0.13497522522522523 0.192474609375 0.1337972972972973 0.1873740234375 0.14673873873873874 0.1812529296875 0.15889414414414416 0.192984375 0.15850225225225226
0  0.2607421875 0.19481981981981983 0.021484375 0.05630630630630631 0.256705078125 0.18105405405405406 0.26622265625 0.18068243243243243 0.2617060546875 0.1937027027027027 0.2568662109375 0.20486486486486485 0.266544921875 0.2041193693693694
0  0.302734375 0.1036036036036036 0.025390625 0.07207207207207207 0.296064453125 0.09026126126126126 0.3068544921875 0.08935585585585586 0.300576171875 0.10654954954954955 0.2974375 0.1151463963963964 0.3050888671875 0.11424099099099098
0  0.376953125 0.1204954954954955 0.0234375 0.060810810810810814 0.369140625 0.10585585585585586 0.3818359375 0.1036036036036036 0.3759765625 0.11936936936936937 0.37109375 0.13063063063063063 0.3837890625 0.12837837837837837
0  0.4287109375 0.18018018018018017 0.025390625 0.06306306306306306 0.4220146484375 0.1691599099099099 0.43434765625 0.16792342342342345 0.428091796875 0.18152702702702703 0.423265625 0.1922454954954955 0.4327392578125 0.1922454954954955
0  0.49853515625 0.17454954954954954 0.0224609375 0.05630630630630631 0.4952392578125 0.16075450450450451 0.5040283203125 0.15894369369369368 0.5001044921875 0.1741463963963964 0.4957099609375 0.18645495495495495 0.50465625 0.18536936936936937
0  0.55859375 0.13175675675675674 0.025390625 0.06531531531531531 0.552978515625 0.11542792792792793 0.567078125 0.1188063063063063 0.558654296875 0.12851801801801802 0.5540771484375 0.14329954954954954 0.561583984375 0.1454099099099099
0  0.52294921875 0.46283783783783783 0.0263671875 0.06531531531531531 0.5174560546875 0.450731981981982 0.5291748046875 0.449463963963964 0.522400390625 0.46846846846846846 0.51873828125 0.481981981981982 0.52752734375 0.4798693693693694
0  0.43994140625 0.47184684684684686 0.0244140625 0.06531531531531531 0.435546875 0.4594594594594595 0.44921875 0.4594594594594595 0.443359375 0.47072072072072074 0.435546875 0.4797297297297297 0.447265625 0.481981981981982
0  0.31103515625 0.3096846846846847 0.0283203125 0.07432432432432433 0.3037109375 0.30180180180180183 0.31640625 0.29954954954954954 0.310546875 0.31756756756756754 0.306640625 0.32882882882882886 0.318359375 0.32657657657657657
0  0.1806640625 0.3783783783783784 0.02734375 0.06756756756756757 0.1753759765625 0.36557882882882886 0.1869990234375 0.3664436936936937 0.1795 0.38373648648648645 0.1753759765625 0.3923851351351351 0.1851240234375 0.3928175675675676
0  0.2333984375 0.6126126126126126 0.025390625 0.05855855855855856 0.23043359375 0.6000247747747748 0.24252734375 0.5962027027027027 0.2373916015625 0.6114864864864865 0.2309306640625 0.623713963963964 0.24087109375 0.6214211711711711
0  0.533203125 0.6824324324324325 0.025390625 0.07207207207207207 0.5291923828125 0.6690788288288289 0.54022265625 0.6690788288288289 0.5354091796875 0.6861936936936938 0.5289921875 0.6949797297297298 0.5404228515625 0.6963693693693693
0  0.625 0.16891891891891891 0.0234375 0.05855855855855856 0.620962890625 0.15663288288288288 0.631287109375 0.15700450450450448 0.6262861328125 0.16593243243243244 0.6204794921875 0.1796981981981982 0.63048046875 0.18006981981981982
0  0.69921875 0.17229729729729729 0.0234375 0.05630630630630631 0.6945107421875 0.161759009009009 0.704869140625 0.16103603603603603 0.6995322265625 0.17551576576576577 0.695609375 0.1867364864864865 0.7045546875 0.18528828828828828
0  0.78173828125 0.16328828828828829 0.0263671875 0.06981981981981981 0.7766416015625 0.147 0.7876279296875 0.1474527027027027 0.7817421875 0.16962162162162162 0.776837890625 0.18319594594594593 0.7866474609375 0.18274324324324326
0  0.8349609375 0.28040540540540543 0.02734375 0.07882882882882883 0.8264072265625 0.2662072072072072 0.8397041015625 0.26470045045045043 0.8320751953125 0.28581531531531534 0.82771484375 0.2953671171171171 0.839921875 0.29385810810810814
0  0.8974609375 0.22072072072072071 0.025390625 0.06306306306306306 0.888427734375 0.20479504504504506 0.898890625 0.20278378378378378 0.891392578125 0.21766441441441442 0.8892998046875 0.23214189189189188 0.8985419921875 0.23053378378378378
0  0.76123046875 0.41103603603603606 0.0263671875 0.06981981981981981 0.7561337890625 0.39791441441441444 0.7688857421875 0.40017792792792795 0.763 0.41827477477477476 0.7561337890625 0.4241576576576576 0.7667275390625 0.427777027027027
0  0.78564453125 0.5045045045045045 0.0205078125 0.04954954954954955 0.7813896484375 0.4954954954954955 0.790736328125 0.4971036036036036 0.7861328125 0.5032184684684685 0.78125 0.5157657657657657 0.7886435546875 0.5173738738738739
0  0.81396484375 0.6587837837837838 0.0263671875 0.06981981981981981 0.809064453125 0.6461554054054054 0.8201904296875 0.652349099099099 0.810599609375 0.6625247747747748 0.8065712890625 0.6718153153153154 0.8182724609375 0.6753536036036036
0  0.607421875 0.44707207207207206 0.025390625 0.060810810810810814 0.6022861328125 0.4325720720720721 0.6143798828125 0.43410135135135136 0.6079189453125 0.44900225225225227 0.6031142578125 0.4600833333333333 0.6125576171875 0.4608468468468469
0  0.66259765625 0.6891891891891891 0.0244140625 0.05405405405405406 0.65771484375 0.6779279279279279 0.6683876953125 0.6768423423423423 0.6636787109375 0.6891486486486487 0.660697265625 0.7032657657657657 0.6666611328125 0.7029031531531531
0  0.71435546875 0.6756756756756757 0.0244140625 0.06756756756756757 0.7110556640625 0.6624436936936937 0.7211787109375 0.6628761261261261 0.7168662109375 0.6767117117117116 0.7123671875 0.6935720720720722 0.7191162109375 0.6935720720720722
0  0.64697265625 0.26463963963963966 0.0244140625 0.060810810810810814 0.6413486328125 0.2543445945945946 0.6507919921875 0.2531981981981982 0.64565625 0.2658063063063063 0.6415146484375 0.2768873873873874 0.65095703125 0.27650450450450453
