0  0.1298828125 0.21326397919375814 0.125 0.21586475942782835 0.109078125 0.15444993498049417 0.1710419921875 0.16662418725617684 0.1354892578125 0.22614044213263979 0.0989208984375 0.23831339401820548 0.1507265625 0.2599557867360208
0  0.43701171875 0.30624187256176855 0.0361328125 0.053315994798439535 0.429552734375 0.2939115734720416 0.4449853515625 0.29014434330299094 0.43701171875 0.3048712613784135 0.432638671875 0.31925747724317294 0.4457568359375 0.3182301690507152
0  0.568359375 0.3706111833550065 0.03515625 0.04681404421326398 0.56640625 0.3641092327698309 0.5830078125 0.36280884265279584 0.578125 0.37451235370611186 0.5693359375 0.38751625487646296 0.58203125 0.38491547464239273
0  0.48779296875 0.5676202860858257 0.0283203125 0.045513654096228866 0.4831630859375 0.5623263979193758 0.4971142578125 0.5623263979193758 0.489484375 0.5742262678803641 0.4849072265625 0.5838049414824448 0.4916640625 0.5840962288686606
0  0.38818359375 0.4115734720416125 0.0361328125 0.055916775032509754 0.3804716796875 0.40035760728218467 0.399353515625 0.4021287386215865 0.3905771484375 0.41346033810143046 0.3836630859375 0.4216046814044213 0.39456640625 0.42408452535760727
0  0.59912109375 0.6371911573472041 0.0263671875 0.033810143042912875 0.593994140625 0.6325695708712614 0.60625390625 0.6268348504551365 0.602443359375 0.6387464239271782 0.60227734375 0.6484538361508453 0.60625390625 0.6458062418725617
0  0.6416015625 0.5591677503250976 0.02734375 0.036410923276983094 0.63671875 0.5513654096228868 0.650390625 0.5500650195058517 0.642578125 0.5565669700910273 0.6376953125 0.5669700910273082 0.6474609375 0.5669700910273082
0  0.75146484375 0.5403120936280884 0.0166015625 0.02990897269180754 0.74729296875 0.5362886866059818 0.7579384765625 0.5368634590377114 0.754486328125 0.5416527958387516 0.75146484375 0.5493159947984395 0.756212890625 0.5493159947984395
0  0.78271484375 0.3368010403120936 0.0263671875 0.04161248374512354 0.7823134765625 0.33096098829648896 0.7923408203125 0.32775682704811443 0.7893330078125 0.33683615084525353 0.785322265625 0.3472509752925878 0.7923408203125 0.34404551365409625
0  0.8525390625 0.27698309492847856 0.02734375 0.04681404421326398 0.84566796875 0.2705513654096229 0.861763671875 0.27024837451235373 0.854736328125 0.28141872561768533 0.848841796875 0.2898712613784135 0.85723046875 0.2895695708712614
0  0.91455078125 0.5461638491547465 0.0224609375 0.036410923276983094 0.907994140625 0.5394291287386216 0.91898046875 0.5391976592977893 0.912876953125 0.5473250975292587 0.9090400390625 0.5554525357607282 0.9165390625 0.556149544863459
0  0.798828125 0.8328998699609883 0.09765625 0.1625487646293888 0.7802734375 0.7997399219765929 0.826171875 0.7984395318595578 0.80859375 0.834850455136541 0.791015625 0.8699609882964889 0.82421875 0.871261378413524
0  0.23291015625 0.694408322496749 0.0576171875 0.09102730819245773 0.2155888671875 0.6880104031209363 0.2449384765625 0.682263979193758 0.22983203125 0.711 0.22637890625 0.7219193758127438 0.2458017578125 0.7178959687906372
0  0.11865234375 0.58777633289987 0.0673828125 0.09622886866059818 0.109466796875 0.5694486345903771 0.1396787109375 0.5798114434330299 0.1222841796875 0.6078517555266579 0.1030576171875 0.6017555266579974 0.12319921875 0.6151651495448635
0  0.74072265625 0.1176853055916775 0.0380859375 0.0611183355006502 0.7349765625 0.10834980494148244 0.75191796875 0.10679453836150846 0.7472451171875 0.12196358907672303 0.7378974609375 0.12974252275682704 0.75075 0.13168790637191158
0  0.80712890625 0.17100130039011704 0.0302734375 0.045513654096228866 0.8048447265625 0.1616436931079324 0.8181416015625 0.16251365409622887 0.81508984375 0.17209232769830948 0.804408203125 0.18021976592977892 0.816615234375 0.18080104031209362
0  0.9248046875 0.17100130039011704 0.02734375 0.045513654096228866 0.9208984375 0.1625487646293888 0.935546875 0.1625487646293888 0.9287109375 0.17035110533159947 0.9228515625 0.18075422626788037 0.93359375 0.18075422626788037
0  0.87451171875 0.08452535760728218 0.0302734375 0.054616384915474644 0.8719306640625 0.07337971391417425 0.885271484375 0.07233420026007803 0.88082421875 0.08696358907672301 0.8740234375 0.09810923276983095 0.8837021484375 0.09776202860858257
0  0.90771484375 0.29128738621586475 0.0302734375 0.04161248374512354 0.90114453125 0.2856736020806242 0.91507421875 0.2822769830949285 0.908599609375 0.2932496749024707 0.90467578125 0.30108712613784133 0.915662109375 0.2992574772431729
