0  0.1103515625 0.25376506024096385 0.046875 0.07078313253012049 0.1029404296875 0.24386897590361445 0.1236923828125 0.241125 0.1150947265625 0.25987048192771084 0.109166015625 0.2745 0.12398828125 0.27221385542168675
0  0.25341796875 0.15060240963855423 0.0419921875 0.06626506024096386 0.2438662109375 0.1418012048192771 0.263916015625 0.14095481927710843 0.25567578125 0.16086144578313252 0.247986328125 0.16890963855421687 0.2619931640625 0.16848644578313254
0  0.3984375 0.15436746987951808 0.0390625 0.07680722891566265 0.3897880859375 0.14199698795180724 0.408935546875 0.14102861445783132 0.3998330078125 0.15893975903614457 0.3907294921875 0.169105421686747 0.4083076171875 0.169105421686747
0  0.53662109375 0.11295180722891567 0.0419921875 0.08132530120481928 0.528337890625 0.0996671686746988 0.5482177734375 0.10222138554216867 0.5372841796875 0.1195948795180723 0.52933203125 0.1272590361445783 0.5425849609375 0.12981325301204819
0  0.67236328125 0.1746987951807229 0.0380859375 0.06626506024096386 0.6645205078125 0.1612379518072289 0.681548828125 0.16293373493975905 0.672759765625 0.17818072289156625 0.6667177734375 0.18834638554216868 0.6782529296875 0.18834638554216868
0  0.79443359375 0.21686746987951808 0.0361328125 0.06927710843373494 0.7870654296875 0.2069367469879518 0.804068359375 0.21130722891566264 0.7935830078125 0.23140963855421687 0.7839482421875 0.23053614457831326 0.8001015625 0.23665361445783134
0  0.8857421875 0.3102409638554217 0.03515625 0.0572289156626506 0.87368359375 0.2949382530120482 0.8911044921875 0.2989322289156627 0.8800400390625 0.31381777108433734 0.8729775390625 0.3174487951807229 0.8901630859375 0.3221686746987952
0  0.90087890625 0.4382530120481928 0.0439453125 0.07530120481927711 0.8878349609375 0.43093825301204813 0.9094931640625 0.43093825301204813 0.8975654296875 0.4478810240963855 0.89066015625 0.45514156626506025 0.907923828125 0.45707831325301207
0  0.80810546875 0.536144578313253 0.0400390625 0.06626506024096386 0.7959423828125 0.5242168674698795 0.81351171875 0.535472891566265 0.7967529296875 0.5450602409638554 0.792158203125 0.547144578313253 0.8091865234375 0.5563147590361446
0  0.68359375 0.5173192771084337 0.04296875 0.07078313253012049 0.675501953125 0.5033072289156627 0.6941787109375 0.5101656626506024 0.6808388671875 0.5307394578313253 0.6710556640625 0.528453313253012 0.6885458984375 0.5357680722891566
0  0.15283203125 0.41039156626506024 0.0458984375 0.07078313253012049 0.1434501953125 0.3980481927710843 0.1624228515625 0.3939322289156627 0.1556044921875 0.4167921686746988 0.1487861328125 0.4263930722891566 0.1665732421875 0.41862048192771084
0  0.2744140625 0.5090361445783133 0.046875 0.0783132530120482 0.2669853515625 0.4916099397590361 0.2876328125 0.48762951807228916 0.280857421875 0.5130030120481928 0.2692431640625 0.522953313253012 0.289890625 0.5179789156626505
0  0.41796875 0.5331325301204819 0.041015625 0.06325301204819277 0.4080634765625 0.525171686746988 0.42558984375 0.5211385542168675 0.41748046875 0.5437289156626506 0.4119873046875 0.5513930722891566 0.428466796875 0.5469563253012047
0  0.54052734375 0.5421686746987951 0.0380859375 0.06325301204819277 0.5312939453125 0.5314984939759037 0.549298828125 0.5307048192771084 0.540810546875 0.5537123493975904 0.53155078125 0.5560933734939759 0.5500703125 0.5556957831325302
