0  0.7998046875 0.3465491923641703 0.048828125 0.07929515418502203 0.786224609375 0.3281483113069016 0.807037109375 0.32309985315712186 0.796294921875 0.3458149779735683 0.78857421875 0.36045374449339207 0.8110654296875 0.35389133627019087
0  0.72119140625 0.29809104258443464 0.0556640625 0.09985315712187959 0.7071708984375 0.2827312775330396 0.7338125 0.2801879588839941 0.719857421875 0.29862848751835536 0.7080166015625 0.3132540381791483 0.7342353515625 0.31071071953010276
0  0.64306640625 0.381057268722467 0.0498046875 0.08370044052863436 0.628626953125 0.3656387665198238 0.651646484375 0.36826138032305433 0.6390908203125 0.38609251101321584 0.6300224609375 0.39553157121879595 0.6512978515625 0.39710572687224666
0  0.57763671875 0.2790014684287812 0.0458984375 0.08516886930983847 0.5655693359375 0.26412041116005874 0.587642578125 0.265208516886931 0.5753388671875 0.2815315712187959 0.5641220703125 0.2935022026431718 0.586556640625 0.2945903083700441
0  0.5302734375 0.43171806167400884 0.044921875 0.07929515418502203 0.522064453125 0.4107929515418502 0.5448916015625 0.4128120411160059 0.5334775390625 0.4324977973568282 0.51971484375 0.44208810572687224 0.54052734375 0.44562261380323054
0  0.52099609375 0.6086637298091042 0.0498046875 0.07782672540381791 0.506591796875 0.6044419970631424 0.5284599609375 0.6034449339207049 0.5162001953125 0.6243700440528634 0.5108994140625 0.6323421439060205 0.5274658203125 0.631345080763583
0  0.74609375 0.5866372980910426 0.046875 0.07782672540381791 0.7340087890625 0.5659750367107195 0.7572021484375 0.566970631424376 0.7449423828125 0.5859030837004405 0.73433984375 0.6003509544787078 0.7525634765625 0.6033406754772394
0  0.4453125 0.5433186490455213 0.05078125 0.09104258443465492 0.435341796875 0.5220528634361233 0.4588583984375 0.5277562408223201 0.4459619140625 0.5425844346549192 0.4319287109375 0.5539911894273127 0.454306640625 0.5596945668135095
0  0.4248046875 0.36270190895741555 0.044921875 0.08223201174743025 0.412951171875 0.3417709251101322 0.4339599609375 0.3417709251101322 0.4239716796875 0.3609324522760646 0.4136396484375 0.3743964757709251 0.4343046875 0.3743964757709251
0  0.36669921875 0.3237885462555066 0.0439453125 0.08957415565345081 0.353837890625 0.30952422907488986 0.3722099609375 0.30952422907488986 0.3590869140625 0.32869162995594714 0.353837890625 0.3388399412628488 0.3733349609375 0.3394038179148311
0  0.298828125 0.3054331864904552 0.0546875 0.08516886930983847 0.2856748046875 0.29000881057268724 0.3084716796875 0.28619970631424374 0.2979775390625 0.3074199706314244 0.288931640625 0.32265491923641704 0.3095576171875 0.3193891336270191
0  0.224609375 0.22687224669603523 0.052734375 0.08370044052863436 0.2181923828125 0.21302643171806168 0.2412109375 0.21722320117474303 0.227259765625 0.23452863436123347 0.217494140625 0.24501762114537445 0.2373740234375 0.24816446402349487
0  0.18994140625 0.34287812041116006 0.0439453125 0.08370044052863436 0.1835244140625 0.3243127753303965 0.204798828125 0.3300822320117474 0.1943359375 0.34476651982378853 0.1807333984375 0.357352422907489 0.200962890625 0.362071953010279
0  0.3349609375 0.6527165932452276 0.044921875 0.06901615271659324 0.3269912109375 0.6420308370044053 0.3465576171875 0.6407327459618208 0.3387890625 0.65328046989721 0.32929296875 0.668856093979442 0.3456943359375 0.6675580029368576
0  0.3232421875 0.5315712187958884 0.0546875 0.0881057268722467 0.3134892578125 0.5130058737151248 0.3375771484375 0.5113348017621145 0.326830078125 0.5336226138032305 0.3134892578125 0.5508972099853157 0.338318359375 0.5475535976505139
