0  0.9423828125 0.31112737920937045 0.04296875 0.060029282576866766 0.9270625 0.30380673499267935 0.94354296875 0.2980409956076135 0.9320068359375 0.3128667642752562 0.9311826171875 0.32686676427525624 0.944640625 0.32439531478770134
0  0.865234375 0.3513909224011713 0.037109375 0.05856515373352855 0.8498447265625 0.3391098096632504 0.867736328125 0.33799121522694 0.85580859375 0.3502869692532943 0.85058984375 0.3599736456808199 0.8682333984375 0.3603455344070278
0  0.83154296875 0.33528550512445093 0.0302734375 0.043923865300146414 0.821162109375 0.32850658857979503 0.834423828125 0.32582723279648607 0.8262890625 0.3350366032210835 0.822666015625 0.3452562225475842 0.835576171875 0.3430307467057101
0  0.78271484375 0.37994143484626647 0.0322265625 0.05124450951683748 0.7753779296875 0.3736076134699854 0.79071875 0.37194143484626646 0.7829375 0.3836076134699854 0.775822265625 0.3926090775988287 0.79094140625 0.3906090775988287
0  0.7333984375 0.3814055636896047 0.029296875 0.04538799414348463 0.7248662109375 0.37405856515373354 0.73997265625 0.36758711566617863 0.733302734375 0.381705710102489 0.72859375 0.39170717423133233 0.7419345703125 0.3881771595900439
0  0.7041015625 0.34699853587115664 0.025390625 0.040995607613469986 0.697509765625 0.3412459736456808 0.7105888671875 0.3388931185944363 0.705357421875 0.3477833089311859 0.69925390625 0.3579795021961933 0.712158203125 0.35431918008784774
0  0.76708984375 0.6032210834553441 0.0205078125 0.03513909224011713 0.760986328125 0.5926515373352855 0.7713623046875 0.5976852122986823 0.76434375 0.6027174231332357 0.7594609375 0.6100380673499268 0.7664794921875 0.6134699853587116
0  0.65869140625 0.58199121522694 0.0263671875 0.04538799414348463 0.651533203125 0.575814055636896 0.665265625 0.5705197657393851 0.6597724609375 0.5825797950219619 0.65741796875 0.5934626647144948 0.6668349609375 0.5890497803806736
0  0.59326171875 0.5109809663250366 0.0283203125 0.04978038067349927 0.5873330078125 0.5050204978038066 0.60009765625 0.5037642752562226 0.594447265625 0.5144319180087848 0.587123046875 0.5219619326500732 0.6009345703125 0.5207071742313323
0  0.54541015625 0.465592972181552 0.0205078125 0.03513909224011713 0.5394287109375 0.4614289897510981 0.5502626953125 0.46188726207906294 0.5443115234375 0.46920790629575404 0.5395810546875 0.4756134699853587 0.5481259765625 0.4760702781844802
0  0.59423828125 0.3711566617862372 0.0224609375 0.04538799414348463 0.5875068359375 0.3649604685212299 0.5999755859375 0.36438506588579794 0.59326171875 0.37387554904831627 0.5892333984375 0.38164128843338213 0.60055078125 0.3810658857979502
0  0.67333984375 0.3440702781844802 0.0263671875 0.043923865300146414 0.6662900390625 0.3351874084919473 0.6801630859375 0.33546852122986826 0.6734140625 0.3464304538799414 0.6679775390625 0.3528945827232796 0.6794130859375 0.3528945827232796
0  0.61669921875 0.3089311859443631 0.0166015625 0.02342606149341142 0.61328125 0.3089311859443631 0.62109375 0.3074670571010249 0.6171875 0.31332357247437775 0.615234375 0.31771595900439237 0.6201171875 0.3162518301610542
0  0.537109375 0.38433382137628114 0.0234375 0.03953147877013177 0.53125 0.37481698389458273 0.5439453125 0.37481698389458273 0.537109375 0.3806734992679356 0.5322265625 0.38945827232796487 0.541015625 0.38945827232796487
0  0.5146484375 0.5505124450951684 0.01953125 0.032210834553440704 0.51171875 0.5490483162518301 0.51953125 0.5475841874084919 0.5166015625 0.5534407027818448 0.5146484375 0.5622254758418741 0.51953125 0.5607613469985359
0  0.4775390625 0.4882869692532943 0.025390625 0.05417276720351391 0.469861328125 0.48031918008784774 0.485111328125 0.48031918008784774 0.477255859375 0.4910585651537335 0.4710166015625 0.5017979502196194 0.4816455078125 0.5017979502196194
0  0.45068359375 0.4341142020497804 0.0263671875 0.0424597364568082 0.443298828125 0.4276163982430454 0.45556640625 0.4287144948755491 0.4493408203125 0.4372254758418741 0.444763671875 0.4465592972181552 0.453369140625 0.4473821376281113
0  0.439453125 0.35212298682284043 0.021484375 0.036603221083455345 0.4359658203125 0.3455080527086384 0.4444404296875 0.3459795021961933 0.43941796875 0.35068521229868227 0.4350234375 0.3598623718887262 0.4447548828125 0.3593909224011713
0  0.38330078125 0.3989751098096633 0.0205078125 0.03953147877013177 0.379412109375 0.3924128843338213 0.38961328125 0.3919033674963397 0.3848525390625 0.40235431918008785 0.380091796875 0.4066881405563689 0.3880830078125 0.4066881405563689
0  0.3798828125 0.3616398243045388 0.01953125 0.032210834553440704 0.376556640625 0.3566530014641288 0.3854765625 0.3572606149341142 0.3811513671875 0.36435285505124454 0.3761513671875 0.37022840409956076 0.384125 0.3710395314787701
0  0.34716796875 0.3711566617862372 0.0224609375 0.0424597364568082 0.34375 0.3624626647144949 0.3551025390625 0.36438506588579794 0.348328125 0.3690512445095169 0.3411865234375 0.37536603221083453 0.35272265625 0.3783865300146413
0  0.37451171875 0.5124450951683748 0.0244140625 0.040995607613469986 0.3671875 0.5036603221083455 0.380859375 0.5021961932650073 0.375 0.5124450951683748 0.37109375 0.5226939970717424 0.3779296875 0.5212298682284041
0  0.27880859375 0.4970717423133236 0.0283203125 0.05417276720351391 0.2733330078125 0.48886237188872617 0.2860283203125 0.48886237188872617 0.2803603515625 0.5010980966325037 0.27219921875 0.508575402635432 0.2864814453125 0.508575402635432
0  0.27685546875 0.37994143484626647 0.0244140625 0.0424597364568082 0.27325390625 0.37701317715959004 0.28515625 0.3761903367496339 0.278380859375 0.3863469985358712 0.272888671875 0.3929355783308931 0.283875 0.3923865300146413
0  0.2314453125 0.38653001464128844 0.02734375 0.043923865300146414 0.2238330078125 0.3787715959004393 0.2365810546875 0.3782093704245974 0.22908203125 0.38889019033674965 0.2249580078125 0.39760175695461203 0.2362060546875 0.39675988286969255
0  0.173828125 0.3828696925329429 0.02734375 0.03953147877013177 0.170166015625 0.37764128843338207 0.1825478515625 0.37947144948755485 0.17574609375 0.38443777452415817 0.1698173828125 0.3930658857979502 0.1808037109375 0.3938506588579795
0  0.18359375 0.4904831625183016 0.033203125 0.05856515373352855 0.179138671875 0.4811815519765739 0.1937998046875 0.48602489019033673 0.185599609375 0.49384919472913613 0.176404296875 0.5016734992679356 0.188083984375 0.5057715959004393
0  0.1005859375 0.34773060029282576 0.025390625 0.04538799414348463 0.09303515625 0.3374363103953148 0.109318359375 0.3374363103953148 0.101078125 0.34949487554904834 0.0955849609375 0.35920204978038067 0.1079453125 0.35890775988286966
0  0.0888671875 0.5153733528550513 0.029296875 0.06149341142020498 0.09532421875 0.5050790629575402 0.09841015625 0.504307467057101 0.1048408203125 0.5170336749633968 0.097896484375 0.5305314787701317 0.1014970703125 0.5297598828696926
0  0.041015625 0.30161054172767204 0.03125 0.055636896046852125 0.036978515625 0.29273499267935577 0.05228125 0.2969692532942899 0.0485146484375 0.30720497803806734 0.0393330078125 0.31391215226939967 0.049220703125 0.31814787701317715
0  0.01708984375 0.3294289897510981 0.0322265625 0.06442166910688141 0.007384765625 0.3192254758418741 0.0268857421875 0.32375549048316254 0.01837109375 0.3332269399707174 0.0101318359375 0.3443455344070278 0.023041015625 0.34599121522694
0  0.64404296875 0.3609077598828697 0.0205078125 0.03367496339677892 0.640533203125 0.35098535871156666 0.6488779296875 0.3570248901903368 0.6432666015625 0.3600453879941435 0.6382314453125 0.36522108345534404 0.6435546875 0.36802635431918007
