0  0.095703125 0.5696480938416423 0.01953125 0.030791788856304986 0.092865234375 0.5649809384164223 0.1016494140625 0.5649809384164223 0.0973251953125 0.5739090909090909 0.093810546875 0.5761422287390029 0.09908203125 0.5763445747800586
0  0.115234375 0.591642228739003 0.017578125 0.030791788856304986 0.1126181640625 0.5863929618768329 0.1199423828125 0.5865894428152493 0.1168037109375 0.5966041055718475 0.1132724609375 0.5975865102639296 0.1204658203125 0.5975865102639296
0  0.12158203125 0.4934017595307918 0.0166015625 0.030791788856304986 -0.0009765625 -0.001466275659824047 -0.0009765625 -0.001466275659824047 -0.0009765625 -0.001466275659824047 -0.0009765625 -0.001466275659824047 -0.0009765625 -0.001466275659824047
0  0.15625 0.5102639296187683 0.015625 0.03225806451612903 -0.0009765625 -0.001466275659824047 -0.0009765625 -0.001466275659824047 -0.0009765625 -0.001466275659824047 -0.0009765625 -0.001466275659824047 -0.0009765625 -0.001466275659824047
0  0.1884765625 0.5124633431085044 0.017578125 0.02785923753665689 0.1875 0.5098973607038123 0.193115234375 0.5100806451612904 0.1904296875 0.5150293255131965 0.18798828125 0.5185117302052786 0.1925048828125 0.5186950146627566
0  0.22998046875 0.4941348973607038 0.0166015625 0.02932551319648094 0.225716796875 0.48694721407624636 0.23317578125 0.48884604105571844 0.228625 0.49605865102639296 0.2258427734375 0.4989061583577713 0.2311533203125 0.5006158357771261
0  0.20751953125 0.5601173020527859 0.0166015625 0.03225806451612903 0.2056796875 0.5528900293255132 0.2121669921875 0.5603988269794722 0.205814453125 0.5603988269794722 0.2024365234375 0.5634428152492669 0.2081123046875 0.5687184750733137
0  0.23828125 0.5769794721407625 0.013671875 0.02785923753665689 0.23486328125 0.5733137829912024 0.240966796875 0.5734970674486803 0.2381591796875 0.5793621700879765 0.235595703125 0.5835777126099707 0.2415771484375 0.5832111436950147
0  0.302734375 0.5681818181818182 0.017578125 0.030791788856304986 0.29901171875 0.5645029325513197 0.3065966796875 0.5650923753665689 0.302412109375 0.5713768328445747 0.2996650390625 0.5749105571847507 0.304634765625 0.5755
0  0.2578125 0.4178885630498534 0.01171875 0.020527859237536656 0.2542421875 0.41289442815249267 0.2595517578125 0.4124809384164223 0.25653125 0.4178431085043988 0.255615234375 0.4237536656891496 0.2594609375 0.4236158357771261
0  0.3017578125 0.718475073313783 0.013671875 0.026392961876832845 0.2989677734375 0.7124134897360703 0.3061083984375 0.7149662756598241 0.30134765625 0.7183709677419354 0.2986279296875 0.7239868035190616 0.303501953125 0.7250073313782991
0  0.3671875 0.7082111436950147 0.017578125 0.026392961876832845 0.3624619140625 0.7034134897360704 0.36846484375 0.702882697947214 0.36493359375 0.7087155425219941 0.3629326171875 0.7136642228739003 0.3675234375 0.7133108504398827
0  0.412109375 0.7133431085043989 0.017578125 0.024926686217008796 0.41131640625 0.7058020527859238 0.415849609375 0.7136304985337244 0.4101826171875 0.7127800586510263 0.40530859375 0.7168651026392961 0.408482421875 0.7219706744868035
0  0.47900390625 0.7067448680351907 0.0146484375 0.026392961876832845 0.4750283203125 0.7024120234604105 0.48189453125 0.7009384164222874 0.4793876953125 0.7099398826979472 0.47731640625 0.7125571847507332 0.482439453125 0.7119032258064516
0  0.27294921875 0.3629032258064516 0.0087890625 0.021994134897360705 -0.0009765625 -0.001466275659824047 -0.0009765625 -0.001466275659824047 -0.0009765625 -0.001466275659824047 -0.0009765625 -0.001466275659824047 -0.0009765625 -0.001466275659824047
0  0.294921875 0.4156891495601173 0.0078125 0.01906158357771261 -0.0009765625 -0.001466275659824047 -0.0009765625 -0.001466275659824047 -0.0009765625 -0.001466275659824047 -0.0009765625 -0.001466275659824047 -0.0009765625 -0.001466275659824047
0  0.29638671875 0.3614369501466276 0.0107421875 0.021994134897360705 -0.0009765625 -0.001466275659824047 -0.0009765625 -0.001466275659824047 -0.0009765625 -0.001466275659824047 -0.0009765625 -0.001466275659824047 -0.0009765625 -0.001466275659824047
0  0.3271484375 0.41348973607038125 0.009765625 0.017595307917888565 -0.0009765625 -0.001466275659824047 -0.0009765625 -0.001466275659824047 -0.0009765625 -0.001466275659824047 -0.0009765625 -0.001466275659824047 -0.0009765625 -0.001466275659824047
0  0.3701171875 0.47580645161290325 0.015625 0.02785923753665689 0.3673095703125 0.47269061583577715 0.3743896484375 0.4734237536656892 0.3702392578125 0.4778225806451613 0.3663330078125 0.48203812316715544 0.373291015625 0.4836876832844575
0  0.31591796875 0.4941348973607038 0.0166015625 0.02932551319648094 0.315033203125 0.486758064516129 0.3211015625 0.4920733137829912 0.3160439453125 0.49435043988269795 0.3119990234375 0.49795747800586515 0.316296875 0.5025131964809384
0  0.4365234375 0.35703812316715544 0.01171875 0.021994134897360705 0.4337158203125 0.35372580645161295 0.437125 0.3543284457478006 0.4346181640625 0.35839296187683284 0.4329140625 0.36230791788856304 0.43622265625 0.3624574780058651
0  0.38037109375 0.4156891495601173 0.0087890625 0.01906158357771261 -0.0009765625 -0.001466275659824047 -0.0009765625 -0.001466275659824047 -0.0009765625 -0.001466275659824047 -0.0009765625 -0.001466275659824047 -0.0009765625 -0.001466275659824047
0  0.39599609375 0.42008797653958946 0.0107421875 0.01906158357771261 -0.0009765625 -0.001466275659824047 -0.0009765625 -0.001466275659824047 -0.0009765625 -0.001466275659824047 -0.0009765625 -0.001466275659824047 -0.0009765625 -0.001466275659824047
0  0.47900390625 0.39956011730205276 0.0126953125 0.016129032258064516 -0.0009765625 -0.001466275659824047 -0.0009765625 -0.001466275659824047 -0.0009765625 -0.001466275659824047 -0.0009765625 -0.001466275659824047 -0.0009765625 -0.001466275659824047
0  0.4990234375 0.37976539589442815 0.01171875 0.020527859237536656 -0.0009765625 -0.001466275659824047 -0.0009765625 -0.001466275659824047 -0.0009765625 -0.001466275659824047 -0.0009765625 -0.001466275659824047 -0.0009765625 -0.001466275659824047
0  0.47705078125 0.3526392961876833 0.0107421875 0.01906158357771261 -0.0009765625 -0.001466275659824047 -0.0009765625 -0.001466275659824047 -0.0009765625 -0.001466275659824047 -0.0009765625 -0.001466275659824047 -0.0009765625 -0.001466275659824047
0  0.51416015625 0.3416422287390029 0.0107421875 0.020527859237536656 -0.0009765625 -0.001466275659824047 -0.0009765625 -0.001466275659824047 -0.0009765625 -0.001466275659824047 -0.0009765625 -0.001466275659824047 -0.0009765625 -0.001466275659824047
0  0.56591796875 0.34824046920821117 0.0107421875 0.01906158357771261 -0.0009765625 -0.001466275659824047 -0.0009765625 -0.001466275659824047 -0.0009765625 -0.001466275659824047 -0.0009765625 -0.001466275659824047 -0.0009765625 -0.001466275659824047
0  0.60693359375 0.3467741935483871 0.0107421875 0.01906158357771261 -0.0009765625 -0.001466275659824047 -0.0009765625 -0.001466275659824047 -0.0009765625 -0.001466275659824047 -0.0009765625 -0.001466275659824047 -0.0009765625 -0.001466275659824047
0  0.55029296875 0.39296187683284456 0.0126953125 0.020527859237536656 -0.0009765625 -0.001466275659824047 -0.0009765625 -0.001466275659824047 -0.0009765625 -0.001466275659824047 -0.0009765625 -0.001466275659824047 -0.0009765625 -0.001466275659824047
0  0.5869140625 0.3870967741935484 0.013671875 0.02346041055718475 0.582109375 0.3810219941348974 0.5849873046875 0.38073460410557186 0.5798076171875 0.3850542521994135 0.5814384765625 0.3922551319648093 0.5842197265625 0.3922551319648093
0  0.56298828125 0.46187683284457476 0.0185546875 0.02932551319648094 -0.0009765625 -0.001466275659824047 -0.0009765625 -0.001466275659824047 -0.0009765625 -0.001466275659824047 -0.0009765625 -0.001466275659824047 -0.0009765625 -0.001466275659824047
0  0.54736328125 0.47947214076246336 0.0146484375 0.02932551319648094 0.544921875 0.4736070381231672 0.551513671875 0.4734237536656892 0.548828125 0.4783724340175953 0.544921875 0.4842375366568915 0.5504150390625 0.4844208211143695
0  0.453125 0.45894428152492667 0.021484375 0.03225806451612903 0.449009765625 0.4606202346041055 0.454310546875 0.4662756598240469 0.449427734375 0.4708841642228739 0.444126953125 0.47151173020527865 0.448451171875 0.4769589442815249
0  0.47216796875 0.48167155425219943 0.0107421875 0.021994134897360705 -0.0009765625 -0.001466275659824047 -0.0009765625 -0.001466275659824047 -0.0009765625 -0.001466275659824047 -0.0009765625 -0.001466275659824047 -0.0009765625 -0.001466275659824047
0  0.35400390625 0.5491202346041055 0.0166015625 0.03372434017595308 0.3498095703125 0.5401524926686218 0.359 0.5426011730205278 0.3529228515625 0.5510571847507332 0.349068359375 0.5541730205278593 0.355146484375 0.5566217008797654
0  0.41162109375 0.5733137829912024 0.0166015625 0.02932551319648094 0.41162109375 0.5623299120234604 0.4198388671875 0.5672653958944281 0.4118740234375 0.5733401759530792 0.4080810546875 0.5771363636363637 0.4128857421875 0.581692082111437
0  0.4599609375 0.5747800586510264 0.015625 0.026392961876832845 0.4565126953125 0.571042521994135 0.4641640625 0.5703357771260997 0.460396484375 0.577758064516129 0.4574541015625 0.5811158357771261 0.463927734375 0.5804090909090909
0  0.81201171875 0.4750733137829912 0.0146484375 0.02932551319648094 -0.0009765625 -0.001466275659824047 -0.0009765625 -0.001466275659824047 -0.0009765625 -0.001466275659824047 -0.0009765625 -0.001466275659824047 -0.0009765625 -0.001466275659824047
0  0.75927734375 0.4640762463343108 0.0126953125 0.024926686217008796 -0.0009765625 -0.001466275659824047 -0.0009765625 -0.001466275659824047 -0.0009765625 -0.001466275659824047 -0.0009765625 -0.001466275659824047 -0.0009765625 -0.001466275659824047
0  0.8564453125 0.46847507331378296 0.015625 0.030791788856304986 0.852521484375 0.465975073313783 0.8605 0.46617155425219936 0.857099609375 0.4742228739002933 0.8539599609375 0.47697214076246336 0.85971484375 0.4765791788856305
0  0.88916015625 0.4530791788856305 0.0185546875 0.03519061583577713 -0.0009765625 -0.001466275659824047 -0.0009765625 -0.001466275659824047 -0.0009765625 -0.001466275659824047 -0.0009765625 -0.001466275659824047 -0.0009765625 -0.001466275659824047
0  0.912109375 0.5285923753665689 0.017578125 0.036656891495601175 0.907244140625 0.523617302052786 0.9155625 0.5233812316715543 0.9114814453125 0.5306876832844575 0.9085 0.5363431085043988 0.9149345703125 0.5354002932551319
0  0.84814453125 0.5667155425219942 0.0166015625 0.030791788856304986 0.8441943359375 0.5593049853372435 0.8517802734375 0.559108504398827 0.84746484375 0.5669648093841643 0.8440634765625 0.5722668621700879 0.8513876953125 0.5726598240469207
0  0.3232421875 0.36070381231671556 0.0078125 0.017595307917888565 -0.0009765625 -0.001466275659824047 -0.0009765625 -0.001466275659824047 -0.0009765625 -0.001466275659824047 -0.0009765625 -0.001466275659824047 -0.0009765625 -0.001466275659824047
0  0.3896484375 0.35043988269794724 0.01171875 0.020527859237536656 -0.0009765625 -0.001466275659824047 -0.0009765625 -0.001466275659824047 -0.0009765625 -0.001466275659824047 -0.0009765625 -0.001466275659824047 -0.0009765625 -0.001466275659824047
0  0.5244140625 0.7045454545454546 0.015625 0.02785923753665689 -0.0009765625 -0.001466275659824047 -0.0009765625 -0.001466275659824047 -0.0009765625 -0.001466275659824047 -0.0009765625 -0.001466275659824047 -0.0009765625 -0.001466275659824047
0  0.56884765625 0.5381231671554252 0.0126953125 0.03519061583577713 -0.0009765625 -0.001466275659824047 -0.0009765625 -0.001466275659824047 -0.0009765625 -0.001466275659824047 -0.0009765625 -0.001466275659824047 -0.0009765625 -0.001466275659824047
0  0.57275390625 0.5498533724340176 0.0107421875 0.02346041055718475 -0.0009765625 -0.001466275659824047 -0.0009765625 -0.001466275659824047 -0.0009765625 -0.001466275659824047 -0.0009765625 -0.001466275659824047 -0.0009765625 -0.001466275659824047
0  0.64404296875 0.5469208211143695 0.0166015625 0.026392961876832845 0.6416279296875 0.540348973607038 0.6478623046875 0.540348973607038 0.6449150390625 0.5461348973607039 0.6419677734375 0.5512404692082112 0.647294921875 0.5514105571847507
0  0.6630859375 0.5476539589442815 0.017578125 0.030791788856304986 0.6571787109375 0.5435307917888563 0.6635 0.5399237536656891 0.6609716796875 0.5501744868035191 0.66071875 0.556058651026393 0.666787109375 0.5518826979472141
0  0.75927734375 0.5469208211143695 0.0166015625 0.026392961876832845 0.75762109375 0.5418152492668621 0.76408203125 0.5453885630498534 0.7598876953125 0.5487932551319648 0.754673828125 0.55066568914956 0.761021484375 0.556791788856305
0  0.79443359375 0.5373900293255132 0.0166015625 0.03372434017595308 0.786787109375 0.5266422287390029 0.7939013671875 0.5266422287390029 0.789603515625 0.5346539589442816 0.7885654296875 0.5433343108504398 0.7956806640625 0.5433343108504398
0  0.60302734375 0.717741935483871 0.0166015625 0.024926686217008796 0.59878125 0.7148035190615836 0.605974609375 0.7148035190615836 0.602595703125 0.723149560117302 0.6000888671875 0.7264222873900293 0.6053203125 0.7260938416422288
0  0.64306640625 0.716275659824047 0.0166015625 0.02785923753665689 0.6383408203125 0.7098607038123167 0.645755859375 0.7103914956011731 0.6414013671875 0.7179912023460411 0.639517578125 0.7259442815249266 0.6436376953125 0.7266510263929619
0  0.6806640625 0.7214076246334311 0.013671875 0.020527859237536656 -0.0009765625 -0.001466275659824047 -0.0009765625 -0.001466275659824047 -0.0009765625 -0.001466275659824047 -0.0009765625 -0.001466275659824047 -0.0009765625 -0.001466275659824047
0  0.72216796875 0.719208211143695 0.0146484375 0.01906158357771261 -0.0009765625 -0.001466275659824047 -0.0009765625 -0.001466275659824047 -0.0009765625 -0.001466275659824047 -0.0009765625 -0.001466275659824047 -0.0009765625 -0.001466275659824047
0  0.7705078125 0.6832844574780058 0.015625 0.02932551319648094 0.76671484375 0.6785645161290322 0.7735419921875 0.6785645161290322 0.7693701171875 0.6891950146627566 0.76810546875 0.6924222873900293 0.7736689453125 0.692233137829912
0  0.8427734375 0.7126099706744868 0.017578125 0.026392961876832845 0.8433447265625 0.706017595307918 0.84746484375 0.7125571847507332 0.842638671875 0.7132639296187684 0.8380478515625 0.7132639296187684 0.8421669921875 0.7196275659824047
0  0.669921875 0.35703812316715544 0.009765625 0.021994134897360705 0.6670361328125 0.355008797653959 0.6726943359375 0.3560175953079179 0.6682822265625 0.36076979472140763 0.6664599609375 0.3633607038123167 0.6709677734375 0.36436950146627567
0  0.69189453125 0.3555718475073314 0.0107421875 0.01906158357771261 -0.0009765625 -0.001466275659824047 -0.0009765625 -0.001466275659824047 -0.0009765625 -0.001466275659824047 -0.0009765625 -0.001466275659824047 -0.0009765625 -0.001466275659824047
0  0.689453125 0.40762463343108507 0.01171875 0.020527859237536656 0.6853896484375 0.4051114369501466 0.6900986328125 0.4045879765395894 0.6871337890625 0.41021700879765394 0.6856513671875 0.4136202346041056 0.690447265625 0.4136202346041056
0  0.63037109375 0.4662756598240469 0.0107421875 0.017595307917888565 0.6265087890625 0.4656862170087977 0.63153125 0.4643900293255132 0.6292548828125 0.4689853372434018 0.62894140625 0.4742873900293255 0.63153125 0.47346334310850435
0  0.67138671875 0.47580645161290325 0.0166015625 0.02785923753665689 -0.0009765625 -0.001466275659824047 -0.0009765625 -0.001466275659824047 -0.0009765625 -0.001466275659824047 -0.0009765625 -0.001466275659824047 -0.0009765625 -0.001466275659824047
0  0.6962890625 0.4780058651026393 0.015625 0.026392961876832845 0.6916064453125 0.472624633431085 0.6978408203125 0.47245454545454546 0.6948935546875 0.4796026392961877 0.692287109375 0.48351759530791794 0.6976142578125 0.48385777126099705
0  0.74853515625 0.4640762463343108 0.0126953125 0.024926686217008796 -0.0009765625 -0.001466275659824047 -0.0009765625 -0.001466275659824047 -0.0009765625 -0.001466275659824047 -0.0009765625 -0.001466275659824047 -0.0009765625 -0.001466275659824047
