0  0.10400390625 0.4551569506726457 0.0126953125 0.025411061285500747 -0.0009765625 -0.0014947683109118087 -0.0009765625 -0.0014947683109118087 -0.0009765625 -0.0014947683109118087 -0.0009765625 -0.0014947683109118087 -0.0009765625 -0.0014947683109118087
0  0.134765625 0.49252615844544095 0.013671875 0.028400597907324365 -0.0009765625 -0.0014947683109118087 -0.0009765625 -0.0014947683109118087 -0.0009765625 -0.0014947683109118087 -0.0009765625 -0.0014947683109118087 -0.0009765625 -0.0014947683109118087
0  0.2470703125 0.2765321375186846 0.015625 0.026905829596412557 -0.0009765625 -0.0014947683109118087 -0.0009765625 -0.0014947683109118087 -0.0009765625 -0.0014947683109118087 -0.0009765625 -0.0014947683109118087 -0.0009765625 -0.0014947683109118087
0  0.236328125 0.414050822122571 0.013671875 0.026905829596412557 -0.0009765625 -0.0014947683109118087 -0.0009765625 -0.0014947683109118087 -0.0009765625 -0.0014947683109118087 -0.0009765625 -0.0014947683109118087 -0.0009765625 -0.0014947683109118087
0  0.34375 0.29895366218236175 0.015625 0.03288490284005979 0.3409638671875 0.29551718983557546 0.3479921875 0.29675784753363227 0.344072265625 0.30358445440956655 0.342044921875 0.30917040358744396 0.3455595703125 0.30979073243647237
0  0.4072265625 0.242152466367713 0.015625 0.026905829596412557 -0.0009765625 -0.0014947683109118087 -0.0009765625 -0.0014947683109118087 -0.0009765625 -0.0014947683109118087 -0.0009765625 -0.0014947683109118087 -0.0009765625 -0.0014947683109118087
0  0.46728515625 0.23019431988041852 0.0166015625 0.029895366218236172 -0.0009765625 -0.0014947683109118087 -0.0009765625 -0.0014947683109118087 -0.0009765625 -0.0014947683109118087 -0.0009765625 -0.0014947683109118087 -0.0009765625 -0.0014947683109118087
0  0.33544921875 0.16442451420029897 0.0146484375 0.02092675635276532 0.33424609375 0.16225560538116593 0.340162109375 0.15887892376681614 0.3387578125 0.16747384155455905 0.336853515625 0.173152466367713 0.3403623046875 0.17269207772795217
0  0.42626953125 0.14648729446935724 0.0146484375 0.026905829596412557 -0.0009765625 -0.0014947683109118087 -0.0009765625 -0.0014947683109118087 -0.0009765625 -0.0014947683109118087 -0.0009765625 -0.0014947683109118087 -0.0009765625 -0.0014947683109118087
0  0.47119140625 0.09790732436472346 0.0166015625 0.03139013452914798 0.467171875 0.0945575485799701 0.474365234375 0.09495814648729448 0.4701796875 0.1021644245142003 0.4684794921875 0.10696860986547085 0.4725341796875 0.1075695067264574
0  0.53173828125 0.11659192825112108 0.0146484375 0.029895366218236172 -0.0009765625 -0.0014947683109118087 -0.0009765625 -0.0014947683109118087 -0.0009765625 -0.0014947683109118087 -0.0009765625 -0.0014947683109118087 -0.0009765625 -0.0014947683109118087
0  0.58154296875 0.15695067264573992 0.0166015625 0.029895366218236172 -0.0009765625 -0.0014947683109118087 -0.0009765625 -0.0014947683109118087 -0.0009765625 -0.0014947683109118087 -0.0009765625 -0.0014947683109118087 -0.0009765625 -0.0014947683109118087
0  0.6044921875 0.2227204783258595 0.015625 0.026905829596412557 -0.0009765625 -0.0014947683109118087 -0.0009765625 -0.0014947683109118087 -0.0009765625 -0.0014947683109118087 -0.0009765625 -0.0014947683109118087 -0.0009765625 -0.0014947683109118087
0  0.65673828125 0.1218236173393124 0.0146484375 0.028400597907324365 -0.0009765625 -0.0014947683109118087 -0.0009765625 -0.0014947683109118087 -0.0009765625 -0.0014947683109118087 -0.0009765625 -0.0014947683109118087 -0.0009765625 -0.0014947683109118087
0  0.71630859375 0.1554559043348281 0.0126953125 0.026905829596412557 -0.0009765625 -0.0014947683109118087 -0.0009765625 -0.0014947683109118087 -0.0009765625 -0.0014947683109118087 -0.0009765625 -0.0014947683109118087 -0.0009765625 -0.0014947683109118087
0  0.83154296875 0.22869955156950672 0.0185546875 0.02391629297458894 -0.0009765625 -0.0014947683109118087 -0.0009765625 -0.0014947683109118087 -0.0009765625 -0.0014947683109118087 -0.0009765625 -0.0014947683109118087 -0.0009765625 -0.0014947683109118087
0  0.80224609375 0.2922272047832586 0.0146484375 0.025411061285500747 -0.0009765625 -0.0014947683109118087 -0.0009765625 -0.0014947683109118087 -0.0009765625 -0.0014947683109118087 -0.0009765625 -0.0014947683109118087 -0.0009765625 -0.0014947683109118087
0  0.82861328125 0.3579970104633782 0.0146484375 0.028400597907324365 -0.0009765625 -0.0014947683109118087 -0.0009765625 -0.0014947683109118087 -0.0009765625 -0.0014947683109118087 -0.0009765625 -0.0014947683109118087 -0.0009765625 -0.0014947683109118087
0  0.97216796875 0.3991031390134529 0.0146484375 0.026905829596412557 -0.0009765625 -0.0014947683109118087 -0.0009765625 -0.0014947683109118087 -0.0009765625 -0.0014947683109118087 -0.0009765625 -0.0014947683109118087 -0.0009765625 -0.0014947683109118087
0  0.5732421875 0.78101644245142 0.017578125 0.0343796711509716 -0.0009765625 -0.0014947683109118087 -0.0009765625 -0.0014947683109118087 -0.0009765625 -0.0014947683109118087 -0.0009765625 -0.0014947683109118087 -0.0009765625 -0.0014947683109118087
0  0.93701171875 0.9177877428998505 0.0205078125 0.03587443946188341 -0.0009765625 -0.0014947683109118087 -0.0009765625 -0.0014947683109118087 -0.0009765625 -0.0014947683109118087 -0.0009765625 -0.0014947683109118087 -0.0009765625 -0.0014947683109118087
0  0.09814453125 0.9170403587443946 0.0146484375 0.03139013452914798 -0.0009765625 -0.0014947683109118087 -0.0009765625 -0.0014947683109118087 -0.0009765625 -0.0014947683109118087 -0.0009765625 -0.0014947683109118087 -0.0009765625 -0.0014947683109118087
0  0.1865234375 0.9417040358744395 0.017578125 0.03886397608370702 -0.0009765625 -0.0014947683109118087 -0.0009765625 -0.0014947683109118087 -0.0009765625 -0.0014947683109118087 -0.0009765625 -0.0014947683109118087 -0.0009765625 -0.0014947683109118087
0  0.06640625 0.6748878923766816 0.01953125 0.04035874439461883 -0.0009765625 -0.0014947683109118087 -0.0009765625 -0.0014947683109118087 -0.0009765625 -0.0014947683109118087 -0.0009765625 -0.0014947683109118087 -0.0009765625 -0.0014947683109118087
0  0.017578125 0.011210762331838564 0.013671875 0.02242152466367713 -0.0009765625 -0.0014947683109118087 -0.0009765625 -0.0014947683109118087 -0.0009765625 -0.0014947683109118087 -0.0009765625 -0.0014947683109118087 -0.0009765625 -0.0014947683109118087
0  0.1650390625 0.26606875934230195 0.015625 0.029895366218236172 0.1639013671875 0.2624185351270553 0.1692109375 0.25990284005979075 0.168705078125 0.2689985052316891 0.1657978515625 0.27538415545590433 0.171107421875 0.2726756352765321
0  0.103515625 0.3423019431988042 0.013671875 0.029895366218236172 -0.0009765625 -0.0014947683109118087 -0.0009765625 -0.0014947683109118087 -0.0009765625 -0.0014947683109118087 -0.0009765625 -0.0014947683109118087 -0.0009765625 -0.0014947683109118087
0  0.0087890625 0.1547085201793722 0.009765625 0.01943198804185351 -0.0009765625 -0.0014947683109118087 -0.0009765625 -0.0014947683109118087 -0.0009765625 -0.0014947683109118087 -0.0009765625 -0.0014947683109118087 -0.0009765625 -0.0014947683109118087
