0  0.833984375 0.14338235294117646 0.04296875 0.07107843137254902 0.839521484375 0.12869240196078433 0.8406064453125 0.1282389705882353 0.8539951171875 0.14958088235294117 0.8330078125 0.1550294117647059 0.8337314453125 0.15412132352941177
0  0.9765625 0.07536764705882353 0.015625 0.020833333333333332 -0.0009765625 -0.0012254901960784314 -0.0009765625 -0.0012254901960784314 -0.0009765625 -0.0012254901960784314 -0.0009765625 -0.0012254901960784314 -0.0009765625 -0.0012254901960784314
0  0.97607421875 0.19730392156862744 0.0185546875 0.031862745098039214 -0.0009765625 -0.0012254901960784314 -0.0009765625 -0.0012254901960784314 -0.0009765625 -0.0012254901960784314 -0.0009765625 -0.0012254901960784314 -0.0009765625 -0.0012254901960784314
0  0.8935546875 0.1795343137254902 0.021484375 0.03553921568627451 0.88980078125 0.17370220588235297 0.8980234375 0.1748235294117647 0.89283984375 0.17818872549019607 0.8881923828125 0.18648774509803923 0.89569921875 0.1871605392156863
0  0.8681640625 0.25612745098039214 0.01953125 0.03676470588235294 -0.0009765625 -0.0012254901960784314 -0.0009765625 -0.0012254901960784314 -0.0009765625 -0.0012254901960784314 -0.0009765625 -0.0012254901960784314 -0.0009765625 -0.0012254901960784314
0  0.935546875 0.14399509803921567 0.009765625 0.020833333333333332 -0.0009765625 -0.0012254901960784314 -0.0009765625 -0.0012254901960784314 -0.0009765625 -0.0012254901960784314 -0.0009765625 -0.0012254901960784314 -0.0009765625 -0.0012254901960784314
0  0.91845703125 0.07536764705882353 0.0146484375 0.013480392156862746 -0.0009765625 -0.0012254901960784314 -0.0009765625 -0.0012254901960784314 -0.0009765625 -0.0012254901960784314 -0.0009765625 -0.0012254901960784314 -0.0009765625 -0.0012254901960784314
0  0.76416015625 0.09926470588235294 0.0107421875 0.0196078431372549 -0.0009765625 -0.0012254901960784314 -0.0009765625 -0.0012254901960784314 -0.0009765625 -0.0012254901960784314 -0.0009765625 -0.0012254901960784314 -0.0009765625 -0.0012254901960784314
0  0.74560546875 0.15379901960784315 0.0224609375 0.04044117647058824 -0.0009765625 -0.0012254901960784314 -0.0009765625 -0.0012254901960784314 -0.0009765625 -0.0012254901960784314 -0.0009765625 -0.0012254901960784314 -0.0009765625 -0.0012254901960784314
0  0.712890625 0.19914215686274508 0.02734375 0.04534313725490196 -0.0009765625 -0.0012254901960784314 -0.0009765625 -0.0012254901960784314 -0.0009765625 -0.0012254901960784314 -0.0009765625 -0.0012254901960784314 -0.0009765625 -0.0012254901960784314
0  0.71826171875 0.0508578431372549 0.0126953125 0.025735294117647058 0.7131953125 0.04696200980392157 0.7156806640625 0.04532107843137255 0.7151572265625 0.04975245098039215 0.7156806640625 0.052542892156862746 0.717119140625 0.05155759803921568
0  0.67919921875 0.12683823529411764 0.0224609375 0.03553921568627451 0.6724853515625 0.11818382352941177 0.680359375 0.11841299019607843 0.677794921875 0.12737500000000002 0.675232421875 0.1321997549019608 0.6799921875 0.1321997549019608
0  0.66162109375 0.1868872549019608 0.0263671875 0.03799019607843137 -0.0009765625 -0.0012254901960784314 -0.0009765625 -0.0012254901960784314 -0.0009765625 -0.0012254901960784314 -0.0009765625 -0.0012254901960784314 -0.0009765625 -0.0012254901960784314
0  0.63916015625 0.22487745098039216 0.0263671875 0.04044117647058824 -0.0009765625 -0.0012254901960784314 -0.0009765625 -0.0012254901960784314 -0.0009765625 -0.0012254901960784314 -0.0009765625 -0.0012254901960784314 -0.0009765625 -0.0012254901960784314
0  0.6337890625 0.09620098039215687 0.015625 0.023284313725490197 0.629638671875 0.0939031862745098 0.6368408203125 0.09145220588235294 0.6329345703125 0.09834558823529412 0.6314697265625 0.10416666666666667 0.6368408203125 0.10248161764705882
0  0.55859375 0.032475490196078434 0.01953125 0.030637254901960783 0.5530830078125 0.027136029411764708 0.5640693359375 0.02772671568627451 0.558576171875 0.033832107843137255 0.5538681640625 0.03796813725490196 0.5618720703125 0.03875612745098039
0  0.5791015625 0.13602941176470587 0.021484375 0.03676470588235294 -0.0009765625 -0.0012254901960784314 -0.0009765625 -0.0012254901960784314 -0.0009765625 -0.0012254901960784314 -0.0009765625 -0.0012254901960784314 -0.0009765625 -0.0012254901960784314
0  0.53857421875 0.18627450980392157 0.0302734375 0.041666666666666664 -0.0009765625 -0.0012254901960784314 -0.0009765625 -0.0012254901960784314 -0.0009765625 -0.0012254901960784314 -0.0009765625 -0.0012254901960784314 -0.0009765625 -0.0012254901960784314
0  0.5302734375 0.15808823529411764 0.013671875 0.0196078431372549 -0.0009765625 -0.0012254901960784314 -0.0009765625 -0.0012254901960784314 -0.0009765625 -0.0012254901960784314 -0.0009765625 -0.0012254901960784314 -0.0009765625 -0.0012254901960784314
0  0.5205078125 0.13419117647058823 0.02734375 0.04044117647058824 -0.0009765625 -0.0012254901960784314 -0.0009765625 -0.0012254901960784314 -0.0009765625 -0.0012254901960784314 -0.0009765625 -0.0012254901960784314 -0.0009765625 -0.0012254901960784314
0  0.490234375 0.2107843137254902 0.013671875 0.03431372549019608 -0.0009765625 -0.0012254901960784314 -0.0009765625 -0.0012254901960784314 -0.0009765625 -0.0012254901960784314 -0.0009765625 -0.0012254901960784314 -0.0009765625 -0.0012254901960784314
0  0.447265625 0.20588235294117646 0.017578125 0.029411764705882353 -0.0009765625 -0.0012254901960784314 -0.0009765625 -0.0012254901960784314 -0.0009765625 -0.0012254901960784314 -0.0009765625 -0.0012254901960784314 -0.0009765625 -0.0012254901960784314
0  0.43310546875 0.17340686274509803 0.0205078125 0.030637254901960783 0.429181640625 0.16629411764705881 0.4378134765625 0.16629411764705881 0.4332626953125 0.1714154411764706 0.4290244140625 0.1773235294117647 0.4371865234375 0.17712745098039215
0  0.3896484375 0.20955882352941177 0.021484375 0.03431372549019608 -0.0009765625 -0.0012254901960784314 -0.0009765625 -0.0012254901960784314 -0.0009765625 -0.0012254901960784314 -0.0009765625 -0.0012254901960784314 -0.0009765625 -0.0012254901960784314
0  0.5869140625 0.4270833333333333 0.02734375 0.03308823529411765 -0.0009765625 -0.0012254901960784314 -0.0009765625 -0.0012254901960784314 -0.0009765625 -0.0012254901960784314 -0.0009765625 -0.0012254901960784314 -0.0009765625 -0.0012254901960784314
0  0.42041015625 0.21997549019607843 0.0146484375 0.025735294117647058 -0.0009765625 -0.0012254901960784314 -0.0009765625 -0.0012254901960784314 -0.0009765625 -0.0012254901960784314 -0.0009765625 -0.0012254901960784314 -0.0009765625 -0.0012254901960784314
0  0.4306640625 0.23039215686274508 0.015625 0.0196078431372549 -0.0009765625 -0.0012254901960784314 -0.0009765625 -0.0012254901960784314 -0.0009765625 -0.0012254901960784314 -0.0009765625 -0.0012254901960784314 -0.0009765625 -0.0012254901960784314
0  0.357421875 0.08333333333333333 0.021484375 0.02696078431372549 -0.0009765625 -0.0012254901960784314 -0.0009765625 -0.0012254901960784314 -0.0009765625 -0.0012254901960784314 -0.0009765625 -0.0012254901960784314 -0.0009765625 -0.0012254901960784314
0  0.322265625 0.1642156862745098 0.0546875 0.0784313725490196 0.31820703125 0.15364583333333334 0.3428037109375 0.15215196078431373 0.334869140625 0.17107107843137254 0.319 0.18550857843137256 0.340423828125 0.18351715686274508
0  0.29150390625 0.19607843137254902 0.0185546875 0.041666666666666664 -0.0009765625 -0.0012254901960784314 -0.0009765625 -0.0012254901960784314 -0.0009765625 -0.0012254901960784314 -0.0009765625 -0.0012254901960784314 -0.0009765625 -0.0012254901960784314
0  0.2392578125 0.19975490196078433 0.017578125 0.0392156862745098 -0.0009765625 -0.0012254901960784314 -0.0009765625 -0.0012254901960784314 -0.0009765625 -0.0012254901960784314 -0.0009765625 -0.0012254901960784314 -0.0009765625 -0.0012254901960784314
0  0.2080078125 0.1795343137254902 0.046875 0.06985294117647059 0.2011630859375 0.16457107843137253 0.2223515625 0.16545710784313727 0.2117568359375 0.18141053921568628 0.1979853515625 0.18894485294117647 0.2205849609375 0.1902732843137255
0  0.27392578125 0.17095588235294118 0.0146484375 0.020833333333333332 -0.0009765625 -0.0012254901960784314 -0.0009765625 -0.0012254901960784314 -0.0009765625 -0.0012254901960784314 -0.0009765625 -0.0012254901960784314 -0.0009765625 -0.0012254901960784314
0  0.13671875 0.15318627450980393 0.017578125 0.02696078431372549 0.133509765625 0.14968504901960786 0.1407646484375 0.14950980392156862 0.137416015625 0.15651225490196077 0.1339287109375 0.16193995098039216 0.1410439453125 0.16211519607843136
0  0.13720703125 0.19914215686274508 0.0244140625 0.04534313725490196 0.1344345703125 0.18928308823529413 0.145755859375 0.19044362745098037 0.14159765625 0.19856249999999998 0.1344345703125 0.2081311274509804 0.1450634765625 0.20871078431372547
0  0.064453125 0.17034313725490197 0.015625 0.024509803921568627 -0.0009765625 -0.0012254901960784314 -0.0009765625 -0.0012254901960784314 -0.0009765625 -0.0012254901960784314 -0.0009765625 -0.0012254901960784314 -0.0009765625 -0.0012254901960784314
0  0.01708984375 0.14644607843137256 0.0166015625 0.025735294117647058 -0.0009765625 -0.0012254901960784314 -0.0009765625 -0.0012254901960784314 -0.0009765625 -0.0012254901960784314 -0.0009765625 -0.0012254901960784314 -0.0009765625 -0.0012254901960784314
