0  0.65380859375 0.3347236704900938 0.0458984375 0.072992700729927 0.6408603515625 0.3240636079249218 0.6464716796875 0.32544629822732013 0.6335234375 0.34019395203336805 0.649060546875 0.3498717413972888 0.651650390625 0.35033263816475496
0  0.84375 0.4921793534932221 0.0390625 0.056308654848800835 0.8333212890625 0.4829812304483837 0.8525390625 0.48227320125130346 0.8445869140625 0.49359436913451515 0.834978515625 0.502793534932221 0.8528701171875 0.5013774765380605
0  0.873046875 0.48435870698644423 0.02734375 0.04275286757038582 -0.0009765625 -0.0010427528675703858 -0.0009765625 -0.0010427528675703858 -0.0009765625 -0.0010427528675703858 -0.0009765625 -0.0010427528675703858 -0.0009765625 -0.0010427528675703858
0  0.97802734375 0.4812304483837331 0.0341796875 0.04275286757038582 0.97276953125 0.473689259645464 0.989205078125 0.47395933263816475 0.982630859375 0.48367883211678836 0.9735283203125 0.4898894681960375 0.9876884765625 0.4896193952033368
0  0.74951171875 0.4994786235662148 0.0322265625 0.03962460896767466 -0.0009765625 -0.0010427528675703858 -0.0009765625 -0.0010427528675703858 -0.0009765625 -0.0010427528675703858 -0.0009765625 -0.0010427528675703858 -0.0009765625 -0.0010427528675703858
0  0.490234375 0.4629822732012513 0.029296875 0.054223149113660066 0.4967783203125 0.4467497393117831 0.508548828125 0.44465484880083417 0.4974326171875 0.45268508863399376 0.4984130859375 0.4697924921793535 0.508548828125 0.4649051094890511
0  0.5126953125 0.4556830031282586 0.0390625 0.056308654848800835 -0.0009765625 -0.0010427528675703858 -0.0009765625 -0.0010427528675703858 -0.0009765625 -0.0010427528675703858 -0.0009765625 -0.0010427528675703858 -0.0009765625 -0.0010427528675703858
0  0.4150390625 0.559436913451512 0.009765625 0.017726798748696558 -0.0009765625 -0.0010427528675703858 -0.0009765625 -0.0010427528675703858 -0.0009765625 -0.0010427528675703858 -0.0009765625 -0.0010427528675703858 -0.0009765625 -0.0010427528675703858
0  0.42138671875 0.5745568300312826 0.0166015625 0.022940563086548488 0.4158759765625 0.5720239833159542 0.4214560546875 0.5717267987486965 0.414341796875 0.5754504692387904 0.415318359375 0.5817069864442127 0.4193642578125 0.5811115745568299
0  0.39013671875 0.5912408759124088 0.0166015625 0.016684045881126174 0.386212890625 0.5888018769551616 0.390681640625 0.5894994786235662 0.3866494140625 0.5935735140771636 0.388501953125 0.5964827945776852 0.391771484375 0.5967153284671532
0  0.38623046875 0.570385818561001 0.0107421875 0.016684045881126174 -0.0009765625 -0.0010427528675703858 -0.0009765625 -0.0010427528675703858 -0.0009765625 -0.0010427528675703858 -0.0009765625 -0.0010427528675703858 -0.0009765625 -0.0010427528675703858
0  0.27978515625 0.5500521376433786 0.0185546875 0.01981230448383733 -0.0009765625 -0.0010427528675703858 -0.0009765625 -0.0010427528675703858 -0.0009765625 -0.0010427528675703858 -0.0009765625 -0.0010427528675703858 -0.0009765625 -0.0010427528675703858
0  0.31591796875 0.5557872784150156 0.0185546875 0.022940563086548488 0.3091513671875 0.5525099061522419 0.3173828125 0.5514671532846716 0.3119423828125 0.5572773722627737 0.310546875 0.5621929092805006 0.3168251953125 0.5612992700729926
0  0.283203125 0.5849843587069864 0.015625 0.018769551616266946 -0.0009765625 -0.0010427528675703858 -0.0009765625 -0.0010427528675703858 -0.0009765625 -0.0010427528675703858 -0.0009765625 -0.0010427528675703858 -0.0009765625 -0.0010427528675703858
0  0.291015625 0.6371220020855057 0.009765625 0.018769551616266946 -0.0009765625 -0.0010427528675703858 -0.0009765625 -0.0010427528675703858 -0.0009765625 -0.0010427528675703858 -0.0009765625 -0.0010427528675703858 -0.0009765625 -0.0010427528675703858
0  0.16796875 0.41605839416058393 0.052734375 0.0667361835245047 0.14892578125 0.4066412930135558 0.1691591796875 0.4049468196037539 0.1532900390625 0.4214681960375391 0.1532900390625 0.43332846715328466 0.171935546875 0.42951616266944737
0  0.04541015625 0.6021897810218978 0.0146484375 0.01564129301355579 0.0467265625 0.5971574556830032 0.0515400390625 0.5995130344108446 0.04883203125 0.6018686131386861 0.0451220703125 0.6062586027111575 0.049333984375 0.606793534932221
0  0.0654296875 0.5693430656934306 0.013671875 0.018769551616266946 0.060974609375 0.5661220020855057 0.06516796875 0.5668477580813347 0.0608603515625 0.5699947862356621 0.0599541015625 0.573504692387904 0.062220703125 0.5742314911366007
0  0.08251953125 0.5563086548488009 0.0166015625 0.017726798748696558 -0.0009765625 -0.0010427528675703858 -0.0009765625 -0.0010427528675703858 -0.0009765625 -0.0010427528675703858 -0.0009765625 -0.0010427528675703858 -0.0009765625 -0.0010427528675703858
0  0.0078125 0.5604796663190824 0.015625 0.01981230448383733 -0.0009765625 -0.0010427528675703858 -0.0009765625 -0.0010427528675703858 -0.0009765625 -0.0010427528675703858 -0.0009765625 -0.0010427528675703858 -0.0009765625 -0.0010427528675703858
