0  0.9755859375 0.6013719512195121 0.0078125 0.025914634146341462 -0.0009765625 -0.001524390243902439 -0.0009765625 -0.001524390243902439 -0.0009765625 -0.001524390243902439 -0.0009765625 -0.001524390243902439 -0.0009765625 -0.001524390243902439
0  0.484375 0.958079268292683 0.0078125 0.025914634146341462 -0.0009765625 -0.001524390243902439 -0.0009765625 -0.001524390243902439 -0.0009765625 -0.001524390243902439 -0.0009765625 -0.001524390243902439 -0.0009765625 -0.001524390243902439
0  0.44482421875 0.8780487804878049 0.0107421875 0.024390243902439025 0.447509765625 0.8722774390243904 0.4490791015625 0.8721143292682927 0.448974609375 0.8843643292682928 0.4457314453125 0.8866509146341464 0.44730078125 0.8877942073170733
0  0.48828125 0.8727134146341463 0.009765625 0.022865853658536585 -0.0009765625 -0.001524390243902439 -0.0009765625 -0.001524390243902439 -0.0009765625 -0.001524390243902439 -0.0009765625 -0.001524390243902439 -0.0009765625 -0.001524390243902439
0  0.59423828125 0.5853658536585366 0.0107421875 0.018292682926829267 -0.0009765625 -0.001524390243902439 -0.0009765625 -0.001524390243902439 -0.0009765625 -0.001524390243902439 -0.0009765625 -0.001524390243902439 -0.0009765625 -0.001524390243902439
0  0.47021484375 0.625 0.0087890625 0.027439024390243903 -0.0009765625 -0.001524390243902439 -0.0009765625 -0.001524390243902439 -0.0009765625 -0.001524390243902439 -0.0009765625 -0.001524390243902439 -0.0009765625 -0.001524390243902439
0  0.51171875 0.6051829268292683 0.0078125 0.024390243902439025 -0.0009765625 -0.001524390243902439 -0.0009765625 -0.001524390243902439 -0.0009765625 -0.001524390243902439 -0.0009765625 -0.001524390243902439 -0.0009765625 -0.001524390243902439
0  0.31787109375 0.5259146341463414 0.0068359375 0.021341463414634148 -0.0009765625 -0.001524390243902439 -0.0009765625 -0.001524390243902439 -0.0009765625 -0.001524390243902439 -0.0009765625 -0.001524390243902439 -0.0009765625 -0.001524390243902439
0  0.19140625 0.3978658536585366 0.0078125 0.018292682926829267 -0.0009765625 -0.001524390243902439 -0.0009765625 -0.001524390243902439 -0.0009765625 -0.001524390243902439 -0.0009765625 -0.001524390243902439 -0.0009765625 -0.001524390243902439
0  0.2734375 0.4428353658536585 0.005859375 0.022865853658536585 -0.0009765625 -0.001524390243902439 -0.0009765625 -0.001524390243902439 -0.0009765625 -0.001524390243902439 -0.0009765625 -0.001524390243902439 -0.0009765625 -0.001524390243902439
0  0.46142578125 0.3071646341463415 0.0087890625 0.01676829268292683 -0.0009765625 -0.001524390243902439 -0.0009765625 -0.001524390243902439 -0.0009765625 -0.001524390243902439 -0.0009765625 -0.001524390243902439 -0.0009765625 -0.001524390243902439
0  0.45166015625 0.32621951219512196 0.0048828125 0.018292682926829267 -0.0009765625 -0.001524390243902439 -0.0009765625 -0.001524390243902439 -0.0009765625 -0.001524390243902439 -0.0009765625 -0.001524390243902439 -0.0009765625 -0.001524390243902439
0  0.4052734375 0.3856707317073171 0.0078125 0.01524390243902439 -0.0009765625 -0.001524390243902439 -0.0009765625 -0.001524390243902439 -0.0009765625 -0.001524390243902439 -0.0009765625 -0.001524390243902439 -0.0009765625 -0.001524390243902439
0  0.728515625 0.3742378048780488 0.01171875 0.022865853658536585 0.726013671875 0.3737743902439024 0.7310009765625 0.37392530487804876 0.72869921875 0.3781173780487805 0.7283154296875 0.3832073170731707 0.7311923828125 0.3826082317073171
0  0.79345703125 0.2850609756097561 0.0068359375 0.01524390243902439 -0.0009765625 -0.001524390243902439 -0.0009765625 -0.001524390243902439 -0.0009765625 -0.001524390243902439 -0.0009765625 -0.001524390243902439 -0.0009765625 -0.001524390243902439
0  0.77685546875 0.28810975609756095 0.0068359375 0.01524390243902439 -0.0009765625 -0.001524390243902439 -0.0009765625 -0.001524390243902439 -0.0009765625 -0.001524390243902439 -0.0009765625 -0.001524390243902439 -0.0009765625 -0.001524390243902439
0  0.982421875 0.27515243902439024 0.009765625 0.019817073170731708 -0.0009765625 -0.001524390243902439 -0.0009765625 -0.001524390243902439 -0.0009765625 -0.001524390243902439 -0.0009765625 -0.001524390243902439 -0.0009765625 -0.001524390243902439
0  0.92578125 0.20807926829268292 0.0078125 0.01676829268292683 -0.0009765625 -0.001524390243902439 -0.0009765625 -0.001524390243902439 -0.0009765625 -0.001524390243902439 -0.0009765625 -0.001524390243902439 -0.0009765625 -0.001524390243902439
0  0.9033203125 0.19817073170731708 0.005859375 0.018292682926829267 -0.0009765625 -0.001524390243902439 -0.0009765625 -0.001524390243902439 -0.0009765625 -0.001524390243902439 -0.0009765625 -0.001524390243902439 -0.0009765625 -0.001524390243902439
0  0.9794921875 0.10594512195121951 0.0078125 0.01676829268292683 0.9796318359375 0.10518292682926829 0.982212890625 0.10463871951219512 0.981654296875 0.10746951219512195 0.980189453125 0.11095426829268293 0.981654296875 0.11073628048780487
0  0.90234375 0.13414634146341464 0.005859375 0.012195121951219513 -0.0009765625 -0.001524390243902439 -0.0009765625 -0.001524390243902439 -0.0009765625 -0.001524390243902439 -0.0009765625 -0.001524390243902439 -0.0009765625 -0.001524390243902439
0  0.77099609375 0.0701219512195122 0.0087890625 0.01524390243902439 -0.0009765625 -0.001524390243902439 -0.0009765625 -0.001524390243902439 -0.0009765625 -0.001524390243902439 -0.0009765625 -0.001524390243902439 -0.0009765625 -0.001524390243902439
0  0.80224609375 0.07393292682926829 0.0068359375 0.013719512195121951 -0.0009765625 -0.001524390243902439 -0.0009765625 -0.001524390243902439 -0.0009765625 -0.001524390243902439 -0.0009765625 -0.001524390243902439 -0.0009765625 -0.001524390243902439
0  0.61572265625 0.10746951219512195 0.0087890625 0.013719512195121951 -0.0009765625 -0.001524390243902439 -0.0009765625 -0.001524390243902439 -0.0009765625 -0.001524390243902439 -0.0009765625 -0.001524390243902439 -0.0009765625 -0.001524390243902439
0  0.58837890625 0.12652439024390244 0.0068359375 0.01524390243902439 0.5858330078125 0.12433231707317073 0.5903447265625 0.12576219512195122 0.5881220703125 0.12882469512195122 0.5865517578125 0.13300914634146344 0.58890625 0.13311128048780488
0  0.56982421875 0.20807926829268292 0.0087890625 0.013719512195121951 -0.0009765625 -0.001524390243902439 -0.0009765625 -0.001524390243902439 -0.0009765625 -0.001524390243902439 -0.0009765625 -0.001524390243902439 -0.0009765625 -0.001524390243902439
0  0.4111328125 0.11128048780487805 0.009765625 0.01524390243902439 -0.0009765625 -0.001524390243902439 -0.0009765625 -0.001524390243902439 -0.0009765625 -0.001524390243902439 -0.0009765625 -0.001524390243902439 -0.0009765625 -0.001524390243902439
0  0.31005859375 0.12347560975609756 0.0048828125 0.01524390243902439 -0.0009765625 -0.001524390243902439 -0.0009765625 -0.001524390243902439 -0.0009765625 -0.001524390243902439 -0.0009765625 -0.001524390243902439 -0.0009765625 -0.001524390243902439
0  0.3251953125 0.13109756097560976 0.005859375 0.01524390243902439 -0.0009765625 -0.001524390243902439 -0.0009765625 -0.001524390243902439 -0.0009765625 -0.001524390243902439 -0.0009765625 -0.001524390243902439 -0.0009765625 -0.001524390243902439
0  0.74609375 0.15625 0.005859375 0.013719512195121951 -0.0009765625 -0.001524390243902439 -0.0009765625 -0.001524390243902439 -0.0009765625 -0.001524390243902439 -0.0009765625 -0.001524390243902439 -0.0009765625 -0.001524390243902439
0  0.2763671875 0.06859756097560976 0.0078125 0.018292682926829267 -0.0009765625 -0.001524390243902439 -0.0009765625 -0.001524390243902439 -0.0009765625 -0.001524390243902439 -0.0009765625 -0.001524390243902439 -0.0009765625 -0.001524390243902439
