0  0.822265625 0.24084919472913616 0.01953125 0.03367496339677892 0.81678125 0.23633967789165444 0.8241923828125 0.23611713030746706 0.818115234375 0.24233967789165448 0.8172255859375 0.24811713030746704 0.823896484375 0.24722840409956076
0  0.75732421875 0.5043923865300146 0.0244140625 0.03953147877013177 -0.0009765625 -0.0014641288433382138 -0.0009765625 -0.0014641288433382138 -0.0009765625 -0.0014641288433382138 -0.0009765625 -0.0014641288433382138 -0.0009765625 -0.0014641288433382138
0  0.142578125 0.17423133235724744 0.01953125 0.03806734992679356 0.142578125 0.1687935578330893 0.1515244140625 0.16928989751098097 0.1478798828125 0.17823133235724745 0.142744140625 0.18369546120058564 0.1503642578125 0.183199121522694
0  0.19189453125 0.212298682284041 0.0185546875 0.032210834553440704 0.1854775390625 0.207696925329429 0.1953818359375 0.207696925329429 0.190638671875 0.21501756954612006 0.1874306640625 0.22066471449487554 0.193150390625 0.2208740849194729
0  0.13623046875 0.5285505124450952 0.0224609375 0.040995607613469986 0.130439453125 0.5228257686676427 0.140556640625 0.5225915080527086 0.13521484375 0.5318155197657394 0.131103515625 0.5374670571010248 0.140205078125 0.5373206442166911
0  0.337890625 0.45314787701317716 0.017578125 0.036603221083455345 0.334908203125 0.44865153733528546 0.3432265625 0.44865153733528546 0.33883203125 0.4573572474377745 0.334908203125 0.4618286969253294 0.3425986328125 0.46206295754026355
0  0.41064453125 0.31259150805270863 0.0205078125 0.036603221083455345 0.4054482421875 0.313506588579795 0.413138671875 0.31091800878477305 0.4103134765625 0.31868374816983897 0.40937109375 0.3252723279648609 0.4151787109375 0.322212298682284
0  0.46337890625 0.29062957540263545 0.0185546875 0.03953147877013177 -0.0009765625 -0.0014641288433382138 -0.0009765625 -0.0014641288433382138 -0.0009765625 -0.0014641288433382138 -0.0009765625 -0.0014641288433382138 -0.0009765625 -0.0014641288433382138
0  0.64501953125 0.32650073206442165 0.0205078125 0.043923865300146414 0.6377822265625 0.32127232796486094 0.64546875 0.32239531478770134 0.6409697265625 0.32942313323572475 0.6387197265625 0.33588726207906294 0.6473427734375 0.3361683748169839
0  0.73583984375 0.22181551976573938 0.0224609375 0.04538799414348463 0.7318984375 0.21907027818448024 0.74072265625 0.21907027818448024 0.7359267578125 0.22683601756954613 0.7320908203125 0.23460029282576866 0.7403388671875 0.23402489019033676
0  0.71728515625 0.5014641288433382 0.0224609375 0.0424597364568082 0.7080859375 0.5 0.7172021484375 0.4997320644216691 0.7116611328125 0.5069677891654466 0.7098740234375 0.5128638360175696 0.7195263671875 0.5117920937042459
