0  0.841796875 0.876210235131397 0.056640625 0.08990318118948824 -0.0009765625 -0.0013831258644536654 -0.0009765625 -0.0013831258644536654 -0.0009765625 -0.0013831258644536654 -0.0009765625 -0.0013831258644536654 -0.0009765625 -0.0013831258644536654
0  0.48193359375 0.3962655601659751 0.0068359375 0.012448132780082987 -0.0009765625 -0.0013831258644536654 -0.0009765625 -0.0013831258644536654 -0.0009765625 -0.0013831258644536654 -0.0009765625 -0.0013831258644536654 -0.0009765625 -0.0013831258644536654
0  0.88818359375 0.7800829875518672 0.0478515625 0.0636237897648686 0.88397265625 0.779551867219917 0.8984111328125 0.7791258644536653 0.8942001953125 0.7970207468879668 0.8854765625 0.8115062240663901 0.8975087890625 0.8093762102351314
0  0.3349609375 0.7828492392807745 0.03515625 0.04979253112033195 0.3297470703125 0.7785767634854771 0.3404013671875 0.7766500691562933 0.337455078125 0.7882088520055325 0.3336005859375 0.7936666666666667 0.34062890625 0.7923831258644537
0  0.26513671875 0.7565698478561549 0.0595703125 0.11618257261410789 0.272400390625 0.7448561549100967 0.2900390625 0.736774550484094 0.2952265625 0.7610221300138313 0.2713623046875 0.7838008298755187 0.2848515625 0.7771867219917011
0  0.109375 0.42323651452282157 0.01171875 0.016597510373443983 0.107630859375 0.4214094052558782 0.1122607421875 0.4218533886583679 0.10975 0.42418810511756566 0.1079453125 0.4267441217150761 0.1107705078125 0.4270774550484094
0  0.150390625 0.4508990318118949 0.0078125 0.011065006915629323 -0.0009765625 -0.0013831258644536654 -0.0009765625 -0.0013831258644536654 -0.0009765625 -0.0013831258644536654 -0.0009765625 -0.0013831258644536654 -0.0009765625 -0.0013831258644536654
0  0.00927734375 0.4260027662517289 0.0107421875 0.013831258644536652 -0.0009765625 -0.0013831258644536654 -0.0009765625 -0.0013831258644536654 -0.0009765625 -0.0013831258644536654 -0.0009765625 -0.0013831258644536654 -0.0009765625 -0.0013831258644536654
0  0.04638671875 0.4426002766251729 0.0107421875 0.016597510373443983 -0.0009765625 -0.0013831258644536654 -0.0009765625 -0.0013831258644536654 -0.0009765625 -0.0013831258644536654 -0.0009765625 -0.0013831258644536654 -0.0009765625 -0.0013831258644536654
0  0.06005859375 0.4190871369294606 0.0107421875 0.011065006915629323 -0.0009765625 -0.0013831258644536654 -0.0009765625 -0.0013831258644536654 -0.0009765625 -0.0013831258644536654 -0.0009765625 -0.0013831258644536654 -0.0009765625 -0.0013831258644536654
0  0.3857421875 0.42946058091286304 0.01171875 0.017980636237897647 -0.0009765625 -0.0013831258644536654 -0.0009765625 -0.0013831258644536654 -0.0009765625 -0.0013831258644536654 -0.0009765625 -0.0013831258644536654 -0.0009765625 -0.0013831258644536654
0  0.3603515625 0.42738589211618255 0.017578125 0.016597510373443983 -0.0009765625 -0.0013831258644536654 -0.0009765625 -0.0013831258644536654 -0.0009765625 -0.0013831258644536654 -0.0009765625 -0.0013831258644536654 -0.0009765625 -0.0013831258644536654
0  0.310546875 0.43291839557399725 0.01171875 0.016597510373443983 -0.0009765625 -0.0013831258644536654 -0.0009765625 -0.0013831258644536654 -0.0009765625 -0.0013831258644536654 -0.0009765625 -0.0013831258644536654 -0.0009765625 -0.0013831258644536654
0  0.4140625 0.4343015214384509 0.013671875 0.016597510373443983 -0.0009765625 -0.0013831258644536654 -0.0009765625 -0.0013831258644536654 -0.0009765625 -0.0013831258644536654 -0.0009765625 -0.0013831258644536654 -0.0009765625 -0.0013831258644536654
0  0.4736328125 0.4197786998616874 0.009765625 0.02074688796680498 -0.0009765625 -0.0013831258644536654 -0.0009765625 -0.0013831258644536654 -0.0009765625 -0.0013831258644536654 -0.0009765625 -0.0013831258644536654 -0.0009765625 -0.0013831258644536654
0  0.5361328125 0.42946058091286304 0.01171875 0.029045643153526972 0.537048828125 0.42773720608575383 0.5392109375 0.42697233748271096 0.54123828125 0.43099170124481334 0.5361025390625 0.4376915629322269 0.5381298828125 0.4369253112033195
0  0.59521484375 0.41839557399723376 0.0107421875 0.015214384508990318 0.5954375 0.4195933609958506 0.6014404296875 0.41917289073305675 0.599068359375 0.423582295988935 0.59780859375 0.4276763485477178 0.60055078125 0.4275712309820194
0  0.63134765625 0.43015214384508993 0.0126953125 0.016597510373443983 -0.0009765625 -0.0013831258644536654 -0.0009765625 -0.0013831258644536654 -0.0009765625 -0.0013831258644536654 -0.0009765625 -0.0013831258644536654 -0.0009765625 -0.0013831258644536654
0  0.7177734375 0.4315352697095436 0.015625 0.027662517289073305 0.71954296875 0.4307939142461964 0.72412109375 0.42986860304287694 0.723728515625 0.4356099585062241 0.7186279296875 0.43968603042876897 0.721375 0.43950069156293226
0  0.728515625 0.4426002766251729 0.013671875 0.019363762102351315 -0.0009765625 -0.0013831258644536654 -0.0009765625 -0.0013831258644536654 -0.0009765625 -0.0013831258644536654 -0.0009765625 -0.0013831258644536654 -0.0009765625 -0.0013831258644536654
0  0.69580078125 0.5587828492392808 0.0322265625 0.06639004149377593 0.6974921875 0.5527814661134163 0.7037177734375 0.5523609958506225 0.7105361328125 0.5636984785615491 0.699271484375 0.5758741355463347 0.7066826171875 0.5754550484094052
0  0.73583984375 0.5504840940525588 0.0322265625 0.0636237897648686 0.732099609375 0.5446182572614108 0.748212890625 0.5438035961272476 0.740443359375 0.5556210235131397 0.733826171875 0.564179806362379 0.7444716796875 0.5645864453665284
0  0.77490234375 0.5179806362378977 0.0302734375 0.040110650069156296 0.76806640625 0.5103734439834025 0.7717109375 0.5133623789764868 0.765380859375 0.521240663900415 0.7703681640625 0.5234149377593361 0.7738212890625 0.5250442600276626
0  0.86328125 0.4467496542185339 0.013671875 0.022130013831258646 -0.0009765625 -0.0013831258644536654 -0.0009765625 -0.0013831258644536654 -0.0009765625 -0.0013831258644536654 -0.0009765625 -0.0013831258644536654 -0.0009765625 -0.0013831258644536654
0  0.9638671875 0.5027662517289073 0.03125 0.06224066390041494 -0.0009765625 -0.0013831258644536654 -0.0009765625 -0.0013831258644536654 -0.0009765625 -0.0013831258644536654 -0.0009765625 -0.0013831258644536654 -0.0009765625 -0.0013831258644536654
0  0.919921875 0.47441217150760717 0.025390625 0.030428769017980636 -0.0009765625 -0.0013831258644536654 -0.0009765625 -0.0013831258644536654 -0.0009765625 -0.0013831258644536654 -0.0009765625 -0.0013831258644536654 -0.0009765625 -0.0013831258644536654
0  0.98681640625 0.4432918395573997 0.0185546875 0.029045643153526972 0.98309375 0.4405629322268326 0.9885859375 0.4426002766251729 0.9840087890625 0.4463056708160442 0.981916015625 0.45019502074688794 0.9876708984375 0.4516763485477179
0  0.90771484375 0.4073305670816044 0.0087890625 0.009681881051175657 -0.0009765625 -0.0013831258644536654 -0.0009765625 -0.0013831258644536654 -0.0009765625 -0.0013831258644536654 -0.0009765625 -0.0013831258644536654 -0.0009765625 -0.0013831258644536654
0  0.04296875 0.8879668049792531 0.0859375 0.11341632088520055 -0.0009765625 -0.0013831258644536654 -0.0009765625 -0.0013831258644536654 -0.0009765625 -0.0013831258644536654 -0.0009765625 -0.0013831258644536654 -0.0009765625 -0.0013831258644536654
0  0.046875 0.6334716459197787 0.052734375 0.08022130013831259 0.0304306640625 0.6229751037344399 0.04901953125 0.6209488243430152 0.036865234375 0.6396832641770401 0.036150390625 0.6548727524204703 0.0504501953125 0.6528478561549101
0  0.10693359375 0.5816044260027663 0.0205078125 0.02074688796680498 0.1024736328125 0.5767759336099585 0.1093662109375 0.5760096818810512 0.106123046875 0.5806044260027662 0.1032841796875 0.5859640387275242 0.1078798828125 0.5865380359612725
0  0.0849609375 0.516597510373444 0.01953125 0.02351313969571231 0.0837138671875 0.5155228215767635 0.090541015625 0.5149861687413554 0.088138671875 0.5208948824343016 0.0852314453125 0.5250138312586445 0.09066796875 0.5248340248962655
0  0.06396484375 0.4426002766251729 0.0126953125 0.013831258644536652 -0.0009765625 -0.0013831258644536654 -0.0009765625 -0.0013831258644536654 -0.0009765625 -0.0013831258644536654 -0.0009765625 -0.0013831258644536654 -0.0009765625 -0.0013831258644536654
0  0.21240234375 0.5352697095435685 0.0322265625 0.04702627939142462 0.21777734375 0.5212282157676349 0.2237197265625 0.5206486860304287 0.2259736328125 0.5273222683264177 0.2208515625 0.5380608575380359 0.2243349609375 0.5374799446749654
0  0.27294921875 0.5117565698478561 0.0263671875 0.04426002766251729 0.2706826171875 0.5083485477178423 0.2819130859375 0.505792531120332 0.278302734375 0.5143125864453666 0.2716845703125 0.5202780082987551 0.2811103515625 0.5202780082987551
0  0.3427734375 0.47994467496542187 0.0234375 0.03319502074688797 0.33912890625 0.4785615491009682 0.346984375 0.48213001383125864 0.3415 0.48695850622406645 0.3364609375 0.489688796680498 0.342982421875 0.492417704011065
0  0.35986328125 0.529045643153527 0.0244140625 0.042876901798063624 0.35633203125 0.5262669432918395 0.3653564453125 0.5257109266943292 0.36162890625 0.534881051175657 0.3588828125 0.5415491009681881 0.3641796875 0.541271092669433
0  0.58837890625 0.6065006915629322 0.0302734375 0.08160442600276625 -0.0009765625 -0.0013831258644536654 -0.0009765625 -0.0013831258644536654 -0.0009765625 -0.0013831258644536654 -0.0009765625 -0.0013831258644536654 -0.0009765625 -0.0013831258644536654
0  0.60400390625 0.48616874135546334 0.0283203125 0.048409405255878286 -0.0009765625 -0.0013831258644536654 -0.0009765625 -0.0013831258644536654 -0.0009765625 -0.0013831258644536654 -0.0009765625 -0.0013831258644536654 -0.0009765625 -0.0013831258644536654
0  0.529296875 0.5152143845089903 0.02734375 0.048409405255878286 0.5240126953125 0.5105089903181189 0.53556640625 0.5102005532503457 0.529462890625 0.5213153526970954 0.527283203125 0.5268727524204703 0.533822265625 0.5268727524204703
0  0.44970703125 0.45504840940525587 0.0126953125 0.024896265560165973 -0.0009765625 -0.0013831258644536654 -0.0009765625 -0.0013831258644536654 -0.0009765625 -0.0013831258644536654 -0.0009765625 -0.0013831258644536654 -0.0009765625 -0.0013831258644536654
