0  0.68310546875 0.9348462664714495 0.0634765625 0.12445095168374817 0.676666015625 0.9313689604685212 0.7013857421875 0.919701317715959 0.6977236328125 0.9498989751098096 0.680328125 0.9773513909224011 0.6968076171875 0.9725475841874085
0  0.5146484375 0.9114202049780381 0.046875 0.0951683748169839 0.508056640625 0.903471449487555 0.526908203125 0.8920468521229868 0.5289130859375 0.9112898975109809 0.519287109375 0.9389516837481698 0.5349296875 0.9263235724743777
0  0.0361328125 0.7686676427525623 0.04296875 0.07320644216691069 0.0240478515625 0.7621698389458272 0.0460205078125 0.7621698389458272 0.0328984375 0.7722371888726208 0.02618359375 0.7845900439238653 0.0411376953125 0.7845900439238653
0  0.04443359375 0.6720351390922401 0.0283203125 0.05856515373352855 0.035853515625 0.6671595900439239 0.0490029296875 0.6694333821376282 0.04015234375 0.6773953147877013 0.03534765625 0.6853557833089312 0.045462890625 0.6864934114202049
0  0.0673828125 0.6793557833089312 0.01953125 0.02635431918008785 -0.0009765625 -0.0014641288433382138 -0.0009765625 -0.0014641288433382138 -0.0009765625 -0.0014641288433382138 -0.0009765625 -0.0014641288433382138 -0.0009765625 -0.0014641288433382138
0  0.07080078125 0.62298682284041 0.0166015625 0.03074670571010249 0.069884765625 0.6204904831625183 0.0770791015625 0.6181376281112738 0.0776015625 0.6253923865300146 0.075248046875 0.6353923865300146 0.078255859375 0.6348038067349927
0  0.04248046875 0.62298682284041 0.0126953125 0.021961932650073207 -0.0009765625 -0.0014641288433382138 -0.0009765625 -0.0014641288433382138 -0.0009765625 -0.0014641288433382138 -0.0009765625 -0.0014641288433382138 -0.0009765625 -0.0014641288433382138
0  0.0810546875 0.6178623718887262 0.009765625 0.017569546120058566 -0.0009765625 -0.0014641288433382138 -0.0009765625 -0.0014641288433382138 -0.0009765625 -0.0014641288433382138 -0.0009765625 -0.0014641288433382138 -0.0009765625 -0.0014641288433382138
0  0.10595703125 0.6156661786237189 0.0087890625 0.013177159590043924 -0.0009765625 -0.0014641288433382138 -0.0009765625 -0.0014641288433382138 -0.0009765625 -0.0014641288433382138 -0.0009765625 -0.0014641288433382138 -0.0009765625 -0.0014641288433382138
0  0.125 0.6544655929721815 0.013671875 0.02342606149341142 -0.0009765625 -0.0014641288433382138 -0.0009765625 -0.0014641288433382138 -0.0009765625 -0.0014641288433382138 -0.0009765625 -0.0014641288433382138 -0.0009765625 -0.0014641288433382138
0  0.10693359375 0.6610541727672035 0.0107421875 0.024890190336749635 -0.0009765625 -0.0014641288433382138 -0.0009765625 -0.0014641288433382138 -0.0009765625 -0.0014641288433382138 -0.0009765625 -0.0014641288433382138 -0.0009765625 -0.0014641288433382138
0  0.12841796875 0.7101024890190337 0.0302734375 0.055636896046852125 0.121935546875 0.7075724743777452 0.1336845703125 0.7064948755490483 0.1286494140625 0.7129648609077599 0.1214560546875 0.7237496339677892 0.1346435546875 0.7226720351390922
0  0.16259765625 0.6866764275256223 0.0400390625 0.06734992679355783 0.14907421875 0.6753235724743777 0.16466015625 0.6719238653001464 0.1547412109375 0.685095168374817 0.151908203125 0.7029385065885798 0.16154296875 0.7003894582723279
0  0.14697265625 0.6427525622254758 0.0205078125 0.029282576866764276 -0.0009765625 -0.0014641288433382138 -0.0009765625 -0.0014641288433382138 -0.0009765625 -0.0014641288433382138 -0.0009765625 -0.0014641288433382138 -0.0009765625 -0.0014641288433382138
0  0.12744140625 0.6142020497803806 0.0087890625 0.013177159590043924 -0.0009765625 -0.0014641288433382138 -0.0009765625 -0.0014641288433382138 -0.0009765625 -0.0014641288433382138 -0.0009765625 -0.0014641288433382138 -0.0009765625 -0.0014641288433382138
0  0.1484375 0.6207906295754027 0.0078125 0.01171303074670571 -0.0009765625 -0.0014641288433382138 -0.0009765625 -0.0014641288433382138 -0.0009765625 -0.0014641288433382138 -0.0009765625 -0.0014641288433382138 -0.0009765625 -0.0014641288433382138
0  0.1689453125 0.6346998535871157 0.0078125 0.013177159590043924 0.1688232421875 0.6365300146412884 0.173888671875 0.637628111273792 0.171203125 0.6417452415812591 0.1693115234375 0.6434846266471449 0.171875 0.6437598828696925
0  0.203125 0.6925329428989752 0.021484375 0.03513909224011713 -0.0009765625 -0.0014641288433382138 -0.0009765625 -0.0014641288433382138 -0.0009765625 -0.0014641288433382138 -0.0009765625 -0.0014641288433382138 -0.0009765625 -0.0014641288433382138
0  0.201171875 0.6530014641288433 0.015625 0.02635431918008785 -0.0009765625 -0.0014641288433382138 -0.0009765625 -0.0014641288433382138 -0.0009765625 -0.0014641288433382138 -0.0009765625 -0.0014641288433382138 -0.0009765625 -0.0014641288433382138
0  0.21484375 0.8587115666178624 0.0546875 0.0951683748169839 0.2001650390625 0.8471625183016105 0.22246484375 0.8380439238653001 0.2098955078125 0.8629663250366032 0.205435546875 0.8799868228404099 0.2277353515625 0.8714773060029284
0  0.32177734375 0.7898975109809663 0.0341796875 0.05710102489019034 0.3196015625 0.778727672035139 0.3337490234375 0.7772884333821377 0.3287138671875 0.7905900439238652 0.3212802734375 0.8024538799414349 0.331111328125 0.8020937042459737
0  0.2861328125 0.7137628111273792 0.03125 0.05417276720351391 0.2821787109375 0.7053704245973645 0.295580078125 0.7053704245973645 0.2898037109375 0.7140307467057101 0.281716796875 0.7254626647144948 0.29326953125 0.7254626647144948
0  0.34033203125 0.7108345534407028 0.0244140625 0.048316251830161056 0.3387275390625 0.7040893118594436 0.348955078125 0.704389458272328 0.3443427734375 0.714913616398243 0.3387275390625 0.7233323572474378 0.346548828125 0.7236325036603221
0  0.30712890625 0.678623718887262 0.0166015625 0.027818448023426062 0.3025205078125 0.6681595900439239 0.3091123046875 0.6701010248901903 0.304521484375 0.6748653001464129 0.3028740234375 0.6840424597364568 0.306640625 0.6847481698389458
0  0.2705078125 0.6530014641288433 0.017578125 0.03513909224011713 -0.0009765625 -0.0014641288433382138 -0.0009765625 -0.0014641288433382138 -0.0009765625 -0.0014641288433382138 -0.0009765625 -0.0014641288433382138 -0.0009765625 -0.0014641288433382138
0  0.294921875 0.6581259150805271 0.017578125 0.027818448023426062 0.293609375 0.6547203513909223 0.2991416015625 0.6538374816983895 0.297140625 0.6601918008784773 0.2954931640625 0.6651332357247438 0.2987890625 0.6646032210834553
0  0.37158203125 0.66398243045388 0.0166015625 0.036603221083455345 0.3729248046875 0.656112737920937 0.37323046875 0.656112737920937 0.37628125 0.6629751098096632 0.3739931640625 0.671212298682284 0.3741455078125 0.671212298682284
0  0.38525390625 0.6603221083455344 0.0126953125 0.02342606149341142 -0.0009765625 -0.0014641288433382138 -0.0009765625 -0.0014641288433382138 -0.0009765625 -0.0014641288433382138 -0.0009765625 -0.0014641288433382138 -0.0009765625 -0.0014641288433382138
0  0.2724609375 0.6171303074670571 0.0078125 0.013177159590043924 -0.0009765625 -0.0014641288433382138 -0.0009765625 -0.0014641288433382138 -0.0009765625 -0.0014641288433382138 -0.0009765625 -0.0014641288433382138 -0.0009765625 -0.0014641288433382138
0  0.29833984375 0.6142020497803806 0.0048828125 0.010248901903367497 -0.0009765625 -0.0014641288433382138 -0.0009765625 -0.0014641288433382138 -0.0009765625 -0.0014641288433382138 -0.0009765625 -0.0014641288433382138 -0.0009765625 -0.0014641288433382138
0  0.44921875 0.7415812591508053 0.03515625 0.0746705710102489 0.4556357421875 0.7323777452415813 0.4594033203125 0.7300248901903368 0.4647392578125 0.7441434846266471 0.4550087890625 0.7596734992679355 0.4590888671875 0.7573206442166911
0  0.41552734375 0.6720351390922401 0.0185546875 0.03806734992679356 -0.0009765625 -0.0014641288433382138 -0.0009765625 -0.0014641288433382138 -0.0009765625 -0.0014641288433382138 -0.0009765625 -0.0014641288433382138 -0.0009765625 -0.0014641288433382138
0  0.3857421875 0.62298682284041 0.005859375 0.010248901903367497 -0.0009765625 -0.0014641288433382138 -0.0009765625 -0.0014641288433382138 -0.0009765625 -0.0014641288433382138 -0.0009765625 -0.0014641288433382138 -0.0009765625 -0.0014641288433382138
0  0.33740234375 0.62298682284041 0.0087890625 0.013177159590043924 -0.0009765625 -0.0014641288433382138 -0.0009765625 -0.0014641288433382138 -0.0009765625 -0.0014641288433382138 -0.0009765625 -0.0014641288433382138 -0.0009765625 -0.0014641288433382138
0  0.345703125 0.6185944363103953 0.005859375 0.010248901903367497 -0.0009765625 -0.0014641288433382138 -0.0009765625 -0.0014641288433382138 -0.0009765625 -0.0014641288433382138 -0.0009765625 -0.0014641288433382138 -0.0009765625 -0.0014641288433382138
0  0.42919921875 0.8008784773060029 0.0166015625 0.04685212298682284 -0.0009765625 -0.0014641288433382138 -0.0009765625 -0.0014641288433382138 -0.0009765625 -0.0014641288433382138 -0.0009765625 -0.0014641288433382138 -0.0009765625 -0.0014641288433382138
0  0.54052734375 0.7855051244509517 0.0341796875 0.048316251830161056 0.5313193359375 0.7747203513909224 0.5485400390625 0.7711259150805271 0.541564453125 0.7825636896046851 0.5363330078125 0.7972708638360175 0.548322265625 0.7953089311859444
0  0.509765625 0.7408491947291361 0.03125 0.04978038067349927 0.5050224609375 0.728090775988287 0.5205078125 0.7271493411420205 0.5138115234375 0.7356207906295754 0.5098349609375 0.746601756954612 0.5186240234375 0.7453455344070279
0  0.52734375 0.7042459736456809 0.017578125 0.032210834553440704 -0.0009765625 -0.0014641288433382138 -0.0009765625 -0.0014641288433382138 -0.0009765625 -0.0014641288433382138 -0.0009765625 -0.0014641288433382138 -0.0009765625 -0.0014641288433382138
0  0.55859375 0.7313323572474377 0.021484375 0.036603221083455345 -0.0009765625 -0.0014641288433382138 -0.0009765625 -0.0014641288433382138 -0.0009765625 -0.0014641288433382138 -0.0009765625 -0.0014641288433382138 -0.0009765625 -0.0014641288433382138
0  0.5458984375 0.6530014641288433 0.009765625 0.020497803806734993 0.5452353515625 0.6507789165446559 0.5501181640625 0.6507789165446559 0.548810546875 0.6552240117130307 0.5460205078125 0.6569238653001463 0.549857421875 0.6571844802342607
0  0.560546875 0.6317715959004392 0.0078125 0.013177159590043924 -0.0009765625 -0.0014641288433382138 -0.0009765625 -0.0014641288433382138 -0.0009765625 -0.0014641288433382138 -0.0009765625 -0.0014641288433382138 -0.0009765625 -0.0014641288433382138
0  0.47412109375 0.6478770131771596 0.0107421875 0.021961932650073207 -0.0009765625 -0.0014641288433382138 -0.0009765625 -0.0014641288433382138 -0.0009765625 -0.0014641288433382138 -0.0009765625 -0.0014641288433382138 -0.0009765625 -0.0014641288433382138
0  0.61181640625 0.6903367496339677 0.0166015625 0.036603221083455345 -0.0009765625 -0.0014641288433382138 -0.0009765625 -0.0014641288433382138 -0.0009765625 -0.0014641288433382138 -0.0009765625 -0.0014641288433382138 -0.0009765625 -0.0014641288433382138
0  0.6357421875 0.7481698389458272 0.02734375 0.05856515373352855 0.627197265625 0.7371888726207906 0.640380859375 0.7386530014641288 0.632080078125 0.7463396778916545 0.625732421875 0.7617130307467057 0.63818359375 0.7624450951683748
0  0.59619140625 0.7518301610541728 0.0224609375 0.04538799414348463 -0.0009765625 -0.0014641288433382138 -0.0009765625 -0.0014641288433382138 -0.0009765625 -0.0014641288433382138 -0.0009765625 -0.0014641288433382138 -0.0009765625 -0.0014641288433382138
0  0.6708984375 0.7510980966325037 0.017578125 0.04685212298682284 -0.0009765625 -0.0014641288433382138 -0.0009765625 -0.0014641288433382138 -0.0009765625 -0.0014641288433382138 -0.0009765625 -0.0014641288433382138 -0.0009765625 -0.0014641288433382138
0  0.6806640625 0.677891654465593 0.01171875 0.029282576866764276 0.6795615234375 0.6739370424597364 0.6828486328125 0.6739370424597364 0.6827216796875 0.6788653001464129 0.6795615234375 0.6836046852122987 0.683353515625 0.6824670571010248
0  0.75 0.7891654465592972 0.0234375 0.043923865300146414 -0.0009765625 -0.0014641288433382138 -0.0009765625 -0.0014641288433382138 -0.0009765625 -0.0014641288433382138 -0.0009765625 -0.0014641288433382138 -0.0009765625 -0.0014641288433382138
0  0.6953125 0.8601756954612005 0.025390625 0.04538799414348463 -0.0009765625 -0.0014641288433382138 -0.0009765625 -0.0014641288433382138 -0.0009765625 -0.0014641288433382138 -0.0009765625 -0.0014641288433382138 -0.0009765625 -0.0014641288433382138
0  0.72607421875 0.719619326500732 0.0224609375 0.03367496339677892 0.7282626953125 0.7137950219619327 0.7301328125 0.7116383601756955 0.7337294921875 0.7194040995607613 0.731427734375 0.7291098096632505 0.733154296875 0.7280322108345534
0  0.79443359375 0.6683748169838946 0.0166015625 0.03953147877013177 -0.0009765625 -0.0014641288433382138 -0.0009765625 -0.0014641288433382138 -0.0009765625 -0.0014641288433382138 -0.0009765625 -0.0014641288433382138 -0.0009765625 -0.0014641288433382138
0  0.75048828125 0.6932650073206442 0.0166015625 0.021961932650073207 -0.0009765625 -0.0014641288433382138 -0.0009765625 -0.0014641288433382138 -0.0009765625 -0.0014641288433382138 -0.0009765625 -0.0014641288433382138 -0.0009765625 -0.0014641288433382138
0  0.7568359375 0.6442166910688141 0.009765625 0.017569546120058566 0.7561123046875 0.642099560761347 0.7597216796875 0.642099560761347 0.7582314453125 0.646805270863836 0.756740234375 0.6497467057101025 0.759408203125 0.6497467057101025
0  0.71923828125 0.6390922401171303 0.0087890625 0.016105417276720352 -0.0009765625 -0.0014641288433382138 -0.0009765625 -0.0014641288433382138 -0.0009765625 -0.0014641288433382138 -0.0009765625 -0.0014641288433382138 -0.0009765625 -0.0014641288433382138
0  0.93212890625 0.8967789165446559 0.0654296875 0.08052708638360176 0.91319921875 0.888177159590044 0.933689453125 0.8949355783308931 0.9218056640625 0.9096808199121523 0.928771484375 0.9121390922401171 0.945984375 0.9121390922401171
0  0.94482421875 0.6405563689604685 0.0068359375 0.010248901903367497 -0.0009765625 -0.0014641288433382138 -0.0009765625 -0.0014641288433382138 -0.0009765625 -0.0014641288433382138 -0.0009765625 -0.0014641288433382138 -0.0009765625 -0.0014641288433382138
0  0.80322265625 0.7320644216691069 0.0224609375 0.040995607613469986 -0.0009765625 -0.0014641288433382138 -0.0009765625 -0.0014641288433382138 -0.0009765625 -0.0014641288433382138 -0.0009765625 -0.0014641288433382138 -0.0009765625 -0.0014641288433382138
0  0.87109375 0.7620790629575402 0.021484375 0.03953147877013177 -0.0009765625 -0.0014641288433382138 -0.0009765625 -0.0014641288433382138 -0.0009765625 -0.0014641288433382138 -0.0009765625 -0.0014641288433382138 -0.0009765625 -0.0014641288433382138
0  0.89501953125 0.7423133235724744 0.0224609375 0.03806734992679356 -0.0009765625 -0.0014641288433382138 -0.0009765625 -0.0014641288433382138 -0.0009765625 -0.0014641288433382138 -0.0009765625 -0.0014641288433382138 -0.0009765625 -0.0014641288433382138
0  0.97900390625 0.7715959004392386 0.0244140625 0.0527086383601757 0.982740234375 0.7591961932650072 0.984296875 0.7585300146412884 0.98985546875 0.7688638360175696 0.9831845703125 0.7795314787701317 0.985185546875 0.7795314787701317
0  0.94921875 0.7218155197657394 0.021484375 0.03513909224011713 -0.0009765625 -0.0014641288433382138 -0.0009765625 -0.0014641288433382138 -0.0009765625 -0.0014641288433382138 -0.0009765625 -0.0014641288433382138 -0.0009765625 -0.0014641288433382138
0  0.84228515625 0.7027818448023426 0.0185546875 0.03513909224011713 -0.0009765625 -0.0014641288433382138 -0.0009765625 -0.0014641288433382138 -0.0009765625 -0.0014641288433382138 -0.0009765625 -0.0014641288433382138 -0.0009765625 -0.0014641288433382138
0  0.96630859375 0.6332357247437774 0.0068359375 0.010248901903367497 -0.0009765625 -0.0014641288433382138 -0.0009765625 -0.0014641288433382138 -0.0009765625 -0.0014641288433382138 -0.0009765625 -0.0014641288433382138 -0.0009765625 -0.0014641288433382138
0  0.9765625 0.6288433382137628 0.005859375 0.010248901903367497 -0.0009765625 -0.0014641288433382138 -0.0009765625 -0.0014641288433382138 -0.0009765625 -0.0014641288433382138 -0.0009765625 -0.0014641288433382138 -0.0009765625 -0.0014641288433382138
