0  0.357421875 0.13177159590043924 0.0078125 0.017569546120058566 -0.0009765625 -0.0014641288433382138 -0.0009765625 -0.0014641288433382138 -0.0009765625 -0.0014641288433382138 -0.0009765625 -0.0014641288433382138 -0.0009765625 -0.0014641288433382138
0  0.3759765625 0.14055636896046853 0.005859375 0.014641288433382138 0.374703125 0.13972620790629575 0.377646484375 0.13943191800878477 0.3762734375 0.1419809663250366 0.374833984375 0.14443191800878477 0.3771884765625 0.14423572474377747
0  0.42919921875 0.13616398243045388 0.0068359375 0.014641288433382138 -0.0009765625 -0.0014641288433382138 -0.0009765625 -0.0014641288433382138 -0.0009765625 -0.0014641288433382138 -0.0009765625 -0.0014641288433382138 -0.0009765625 -0.0014641288433382138
0  0.4677734375 0.13543191800878476 0.005859375 0.016105417276720352 -0.0009765625 -0.0014641288433382138 -0.0009765625 -0.0014641288433382138 -0.0009765625 -0.0014641288433382138 -0.0009765625 -0.0014641288433382138 -0.0009765625 -0.0014641288433382138
0  0.48974609375 0.13543191800878476 0.0068359375 0.01903367496339678 -0.0009765625 -0.0014641288433382138 -0.0009765625 -0.0014641288433382138 -0.0009765625 -0.0014641288433382138 -0.0009765625 -0.0014641288433382138 -0.0009765625 -0.0014641288433382138
0  0.4462890625 0.13689604685212298 0.005859375 0.016105417276720352 -0.0009765625 -0.0014641288433382138 -0.0009765625 -0.0014641288433382138 -0.0009765625 -0.0014641288433382138 -0.0009765625 -0.0014641288433382138 -0.0009765625 -0.0014641288433382138
0  0.5341796875 0.14568081991215226 0.0078125 0.016105417276720352 -0.0009765625 -0.0014641288433382138 -0.0009765625 -0.0014641288433382138 -0.0009765625 -0.0014641288433382138 -0.0009765625 -0.0014641288433382138 -0.0009765625 -0.0014641288433382138
0  0.59912109375 0.13689604685212298 0.0087890625 0.016105417276720352 -0.0009765625 -0.0014641288433382138 -0.0009765625 -0.0014641288433382138 -0.0009765625 -0.0014641288433382138 -0.0009765625 -0.0014641288433382138 -0.0009765625 -0.0014641288433382138
0  0.63720703125 0.15373352855051245 0.0087890625 0.017569546120058566 0.635681640625 0.15144655929721815 0.6399189453125 0.1528579795021962 0.6369365234375 0.15509370424597366 0.6351318359375 0.1572108345534407 0.637564453125 0.15779941434846267
0  0.66259765625 0.1398243045387994 0.0048828125 0.013177159590043924 -0.0009765625 -0.0014641288433382138 -0.0009765625 -0.0014641288433382138 -0.0009765625 -0.0014641288433382138 -0.0009765625 -0.0014641288433382138 -0.0009765625 -0.0014641288433382138
0  0.7041015625 0.14202049780380674 0.005859375 0.01171303074670571 -0.0009765625 -0.0014641288433382138 -0.0009765625 -0.0014641288433382138 -0.0009765625 -0.0014641288433382138 -0.0009765625 -0.0014641288433382138 -0.0009765625 -0.0014641288433382138
0  0.73974609375 0.14055636896046853 0.0048828125 0.014641288433382138 -0.0009765625 -0.0014641288433382138 -0.0009765625 -0.0014641288433382138 -0.0009765625 -0.0014641288433382138 -0.0009765625 -0.0014641288433382138 -0.0009765625 -0.0014641288433382138
0  0.78369140625 0.13177159590043924 0.0068359375 0.017569546120058566 -0.0009765625 -0.0014641288433382138 -0.0009765625 -0.0014641288433382138 -0.0009765625 -0.0014641288433382138 -0.0009765625 -0.0014641288433382138 -0.0009765625 -0.0014641288433382138
0  0.87744140625 0.1500732064421669 0.0048828125 0.013177159590043924 -0.0009765625 -0.0014641288433382138 -0.0009765625 -0.0014641288433382138 -0.0009765625 -0.0014641288433382138 -0.0009765625 -0.0014641288433382138 -0.0009765625 -0.0014641288433382138
0  0.90283203125 0.14348462664714495 0.0087890625 0.017569546120058566 -0.0009765625 -0.0014641288433382138 -0.0009765625 -0.0014641288433382138 -0.0009765625 -0.0014641288433382138 -0.0009765625 -0.0014641288433382138 -0.0009765625 -0.0014641288433382138
0  0.0859375 0.15592972181551976 0.0078125 0.016105417276720352 -0.0009765625 -0.0014641288433382138 -0.0009765625 -0.0014641288433382138 -0.0009765625 -0.0014641288433382138 -0.0009765625 -0.0014641288433382138 -0.0009765625 -0.0014641288433382138
0  0.03662109375 0.20863836017569545 0.0302734375 0.05124450951683748 0.038966796875 0.20561932650073206 0.048775390625 0.20365739385065887 0.0485576171875 0.21477013177159587 0.040056640625 0.22424743777452416 0.048775390625 0.22228550512445094
0  0.0947265625 0.19985358711566617 0.01953125 0.036603221083455345 0.0911171875 0.19441581259150806 0.0989638671875 0.19841581259150806 0.09378515625 0.20406295754026355 0.0900185546875 0.20876866764275256 0.09566796875 0.21112152269399706
0  0.14990234375 0.2935578330893119 0.0283203125 0.0629575402635432 0.1503125 0.28992679355783313 0.15978515625 0.2869399707174231 0.1607421875 0.2974670571010249 0.15439453125 0.31038067349926796 0.16130859375 0.30815519765739385
0  0.20458984375 0.28989751098096633 0.0146484375 0.03513909224011713 -0.0009765625 -0.0014641288433382138 -0.0009765625 -0.0014641288433382138 -0.0009765625 -0.0014641288433382138 -0.0009765625 -0.0014641288433382138 -0.0009765625 -0.0014641288433382138
0  0.29345703125 0.41215226939970717 0.0166015625 0.048316251830161056 -0.0009765625 -0.0014641288433382138 -0.0009765625 -0.0014641288433382138 -0.0009765625 -0.0014641288433382138 -0.0009765625 -0.0014641288433382138 -0.0009765625 -0.0014641288433382138
0  0.4287109375 0.45314787701317716 0.017578125 0.024890190336749635 -0.0009765625 -0.0014641288433382138 -0.0009765625 -0.0014641288433382138 -0.0009765625 -0.0014641288433382138 -0.0009765625 -0.0014641288433382138 -0.0009765625 -0.0014641288433382138
0  0.5537109375 0.5263543191800878 0.0078125 0.016105417276720352 -0.0009765625 -0.0014641288433382138 -0.0009765625 -0.0014641288433382138 -0.0009765625 -0.0014641288433382138 -0.0009765625 -0.0014641288433382138 -0.0009765625 -0.0014641288433382138
0  0.58251953125 0.513177159590044 0.0068359375 0.013177159590043924 0.5804658203125 0.510778916544656 0.5826767578125 0.5126471449487554 0.5803525390625 0.5138374816983895 0.5800126953125 0.5167262079062958 0.581259765625 0.5174904831625183
0  0.5869140625 0.5497803806734992 0.005859375 0.010248901903367497 -0.0009765625 -0.0014641288433382138 -0.0009765625 -0.0014641288433382138 -0.0009765625 -0.0014641288433382138 -0.0009765625 -0.0014641288433382138 -0.0009765625 -0.0014641288433382138
0  0.63818359375 0.5453879941434846 0.0048828125 0.013177159590043924 -0.0009765625 -0.0014641288433382138 -0.0009765625 -0.0014641288433382138 -0.0009765625 -0.0014641288433382138 -0.0009765625 -0.0014641288433382138 -0.0009765625 -0.0014641288433382138
0  0.68505859375 0.5468521229868228 0.0048828125 0.013177159590043924 -0.0009765625 -0.0014641288433382138 -0.0009765625 -0.0014641288433382138 -0.0009765625 -0.0014641288433382138 -0.0009765625 -0.0014641288433382138 -0.0009765625 -0.0014641288433382138
0  0.8076171875 0.7781844802342606 0.0078125 0.021961932650073207 -0.0009765625 -0.0014641288433382138 -0.0009765625 -0.0014641288433382138 -0.0009765625 -0.0014641288433382138 -0.0009765625 -0.0014641288433382138 -0.0009765625 -0.0014641288433382138
0  0.79296875 0.8667642752562226 0.013671875 0.029282576866764276 -0.0009765625 -0.0014641288433382138 -0.0009765625 -0.0014641288433382138 -0.0009765625 -0.0014641288433382138 -0.0009765625 -0.0014641288433382138 -0.0009765625 -0.0014641288433382138
0  0.89306640625 0.5190336749633968 0.0068359375 0.013177159590043924 -0.0009765625 -0.0014641288433382138 -0.0009765625 -0.0014641288433382138 -0.0009765625 -0.0014641288433382138 -0.0009765625 -0.0014641288433382138 -0.0009765625 -0.0014641288433382138
0  0.8466796875 0.5153733528550513 0.005859375 0.01171303074670571 -0.0009765625 -0.0014641288433382138 -0.0009765625 -0.0014641288433382138 -0.0009765625 -0.0014641288433382138 -0.0009765625 -0.0014641288433382138 -0.0009765625 -0.0014641288433382138
0  0.8515625 0.5592972181551976 0.0078125 0.014641288433382138 -0.0009765625 -0.0014641288433382138 -0.0009765625 -0.0014641288433382138 -0.0009765625 -0.0014641288433382138 -0.0009765625 -0.0014641288433382138 -0.0009765625 -0.0014641288433382138
0  0.8603515625 0.5812591508052709 0.00390625 0.014641288433382138 -0.0009765625 -0.0014641288433382138 -0.0009765625 -0.0014641288433382138 -0.0009765625 -0.0014641288433382138 -0.0009765625 -0.0014641288433382138 -0.0009765625 -0.0014641288433382138
0  0.88037109375 0.6427525622254758 0.0087890625 0.017569546120058566 -0.0009765625 -0.0014641288433382138 -0.0009765625 -0.0014641288433382138 -0.0009765625 -0.0014641288433382138 -0.0009765625 -0.0014641288433382138 -0.0009765625 -0.0014641288433382138
0  0.97119140625 0.5673499267935578 0.0068359375 0.013177159590043924 -0.0009765625 -0.0014641288433382138 -0.0009765625 -0.0014641288433382138 -0.0009765625 -0.0014641288433382138 -0.0009765625 -0.0014641288433382138 -0.0009765625 -0.0014641288433382138
0  0.984375 0.5856515373352855 0.0078125 0.014641288433382138 -0.0009765625 -0.0014641288433382138 -0.0009765625 -0.0014641288433382138 -0.0009765625 -0.0014641288433382138 -0.0009765625 -0.0014641288433382138 -0.0009765625 -0.0014641288433382138
0  0.96923828125 0.6061493411420205 0.0068359375 0.014641288433382138 -0.0009765625 -0.0014641288433382138 -0.0009765625 -0.0014641288433382138 -0.0009765625 -0.0014641288433382138 -0.0009765625 -0.0014641288433382138 -0.0009765625 -0.0014641288433382138
0  0.63623046875 0.6127379209370425 0.0185546875 0.03953147877013177 0.631103515625 0.6062928257686676 0.6418720703125 0.6080322108345534 0.6354111328125 0.6157320644216692 0.6325947265625 0.6211961932650073 0.6390556640625 0.6214436310395315
0  0.5693359375 0.6874084919472914 0.017578125 0.0424597364568082 0.574646484375 0.6866764275256223 0.575927734375 0.6864011713030747 0.574462890625 0.6965592972181552 0.5711669921875 0.7015007320644217 0.5718994140625 0.7015007320644217
0  0.78369140625 0.6815519765739385 0.0068359375 0.01903367496339678 0.7848515625 0.6818784773060029 0.78759765625 0.6810556368960469 0.7868125 0.6847027818448024 0.7848515625 0.687172767203514 0.7873623046875 0.6868199121522695
0  0.7587890625 0.5929721815519766 0.005859375 0.01171303074670571 -0.0009765625 -0.0014641288433382138 -0.0009765625 -0.0014641288433382138 -0.0009765625 -0.0014641288433382138 -0.0009765625 -0.0014641288433382138 -0.0009765625 -0.0014641288433382138
0  0.720703125 0.5878477306002928 0.005859375 0.013177159590043924 -0.0009765625 -0.0014641288433382138 -0.0009765625 -0.0014641288433382138 -0.0009765625 -0.0014641288433382138 -0.0009765625 -0.0014641288433382138 -0.0009765625 -0.0014641288433382138
0  0.912109375 0.8140556368960469 0.01171875 0.02342606149341142 0.9123095703125 0.810918008784773 0.9172236328125 0.8127218155197659 0.914416015625 0.8163308931185944 0.9120087890625 0.8196368960468522 0.914515625 0.8205402635431918
0  0.90869140625 0.8660322108345534 0.0166015625 0.03074670571010249 0.90470703125 0.859809663250366 0.9102001953125 0.8664773060029283 0.90313671875 0.8676530014641288 0.9020908203125 0.8711830161054174 0.9044453125 0.8747130307467057
0  0.96142578125 0.1383601756954612 0.0087890625 0.013177159590043924 -0.0009765625 -0.0014641288433382138 -0.0009765625 -0.0014641288433382138 -0.0009765625 -0.0014641288433382138 -0.0009765625 -0.0014641288433382138 -0.0009765625 -0.0014641288433382138
0  0.9912109375 0.14275256222547583 0.005859375 0.013177159590043924 -0.0009765625 -0.0014641288433382138 -0.0009765625 -0.0014641288433382138 -0.0009765625 -0.0014641288433382138 -0.0009765625 -0.0014641288433382138 -0.0009765625 -0.0014641288433382138
0  0.5283203125 0.5219619326500732 0.00390625 0.010248901903367497 -0.0009765625 -0.0014641288433382138 -0.0009765625 -0.0014641288433382138 -0.0009765625 -0.0014641288433382138 -0.0009765625 -0.0014641288433382138 -0.0009765625 -0.0014641288433382138
0  0.521484375 0.6317715959004392 0.01171875 0.03367496339677892 -0.0009765625 -0.0014641288433382138 -0.0009765625 -0.0014641288433382138 -0.0009765625 -0.0014641288433382138 -0.0009765625 -0.0014641288433382138 -0.0009765625 -0.0014641288433382138
0  0.1884765625 0.13689604685212298 0.0078125 0.013177159590043924 -0.0009765625 -0.0014641288433382138 -0.0009765625 -0.0014641288433382138 -0.0009765625 -0.0014641288433382138 -0.0009765625 -0.0014641288433382138 -0.0009765625 -0.0014641288433382138
0  0.2578125 0.12664714494875548 0.0078125 0.01903367496339678 -0.0009765625 -0.0014641288433382138 -0.0009765625 -0.0014641288433382138 -0.0009765625 -0.0014641288433382138 -0.0009765625 -0.0014641288433382138 -0.0009765625 -0.0014641288433382138
0  0.607421875 0.14494875549048317 0.005859375 0.01171303074670571 -0.0009765625 -0.0014641288433382138 -0.0009765625 -0.0014641288433382138 -0.0009765625 -0.0014641288433382138 -0.0009765625 -0.0014641288433382138 -0.0009765625 -0.0014641288433382138
0  0.76611328125 0.5395314787701317 0.0048828125 0.010248901903367497 -0.0009765625 -0.0014641288433382138 -0.0009765625 -0.0014641288433382138 -0.0009765625 -0.0014641288433382138 -0.0009765625 -0.0014641288433382138 -0.0009765625 -0.0014641288433382138
0  0.7822265625 0.5600292825768668 0.00390625 0.010248901903367497 -0.0009765625 -0.0014641288433382138 -0.0009765625 -0.0014641288433382138 -0.0009765625 -0.0014641288433382138 -0.0009765625 -0.0014641288433382138 -0.0009765625 -0.0014641288433382138
0  0.810546875 0.6134699853587116 0.005859375 0.01171303074670571 -0.0009765625 -0.0014641288433382138 -0.0009765625 -0.0014641288433382138 -0.0009765625 -0.0014641288433382138 -0.0009765625 -0.0014641288433382138 -0.0009765625 -0.0014641288433382138
