0  0.232421875 0.2328767123287671 0.005859375 0.019925280199252802 -0.0009765625 -0.0012453300124533001 -0.0009765625 -0.0012453300124533001 -0.0009765625 -0.0012453300124533001 -0.0009765625 -0.0012453300124533001 -0.0009765625 -0.0012453300124533001
0  0.22900390625 0.22042341220423411 0.0126953125 0.019925280199252802 -0.0009765625 -0.0012453300124533001 -0.0009765625 -0.0012453300124533001 -0.0009765625 -0.0012453300124533001 -0.0009765625 -0.0012453300124533001 -0.0009765625 -0.0012453300124533001
0  0.27099609375 0.23910336239103364 0.0107421875 0.019925280199252802 -0.0009765625 -0.0012453300124533001 -0.0009765625 -0.0012453300124533001 -0.0009765625 -0.0012453300124533001 -0.0009765625 -0.0012453300124533001 -0.0009765625 -0.0012453300124533001
0  0.30322265625 0.2521793275217933 0.0107421875 0.021170610211706103 -0.0009765625 -0.0012453300124533001 -0.0009765625 -0.0012453300124533001 -0.0009765625 -0.0012453300124533001 -0.0009765625 -0.0012453300124533001 -0.0009765625 -0.0012453300124533001
0  0.29833984375 0.24221668742216687 0.0087890625 0.0161892901618929 -0.0009765625 -0.0012453300124533001 -0.0009765625 -0.0012453300124533001 -0.0009765625 -0.0012453300124533001 -0.0009765625 -0.0012453300124533001 -0.0009765625 -0.0012453300124533001
0  0.279296875 0.2191780821917808 0.0078125 0.014943960149439602 -0.0009765625 -0.0012453300124533001 -0.0009765625 -0.0012453300124533001 -0.0009765625 -0.0012453300124533001 -0.0009765625 -0.0012453300124533001 -0.0009765625 -0.0012453300124533001
0  0.36279296875 0.28144458281444584 0.0146484375 0.029887920298879204 0.3587470703125 0.27963262764632624 0.3660107421875 0.27963262764632624 0.3617119140625 0.2847359900373599 0.35963671875 0.28946201743462013 0.3646767578125 0.2892727272727273
0  0.38134765625 0.21855541718555418 0.0068359375 0.0186799501867995 -0.0009765625 -0.0012453300124533001 -0.0009765625 -0.0012453300124533001 -0.0009765625 -0.0012453300124533001 -0.0009765625 -0.0012453300124533001 -0.0009765625 -0.0012453300124533001
0  0.39990234375 0.19551681195516812 0.0205078125 0.04234122042341221 -0.0009765625 -0.0012453300124533001 -0.0009765625 -0.0012453300124533001 -0.0009765625 -0.0012453300124533001 -0.0009765625 -0.0012453300124533001 -0.0009765625 -0.0012453300124533001
0  0.08740234375 0.39663760896637607 0.0517578125 0.0759651307596513 0.0729287109375 0.3960149439601494 0.095423828125 0.39458032378580327 0.0826767578125 0.40748941469489414 0.075927734375 0.4160958904109589 0.0935498046875 0.4156176836861768
0  0.23876953125 0.4726027397260274 0.0908203125 0.16811955168119552 0.25743359375 0.4683549190535492 0.27325390625 0.4694171855541719 0.2715888671875 0.508706102117061 0.23828125 0.5225105853051059 0.250771484375 0.5278194271481943
0  0.576171875 0.2640099626400996 0.029296875 0.0448318804483188 0.5763505859375 0.2582839352428393 0.5872451171875 0.25743337484433376 0.5861337890625 0.2650884184308842 0.5774619140625 0.2738779576587796 0.586578125 0.2727434620174346
0  0.59814453125 0.3275217932752179 0.0361328125 0.06724782067247821 0.59295703125 0.32561519302615194 0.608734375 0.3196214196762142 0.6013486328125 0.3333200498132005 0.5966494140625 0.34744707347447074 0.611755859375 0.3427384806973848
0  0.64990234375 0.3318804483188045 0.0576171875 0.09339975093399751 0.634953125 0.321173100871731 0.6568779296875 0.32831133250311334 0.635419921875 0.3354495641344956 0.6279560546875 0.35448567870485675 0.6503466796875 0.36102864259028644
0  0.4326171875 0.27085927770859275 0.033203125 0.0410958904109589 0.4199521484375 0.2727658779576588 0.4323427734375 0.2686799501867995 0.424224609375 0.28393524283935245 0.4274296875 0.28911083437110835 0.4391787109375 0.28175591531755917
0  0.48291015625 0.2727272727272727 0.0224609375 0.034869240348692404 -0.0009765625 -0.0012453300124533001 -0.0009765625 -0.0012453300124533001 -0.0009765625 -0.0012453300124533001 -0.0009765625 -0.0012453300124533001 -0.0009765625 -0.0012453300124533001
0  0.404296875 0.261519302615193 0.013671875 0.017434620174346202 -0.0009765625 -0.0012453300124533001 -0.0009765625 -0.0012453300124533001 -0.0009765625 -0.0012453300124533001 -0.0009765625 -0.0012453300124533001 -0.0009765625 -0.0012453300124533001
0  0.78076171875 0.48692403486924035 0.0810546875 0.1095890410958904 0.7655595703125 0.4626737235367372 0.7971669921875 0.48491158156911585 0.7693740234375 0.4932503113325031 0.751390625 0.4974209215442092 0.775369140625 0.517574097135741
0  0.896484375 0.3642590286425903 0.056640625 0.0684931506849315 0.8967197265625 0.3576376089663761 0.9169833984375 0.3617907845579078 0.9061279296875 0.3747110834371108 0.8902060546875 0.3839402241594022 0.9075751953125 0.3871693648816936
0  0.7041015625 0.29265255292652553 0.01953125 0.037359900373599 -0.0009765625 -0.0012453300124533001 -0.0009765625 -0.0012453300124533001 -0.0009765625 -0.0012453300124533001 -0.0009765625 -0.0012453300124533001 -0.0009765625 -0.0012453300124533001
0  0.75927734375 0.3001245330012453 0.0283203125 0.0547945205479452 0.759818359375 0.29508717310087174 0.7714404296875 0.2933636363636364 0.7711708984375 0.3047384806973848 0.76062890625 0.3157683686176837 0.7690078125 0.31749190535491906
0  0.88232421875 0.27023661270236615 0.0185546875 0.034869240348692404 0.8853583984375 0.2620971357409714 0.8883232421875 0.2623200498132005 0.8891953125 0.26765753424657535 0.8858818359375 0.27544084682440845 0.8884970703125 0.27544084682440845
0  0.91064453125 0.29514321295143214 0.0263671875 0.0448318804483188 -0.0009765625 -0.0012453300124533001 -0.0009765625 -0.0012453300124533001 -0.0009765625 -0.0012453300124533001 -0.0009765625 -0.0012453300124533001 -0.0009765625 -0.0012453300124533001
