0  0.74609375 0.2119140625 0.013671875 0.012369791666666666 -0.0009765625 -0.0006510416666666666 -0.0009765625 -0.0006510416666666666 -0.0009765625 -0.0006510416666666666 -0.0009765625 -0.0006510416666666666 -0.0009765625 -0.0006510416666666666
0  0.8681640625 0.1474609375 0.009765625 0.008463541666666666 -0.0009765625 -0.0006510416666666666 -0.0009765625 -0.0006510416666666666 -0.0009765625 -0.0006510416666666666 -0.0009765625 -0.0006510416666666666 -0.0009765625 -0.0006510416666666666
0  0.74365234375 0.177734375 0.0107421875 0.0078125 -0.0009765625 -0.0006510416666666666 -0.0009765625 -0.0006510416666666666 -0.0009765625 -0.0006510416666666666 -0.0009765625 -0.0006510416666666666 -0.0009765625 -0.0006510416666666666
0  0.8173828125 0.1845703125 0.009765625 0.008463541666666666 -0.0009765625 -0.0006510416666666666 -0.0009765625 -0.0006510416666666666 -0.0009765625 -0.0006510416666666666 -0.0009765625 -0.0006510416666666666 -0.0009765625 -0.0006510416666666666
0  0.87255859375 0.1767578125 0.0087890625 0.008463541666666666 -0.0009765625 -0.0006510416666666666 -0.0009765625 -0.0006510416666666666 -0.0009765625 -0.0006510416666666666 -0.0009765625 -0.0006510416666666666 -0.0009765625 -0.0006510416666666666
0  0.576171875 0.20182291666666666 0.013671875 0.01171875 0.572849609375 0.200189453125 0.578291015625 0.20034049479166668 0.57545703125 0.20177669270833332 0.5740966796875 0.2036653645833333 0.5769306640625 0.20358984375
0  0.62060546875 0.2021484375 0.0107421875 0.009765625 -0.0009765625 -0.0006510416666666666 -0.0009765625 -0.0006510416666666666 -0.0009765625 -0.0006510416666666666 -0.0009765625 -0.0006510416666666666 -0.0009765625 -0.0006510416666666666
0  0.7021484375 0.2177734375 0.01171875 0.012369791666666666 -0.0009765625 -0.0006510416666666666 -0.0009765625 -0.0006510416666666666 -0.0009765625 -0.0006510416666666666 -0.0009765625 -0.0006510416666666666 -0.0009765625 -0.0006510416666666666
0  0.76513671875 0.22102864583333334 0.0107421875 0.012369791666666666 -0.0009765625 -0.0006510416666666666 -0.0009765625 -0.0006510416666666666 -0.0009765625 -0.0006510416666666666 -0.0009765625 -0.0006510416666666666 -0.0009765625 -0.0006510416666666666
0  0.8291015625 0.2578125 0.01953125 0.01953125 0.8244892578125 0.25511263020833336 0.8340498046875 0.25523763020833334 0.82880078125 0.25873697916666666 0.8256142578125 0.262486328125 0.8314248046875 0.26298567708333337
0  0.84130859375 0.2903645833333333 0.0205078125 0.020833333333333332 0.837009765625 0.28744075520833334 0.8462353515625 0.28717317708333334 0.8404189453125 0.29038216145833334 0.837009765625 0.29425911458333337 0.8456337890625 0.29412565104166666
0  0.568359375 0.23567708333333334 0.01953125 0.016927083333333332 -0.0009765625 -0.0006510416666666666 -0.0009765625 -0.0006510416666666666 -0.0009765625 -0.0006510416666666666 -0.0009765625 -0.0006510416666666666 -0.0009765625 -0.0006510416666666666
0  0.74609375 0.3004557291666667 0.021484375 0.018880208333333332 -0.0009765625 -0.0006510416666666666 -0.0009765625 -0.0006510416666666666 -0.0009765625 -0.0006510416666666666 -0.0009765625 -0.0006510416666666666 -0.0009765625 -0.0006510416666666666
0  0.3681640625 0.2701822916666667 0.01953125 0.018229166666666668 -0.0009765625 -0.0006510416666666666 -0.0009765625 -0.0006510416666666666 -0.0009765625 -0.0006510416666666666 -0.0009765625 -0.0006510416666666666 -0.0009765625 -0.0006510416666666666
0  0.5615234375 0.3440755208333333 0.041015625 0.029296875 0.5526650390625 0.33965755208333337 0.56884765625 0.3394720052083333 0.56103515625 0.3448658854166667 0.555455078125 0.35174869791666663 0.5682900390625 0.3515625
0  0.22900390625 0.3076171875 0.0791015625 0.060546875 0.2134658203125 0.2992350260416667 0.243390625 0.2988515625 0.22900390625 0.3084427083333333 0.219220703125 0.31880143229166663 0.2439658203125 0.3180338541666667
0  0.88671875 0.22298177083333334 0.01171875 0.013671875 -0.0009765625 -0.0006510416666666666 -0.0009765625 -0.0006510416666666666 -0.0009765625 -0.0006510416666666666 -0.0009765625 -0.0006510416666666666 -0.0009765625 -0.0006510416666666666
