0  0.15185546875 0.24328593996840442 0.0224609375 0.05055292259083728 0.1547021484375 0.23805371248025275 0.1584296875 0.23963981042654028 0.1594111328125 0.2513823064770932 0.1513671875 0.25677725118483413 0.1558798828125 0.25899842022116903
0  0.1181640625 0.18009478672985782 0.013671875 0.0315955766192733 -0.0009765625 -0.001579778830963665 -0.0009765625 -0.001579778830963665 -0.0009765625 -0.001579778830963665 -0.0009765625 -0.001579778830963665 -0.0009765625 -0.001579778830963665
0  0.26806640625 0.21958925750394945 0.0126953125 0.02843601895734597 -0.0009765625 -0.001579778830963665 -0.0009765625 -0.001579778830963665 -0.0009765625 -0.001579778830963665 -0.0009765625 -0.001579778830963665 -0.0009765625 -0.001579778830963665
0  0.29736328125 0.24407582938388625 0.0146484375 0.03317535545023697 0.2917919921875 0.24385781990521327 0.2953056640625 0.24407582938388625 0.2917919921875 0.24910426540284358 0.2911162109375 0.253477093206951 0.2938193359375 0.253695102685624
0  0.302734375 0.30647709320695105 0.015625 0.03475513428120063 0.29540625 0.3052496050552923 0.2994599609375 0.3056872037914692 0.2963515625 0.3113712480252765 0.297568359375 0.31705529225908374 0.299865234375 0.3166192733017377
0  0.34912109375 0.3175355450236967 0.0166015625 0.037914691943127965 -0.0009765625 -0.001579778830963665 -0.0009765625 -0.001579778830963665 -0.0009765625 -0.001579778830963665 -0.0009765625 -0.001579778830963665 -0.0009765625 -0.001579778830963665
0  0.35009765625 0.24723538704581358 0.0126953125 0.020537124802527645 -0.0009765625 -0.001579778830963665 -0.0009765625 -0.001579778830963665 -0.0009765625 -0.001579778830963665 -0.0009765625 -0.001579778830963665 -0.0009765625 -0.001579778830963665
0  0.3798828125 0.3459715639810427 0.021484375 0.037914691943127965 0.3724716796875 0.3385387045813586 0.3792900390625 0.3392575039494471 0.372916015625 0.34717061611374406 0.372916015625 0.35436334913112166 0.37676953125 0.35556240126382305
0  0.4052734375 0.3902053712480253 0.017578125 0.04107424960505529 0.4007607421875 0.3841958925750395 0.4009228515625 0.3841958925750395 0.3985029296875 0.39228593996840444 0.403826171875 0.39933175355450234 0.4036650390625 0.39959241706161136
0  0.4677734375 0.2930489731437599 0.01171875 0.030015797788309637 -0.0009765625 -0.001579778830963665 -0.0009765625 -0.001579778830963665 -0.0009765625 -0.001579778830963665 -0.0009765625 -0.001579778830963665 -0.0009765625 -0.001579778830963665
0  0.5107421875 0.31516587677725116 0.01171875 0.026856240126382307 0.505296875 0.3121690363349131 0.5105283203125 0.31146287519747234 0.5076943359375 0.3172812006319115 0.5049697265625 0.3236287519747235 0.5105283203125 0.3223949447077409
0  0.48388671875 0.344391785150079 0.0126953125 0.0315955766192733 -0.0009765625 -0.001579778830963665 -0.0009765625 -0.001579778830963665 -0.0009765625 -0.001579778830963665 -0.0009765625 -0.001579778830963665 -0.0009765625 -0.001579778830963665
0  0.4521484375 0.39731437598736175 0.021484375 0.04897314375987362 0.4441787109375 0.3878072669826224 0.4512763671875 0.3915308056872038 0.443794921875 0.3995987361769352 0.441876953125 0.40580568720379145 0.4476318359375 0.40921958925750396
0  0.5126953125 0.3783570300157978 0.01953125 0.03317535545023697 0.511814453125 0.37133333333333335 0.518876953125 0.37641074249605055 0.5148232421875 0.38064139020537124 0.50867578125 0.38677725118483414 0.5132529296875 0.39058609794628757
0  0.52685546875 0.3499210110584518 0.0146484375 0.026856240126382307 -0.0009765625 -0.001579778830963665 -0.0009765625 -0.001579778830963665 -0.0009765625 -0.001579778830963665 -0.0009765625 -0.001579778830963665 -0.0009765625 -0.001579778830963665
0  0.576171875 0.358609794628752 0.015625 0.0315955766192733 0.575177734375 0.3553649289099526 0.5814990234375 0.354957345971564 0.5792236328125 0.36129699842022117 0.576189453125 0.36702369668246443 0.5806142578125 0.36743285939968406
0  0.47802734375 0.46524486571879936 0.0205078125 0.045813586097946286 0.47216796875 0.4660347551342812 0.47216796875 0.4660347551342812 0.469787109375 0.4731437598736177 0.4749140625 0.4858799368088468 0.47509765625 0.4861769352290679
0  0.57568359375 0.4265402843601896 0.0244140625 0.03475513428120063 -0.0009765625 -0.001579778830963665 -0.0009765625 -0.001579778830963665 -0.0009765625 -0.001579778830963665 -0.0009765625 -0.001579778830963665 -0.0009765625 -0.001579778830963665
0  0.58203125 0.5181674565560821 0.03125 0.0631911532385466 0.5728544921875 0.5089352290679305 0.5793154296875 0.5181816745655609 0.5686298828125 0.5250157977883096 0.5698720703125 0.5386840442338073 0.5758359375 0.5410947867298578
0  0.62255859375 0.476303317535545 0.0224609375 0.026856240126382307 -0.0009765625 -0.001579778830963665 -0.0009765625 -0.001579778830963665 -0.0009765625 -0.001579778830963665 -0.0009765625 -0.001579778830963665 -0.0009765625 -0.001579778830963665
0  0.66845703125 0.39968404423380727 0.0166015625 0.037914691943127965 0.6668876953125 0.39896524486571877 0.67311328125 0.40040284360189576 0.6704453125 0.4061579778830964 0.66748046875 0.4104739336492891 0.671630859375 0.4116729857819905
0  0.72314453125 0.4541864139020537 0.0166015625 0.04265402843601896 0.7174072265625 0.4547361769352291 0.721828125 0.4569368088467614 0.716216796875 0.46216271721958924 0.7170673828125 0.4673886255924171 0.7206376953125 0.4684897314375987
0  0.85400390625 0.3451816745655608 0.0126953125 0.036334913112164295 0.8517373046875 0.3457314375987362 0.854849609375 0.34741074249605053 0.85055078125 0.3541248025276461 0.8538125 0.3567614533965245 0.85603515625 0.35772195892575037
0  0.82861328125 0.49842022116903634 0.0224609375 0.03949447077409163 0.8234169921875 0.4892511848341233 0.830322265625 0.492044233807267 0.8229453125 0.49686887835703 0.8216904296875 0.5037235387045814 0.8260849609375 0.5062622432859399
0  0.6796875 0.641390205371248 0.033203125 0.06635071090047394 -0.0009765625 -0.001579778830963665 -0.0009765625 -0.001579778830963665 -0.0009765625 -0.001579778830963665 -0.0009765625 -0.001579778830963665 -0.0009765625 -0.001579778830963665
0  0.89404296875 0.556872037914692 0.0224609375 0.045813586097946286 0.886291015625 0.5507503949447078 0.895263671875 0.552824644549763 0.8853759765625 0.5596366508688784 0.8844609375 0.5679304897314376 0.890869140625 0.5711879936808847
0  0.93212890625 0.5916271721958926 0.0166015625 0.04897314375987362 -0.0009765625 -0.001579778830963665 -0.0009765625 -0.001579778830963665 -0.0009765625 -0.001579778830963665 -0.0009765625 -0.001579778830963665 -0.0009765625 -0.001579778830963665
0  0.29296875 0.48104265402843605 0.025390625 0.05845181674565561 -0.0009765625 -0.001579778830963665 -0.0009765625 -0.001579778830963665 -0.0009765625 -0.001579778830963665 -0.0009765625 -0.001579778830963665 -0.0009765625 -0.001579778830963665
0  0.31884765625 0.2725118483412322 0.0166015625 0.020537124802527645 -0.0009765625 -0.001579778830963665 -0.0009765625 -0.001579778830963665 -0.0009765625 -0.001579778830963665 -0.0009765625 -0.001579778830963665 -0.0009765625 -0.001579778830963665
0  0.35595703125 0.2598736176935229 0.0126953125 0.023696682464454975 -0.0009765625 -0.001579778830963665 -0.0009765625 -0.001579778830963665 -0.0009765625 -0.001579778830963665 -0.0009765625 -0.001579778830963665 -0.0009765625 -0.001579778830963665
