0  0.029296875 0.3798076923076923 0.01953125 0.022435897435897436 0.025390625 0.37606837606837606 0.0341796875 0.375 0.0302734375 0.37927350427350426 0.0283203125 0.38675213675213677 0.0341796875 0.3856837606837607
0  0.0615234375 0.3685897435897436 0.01953125 0.02564102564102564 0.0587685546875 0.3621036324786325 0.0670693359375 0.36145405982905987 0.06366015625 0.367292735042735 0.0603984375 0.3731303418803419 0.0661796875 0.373292735042735
0  0.08984375 0.3680555555555556 0.01953125 0.026709401709401708 0.0872626953125 0.3632905982905983 0.0974248046875 0.36399679487179487 0.0927470703125 0.3680555555555556 0.0888759765625 0.3745854700854701 0.0958125 0.3745854700854701
0  0.11376953125 0.3782051282051282 0.0224609375 0.03205128205128205 0.11226953125 0.3733643162393162 0.1214560546875 0.3727489316239316 0.1180810546875 0.3786965811965812 0.11339453125 0.38608012820512816 0.1210810546875 0.3850544871794872
0  0.140625 0.3701923076923077 0.0234375 0.035256410256410256 0.1367314453125 0.3632959401709402 0.1469765625 0.36239850427350423 0.14472265625 0.37114102564102563 0.138166015625 0.37809081196581196 0.1482060546875 0.3767457264957265
0  0.16162109375 0.36378205128205127 0.0263671875 0.030982905982905984 0.1590576171875 0.3580395299145299 0.169494140625 0.3578397435897436 0.1656494140625 0.36364850427350426 0.159423828125 0.3696581196581197 0.17059375 0.3700587606837607
0  0.2412109375 0.37767094017094016 0.029296875 0.03739316239316239 0.240669921875 0.37212820512820516 0.25244140625 0.37188995726495727 0.2489541015625 0.37952136752136756 0.241759765625 0.3864369658119658 0.2504794921875 0.386676282051282
0  0.29443359375 0.38675213675213677 0.0283203125 0.03418803418803419 0.2916259765625 0.3828311965811966 0.301853515625 0.3817350427350427 0.2984443359375 0.3878782051282051 0.2940322265625 0.39489850427350426 0.302455078125 0.39380128205128206
0  0.3583984375 0.3386752136752137 0.033203125 0.05128205128205128 0.355939453125 0.3328376068376068 0.3704658203125 0.3318643162393162 0.3663154296875 0.34224252136752137 0.3594970703125 0.3497019230769231 0.3686875 0.3497019230769231
0  0.48583984375 0.3803418803418803 0.0380859375 0.05128205128205128 0.480189453125 0.37181837606837603 0.4977158203125 0.3689423076923077 0.49275 0.378849358974359 0.4872001953125 0.3909925213675214 0.496546875 0.3903536324786325
0  0.61376953125 0.33386752136752135 0.0400390625 0.056623931623931624 0.6123046875 0.32905982905982906 0.62890625 0.327991452991453 0.625 0.33653846153846156 0.615234375 0.3472222222222222 0.6298828125 0.3482905982905983
0  0.69970703125 0.297008547008547 0.0478515625 0.07478632478632478 0.69921875 0.29222435897435894 0.71777734375 0.2903354700854701 0.7160517578125 0.3030854700854701 0.704830078125 0.31725000000000003 0.7160517578125 0.31630555555555556
0  0.86181640625 0.3659188034188034 0.0458984375 0.0673076923076923 0.8598759765625 0.3576346153846154 0.878888671875 0.3576346153846154 0.876560546875 0.3695202991452991 0.86181640625 0.3818301282051282 0.87694921875 0.3818301282051282
0  0.00634765625 0.4049145299145299 0.0107421875 0.019230769230769232 -0.0009765625 -0.0010683760683760685 -0.0009765625 -0.0010683760683760685 -0.0009765625 -0.0010683760683760685 -0.0009765625 -0.0010683760683760685 -0.0009765625 -0.0010683760683760685
0  0.0439453125 0.3856837606837607 0.013671875 0.019230769230769232 -0.0009765625 -0.0010683760683760685 -0.0009765625 -0.0010683760683760685 -0.0009765625 -0.0010683760683760685 -0.0009765625 -0.0010683760683760685 -0.0009765625 -0.0010683760683760685
