0  0.22265625 0.3893229166666667 0.01953125 0.052083333333333336 0.22987109375 0.37475520833333337 0.2321083984375 0.37409374999999995 0.2355869140625 0.39032812499999997 0.2278837890625 0.40325000000000005 0.22987109375 0.40258854166666663
0  0.23876953125 0.3782552083333333 0.0205078125 0.02734375 -0.0009765625 -0.0013020833333333333 -0.0009765625 -0.0013020833333333333 -0.0009765625 -0.0013020833333333333 -0.0009765625 -0.0013020833333333333 -0.0009765625 -0.0013020833333333333
0  0.28076171875 0.3997395833333333 0.0146484375 0.028645833333333332 -0.0009765625 -0.0013020833333333333 -0.0009765625 -0.0013020833333333333 -0.0009765625 -0.0013020833333333333 -0.0009765625 -0.0013020833333333333 -0.0009765625 -0.0013020833333333333
0  0.30908203125 0.388671875 0.0146484375 0.03515625 -0.0009765625 -0.0013020833333333333 -0.0009765625 -0.0013020833333333333 -0.0009765625 -0.0013020833333333333 -0.0009765625 -0.0013020833333333333 -0.0009765625 -0.0013020833333333333
0  0.31787109375 0.38671875 0.0205078125 0.0390625 -0.0009765625 -0.0013020833333333333 -0.0009765625 -0.0013020833333333333 -0.0009765625 -0.0013020833333333333 -0.0009765625 -0.0013020833333333333 -0.0009765625 -0.0013020833333333333
0  0.3916015625 0.400390625 0.01953125 0.040364583333333336 0.3863173828125 0.39104296875000005 0.3895791015625 0.39308984374999995 0.38382421875 0.4012747395833333 0.3868935546875 0.4117604166666667 0.3868935546875 0.4117604166666667
0  0.43408203125 0.3860677083333333 0.0205078125 0.040364583333333336 -0.0009765625 -0.0013020833333333333 -0.0009765625 -0.0013020833333333333 -0.0009765625 -0.0013020833333333333 -0.0009765625 -0.0013020833333333333 -0.0009765625 -0.0013020833333333333
0  0.59765625 0.3580729166666667 0.013671875 0.020833333333333332 -0.0009765625 -0.0013020833333333333 -0.0009765625 -0.0013020833333333333 -0.0009765625 -0.0013020833333333333 -0.0009765625 -0.0013020833333333333 -0.0009765625 -0.0013020833333333333
0  0.6552734375 0.3841145833333333 0.02734375 0.049479166666666664 0.6462099609375 0.371140625 0.653373046875 0.37083203124999997 0.642744140625 0.3843880208333333 0.6485205078125 0.3939388020833334 0.654296875 0.39332161458333337
0  0.720703125 0.3600260416666667 0.029296875 0.053385416666666664 0.7101005859375 0.3469010416666667 0.7151572265625 0.34723828124999995 0.7068134765625 0.3610611979166667 0.7111123046875 0.3688151041666667 0.7156630859375 0.3694895833333333
0  0.83740234375 0.3509114583333333 0.0361328125 0.07421875 0.8234951171875 0.34631380208333334 0.8302041015625 0.3458424479166667 0.822435546875 0.35667187499999997 0.8291455078125 0.3717395833333333 0.8333828125 0.36985546874999997
0  0.8916015625 0.3704427083333333 0.0234375 0.06380208333333333 0.88787890625 0.3658046875 0.8948974609375 0.36743229166666663 0.882384765625 0.3763828125 0.88818359375 0.38696354166666663 0.892150390625 0.3873697916666667
