0  0.1982421875 0.34366754617414247 0.037109375 0.06992084432717678 0.1851630859375 0.33439182058047495 0.19922265625 0.33571635883905016 0.187779296875 0.34720184696569917 0.184509765625 0.35780211081794194 0.1946455078125 0.35824406332453823
0  0.29638671875 0.39643799472295516 0.0302734375 0.051451187335092345 0.28462890625 0.3905831134564644 0.2944599609375 0.38961213720316623 0.28774609375 0.39965435356200524 0.284388671875 0.4096952506596306 0.2932607421875 0.4090474934036939
0  0.35693359375 0.39050131926121373 0.0263671875 0.047493403693931395 -0.0009765625 -0.0013192612137203166 -0.0009765625 -0.0013192612137203166 -0.0009765625 -0.0013192612137203166 -0.0009765625 -0.0013192612137203166 -0.0009765625 -0.0013192612137203166
0  0.44287109375 0.37730870712401055 0.0400390625 0.06068601583113457 -0.0009765625 -0.0013192612137203166 -0.0009765625 -0.0013192612137203166 -0.0009765625 -0.0013192612137203166 -0.0009765625 -0.0013192612137203166 -0.0009765625 -0.0013192612137203166
0  0.51708984375 0.4254617414248021 0.0244140625 0.040897097625329816 -0.0009765625 -0.0013192612137203166 -0.0009765625 -0.0013192612137203166 -0.0009765625 -0.0013192612137203166 -0.0009765625 -0.0013192612137203166 -0.0009765625 -0.0013192612137203166
0  0.5478515625 0.43733509234828494 0.017578125 0.032981530343007916 0.5426376953125 0.4358271767810027 0.5501708984375 0.43497889182058047 0.546404296875 0.4400672823218998 0.544677734375 0.44621635883905014 0.5484443359375 0.4460039577836412
0  0.57373046875 0.45118733509234826 0.0185546875 0.029023746701846966 -0.0009765625 -0.0013192612137203166 -0.0009765625 -0.0013192612137203166 -0.0009765625 -0.0013192612137203166 -0.0009765625 -0.0013192612137203166 -0.0009765625 -0.0013192612137203166
0  0.60595703125 0.4412928759894459 0.0244140625 0.03825857519788918 0.601990234375 0.4366754617414248 0.61114453125 0.4364274406332454 0.60675 0.44310686015831136 0.60400390625 0.4525065963060686 0.6109619140625 0.4522585751978892
0  0.6474609375 0.4465699208443272 0.021484375 0.032981530343007916 0.643158203125 0.4433957783641161 0.652771484375 0.44298284960422163 0.648345703125 0.44937335092348285 0.6440732421875 0.45576385224274407 0.653228515625 0.45555672823219
0  0.69775390625 0.44854881266490765 0.0185546875 0.0316622691292876 0.691314453125 0.44727044854881265 0.70001171875 0.4470646437994723 0.69482421875 0.45036279683377306 0.6923828125 0.4559287598944591 0.6990966796875 0.4561345646437995
0  0.7578125 0.4788918205804749 0.017578125 0.029023746701846966 0.75240625 0.47622427440633247 0.761326171875 0.4765883905013193 0.7560556640625 0.4835263852242744 0.7541630859375 0.4893693931398417 0.7575419921875 0.4897348284960422
0  0.79541015625 0.49340369393139843 0.0166015625 0.026385224274406333 -0.0009765625 -0.0013192612137203166 -0.0009765625 -0.0013192612137203166 -0.0009765625 -0.0013192612137203166 -0.0009765625 -0.0013192612137203166 -0.0009765625 -0.0013192612137203166
0  0.82470703125 0.5052770448548812 0.0146484375 0.023746701846965697 -0.0009765625 -0.0013192612137203166 -0.0009765625 -0.0013192612137203166 -0.0009765625 -0.0013192612137203166 -0.0009765625 -0.0013192612137203166 -0.0009765625 -0.0013192612137203166
0  0.86474609375 0.5112137203166227 0.0107421875 0.01978891820580475 -0.0009765625 -0.0013192612137203166 -0.0009765625 -0.0013192612137203166 -0.0009765625 -0.0013192612137203166 -0.0009765625 -0.0013192612137203166 -0.0009765625 -0.0013192612137203166
0  0.8896484375 0.5105540897097626 0.009765625 0.021108179419525065 0.88502734375 0.5034036939313984 0.891453125 0.5037928759894459 0.88848046875 0.508197889182058 0.8848349609375 0.5106596306068601 0.8910693359375 0.5100118733509235
0  0.9365234375 0.5 0.017578125 0.029023746701846966 0.9318974609375 0.4984274406332454 0.9387900390625 0.4987928759894459 0.9352763671875 0.5022612137203166 0.932708984375 0.5064604221635883 0.9378447265625 0.5073733509234829
0  0.81103515625 0.5019788918205804 0.0107421875 0.01978891820580475 -0.0009765625 -0.0013192612137203166 -0.0009765625 -0.0013192612137203166 -0.0009765625 -0.0013192612137203166 -0.0009765625 -0.0013192612137203166 -0.0009765625 -0.0013192612137203166
0  0.84814453125 0.5138522427440633 0.0107421875 0.022427440633245383 -0.0009765625 -0.0013192612137203166 -0.0009765625 -0.0013192612137203166 -0.0009765625 -0.0013192612137203166 -0.0009765625 -0.0013192612137203166 -0.0009765625 -0.0013192612137203166
0  0.83642578125 0.512532981530343 0.0087890625 0.01978891820580475 -0.0009765625 -0.0013192612137203166 -0.0009765625 -0.0013192612137203166 -0.0009765625 -0.0013192612137203166 -0.0009765625 -0.0013192612137203166 -0.0009765625 -0.0013192612137203166
0  0.53759765625 0.43601583113456466 0.0107421875 0.022427440633245383 -0.0009765625 -0.0013192612137203166 -0.0009765625 -0.0013192612137203166 -0.0009765625 -0.0013192612137203166 -0.0009765625 -0.0013192612137203166 -0.0009765625 -0.0013192612137203166
0  0.73095703125 0.4788918205804749 0.0107421875 0.0158311345646438 -0.0009765625 -0.0013192612137203166 -0.0009765625 -0.0013192612137203166 -0.0009765625 -0.0013192612137203166 -0.0009765625 -0.0013192612137203166 -0.0009765625 -0.0013192612137203166
0  0.880859375 0.5151715039577837 0.009765625 0.017150395778364115 -0.0009765625 -0.0013192612137203166 -0.0009765625 -0.0013192612137203166 -0.0009765625 -0.0013192612137203166 -0.0009765625 -0.0013192612137203166 -0.0009765625 -0.0013192612137203166
0  0.77490234375 0.4920844327176781 0.0087890625 0.0158311345646438 -0.0009765625 -0.0013192612137203166 -0.0009765625 -0.0013192612137203166 -0.0009765625 -0.0013192612137203166 -0.0009765625 -0.0013192612137203166 -0.0009765625 -0.0013192612137203166
