0  0.232421875 0.24334600760456274 0.09375 0.16223067173637515 0.2193076171875 0.2304233206590621 0.2603408203125 0.24885678073510775 0.23745703125 0.262171102661597 0.2098388671875 0.277532319391635 0.2437705078125 0.29289480354879593
0  0.0400390625 0.23574144486692014 0.080078125 0.11153358681875793 0.0282333984375 0.21318250950570342 0.0669248046875 0.22591381495564006 0.044037109375 0.24359442332065906 0.0298681640625 0.25349683143219265 0.05003125 0.25915462610899875
0  0.0751953125 0.5868187579214195 0.083984375 0.16476552598225602 0.0874716796875 0.5468377693282636 0.1106083984375 0.560299112801014 0.1137998046875 0.5903269961977186 0.071515625 0.6058580481622307 0.096248046875 0.6327794676806083
0  0.1806640625 0.7820025348542459 0.099609375 0.1394169835234474 0.1639580078125 0.75593536121673 0.208556640625 0.7568124207858048 0.1923388671875 0.7778605830164765 0.1727421875 0.8146958174904942 0.2024755859375 0.8146958174904942
0  0.2763671875 0.6134347275031685 0.076171875 0.14702154626108999 0.262376953125 0.5712978453738911 0.3050146484375 0.5906666666666667 0.285828125 0.5980443599493029 0.253849609375 0.6303244613434728 0.285828125 0.6441584283903675
0  0.2568359375 0.949936628643853 0.091796875 0.10012674271229405 0.2215576171875 0.9624917617237008 0.2627255859375 0.9692648922686945 0.227935546875 0.997108998732573 0.2203984375 0.9986134347275031 0.2546083984375 0.9986134347275031
0  0.3935546875 0.8314321926489227 0.091796875 0.13688212927756654 0.3817265625 0.7996337135614702 0.42375 0.7944385297845374 0.413744140625 0.8273358681875792 0.3937333984375 0.8671584283903675 0.4217490234375 0.8636945500633714
0  0.4677734375 0.688212927756654 0.072265625 0.12927756653992395 0.4473349609375 0.6608783269961978 0.483494140625 0.6624968314321927 0.47040234375 0.6948618504435995 0.4529462890625 0.7183257287705958 0.4822470703125 0.7191343472750318
0  0.6142578125 0.6590621039290241 0.087890625 0.14195183776932827 0.6015625 0.6375158428390367 0.6435546875 0.6476552598225602 0.62890625 0.6590621039290241 0.5986328125 0.6869455006337135 0.638671875 0.6920152091254753
0  0.685546875 0.8542458808618505 0.09375 0.14195183776932827 0.6857431640625 0.827850443599493 0.720650390625 0.8269619771863117 0.7117529296875 0.8518352344740177 0.6905341796875 0.8847034220532318 0.7192822265625 0.8767084917617236
0  0.9130859375 0.7110266159695817 0.072265625 0.12927756653992395 0.8988818359375 0.6966375158428391 0.93878125 0.7039201520912548 0.9169619140625 0.7257655259822561 0.89389453125 0.7524664131812421 0.93130078125 0.756512040557668
