0  0.185546875 0.20833333333333334 0.05859375 0.11842105263157894 0.1924482421875 0.19654678362573097 0.2047646484375 0.19433333333333333 0.213138671875 0.21055847953216372 0.1978671875 0.23932163742690057 0.203779296875 0.23932163742690057
0  0.2392578125 0.1388888888888889 0.060546875 0.11403508771929824 0.24883203125 0.12091374269005847 0.262259765625 0.11876023391812865 0.264177734375 0.13886257309941522 0.251708984375 0.16040058479532163 0.2593818359375 0.16255555555555556
0  0.26806640625 0.06286549707602339 0.0556640625 0.11403508771929824 0.2620234375 0.05180994152046784 0.2855224609375 0.049251461988304095 0.2838134765625 0.07291666666666667 0.26416015625 0.09146491228070175 0.2868046875 0.089546783625731
0  0.35009765625 0.21710526315789475 0.0556640625 0.10380116959064327 0.3304267578125 0.20723684210526316 0.35396875 0.20854239766081872 0.3382744140625 0.2268172514619883 0.3339150390625 0.24182894736842106 0.3530966796875 0.24117543859649124
0  0.4248046875 0.17982456140350878 0.0546875 0.10818713450292397 0.4256767578125 0.17021783625730993 0.4456259765625 0.1675014619883041 0.4379189453125 0.18922368421052632 0.4252236328125 0.20619298245614034 0.433384765625 0.20687134502923976
0  0.47705078125 0.07017543859649122 0.0576171875 0.1286549707602339 0.4679306640625 0.06317836257309942 0.4938271484375 0.06533333333333334 0.4823173828125 0.09046052631578948 0.471287109375 0.10194736842105263 0.4914287109375 0.10194736842105263
0  0.57080078125 0.2997076023391813 0.0595703125 0.09064327485380116 0.55228125 0.302266081871345 0.5745322265625 0.302266081871345 0.5653251953125 0.3263888888888889 0.56839453125 0.33098391812865496 0.5795205078125 0.32983479532163745
0  0.7763671875 0.19078947368421054 0.052734375 0.11257309941520467 0.7635234375 0.17225292397660819 0.768275390625 0.1715423976608187 0.7516435546875 0.19359649122807016 0.7635234375 0.21422660818713452 0.766849609375 0.21351608187134502
0  0.798828125 0.4963450292397661 0.0625 0.1301169590643275 0.802154296875 0.469422514619883 0.82286328125 0.46371198830409355 0.8261328125 0.4938976608187135 0.8086943359375 0.5232675438596491 0.822318359375 0.5183728070175438
0  0.005859375 0.28728070175438597 0.01171875 0.0804093567251462 -0.002537109375 0.273312865497076 0.004603515625 0.273312865497076 -0.0004970703125 0.2952046783625731 -0.001517578125 0.31149415204678366 0.0029033203125 0.31149415204678366
