0  0.9482421875 0.19071428571428573 0.025390625 0.055714285714285716 -0.0009765625 -0.0014285714285714286 -0.0009765625 -0.0014285714285714286 -0.0009765625 -0.0014285714285714286 -0.0009765625 -0.0014285714285714286 -0.0009765625 -0.0014285714285714286
0  0.814453125 0.185 0.033203125 0.06714285714285714 0.8073427734375 0.17218142857142857 0.81084765625 0.17218142857142857 0.797119140625 0.18158142857142856 0.8041298828125 0.2016642857142857 0.8058818359375 0.2016642857142857
0  0.72216796875 0.15642857142857142 0.0244140625 0.05 0.7188984375 0.14742285714285713 0.72892578125 0.15061285714285716 0.7232578125 0.16017857142857142 0.71780859375 0.16783142857142858 0.72652734375 0.17070142857142856
0  0.900390625 0.23214285714285715 0.017578125 0.03571428571428571 0.8997275390625 0.22523 0.906947265625 0.22568857142857143 0.905220703125 0.2332657142857143 0.90035546875 0.2394642857142857 0.906005859375 0.24061285714285716
0  0.5458984375 0.18785714285714286 0.02734375 0.06428571428571428 0.5400390625 0.17142857142857143 0.5419921875 0.17142857142857143 0.533203125 0.18142857142857144 0.53515625 0.2 0.537109375 0.2
0  0.447265625 0.17714285714285713 0.03125 0.05142857142857143 0.4425966796875 0.16732142857142857 0.457271484375 0.16764714285714286 0.4519345703125 0.17968142857142858 0.4448203125 0.1910657142857143 0.453935546875 0.19204142857142859
0  0.4091796875 0.21785714285714286 0.0390625 0.07571428571428572 0.399208984375 0.19873142857142856 0.419154296875 0.19873142857142856 0.4090185546875 0.2121242857142857 0.4018251953125 0.23460428571428574 0.4162119140625 0.23364857142857143
0  0.48046875 0.3057142857142857 0.029296875 0.04857142857142857 0.47314453125 0.29656285714285713 0.48809765625 0.29843714285714285 0.48062109375 0.3103128571428571 0.4750673828125 0.32 0.4836123046875 0.32156285714285715
0  0.2138671875 0.17857142857142858 0.03125 0.054285714285714284 0.21961328125 0.17051714285714284 0.2260869140625 0.16771 0.227765625 0.18033857142857143 0.22153125 0.19542142857142855 0.2272861328125 0.19472
0  0.15869140625 0.23214285714285715 0.0302734375 0.06142857142857143 0.15625 0.22142857142857142 0.169921875 0.22 0.1650390625 0.23142857142857143 0.158203125 0.24714285714285714 0.1689453125 0.24857142857142858
0  0.1416015625 0.11928571428571429 0.02734375 0.06428571428571428 0.148529296875 0.10741142857142857 0.150451171875 0.10901714285714285 0.1545712890625 0.12629428571428572 0.144958984375 0.13473142857142856 0.14633203125 0.13593714285714287
0  0.18115234375 0.23714285714285716 0.0263671875 0.054285714285714284 0.173 0.23222 0.18738671875 0.23151714285714287 0.178994140625 0.2423914285714286 0.1756376953125 0.2564228571428572 0.1849892578125 0.25537
0  0.3046875 0.23357142857142857 0.03515625 0.055714285714285716 0.2939453125 0.22 0.298828125 0.22 0.2880859375 0.2357142857142857 0.296875 0.24571428571428572 0.302734375 0.24571428571428572
0  0.05029296875 0.13071428571428573 0.0302734375 0.05285714285714286 0.0458984375 0.11714285714285715 0.05859375 0.11714285714285715 0.0546875 0.13 0.0498046875 0.14142857142857143 0.05859375 0.14
0  0.2353515625 0.15071428571428572 0.021484375 0.05 -0.0009765625 -0.0014285714285714286 -0.0009765625 -0.0014285714285714286 -0.0009765625 -0.0014285714285714286 -0.0009765625 -0.0014285714285714286 -0.0009765625 -0.0014285714285714286
0  0.67626953125 0.2835714285714286 0.0185546875 0.041428571428571426 -0.0009765625 -0.0014285714285714286 -0.0009765625 -0.0014285714285714286 -0.0009765625 -0.0014285714285714286 -0.0009765625 -0.0014285714285714286 -0.0009765625 -0.0014285714285714286
