0  0.86328125 0.13344887348353554 0.029296875 0.045060658578856154 0.854544921875 0.12193587521663778 0.8674794921875 0.12226863084922011 0.86035546875 0.1349116117850953 0.8558564453125 0.1442270363951473 0.8686044921875 0.1452253032928943
0  0.5361328125 0.10051993067590988 0.009765625 0.02079722703639515 -0.0009765625 -0.0017331022530329288 -0.0009765625 -0.0017331022530329288 -0.0009765625 -0.0017331022530329288 -0.0009765625 -0.0017331022530329288 -0.0009765625 -0.0017331022530329288
0  0.42431640625 0.34055459272097055 0.0498046875 0.09532062391681109 0.4058056640625 0.31494454072790296 0.4248486328125 0.31615251299826685 0.4068251953125 0.3270155979202773 0.405125 0.3602062391681109 0.420087890625 0.36141421143847485
0  0.8017578125 0.1360485268630849 0.01171875 0.022530329289428077 -0.0009765625 -0.0017331022530329288 -0.0009765625 -0.0017331022530329288 -0.0009765625 -0.0017331022530329288 -0.0009765625 -0.0017331022530329288 -0.0009765625 -0.0017331022530329288
0  0.73486328125 0.060658578856152515 0.0107421875 0.01733102253032929 -0.0009765625 -0.0017331022530329288 -0.0009765625 -0.0017331022530329288 -0.0009765625 -0.0017331022530329288 -0.0009765625 -0.0017331022530329288 -0.0009765625 -0.0017331022530329288
0  0.72802734375 0.09098786828422877 0.0107421875 0.019064124783362217 -0.0009765625 -0.0017331022530329288 -0.0009765625 -0.0017331022530329288 -0.0009765625 -0.0017331022530329288 -0.0009765625 -0.0017331022530329288 -0.0009765625 -0.0017331022530329288
0  0.86279296875 0.07538994800693241 0.0126953125 0.019064124783362217 -0.0009765625 -0.0017331022530329288 -0.0009765625 -0.0017331022530329288 -0.0009765625 -0.0017331022530329288 -0.0009765625 -0.0017331022530329288 -0.0009765625 -0.0017331022530329288
0  0.66064453125 0.14731369150779897 0.0107421875 0.01733102253032929 -0.0009765625 -0.0017331022530329288 -0.0009765625 -0.0017331022530329288 -0.0009765625 -0.0017331022530329288 -0.0009765625 -0.0017331022530329288 -0.0009765625 -0.0017331022530329288
0  0.6201171875 0.22530329289428075 0.013671875 0.024263431542461005 0.6156962890625 0.2213882149046794 0.621546875 0.22070710571923743 0.6182861328125 0.22513344887348352 0.615888671875 0.2280259965337955 0.620587890625 0.2278561525129983
0  0.55322265625 0.22530329289428075 0.0087890625 0.02079722703639515 -0.0009765625 -0.0017331022530329288 -0.0009765625 -0.0017331022530329288 -0.0009765625 -0.0017331022530329288 -0.0009765625 -0.0017331022530329288 -0.0009765625 -0.0017331022530329288
