0  0.54736328125 0.4314456035767511 0.0458984375 0.10283159463487332 0.530212890625 0.4287451564828614 0.547302734375 0.4215722801788376 0.534912109375 0.4417853949329359 0.534484375 0.4606929955290611 0.549865234375 0.4561281669150522
0  0.677734375 0.5573770491803278 0.033203125 0.06557377049180328 0.667515625 0.5575365126676602 0.676705078125 0.5509374068554396 0.671029296875 0.5703248882265276 0.6775166015625 0.5773368107302533 0.682921875 0.5711490312965722
0  0.87841796875 0.6281669150521609 0.1025390625 0.22503725782414308 0.839111328125 0.6090849478390462 0.8474296875 0.6119061102831594 0.8409599609375 0.6556318926974665 0.86129296875 0.6781982116244412 0.8622177734375 0.6753785394932935
0  0.251953125 0.7175856929955291 0.01953125 0.046199701937406856 -0.0009765625 -0.0014903129657228018 -0.0009765625 -0.0014903129657228018 -0.0009765625 -0.0014903129657228018 -0.0009765625 -0.0014903129657228018 -0.0009765625 -0.0014903129657228018
0  0.40478515625 0.698956780923994 0.0185546875 0.041728763040238454 0.398193359375 0.6981579731743666 0.400634765625 0.697892697466468 0.3950546875 0.705344262295082 0.398890625 0.7143919523099851 0.400634765625 0.7143919523099851
0  0.08154296875 0.7250372578241431 0.0166015625 0.028315946348733235 0.0751953125 0.7242921013412816 0.0830078125 0.7213114754098361 0.080078125 0.7287630402384501 0.078125 0.7347242921013413 0.0810546875 0.7332339791356185
0  0.02685546875 0.7347242921013413 0.0107421875 0.020864381520119227 0.025390625 0.7332339791356185 0.0302734375 0.7332339791356185 0.029296875 0.7391952309985097 0.0263671875 0.7421758569299552 0.029296875 0.7436661698956781
0  0.2001953125 0.6810730253353204 0.0078125 0.01788375558867362 0.197265625 0.6795827123695977 0.2001953125 0.6780923994038748 0.1982421875 0.684053651266766 0.1982421875 0.6870342771982116 0.19921875 0.6870342771982116
0  0.67138671875 0.6453055141579732 0.0146484375 0.02384500745156483 0.6724677734375 0.6419523099850969 0.678013671875 0.6406751117734724 0.676234375 0.6489776453055142 0.6739326171875 0.6537690014903129 0.67728125 0.6529701937406855
0  0.1748046875 0.684053651266766 0.0078125 0.014903129657228018 0.1767578125 0.6825633383010432 0.1787109375 0.684053651266766 0.177734375 0.6870342771982116 0.1767578125 0.6900149031296572 0.1787109375 0.6900149031296572
0  0.09814453125 0.6639344262295082 0.0498046875 0.09090909090909091 0.0841591796875 0.6614724292101342 0.0841591796875 0.6614724292101342 0.07928515625 0.686076005961252 0.0946572265625 0.694086438152012 0.0946572265625 0.694086438152012
