0  0.94482421875 0.1234887737478411 0.0439453125 0.10189982728842832 -0.0009765625 -0.0017271157167530224 -0.0009765625 -0.0017271157167530224 -0.0009765625 -0.0017271157167530224 -0.0009765625 -0.0017271157167530224 -0.0009765625 -0.0017271157167530224
0  0.8837890625 0.12435233160621761 0.04296875 0.09671848013816926 0.8762685546875 0.11678929188255613 0.89693359375 0.1155699481865285 0.887978515625 0.13749913644214162 0.8783349609375 0.15272711571675301 0.893833984375 0.1533350604490501
0  0.802734375 0.10621761658031088 0.046875 0.0846286701208981 0.790466796875 0.09078065630397236 0.7974853515625 0.09078065630397236 0.7938232421875 0.10859240069084629 0.790771484375 0.1226252158894646 0.798400390625 0.1226252158894646
0  0.955078125 0.5354058721934369 0.072265625 0.1381692573402418 0.939732421875 0.5072780656303972 0.972037109375 0.5134317789291882 0.9521572265625 0.5406804835924006 0.9402294921875 0.5652918825561312 0.9616005859375 0.5688065630397237
0  0.84716796875 0.34110535405872194 0.0576171875 0.12953367875647667 0.8355888671875 0.3181744386873921 0.8651650390625 0.3271658031088083 0.8499140625 0.3443281519861831 0.8346640625 0.36557858376511226 0.858232421875 0.37211571675302246
0  0.7802734375 0.38860103626943004 0.046875 0.09671848013816926 0.7668984375 0.3700725388601036 0.7858408203125 0.37189982728842835 0.776197265625 0.3944369602763385 0.76483203125 0.41027461139896376 0.788251953125 0.4108842832469775
0  0.73828125 0.47063903281519864 0.052734375 0.1157167530224525 0.725908203125 0.4480328151986183 0.7550048828125 0.4502072538860104 0.745169921875 0.47339896373056994 0.732875 0.5023903281519863 0.75213671875 0.5009412780656304
0  0.9912109375 0.6632124352331606 0.017578125 0.15544041450777202 0.995609375 0.6280759930915372 1.0111123046875 0.6368894645941279 0.9961630859375 0.6789948186528497 0.9873046875 0.69760103626943 1.001146484375 0.7103298791018998
0  0.7353515625 0.8324697754749568 0.083984375 0.18652849740932642 0.7053349609375 0.7867789291882556 0.7353515625 0.8139101899827289 0.7053349609375 0.826887737478411 0.697998046875 0.8552003454231434 0.717341796875 0.8787927461139897
0  0.6845703125 0.6511226252158895 0.078125 0.15198618307426598 0.654052734375 0.6261640759930915 0.68566015625 0.6309827288428325 0.660046875 0.6598963730569948 0.657322265625 0.6936303972366149 0.678576171875 0.6974853195164076
0  0.8310546875 0.6545768566493955 0.06640625 0.1381692573402418 0.82662109375 0.6293177892918825 0.8423857421875 0.6275751295336788 0.831546875 0.6476148531951641 0.825142578125 0.6606839378238342 0.8394296875 0.659811744386874
0  0.646484375 0.5043177892918825 0.07421875 0.13126079447322972 0.63220703125 0.47164075993091537 0.662734375 0.47177892918825565 0.648740234375 0.49051813471502587 0.63662109375 0.5233678756476684 0.660615234375 0.5231260794473229
0  0.4736328125 0.5474956822107081 0.087890625 0.1692573402417962 0.4423564453125 0.5273402417962003 0.4805341796875 0.5262694300518135 0.456294921875 0.5530621761658031 0.4399326171875 0.5873575129533678 0.479927734375 0.5895008635578585
0  0.7685546875 0.08808290155440414 0.0390625 0.08635578583765112 -0.0009765625 -0.0017271157167530224 -0.0009765625 -0.0017271157167530224 -0.0009765625 -0.0017271157167530224 -0.0009765625 -0.0017271157167530224 -0.0009765625 -0.0017271157167530224
0  0.498046875 0.10880829015544041 0.05859375 0.10362694300518134 0.4831064453125 0.09352677029360967 0.507193359375 0.09090500863557859 0.49459375 0.1112210708117444 0.485330078125 0.13416062176165802 0.507193359375 0.13284974093264248
0  0.57763671875 0.2236614853195164 0.0419921875 0.09153713298791019 -0.0009765625 -0.0017271157167530224 -0.0009765625 -0.0017271157167530224 -0.0009765625 -0.0017271157167530224 -0.0009765625 -0.0017271157167530224 -0.0009765625 -0.0017271157167530224
0  0.646484375 0.11053540587219343 0.037109375 0.08981001727115717 0.6371201171875 0.10254749568221071 0.6555087890625 0.10140587219343696 0.6484111328125 0.12422970639032815 0.6322802734375 0.13564075993091537 0.652927734375 0.13735233160621763
0  0.466796875 0.3143350604490501 0.046875 0.10362694300518134 0.454310546875 0.29444214162348875 0.475681640625 0.29377892918825566 0.46705859375 0.31632469775474953 0.4625595703125 0.33754404145077715 0.477556640625 0.33754404145077715
0  0.2802734375 0.20552677029360966 0.064453125 0.12780656303972365 0.26708984375 0.1853557858376511 0.2979208984375 0.18214853195164077 0.2874931640625 0.21021416234887738 0.2752509765625 0.2374784110535406 0.29928125 0.23507253886010362
0  0.54052734375 0.8626943005181347 0.0986328125 0.19170984455958548 0.5386787109375 0.8197322970639033 0.5400390625 0.8461934369602764 0.5060341796875 0.8329637305699482 0.4999130859375 0.885887737478411 0.501953125 0.9075371329879103
0  0.83349609375 0.022452504317789293 0.0361328125 0.044905008635578586 0.8246201171875 0.0027132987910189984 0.8447958984375 0.0019119170984455958 0.8379951171875 0.013538860103626944 0.8280205078125 0.031181347150259064 0.842529296875 0.02997754749568221
0  0.55029296875 0.03626943005181347 0.0458984375 0.07253886010362694 0.546064453125 0.01468048359240069 0.5662060546875 0.01417098445595855 0.5572861328125 0.037070811744386874 0.546064453125 0.05793609671848014 0.56419140625 0.05793609671848014
0  0.0498046875 0.12780656303972365 0.0703125 0.12435233160621761 -0.0009765625 -0.0017271157167530224 -0.0009765625 -0.0017271157167530224 -0.0009765625 -0.0017271157167530224 -0.0009765625 -0.0017271157167530224 -0.0009765625 -0.0017271157167530224
0  0.2822265625 0.5207253886010362 0.087890625 0.18134715025906736 0.2649619140625 0.48562867012089805 0.2985146484375 0.48448704663212433 0.275931640625 0.5210034542314335 0.2643173828125 0.5586597582037997 0.2985146484375 0.5575198618307426
0  0.693359375 0.3860103626943005 0.04296875 0.09844559585492228 -0.0009765625 -0.0017271157167530224 -0.0009765625 -0.0017271157167530224 -0.0009765625 -0.0017271157167530224 -0.0009765625 -0.0017271157167530224 -0.0009765625 -0.0017271157167530224
0  0.7236328125 0.02677029360967185 0.04296875 0.05008635578583765 0.71875 0.001457685664939551 0.7360537109375 0.001457685664939551 0.7272646484375 0.015544041450777202 0.7184755859375 0.030117443868739203 0.7338564453125 0.031088082901554404
0  0.3359375 0.07426597582037997 0.04296875 0.1001727115716753 0.33146875 0.05292400690846287 0.3495615234375 0.05036442141623489 0.34341015625 0.07340241796200346 0.3332783203125 0.09836096718480138 0.3499228515625 0.09772020725388601
0  0.19775390625 0.14248704663212436 0.0498046875 0.10189982728842832 -0.0009765625 -0.0017271157167530224 -0.0009765625 -0.0017271157167530224 -0.0009765625 -0.0017271157167530224 -0.0009765625 -0.0017271157167530224 -0.0009765625 -0.0017271157167530224
0  0.42822265625 0.40414507772020725 0.0712890625 0.13471502590673576 0.4112763671875 0.3801744386873921 0.44418359375 0.389587219343696 0.4262783203125 0.41697582037996545 0.4093408203125 0.4375146804835924 0.4345048828125 0.44350604490500867
0  0.9521484375 0.05785837651122625 0.0390625 0.06735751295336788 0.95041796875 0.05128151986183074 0.9673154296875 0.049963730569948184 0.9576240234375 0.06226943005181348 0.9499208984375 0.07237651122625216 0.959115234375 0.07501381692573403
0  0.888671875 0.02158894645941278 0.009765625 0.022452504317789293 -0.0009765625 -0.0017271157167530224 -0.0009765625 -0.0017271157167530224 -0.0009765625 -0.0017271157167530224 -0.0009765625 -0.0017271157167530224 -0.0009765625 -0.0017271157167530224
0  0.8984375 0.03281519861830743 0.009765625 0.024179620034542316 -0.0009765625 -0.0017271157167530224 -0.0009765625 -0.0017271157167530224 -0.0009765625 -0.0017271157167530224 -0.0009765625 -0.0017271157167530224 -0.0009765625 -0.0017271157167530224
0  0.9677734375 0.22538860103626943 0.03515625 0.08808290155440414 -0.0009765625 -0.0017271157167530224 -0.0009765625 -0.0017271157167530224 -0.0009765625 -0.0017271157167530224 -0.0009765625 -0.0017271157167530224 -0.0009765625 -0.0017271157167530224
0  0.9833984375 0.23575129533678757 0.033203125 0.10189982728842832 0.96514453125 0.21482556131260794 0.9966259765625 0.21482556131260794 0.9832373046875 0.2391433506044905 0.9781708984375 0.27370120898100175 0.9886650390625 0.2711416234887738
