0  0.91015625 0.46559139784946235 0.021484375 0.053763440860215055 0.90309375 0.46036774193548385 0.905291015625 0.4596774193548387 0.9016806640625 0.4703913978494624 0.907173828125 0.48525376344086024 0.9095283203125 0.4838709677419355
0  0.88671875 0.2645161290322581 0.0234375 0.05591397849462366 -0.0009765625 -0.002150537634408602 -0.0009765625 -0.002150537634408602 -0.0009765625 -0.002150537634408602 -0.0009765625 -0.002150537634408602 -0.0009765625 -0.002150537634408602
0  0.775390625 0.2731182795698925 0.029296875 0.06881720430107527 0.77730859375 0.26036774193548384 0.7877373046875 0.25904301075268815 0.7865341796875 0.2802408602150538 0.77730859375 0.2917247311827957 0.7865341796875 0.2908408602150538
0  0.68310546875 0.3580645161290323 0.0205078125 0.04946236559139785 -0.0009765625 -0.002150537634408602 -0.0009765625 -0.002150537634408602 -0.0009765625 -0.002150537634408602 -0.0009765625 -0.002150537634408602 -0.0009765625 -0.002150537634408602
0  0.6669921875 0.3021505376344086 0.01953125 0.053763440860215055 -0.0009765625 -0.002150537634408602 -0.0009765625 -0.002150537634408602 -0.0009765625 -0.002150537634408602 -0.0009765625 -0.002150537634408602 -0.0009765625 -0.002150537634408602
0  0.61181640625 0.3 0.0185546875 0.053763440860215055 0.6056826171875 0.29396129032258067 0.6135859375 0.2918301075268817 0.608263671875 0.307105376344086 0.6072958984375 0.31385376344086025 0.6131025390625 0.31278709677419353
0  0.62451171875 0.41397849462365593 0.0224609375 0.05806451612903226 0.6160625 0.40925591397849465 0.6233515625 0.40779569892473116 0.6160625 0.4209290322580645 0.6173876953125 0.4322387096774194 0.6220263671875 0.43041505376344086
0  0.67724609375 0.4806451612903226 0.0166015625 0.04946236559139785 -0.0009765625 -0.002150537634408602 -0.0009765625 -0.002150537634408602 -0.0009765625 -0.002150537634408602 -0.0009765625 -0.002150537634408602 -0.0009765625 -0.002150537634408602
0  0.65478515625 0.513978494623656 0.0205078125 0.05591397849462366 0.6463447265625 0.5070473118279569 0.6549599609375 0.5052236559139786 0.6481669921875 0.5172623655913978 0.6470078125 0.5263827956989248 0.6536337890625 0.5252881720430107
0  0.603515625 0.5602150537634408 0.03125 0.07096774193548387 0.5923544921875 0.5453139784946236 0.6034462890625 0.5466967741935483 0.5919365234375 0.5623655913978495 0.5906806640625 0.5812602150537635 0.5982138671875 0.5794172043010752
0  0.73828125 0.5236559139784946 0.021484375 0.04946236559139785 -0.0009765625 -0.002150537634408602 -0.0009765625 -0.002150537634408602 -0.0009765625 -0.002150537634408602 -0.0009765625 -0.002150537634408602 -0.0009765625 -0.002150537634408602
0  0.84912109375 0.3913978494623656 0.0126953125 0.034408602150537634 -0.0009765625 -0.002150537634408602 -0.0009765625 -0.002150537634408602 -0.0009765625 -0.002150537634408602 -0.0009765625 -0.002150537634408602 -0.0009765625 -0.002150537634408602
0  0.57080078125 0.3010752688172043 0.0146484375 0.043010752688172046 -0.0009765625 -0.002150537634408602 -0.0009765625 -0.002150537634408602 -0.0009765625 -0.002150537634408602 -0.0009765625 -0.002150537634408602 -0.0009765625 -0.002150537634408602
0  0.40625 0.30752688172043013 0.02734375 0.06881720430107527 0.4006611328125 0.3058172043010753 0.409484375 0.3044924731182796 0.4048720703125 0.32039139784946236 0.4030673828125 0.328341935483871 0.4080810546875 0.328341935483871
0  0.3046875 0.33225806451612905 0.013671875 0.04516129032258064 -0.0009765625 -0.002150537634408602 -0.0009765625 -0.002150537634408602 -0.0009765625 -0.002150537634408602 -0.0009765625 -0.002150537634408602 -0.0009765625 -0.002150537634408602
0  0.33251953125 0.3172043010752688 0.0146484375 0.03655913978494624 0.3266904296875 0.3100043010752688 0.3329033203125 0.3088043010752688 0.3284345703125 0.319363440860215 0.327671875 0.32776559139784944 0.331486328125 0.32656559139784946
0  0.23974609375 0.3064516129032258 0.0146484375 0.05806451612903226 -0.0009765625 -0.002150537634408602 -0.0009765625 -0.002150537634408602 -0.0009765625 -0.002150537634408602 -0.0009765625 -0.002150537634408602 -0.0009765625 -0.002150537634408602
0  0.134765625 0.3387096774193548 0.01953125 0.053763440860215055 0.1387978515625 0.3259225806451613 0.1429921875 0.32627741935483867 0.1447666015625 0.3426172043010753 0.1389599609375 0.3543397849462366 0.14137890625 0.3543397849462366
0  0.1064453125 0.3032258064516129 0.01953125 0.05161290322580645 0.101615234375 0.2960451612903226 0.112138671875 0.29571827956989244 0.106802734375 0.3077956989247312 0.104134765625 0.3218322580645161 0.1111015625 0.32215913978494626
0  0.0732421875 0.3064516129032258 0.021484375 0.04946236559139785 0.07571875 0.29409462365591393 0.0804658203125 0.29029462365591396 0.082048828125 0.30264946236559137 0.0797470703125 0.3181741935483871 0.0816171875 0.3159569892473118
0  0.033203125 0.28817204301075267 0.03125 0.07311827956989247 0.0325927734375 0.2790989247311828 0.0413515625 0.2776881720430108 0.039001953125 0.29415268817204304 0.032806640625 0.3073247311827957 0.041564453125 0.3049720430107527
0  0.76953125 0.42795698924731185 0.03125 0.047311827956989246 -0.0009765625 -0.002150537634408602 -0.0009765625 -0.002150537634408602 -0.0009765625 -0.002150537634408602 -0.0009765625 -0.002150537634408602 -0.0009765625 -0.002150537634408602
0  0.45166015625 0.3741935483870968 0.0107421875 0.034408602150537634 -0.0009765625 -0.002150537634408602 -0.0009765625 -0.002150537634408602 -0.0009765625 -0.002150537634408602 -0.0009765625 -0.002150537634408602 -0.0009765625 -0.002150537634408602
0  0.95703125 0.4204301075268817 0.01171875 0.03655913978494624 -0.0009765625 -0.002150537634408602 -0.0009765625 -0.002150537634408602 -0.0009765625 -0.002150537634408602 -0.0009765625 -0.002150537634408602 -0.0009765625 -0.002150537634408602
0  0.0078125 0.6440860215053763 0.015625 0.10967741935483871 -0.0009765625 -0.002150537634408602 -0.0009765625 -0.002150537634408602 -0.0009765625 -0.002150537634408602 -0.0009765625 -0.002150537634408602 -0.0009765625 -0.002150537634408602
0  0.4462890625 0.3193548387096774 0.005859375 0.015053763440860216 -0.0009765625 -0.002150537634408602 -0.0009765625 -0.002150537634408602 -0.0009765625 -0.002150537634408602 -0.0009765625 -0.002150537634408602 -0.0009765625 -0.002150537634408602
