0  0.1982421875 0.2814327485380117 0.076171875 0.1476608187134503 0.21323046875 0.26494590643274857 0.2274697265625 0.2566052631578947 0.235517578125 0.28626315789473683 0.218802734375 0.31870029239766084 0.230564453125 0.31314035087719294
0  0.14013671875 0.059941520467836254 0.0458984375 0.0847953216374269 0.1460830078125 0.045491228070175437 0.1575234375 0.046026315789473686 0.16109765625 0.061011695906432746 0.148943359375 0.0781374269005848 0.15823828125 0.07653216374269006
0  0.22509765625 0.03289473684210526 0.0283203125 0.05116959064327485 0.2276826171875 0.026074561403508775 0.2369033203125 0.026074561403508775 0.2344443359375 0.03742397660818713 0.2262490234375 0.04601315789473684 0.234240234375 0.04723976608187134
0  0.29443359375 0.10526315789473684 0.0361328125 0.06725146198830409 0.2978515625 0.10964912280701754 0.310546875 0.10818713450292397 0.306640625 0.12134502923976608 0.2978515625 0.12719298245614036 0.3046875 0.12719298245614036
0  0.83154296875 0.24780701754385964 0.0361328125 0.06871345029239766 0.839599609375 0.23587573099415204 0.844203125 0.2328611111111111 0.8490947265625 0.2522456140350877 0.836146484375 0.26215204678362575 0.8398876953125 0.26172222222222224
0  0.6416015625 0.07602339181286549 0.015625 0.03508771929824561 0.640625 0.07309941520467836 0.646484375 0.07309941520467836 0.64453125 0.07894736842105263 0.642578125 0.08625730994152046 0.646484375 0.08625730994152046
0  0.72509765625 0.07017543859649122 0.0166015625 0.03216374269005848 0.7275390625 0.06871345029239766 0.732421875 0.06871345029239766 0.73046875 0.07456140350877193 0.7275390625 0.0804093567251462 0.7314453125 0.0804093567251462
0  0.84765625 0.1067251461988304 0.0234375 0.043859649122807015 0.8444697265625 0.10262573099415205 0.8519677734375 0.10262573099415205 0.84990625 0.10992397660818713 0.8446572265625 0.11694005847953215 0.8525302734375 0.11862280701754387
0  0.783203125 0.13523391812865498 0.01953125 0.04824561403508772 0.7857138671875 0.12792397660818713 0.7911552734375 0.12792397660818713 0.79345703125 0.1376359649122807 0.785923828125 0.14828801169590644 0.791783203125 0.14891374269005847
0  0.8740234375 0.21125730994152048 0.03125 0.07456140350877193 0.879185546875 0.20394736842105263 0.8882880859375 0.19830847953216374 0.889857421875 0.21616520467836256 0.8798134765625 0.231203216374269 0.8870322265625 0.22932309941520468
0  0.9072265625 0.20175438596491227 0.02734375 0.06432748538011696 0.9111328125 0.19444444444444445 0.9140625 0.19444444444444445 0.9189453125 0.2046783625730994 0.912109375 0.22076023391812866 0.912109375 0.22076023391812866
0  0.69970703125 0.22295321637426901 0.0419921875 0.0891812865497076 0.708330078125 0.209312865497076 0.708705078125 0.209312865497076 0.718828125 0.22951900584795323 0.708330078125 0.24523538011695908 0.709455078125 0.24523538011695908
0  0.57666015625 0.20906432748538012 0.0400390625 0.10526315789473684 0.5840498046875 0.20042251461988303 0.5840498046875 0.20042251461988303 0.5968193359375 0.21492543859649121 0.58669140625 0.2353611111111111 0.58669140625 0.2353611111111111
0  0.32763671875 0.056286549707602336 0.0302734375 0.054093567251461985 0.329642578125 0.04808918128654971 0.339390625 0.04775 0.3378037109375 0.05928947368421053 0.3319091796875 0.0684517543859649 0.3391640625 0.06709502923976608
0  0.41015625 0.06505847953216375 0.0234375 0.04532163742690058 0.410626953125 0.05829678362573099 0.4150390625 0.05801023391812866 0.4171494140625 0.06978362573099416 0.4100517578125 0.0781125730994152 0.4112021484375 0.07839912280701754
0  0.4560546875 0.34576023391812866 0.05078125 0.1067251461988304 0.465541015625 0.3416359649122807 0.4664482421875 0.3409561403508772 0.4795966796875 0.35453216374269003 0.4673544921875 0.383719298245614 0.46826171875 0.3830409356725146
0  0.50439453125 0.06871345029239766 0.0185546875 0.04093567251461988 0.505859375 0.06432748538011696 0.51171875 0.06286549707602339 0.51171875 0.07017543859649122 0.5087890625 0.07894736842105263 0.51171875 0.07894736842105263
0  0.8330078125 0.24780701754385964 0.033203125 0.06871345029239766 0.840201171875 0.23458333333333334 0.8425029296875 0.23415350877192984 0.8496962890625 0.25181432748538013 0.83732421875 0.26258333333333334 0.83905078125 0.2634444444444444
0  0.6865234375 0.08187134502923976 0.015625 0.029239766081871343 0.6875 0.0804093567251462 0.6904296875 0.0804093567251462 0.6904296875 0.08771929824561403 0.6884765625 0.09210526315789473 0.6904296875 0.09210526315789473
0  0.56689453125 0.0577485380116959 0.0205078125 0.039473684210526314 0.569056640625 0.05329678362573099 0.57568359375 0.05528070175438596 0.573861328125 0.0619780701754386 0.569388671875 0.06916959064327485 0.5743583984375 0.06966666666666667
