0  0.97802734375 0.3828125 0.0439453125 0.1171875 -0.0009765625 -0.0013020833333333333 -0.0009765625 -0.0013020833333333333 -0.0009765625 -0.0013020833333333333 -0.0009765625 -0.0013020833333333333 -0.0009765625 -0.0013020833333333333
0  0.5888671875 0.5045572916666666 0.05078125 0.07942708333333333 0.58875390625 0.4884088541666667 0.609 0.49340885416666663 0.6045009765625 0.50690625 0.5917529296875 0.52190234375 0.607125 0.5254023437500001
0  0.6259765625 0.443359375 0.03125 0.05078125 0.621826171875 0.4342447916666667 0.6337890625 0.4345703125 0.630859375 0.443359375 0.624755859375 0.4537760416666667 0.63232421875 0.453125
0  0.52294921875 0.51171875 0.0341796875 0.0546875 0.5222041015625 0.5059231770833333 0.533263671875 0.5042083333333334 0.5340361328125 0.5158697916666667 0.526833984375 0.5271861979166667 0.535322265625 0.5258151041666667
0  0.44091796875 0.484375 0.0439453125 0.07291666666666667 0.429408203125 0.472703125 0.45076171875 0.47040624999999997 0.4418076171875 0.48693880208333334 0.43457421875 0.5039296875 0.451794921875 0.5016328125
0  0.150390625 0.4375 0.064453125 0.109375 -0.0009765625 -0.0013020833333333333 -0.0009765625 -0.0013020833333333333 -0.0009765625 -0.0013020833333333333 -0.0009765625 -0.0013020833333333333 -0.0009765625 -0.0013020833333333333
0  0.1171875 0.4537760416666667 0.037109375 0.06901041666666667 -0.0009765625 -0.0013020833333333333 -0.0009765625 -0.0013020833333333333 -0.0009765625 -0.0013020833333333333 -0.0009765625 -0.0013020833333333333 -0.0009765625 -0.0013020833333333333
0  0.50927734375 0.4641927083333333 0.0263671875 0.045572916666666664 0.5129306640625 0.45482291666666663 0.521431640625 0.45191536458333337 0.521431640625 0.4603450520833334 0.5175087890625 0.4708072916666666 0.5175087890625 0.4708072916666666
0  0.6875 0.552734375 0.07421875 0.11328125 0.6891396484375 0.5435729166666666 0.698712890625 0.5428645833333333 0.6997763671875 0.5627213541666667 0.6843525390625 0.5783229166666667 0.691798828125 0.57903125
0  0.05859375 0.4700520833333333 0.0234375 0.052083333333333336 0.0692880859375 0.46708203125 0.0705302734375 0.4674127604166667 0.0690390625 0.47337760416666663 0.066802734375 0.48364843750000003 0.0682939453125 0.48364843750000003
0  0.47607421875 0.47265625 0.0107421875 0.018229166666666668 -0.0009765625 -0.0013020833333333333 -0.0009765625 -0.0013020833333333333 -0.0009765625 -0.0013020833333333333 -0.0009765625 -0.0013020833333333333 -0.0009765625 -0.0013020833333333333
