0  0.66015625 0.3541666666666667 0.154296875 0.3263888888888889 0.599591796875 0.30811284722222226 0.6469599609375 0.2875746527777778 0.6030576171875 0.3635677083333333 0.614611328125 0.43750694444444443 0.6492705078125 0.4251840277777778
0  0.34375 0.34375 0.125 0.4097222222222222 -0.0009765625 -0.001736111111111111 -0.0009765625 -0.001736111111111111 -0.0009765625 -0.001736111111111111 -0.0009765625 -0.001736111111111111 -0.0009765625 -0.001736111111111111
0  0.11083984375 0.5138888888888888 0.1201171875 0.3020833333333333 -0.0009765625 -0.001736111111111111 -0.0009765625 -0.001736111111111111 -0.0009765625 -0.001736111111111111 -0.0009765625 -0.001736111111111111 -0.0009765625 -0.001736111111111111
0  0.4423828125 0.5095486111111112 0.015625 0.03993055555555555 -0.0009765625 -0.001736111111111111 -0.0009765625 -0.001736111111111111 -0.0009765625 -0.001736111111111111 -0.0009765625 -0.001736111111111111 -0.0009765625 -0.001736111111111111
0  0.46923828125 0.5138888888888888 0.0146484375 0.03125 -0.0009765625 -0.001736111111111111 -0.0009765625 -0.001736111111111111 -0.0009765625 -0.001736111111111111 -0.0009765625 -0.001736111111111111 -0.0009765625 -0.001736111111111111
0  0.48486328125 0.5234375 0.0107421875 0.029513888888888888 -0.0009765625 -0.001736111111111111 -0.0009765625 -0.001736111111111111 -0.0009765625 -0.001736111111111111 -0.0009765625 -0.001736111111111111 -0.0009765625 -0.001736111111111111
0  0.5361328125 0.5546875 0.013671875 0.026041666666666668 -0.0009765625 -0.001736111111111111 -0.0009765625 -0.001736111111111111 -0.0009765625 -0.001736111111111111 -0.0009765625 -0.001736111111111111 -0.0009765625 -0.001736111111111111
0  0.59375 0.5329861111111112 0.015625 0.03819444444444445 -0.0009765625 -0.001736111111111111 -0.0009765625 -0.001736111111111111 -0.0009765625 -0.001736111111111111 -0.0009765625 -0.001736111111111111 -0.0009765625 -0.001736111111111111
0  0.994140625 0.4505208333333333 0.01171875 0.05381944444444445 -0.0009765625 -0.001736111111111111 -0.0009765625 -0.001736111111111111 -0.0009765625 -0.001736111111111111 -0.0009765625 -0.001736111111111111 -0.0009765625 -0.001736111111111111
0  0.55908203125 0.5199652777777778 0.0146484375 0.026041666666666668 -0.0009765625 -0.001736111111111111 -0.0009765625 -0.001736111111111111 -0.0009765625 -0.001736111111111111 -0.0009765625 -0.001736111111111111 -0.0009765625 -0.001736111111111111
