0  0.81005859375 0.796875 0.0400390625 0.057291666666666664 0.802154296875 0.7841393229166668 0.823302734375 0.7826744791666668 0.8136904296875 0.7973229166666668 0.808197265625 0.8108723958333334 0.818359375 0.8097734375
0  0.75537109375 0.7532552083333334 0.0400390625 0.06640625 0.7392880859375 0.7379505208333333 0.7513818359375 0.7345546875000001 0.738333984375 0.7549231770833332 0.7450166015625 0.7689270833333333 0.755201171875 0.7646835937500001
0  0.38525390625 0.533203125 0.0732421875 0.11848958333333333 0.3753486328125 0.5057669270833333 0.4065986328125 0.5124622395833334 0.389857421875 0.5370169270833333 0.370884765625 0.5578502604166666 0.4004599609375 0.5623138020833334
0  0.36962890625 0.9635416666666666 0.0869140625 0.07291666666666667 0.34716796875 0.9586588541666666 0.38232421875 0.9498697916666666 0.3658447265625 0.9696458333333333 0.3499140625 0.9982096354166666 0.38067578125 0.9982096354166666
0  0.1708984375 0.9876302083333334 0.0859375 0.024739583333333332 -0.0009765625 -0.0013020833333333333 -0.0009765625 -0.0013020833333333333 -0.0009765625 -0.0013020833333333333 -0.0009765625 -0.0013020833333333333 -0.0009765625 -0.0013020833333333333
0  0.072265625 0.9817708333333334 0.1015625 0.036458333333333336 -0.0009765625 -0.0013020833333333333 -0.0009765625 -0.0013020833333333333 -0.0009765625 -0.0013020833333333333 -0.0009765625 -0.0013020833333333333 -0.0009765625 -0.0013020833333333333
0  0.14599609375 0.9453125 0.0712890625 0.1015625 0.1368935546875 0.92233984375 0.1622841796875 0.919921875 0.154576171875 0.9410807291666666 0.1405205078125 0.9622395833333334 0.161376953125 0.9592174479166666
0  0.0576171875 0.93359375 0.083984375 0.125 0.044921875 0.9010416666666666 0.0771484375 0.9075520833333334 0.060546875 0.93359375 0.046875 0.9479166666666666 0.068359375 0.9505208333333334
0  0.2548828125 0.974609375 0.052734375 0.05078125 0.24365234375 0.9692786458333332 0.267150390625 0.9697265625 0.2533876953125 0.9818111979166666 0.2473447265625 0.9947916666666666 0.263123046875 0.9961341145833332
0  0.3212890625 0.96484375 0.0625 0.0703125 0.3038330078125 0.9525898437500001 0.3218818359375 0.9510208333333333 0.3144267578125 0.9651458333333333 0.3034404296875 0.9881653645833333 0.317173828125 0.9881653645833333
0  0.3544921875 0.9036458333333334 0.05078125 0.078125 0.353515625 0.8841145833333334 0.375 0.8880208333333334 0.3681640625 0.8997395833333334 0.3583984375 0.9114583333333334 0.37109375 0.9114583333333334
0  0.2333984375 0.884765625 0.041015625 0.06380208333333333 0.2220458984375 0.87890625 0.23974609375 0.8801276041666667 0.2269287109375 0.8915208333333333 0.221130859375 0.9033203125 0.236083984375 0.9041341145833334
0  0.16845703125 0.85546875 0.0380859375 0.0625 0.1569521484375 0.8419830729166667 0.1731962890625 0.8427851562500001 0.1617646484375 0.8548177083333334 0.1569521484375 0.86644921875 0.1701875 0.8672513020833333
0  0.0810546875 0.763671875 0.03515625 0.048177083333333336 0.07516015625 0.75637109375 0.090802734375 0.75637109375 0.0826416015625 0.7669505208333334 0.0767470703125 0.7766223958333334 0.08808203125 0.7763203125000001
0  0.5537109375 0.9563802083333334 0.0859375 0.08723958333333333 -0.0009765625 -0.0013020833333333333 -0.0009765625 -0.0013020833333333333 -0.0009765625 -0.0013020833333333333 -0.0009765625 -0.0013020833333333333 -0.0009765625 -0.0013020833333333333
0  0.55419921875 0.951171875 0.0791015625 0.09765625 0.529296875 0.9583333333333334 0.54296875 0.9609375 0.5146484375 0.9856770833333334 0.5361328125 0.9973958333333334 0.541015625 0.9973958333333334
0  0.79150390625 0.9505208333333334 0.0439453125 0.06770833333333333 0.7863330078125 0.9302916666666667 0.8063359375 0.93115234375 0.7985927734375 0.9423359375000001 0.7863330078125 0.9612630208333334 0.803431640625 0.96384375
0  0.74365234375 0.97265625 0.0849609375 0.0546875 -0.0009765625 -0.0013020833333333333 -0.0009765625 -0.0013020833333333333 -0.0009765625 -0.0013020833333333333 -0.0009765625 -0.0013020833333333333 -0.0009765625 -0.0013020833333333333
0  0.91796875 0.984375 0.08984375 0.03125 -0.0009765625 -0.0013020833333333333 -0.0009765625 -0.0013020833333333333 -0.0009765625 -0.0013020833333333333 -0.0009765625 -0.0013020833333333333 -0.0009765625 -0.0013020833333333333
0  0.853515625 0.98046875 0.07421875 0.0390625 -0.0009765625 -0.0013020833333333333 -0.0009765625 -0.0013020833333333333 -0.0009765625 -0.0013020833333333333 -0.0009765625 -0.0013020833333333333 -0.0009765625 -0.0013020833333333333
