0  0.021484375 0.907624633431085 0.04296875 0.10263929618768329 -0.0009765625 -0.001466275659824047 -0.0009765625 -0.001466275659824047 -0.0009765625 -0.001466275659824047 -0.0009765625 -0.001466275659824047 -0.0009765625 -0.001466275659824047
0  0.15869140625 0.9347507331378299 0.1064453125 0.13049853372434017 0.123046875 0.9340175953079178 0.1630859375 0.9398826979472141 0.1396484375 0.9648093841642229 0.1259765625 0.9912023460410557 0.1708984375 0.9897360703812317
0  0.39794921875 0.8394428152492669 0.0849609375 0.13343108504398826 0.375697265625 0.8269794721407625 0.4130859375 0.824466275659824 0.391880859375 0.8320073313782991 0.376255859375 0.873900293255132 0.4125283203125 0.8680351906158358
0  0.451171875 0.8724340175953079 0.056640625 0.1348973607038123 0.4453125 0.8636363636363636 0.462890625 0.8724340175953079 0.447265625 0.8841642228739003 0.4443359375 0.9120234604105572 0.458984375 0.9149560117302052
0  0.63623046875 0.9266862170087976 0.0751953125 0.12316715542521994 -0.0009765625 -0.001466275659824047 -0.0009765625 -0.001466275659824047 -0.0009765625 -0.001466275659824047 -0.0009765625 -0.001466275659824047 -0.0009765625 -0.001466275659824047
0  0.56201171875 0.969208211143695 0.0595703125 0.06158357771260997 -0.0009765625 -0.001466275659824047 -0.0009765625 -0.001466275659824047 -0.0009765625 -0.001466275659824047 -0.0009765625 -0.001466275659824047 -0.0009765625 -0.001466275659824047
0  0.69921875 0.7697947214076246 0.060546875 0.14076246334310852 0.679408203125 0.7575733137829912 0.706482421875 0.759341642228739 0.682939453125 0.7787815249266863 0.677642578125 0.8052932551319648 0.7000078125 0.8079442815249267
0  0.88818359375 0.6356304985337243 0.0498046875 0.09237536656891496 -0.0009765625 -0.001466275659824047 -0.0009765625 -0.001466275659824047 -0.0009765625 -0.001466275659824047 -0.0009765625 -0.001466275659824047 -0.0009765625 -0.001466275659824047
0  0.97509765625 0.48900293255131966 0.0498046875 0.1744868035190616 0.974609375 0.4574780058651026 0.995849609375 0.46517595307917886 0.98779296875 0.4871700879765396 0.96875 0.5168621700879765 0.99658203125 0.5278592375366569
0  0.9423828125 0.4662756598240469 0.060546875 0.11436950146627566 -0.0009765625 -0.001466275659824047 -0.0009765625 -0.001466275659824047 -0.0009765625 -0.001466275659824047 -0.0009765625 -0.001466275659824047 -0.0009765625 -0.001466275659824047
0  0.91552734375 0.41642228739002934 0.0498046875 0.093841642228739 0.9039306640625 0.4109237536656892 0.925353515625 0.40913636363636363 0.91226171875 0.42283724340175954 0.9043271484375 0.4436862170087976 0.91424609375 0.4389208211143695
0  0.8876953125 0.40689149560117305 0.029296875 0.06598240469208211 -0.0009765625 -0.001466275659824047 -0.0009765625 -0.001466275659824047 -0.0009765625 -0.001466275659824047 -0.0009765625 -0.001466275659824047 -0.0009765625 -0.001466275659824047
0  0.8935546875 0.28005865102639294 0.037109375 0.07331378299120235 0.881591796875 0.27157478005865104 0.898228515625 0.2701612903225806 0.886927734375 0.2857140762463343 0.882533203125 0.2998533724340176 0.898228515625 0.2984398826979472
0  0.98046875 0.24266862170087977 0.0390625 0.08064516129032258 0.9775390625 0.2287390029325513 0.9970703125 0.23313782991202345 0.986328125 0.24633431085043989 0.9775390625 0.26099706744868034 0.9912109375 0.2668621700879765
0  0.98828125 0.1282991202346041 0.0234375 0.07771260997067449 0.983716796875 0.120450146627566 0.998103515625 0.1233958944281525 0.9873134765625 0.1346876832844575 0.9807734375 0.143524926686217 0.999083984375 0.14597947214076248
0  0.91552734375 0.1656891495601173 0.0400390625 0.06744868035190615 0.903529296875 0.15947067448680352 0.9184921875 0.15947067448680352 0.90899609375 0.17286363636363636 0.9046806640625 0.1836642228739003 0.9164775390625 0.18323167155425218
0  0.884765625 0.2155425219941349 0.044921875 0.07331378299120235 0.8660146484375 0.21295014662756598 0.8802529296875 0.21295014662756598 0.86384765625 0.22642815249266862 0.873443359375 0.24315982404692082 0.873443359375 0.24315982404692082
0  0.8447265625 0.3064516129032258 0.03125 0.03225806451612903 -0.0009765625 -0.001466275659824047 -0.0009765625 -0.001466275659824047 -0.0009765625 -0.001466275659824047 -0.0009765625 -0.001466275659824047 -0.0009765625 -0.001466275659824047
0  0.97216796875 0.07331378299120235 0.0302734375 0.06744868035190615 0.9764970703125 0.0632199413489736 0.9821650390625 0.06279472140762464 0.9866982421875 0.07385777126099707 0.9796142578125 0.08874926686217009 0.9824482421875 0.08789736070381231
0  0.880859375 0.10337243401759531 0.041015625 0.0718475073313783 0.8701171875 0.09530791788856305 0.889953125 0.09485043988269795 0.8804931640625 0.10997067448680352 0.8731689453125 0.12234310850439883 0.88720703125 0.12234310850439883
0  0.83935546875 0.5021994134897361 0.0615234375 0.1158357771260997 0.82958984375 0.46847507331378296 0.859375 0.4780058651026393 0.84130859375 0.4963343108504399 0.8291015625 0.5234604105571847 0.84716796875 0.5278592375366569
0  0.7490234375 0.6297653958944281 0.05859375 0.1158357771260997 0.7267587890625 0.6159472140762464 0.754826171875 0.6195806451612903 0.73208203125 0.6428313782991202 0.725791015625 0.6609956011730205 0.74853515625 0.6639017595307918
0  0.77734375 0.501466275659824 0.048828125 0.08797653958944282 0.7593212890625 0.4946129032258065 0.7785908203125 0.4946129032258065 0.75969140625 0.5135307917888563 0.761173828125 0.5341173020527858 0.772291015625 0.5330043988269795
0  0.78662109375 0.4112903225806452 0.0458984375 0.07771260997067449 0.7725478515625 0.40956158357771266 0.7914345703125 0.4085674486803519 0.7781806640625 0.4244868035190616 0.7745361328125 0.43841642228739003 0.7884521484375 0.43742082111436953
0  0.69482421875 0.5513196480938416 0.0673828125 0.12023460410557185 0.680419921875 0.5422873900293255 0.708427734375 0.5493695014662757 0.690712890625 0.5645601173020528 0.679697265625 0.5873313782991202 0.69888671875 0.5932991202346041
0  0.658203125 0.6730205278592375 0.0625 0.11436950146627566 0.6394912109375 0.6557126099706745 0.6653876953125 0.6600337243401759 0.6481240234375 0.6859545454545455 0.63901171875 0.6945953079178886 0.662990234375 0.69891642228739
0  0.67138671875 0.45454545454545453 0.0498046875 0.07917888563049853 0.6598203125 0.4467565982404692 0.681640625 0.4502844574780059 0.6665341796875 0.46540469208211144 0.657470703125 0.4790146627565982 0.6719052734375 0.4805263929618768
0  0.64208984375 0.4039589442815249 0.0400390625 0.08064516129032258 -0.0009765625 -0.001466275659824047 -0.0009765625 -0.001466275659824047 -0.0009765625 -0.001466275659824047 -0.0009765625 -0.001466275659824047 -0.0009765625 -0.001466275659824047
0  0.77734375 0.2690615835777126 0.046875 0.0747800586510264 0.7674384765625 0.24853372434017595 0.79098046875 0.2541891495601173 0.7765419921875 0.26927126099706744 0.7661826171875 0.2829384164222874 0.78125 0.2867096774193548
0  0.77001953125 0.3687683284457478 0.0458984375 0.08651026392961877 0.755859375 0.3586876832844575 0.7760009765625 0.36088709677419356 0.76318359375 0.375733137829912 0.75732421875 0.3905791788856305 0.769775390625 0.3916788856304985
0  0.74365234375 0.27785923753665687 0.0341796875 0.0718475073313783 0.7347412109375 0.27758357771261 0.751525390625 0.27712609970674484 0.741455078125 0.2899560117302053 0.735046875 0.30461876832844575 0.7451171875 0.30141055718475074
0  0.79150390625 0.19281524926686217 0.0380859375 0.0689149560117302 0.778455078125 0.19134897360703812 0.795689453125 0.18827859237536657 0.786341796875 0.20143548387096774 0.78312890625 0.21152346041055717 0.7933525390625 0.2110850439882698
0  0.7705078125 0.1774193548387097 0.0390625 0.06744868035190615 -0.0009765625 -0.001466275659824047 -0.0009765625 -0.001466275659824047 -0.0009765625 -0.001466275659824047 -0.0009765625 -0.001466275659824047 -0.0009765625 -0.001466275659824047
0  0.74267578125 0.15102639296187684 0.0361328125 0.06744868035190615 0.7307734375 0.14008211143695015 0.7432421875 0.13965689149560118 0.7327578125 0.15667595307917886 0.7327578125 0.1656099706744868 0.7443759765625 0.1656099706744868
0  0.71484375 0.15835777126099707 0.03515625 0.06451612903225806 0.708984375 0.15249266862170088 0.724609375 0.15542521994134897 0.7158203125 0.16715542521994134 0.7080078125 0.17888563049853373 0.71875 0.18035190615835778
0  0.548828125 0.13049853372434017 0.03515625 0.06158357771260997 0.5436318359375 0.11989442815249267 0.559326171875 0.12460703812316716 0.5499091796875 0.1363900293255132 0.541015625 0.146208211143695 0.5530478515625 0.15131378299120235
0  0.58935546875 0.14442815249266863 0.0166015625 0.04838709677419355 0.5950927734375 0.14080791788856306 0.5975517578125 0.14080791788856306 0.598576171875 0.15034604105571847 0.593453125 0.15373020527859238 0.5952978515625 0.15373020527859238
0  0.662109375 0.17961876832844575 0.033203125 0.04838709677419355 -0.0009765625 -0.001466275659824047 -0.0009765625 -0.001466275659824047 -0.0009765625 -0.001466275659824047 -0.0009765625 -0.001466275659824047 -0.0009765625 -0.001466275659824047
0  0.7099609375 0.2719941348973607 0.0390625 0.0718475073313783 0.7008623046875 0.2660117302052786 0.7183095703125 0.267366568914956 0.70808203125 0.28181964809384163 0.6993583984375 0.29130498533724336 0.7137978515625 0.2908533724340176
0  0.6220703125 0.1810850439882698 0.041015625 0.06598240469208211 0.6148154296875 0.1811891495601173 0.6329521484375 0.18035190615835778 0.623744140625 0.19836656891495602 0.6176064453125 0.2071642228739003 0.6309990234375 0.20632551319648093
0  0.6162109375 0.25 0.048828125 0.08651026392961877 0.6036376953125 0.23936950146627567 0.623046875 0.23936950146627567 0.612060546875 0.24816715542521994 0.60400390625 0.26741202346041054 0.6219482421875 0.26796187683284456
0  0.53662109375 0.19208211143695014 0.0419921875 0.06158357771260997 0.527212890625 0.18825953079178886 0.5453232421875 0.18704105571847507 0.5358623046875 0.1959706744868035 0.5328896484375 0.20774046920821115 0.5439716796875 0.20774046920821115
0  0.52685546875 0.25513196480938416 0.0458984375 0.08211143695014662 0.5185546875 0.2404692082111437 0.5400390625 0.24780058651026393 0.5283203125 0.2536656891495601 0.517578125 0.2697947214076246 0.533203125 0.27419354838709675
0  0.646484375 0.2895894428152493 0.04296875 0.05718475073313783 0.635833984375 0.29091788856304984 0.6545107421875 0.2872067448680352 0.645447265625 0.2987536656891496 0.641052734375 0.3107126099706745 0.6514892578125 0.30906304985337246
0  0.6533203125 0.34457478005865105 0.046875 0.09090909090909091 0.639556640625 0.3409941348973607 0.6611767578125 0.34156304985337244 0.64941796875 0.3552316715542522 0.6425908203125 0.3671906158357771 0.656625 0.3683299120234604
0  0.55908203125 0.4120234604105572 0.0478515625 0.093841642228739 0.5443115234375 0.3987815249266862 0.5661318359375 0.39997214076246335 0.551849609375 0.41486510263929616 0.5447080078125 0.43332991202346044 0.56137109375 0.4351173020527859
0  0.5048828125 0.42302052785923755 0.048828125 0.10410557184750734 0.4900078125 0.4111598240469208 0.51093359375 0.4111598240469208 0.4974189453125 0.43079765395894426 0.4930595703125 0.45043401759530793 0.5074462890625 0.4510894428152492
0  0.55029296875 0.33284457478005863 0.0478515625 0.08504398826979472 0.540509765625 0.3215718475073314 0.56088671875 0.3242565982404692 0.548375 0.332307917888563 0.538365234375 0.3564618768328446 0.5551669921875 0.355925219941349
0  0.46435546875 0.2961876832844575 0.0517578125 0.08797653958944282 0.4604140625 0.28488269794721405 0.4782021484375 0.2982360703812317 0.4670849609375 0.30268768328445744 0.4530029296875 0.31492815249266864 0.4667138671875 0.3232741935483871
0  0.49560546875 0.26466275659824046 0.0263671875 0.060117302052785926 -0.0009765625 -0.001466275659824047 -0.0009765625 -0.001466275659824047 -0.0009765625 -0.001466275659824047 -0.0009765625 -0.001466275659824047 -0.0009765625 -0.001466275659824047
0  0.46875 0.20234604105571846 0.041015625 0.07331378299120235 0.4578681640625 0.19510557184750735 0.4764404296875 0.19603519061583577 0.46653515625 0.20812023460410556 0.458177734375 0.22159677419354837 0.47148828125 0.22159677419354837
0  0.4970703125 0.1935483870967742 0.03515625 0.05571847507331378 -0.0009765625 -0.001466275659824047 -0.0009765625 -0.001466275659824047 -0.0009765625 -0.001466275659824047 -0.0009765625 -0.001466275659824047 -0.0009765625 -0.001466275659824047
0  0.49560546875 0.07771260997067449 0.0341796875 0.06451612903225806 0.486197265625 0.06731818181818182 0.5032265625 0.06772434017595308 0.4921435546875 0.07989882697947213 0.4864677734375 0.09166862170087976 0.5002529296875 0.09207478005865102
0  0.38427734375 0.10483870967741936 0.0380859375 0.05718475073313783 -0.0009765625 -0.001466275659824047 -0.0009765625 -0.001466275659824047 -0.0009765625 -0.001466275659824047 -0.0009765625 -0.001466275659824047 -0.0009765625 -0.001466275659824047
0  0.39404296875 0.1774193548387097 0.0419921875 0.07038123167155426 0.3837890625 0.17155425219941348 0.3994140625 0.1744868035190616 0.390625 0.1906158357771261 0.38671875 0.2155425219941349 0.4013671875 0.2155425219941349
0  0.33447265625 0.1598240469208211 0.0419921875 0.07331378299120235 0.3203125 0.14809384164222875 0.341796875 0.15542521994134897 0.330078125 0.16715542521994134 0.3212890625 0.18328445747800587 0.3369140625 0.18475073313782991
0  0.26806640625 0.156158357771261 0.0361328125 0.06304985337243402 0.2596435546875 0.14830351906158357 0.2761318359375 0.15109824046920822 0.265228515625 0.15948387096774194 0.2628349609375 0.1782507331378299 0.271876953125 0.1782507331378299
0  0.39208984375 0.3489736070381232 0.0439453125 0.07331378299120235 0.37939453125 0.34888269794721405 0.4013671875 0.34750733137829914 0.390076171875 0.3612536656891496 0.3848876953125 0.3791231671554252 0.3958740234375 0.37958211143695014
0  0.4169921875 0.4186217008797654 0.0546875 0.08357771260997067 0.4053427734375 0.4037492668621701 0.4297568359375 0.4074149560117302 0.41650390625 0.4205073313782991 0.406041015625 0.43935923753665684 0.4241767578125 0.4409296187683284
0  0.3466796875 0.40175953079178883 0.037109375 0.06158357771260997 0.3372978515625 0.3987228739002932 0.356654296875 0.39911436950146634 0.34540625 0.41364662756598247 0.3388671875 0.4242507331378299 0.353515625 0.4246436950146628
0  0.24560546875 0.09897360703812316 0.0322265625 0.051319648093841645 0.237 0.08809384164222873 0.252912109375 0.09136656891495601 0.2435390625 0.09987683284457478 0.2372177734375 0.11100439882697948 0.246373046875 0.11231378299120234
0  0.1572265625 0.1217008797653959 0.03515625 0.06451612903225806 0.148498046875 0.11129912023460412 0.164154296875 0.11088709677419355 0.1556396484375 0.12160997067448681 0.14959765625 0.1360425219941349 0.162505859375 0.13480645161290322
0  0.25390625 0.14809384164222875 0.025390625 0.04105571847507331 -0.0009765625 -0.001466275659824047 -0.0009765625 -0.001466275659824047 -0.0009765625 -0.001466275659824047 -0.0009765625 -0.001466275659824047 -0.0009765625 -0.001466275659824047
0  0.2109375 0.15102639296187684 0.03125 0.06158357771260997 0.205021484375 0.14797653958944282 0.2178828125 0.14913489736070382 0.2104228515625 0.1595615835777126 0.2063076171875 0.1684442815249267 0.2163388671875 0.16921700879765397
0  0.18798828125 0.15542521994134897 0.0361328125 0.05278592375366569 -0.0009765625 -0.001466275659824047 -0.0009765625 -0.001466275659824047 -0.0009765625 -0.001466275659824047 -0.0009765625 -0.001466275659824047 -0.0009765625 -0.001466275659824047
0  0.18603515625 0.2118768328445748 0.0439453125 0.08064516129032258 0.1785537109375 0.20246334310850442 0.19827734375 0.20195307917888564 0.1907958984375 0.21267595307917886 0.1812744140625 0.23258797653958943 0.19895703125 0.23258797653958943
0  0.24755859375 0.20161290322580644 0.0419921875 0.08357771260997067 0.2371826171875 0.196841642228739 0.256251953125 0.1973709677419355 0.2460107421875 0.20744574780058653 0.239654296875 0.22388269794721405 0.2523671875 0.22388269794721405
0  0.1064453125 0.14076246334310852 0.029296875 0.04398826979472141 0.1029580078125 0.14171847507331378 0.114392578125 0.1408739002932551 0.1091435546875 0.14678445747800586 0.10558203125 0.15494721407624634 0.1130810546875 0.1546656891495601
0  0.1357421875 0.23826979472140764 0.04296875 0.08944281524926687 0.1259765625 0.22727272727272727 0.1455078125 0.2287390029325513 0.1357421875 0.24780058651026393 0.126953125 0.26099706744868034 0.1416015625 0.2624633431085044
0  0.0322265625 0.14882697947214077 0.0390625 0.060117302052785926 0.021484375 0.14809384164222875 0.0419921875 0.1495601173020528 0.03125 0.15689149560117302 0.0263671875 0.1744868035190616 0.0400390625 0.17595307917888564
0  0.0341796875 0.2280058651026393 0.046875 0.08064516129032258 0.0196005859375 0.21757184750733136 0.04034375 0.21808211143695014 0.02640234375 0.22625219941348973 0.0182412109375 0.24514369501466274 0.0379638671875 0.24514369501466274
0  0.22900390625 0.312316715542522 0.0380859375 0.08504398826979472 0.231017578125 0.30977712609970676 0.24102734375 0.3017258064516129 0.2478203125 0.31353372434017596 0.2428154296875 0.3398357771260997 0.2478203125 0.3366143695014663
0  0.20068359375 0.26392961876832843 0.0419921875 0.05571847507331378 -0.0009765625 -0.001466275659824047 -0.0009765625 -0.001466275659824047 -0.0009765625 -0.001466275659824047 -0.0009765625 -0.001466275659824047 -0.0009765625 -0.001466275659824047
0  0.1435546875 0.3343108504398827 0.03515625 0.05571847507331378 -0.0009765625 -0.001466275659824047 -0.0009765625 -0.001466275659824047 -0.0009765625 -0.001466275659824047 -0.0009765625 -0.001466275659824047 -0.0009765625 -0.001466275659824047
0  0.1220703125 0.3907624633431085 0.02734375 0.0689149560117302 -0.0009765625 -0.001466275659824047 -0.0009765625 -0.001466275659824047 -0.0009765625 -0.001466275659824047 -0.0009765625 -0.001466275659824047 -0.0009765625 -0.001466275659824047
0  0.0791015625 0.2829912023460411 0.0390625 0.07038123167155426 0.070609375 0.2655 0.08958203125 0.2681715542521994 0.077427734375 0.2766290322580645 0.0685341796875 0.2944340175953079 0.08424609375 0.2971041055718475
0  0.02197265625 0.3980938416422287 0.0439453125 0.09237536656891496 0.0065791015625 0.38527712609970677 0.0294716796875 0.387024926686217 0.016279296875 0.40566715542521997 0.009294921875 0.42314516129032254 0.0232626953125 0.42314516129032254
0  0.06982421875 0.4501466275659824 0.0478515625 0.0967741935483871 0.0546875 0.4472140762463343 0.076171875 0.4413489736070381 0.0654296875 0.46187683284457476 0.0615234375 0.48533724340175954 0.0791015625 0.47947214076246336
0  0.18994140625 0.46847507331378296 0.0458984375 0.11290322580645161 -0.0009765625 -0.001466275659824047 -0.0009765625 -0.001466275659824047 -0.0009765625 -0.001466275659824047 -0.0009765625 -0.001466275659824047 -0.0009765625 -0.001466275659824047
0  0.23095703125 0.40762463343108507 0.0517578125 0.09090909090909091 0.216552734375 0.39552785923753664 0.2391884765625 0.39610410557184744 0.2261435546875 0.4047448680351906 0.2169365234375 0.4300894428152493 0.2376533203125 0.4295146627565982
0  0.25244140625 0.4772727272727273 0.0537109375 0.08357771260997067 0.239240234375 0.47686656891495605 0.2639599609375 0.4784574780058651 0.247009765625 0.4906524926686217 0.237828125 0.49648533724340177 0.259015625 0.485350439882698
0  0.2890625 0.4530791788856305 0.033203125 0.07038123167155426 0.2827451171875 0.44873313782991203 0.2995908203125 0.45550733137829913 0.290265625 0.4645410557184751 0.2797373046875 0.4844149560117302 0.2983876953125 0.49073753665689146
0  0.30712890625 0.5366568914956011 0.0439453125 0.09970674486803519 -0.0009765625 -0.001466275659824047 -0.0009765625 -0.001466275659824047 -0.0009765625 -0.001466275659824047 -0.0009765625 -0.001466275659824047 -0.0009765625 -0.001466275659824047
0  0.23583984375 0.656158357771261 0.0712890625 0.13636363636363635 0.212908203125 0.6433284457478006 0.24973828125 0.6407360703812317 0.227294921875 0.6683856304985337 0.2203896484375 0.6882595307917888 0.2439833984375 0.6848035190615835
0  0.05419921875 0.6840175953079178 0.0634765625 0.1187683284457478 0.0368125 0.6720909090909091 0.065638671875 0.6765689149560118 0.0447646484375 0.6959706744868035 0.0368125 0.7176114369501466 0.059177734375 0.7183577712609971
0  0.16015625 0.7756598240469208 0.06640625 0.10850439882697947 -0.0009765625 -0.001466275659824047 -0.0009765625 -0.001466275659824047 -0.0009765625 -0.001466275659824047 -0.0009765625 -0.001466275659824047 -0.0009765625 -0.001466275659824047
0  0.494140625 0.7331378299120235 0.0703125 0.12609970674486803 0.47048046875 0.7133958944281525 0.498966796875 0.7149794721407624 0.4778662109375 0.7427008797653959 0.4710078125 0.7632947214076247 0.498966796875 0.7664633431085043
0  0.43359375 0.6832844574780058 0.0625 0.1378299120234604 0.412578125 0.6639149560117302 0.440390625 0.6711436950146628 0.4178125 0.6937390029325513 0.411826171875 0.7129618768328446 0.43607421875 0.7185777126099706
0  0.39208984375 0.6326979472140762 0.0322265625 0.08357771260997067 0.3820673828125 0.6094926686217008 0.3803017578125 0.6121436950146628 0.3711201171875 0.6222184750733138 0.3803017578125 0.636533724340176 0.377123046875 0.638124633431085
0  0.44775390625 0.5755131964809385 0.0634765625 0.13929618768328444 -0.0009765625 -0.001466275659824047 -0.0009765625 -0.001466275659824047 -0.0009765625 -0.001466275659824047 -0.0009765625 -0.001466275659824047 -0.0009765625 -0.001466275659824047
0  0.37646484375 0.4442815249266862 0.0322265625 0.05865102639296188 -0.0009765625 -0.001466275659824047 -0.0009765625 -0.001466275659824047 -0.0009765625 -0.001466275659824047 -0.0009765625 -0.001466275659824047 -0.0009765625 -0.001466275659824047
0  0.54150390625 0.018328445747800588 0.0107421875 0.021994134897360705 -0.0009765625 -0.001466275659824047 -0.0009765625 -0.001466275659824047 -0.0009765625 -0.001466275659824047 -0.0009765625 -0.001466275659824047 -0.0009765625 -0.001466275659824047
0  0.37841796875 0.050586510263929615 0.0107421875 0.013196480938416423 -0.0009765625 -0.001466275659824047 -0.0009765625 -0.001466275659824047 -0.0009765625 -0.001466275659824047 -0.0009765625 -0.001466275659824047 -0.0009765625 -0.001466275659824047
