0  0.037109375 0.4349157733537519 0.04296875 0.08575803981623277 0.025255859375 0.4228085758039816 0.047642578125 0.4233476263399694 0.037654296875 0.4449525267993874 0.02869921875 0.456833078101072 0.04488671875 0.4562940275650842
0  0.43603515625 0.7993874425727412 0.0791015625 0.14701378254211334 0.422009765625 0.7875467075038285 0.4643857421875 0.7773935681470138 0.450849609375 0.8281562021439509 0.428484375 0.8576891271056662 0.457912109375 0.8493828483920368
0  0.53125 0.5535987748851455 0.068359375 0.14854517611026033 0.5230537109375 0.5416753445635528 0.55269921875 0.527728943338438 0.5491416015625 0.5556217457886677 0.5325400390625 0.6039709035222052 0.5592216796875 0.5918836140888208
0  0.76123046875 0.7258805513016845 0.0771484375 0.13476263399693722 0.7585625 0.7182787136294028 0.793439453125 0.6883675344563553 0.79289453125 0.7208422664624808 0.790169921875 0.7439157733537519 0.8021591796875 0.7353690658499235
0  0.94873046875 0.6470137825421133 0.0771484375 0.14854517611026033 0.935966796875 0.6348545176110261 0.97150390625 0.6269984686064318 0.9630859375 0.6643032159264931 0.941279296875 0.6902297090352221 0.971884765625 0.6839509954058193
0  0.75146484375 0.5819295558958653 0.0576171875 0.11026033690658499 0.7509765625 0.5747993874425728 0.7760751953125 0.5685849923430322 0.7769560546875 0.6072526799387442 0.7575810546875 0.6155375191424196 0.77959765625 0.6141577335375191
0  0.57373046875 0.38208269525267996 0.0322265625 0.05359877488514548 0.574767578125 0.37345482388973966 0.5863212890625 0.37071975497702914 0.583705078125 0.3782404287901991 0.57891015625 0.39191424196018376 0.5878466796875 0.38952067381316996
0  0.822265625 0.48162327718223585 0.04296875 0.09341500765696784 -0.0009765625 -0.0015313935681470138 -0.0009765625 -0.0015313935681470138 -0.0009765625 -0.0015313935681470138 -0.0009765625 -0.0015313935681470138 -0.0009765625 -0.0015313935681470138
0  0.04345703125 0.28483920367534454 0.0244140625 0.039816232771822356 0.0373046875 0.27626339969372127 0.048671875 0.2729249617151608 0.04388671875 0.281531393568147 0.040771484375 0.29290964777947937 0.049755859375 0.29024502297090354
0  0.31396484375 0.34839203675344566 0.0244140625 0.06278713629402756 0.3170166015625 0.34128177641653906 0.32207421875 0.3373169984686064 0.3251083984375 0.3507978560490046 0.319544921875 0.3654701378254211 0.3218212890625 0.36467687595712095
0  0.35009765625 0.276416539050536 0.0205078125 0.04134762633996937 0.3451884765625 0.2716171516079633 0.35283984375 0.2716171516079633 0.349099609375 0.2780168453292496 0.3453583984375 0.28574885145482387 0.3540302734375 0.28628177641653907
0  0.275390625 0.2894333843797856 0.01953125 0.042879019908116385 0.2754599609375 0.29244104134762633 0.2841796875 0.2916217457886677 0.28173828125 0.297364471669219 0.27685546875 0.30474732006125577 0.28365625 0.30420061255742725
0  0.36474609375 0.277947932618683 0.0087890625 0.03522205206738132 -0.0009765625 -0.0015313935681470138 -0.0009765625 -0.0015313935681470138 -0.0009765625 -0.0015313935681470138 -0.0009765625 -0.0015313935681470138 -0.0009765625 -0.0015313935681470138
0  0.38525390625 0.24655436447166923 0.0087890625 0.021439509954058193 0.3854287109375 0.24310872894333843 0.3890908203125 0.24338284839203675 0.3876953125 0.24734762633996937 0.3854287109375 0.24967228177641654 0.3887412109375 0.250218989280245
0  0.31591796875 0.22741194486983154 0.0068359375 0.010719754977029096 -0.0009765625 -0.0015313935681470138 -0.0009765625 -0.0015313935681470138 -0.0009765625 -0.0015313935681470138 -0.0009765625 -0.0015313935681470138 -0.0009765625 -0.0015313935681470138
0  0.75927734375 0.17381316998468607 0.0107421875 0.019908116385911178 -0.0009765625 -0.0015313935681470138 -0.0009765625 -0.0015313935681470138 -0.0009765625 -0.0015313935681470138 -0.0009765625 -0.0015313935681470138 -0.0009765625 -0.0015313935681470138
0  0.88330078125 0.20597243491577336 0.0087890625 0.016845329249617153 -0.0009765625 -0.0015313935681470138 -0.0009765625 -0.0015313935681470138 -0.0009765625 -0.0015313935681470138 -0.0009765625 -0.0015313935681470138 -0.0009765625 -0.0015313935681470138
0  0.771484375 0.30398162327718226 0.013671875 0.02909647779479326 -0.0009765625 -0.0015313935681470138 -0.0009765625 -0.0015313935681470138 -0.0009765625 -0.0015313935681470138 -0.0009765625 -0.0015313935681470138 -0.0009765625 -0.0015313935681470138
0  0.7939453125 0.3009188361408882 0.017578125 0.03522205206738132 -0.0009765625 -0.0015313935681470138 -0.0009765625 -0.0015313935681470138 -0.0009765625 -0.0015313935681470138 -0.0009765625 -0.0015313935681470138 -0.0009765625 -0.0015313935681470138
0  0.404296875 0.25114854517611024 0.0078125 0.018376722817764167 -0.0009765625 -0.0015313935681470138 -0.0009765625 -0.0015313935681470138 -0.0009765625 -0.0015313935681470138 -0.0009765625 -0.0015313935681470138 -0.0009765625 -0.0015313935681470138
0  0.48388671875 0.2679938744257274 0.0126953125 0.018376722817764167 -0.0009765625 -0.0015313935681470138 -0.0009765625 -0.0015313935681470138 -0.0009765625 -0.0015313935681470138 -0.0009765625 -0.0015313935681470138 -0.0009765625 -0.0015313935681470138
0  0.32275390625 0.22434915773353753 0.0048828125 0.010719754977029096 -0.0009765625 -0.0015313935681470138 -0.0009765625 -0.0015313935681470138 -0.0009765625 -0.0015313935681470138 -0.0009765625 -0.0015313935681470138 -0.0009765625 -0.0015313935681470138
0  0.32763671875 0.2228177641653905 0.0029296875 0.007656967840735069 -0.0009765625 -0.0015313935681470138 -0.0009765625 -0.0015313935681470138 -0.0009765625 -0.0015313935681470138 -0.0009765625 -0.0015313935681470138 -0.0009765625 -0.0015313935681470138
0  0.3095703125 0.22358346094946402 0.00390625 0.006125574272588055 -0.0009765625 -0.0015313935681470138 -0.0009765625 -0.0015313935681470138 -0.0009765625 -0.0015313935681470138 -0.0009765625 -0.0015313935681470138 -0.0009765625 -0.0015313935681470138
0  0.36962890625 0.23966309341500766 0.0048828125 0.010719754977029096 -0.0009765625 -0.0015313935681470138 -0.0009765625 -0.0015313935681470138 -0.0009765625 -0.0015313935681470138 -0.0009765625 -0.0015313935681470138 -0.0009765625 -0.0015313935681470138
0  0.36865234375 0.26875957120980093 0.0068359375 0.016845329249617153 -0.0009765625 -0.0015313935681470138 -0.0009765625 -0.0015313935681470138 -0.0009765625 -0.0015313935681470138 -0.0009765625 -0.0015313935681470138 -0.0009765625 -0.0015313935681470138
0  0.2333984375 0.29249617151607965 0.013671875 0.027565084226646247 -0.0009765625 -0.0015313935681470138 -0.0009765625 -0.0015313935681470138 -0.0009765625 -0.0015313935681470138 -0.0009765625 -0.0015313935681470138 -0.0009765625 -0.0015313935681470138
0  0.06396484375 0.25880551301684535 0.0087890625 0.018376722817764167 -0.0009765625 -0.0015313935681470138 -0.0009765625 -0.0015313935681470138 -0.0009765625 -0.0015313935681470138 -0.0009765625 -0.0015313935681470138 -0.0009765625 -0.0015313935681470138
0  0.59423828125 0.25344563552833077 0.0068359375 0.013782542113323124 -0.0009765625 -0.0015313935681470138 -0.0009765625 -0.0015313935681470138 -0.0009765625 -0.0015313935681470138 -0.0009765625 -0.0015313935681470138 -0.0009765625 -0.0015313935681470138
0  0.47802734375 0.2304747320061256 0.0029296875 0.004594180704441042 -0.0009765625 -0.0015313935681470138 -0.0009765625 -0.0015313935681470138 -0.0009765625 -0.0015313935681470138 -0.0009765625 -0.0015313935681470138 -0.0009765625 -0.0015313935681470138
0  0.8212890625 0.333843797856049 0.033203125 0.05819295558958652 0.82080078125 0.31615773353751914 0.83015234375 0.3150290964777948 0.83326953125 0.32443032159264934 0.82391796875 0.33984686064318526 0.8320703125 0.33871822358346093
0  0.84130859375 0.3169984686064318 0.0166015625 0.033690658499234305 -0.0009765625 -0.0015313935681470138 -0.0009765625 -0.0015313935681470138 -0.0009765625 -0.0015313935681470138 -0.0009765625 -0.0015313935681470138 -0.0009765625 -0.0015313935681470138
0  0.29443359375 0.23583460949464014 0.0068359375 0.015313935681470138 -0.0009765625 -0.0015313935681470138 -0.0009765625 -0.0015313935681470138 -0.0009765625 -0.0015313935681470138 -0.0009765625 -0.0015313935681470138 -0.0009765625 -0.0015313935681470138
0  0.30126953125 0.22358346094946402 0.0048828125 0.009188361408882083 -0.0009765625 -0.0015313935681470138 -0.0009765625 -0.0015313935681470138 -0.0009765625 -0.0015313935681470138 -0.0009765625 -0.0015313935681470138 -0.0009765625 -0.0015313935681470138
0  0.36083984375 0.23124042879019907 0.0048828125 0.009188361408882083 -0.0009765625 -0.0015313935681470138 -0.0009765625 -0.0015313935681470138 -0.0009765625 -0.0015313935681470138 -0.0009765625 -0.0015313935681470138 -0.0009765625 -0.0015313935681470138
0  0.33984375 0.23200612557427258 0.0078125 0.013782542113323124 -0.0009765625 -0.0015313935681470138 -0.0009765625 -0.0015313935681470138 -0.0009765625 -0.0015313935681470138 -0.0009765625 -0.0015313935681470138 -0.0009765625 -0.0015313935681470138
0  0.08447265625 0.8238897396630934 0.1259765625 0.23889739663093415 0.06351171875 0.8051577335375192 0.1141142578125 0.7841960183767229 0.0940634765625 0.8410903522205206 0.087380859375 0.8860061255742726 0.1160234375 0.8695375191424196
