0  0.0830078125 0.4750430292598967 0.107421875 0.22030981067125646 0.0620029296875 0.436631669535284 0.1109267578125 0.4352409638554217 0.09356640625 0.464447504302926 0.0691044921875 0.5214681583476765 0.1101376953125 0.5214681583476765
0  0.19921875 0.49569707401032703 0.08203125 0.1514629948364888 0.1818369140625 0.48235111876075726 0.221619140625 0.4756265060240964 0.206359375 0.4967573149741824 0.19328125 0.5361376936316695 0.2199833984375 0.5370981067125645
0  0.3642578125 0.6695352839931153 0.103515625 0.1686746987951807 0.3488291015625 0.6320378657487091 0.389103515625 0.6297487091222032 0.3754619140625 0.6618055077452668 0.3553251953125 0.7076006884681583 0.393650390625 0.7018760757314975
0  0.6064453125 0.5834767641996558 0.091796875 0.1686746987951807 0.6205009765625 0.4982409638554217 0.648982421875 0.4993080895008606 0.635650390625 0.5238743545611015 0.62413671875 0.5430981067125645 0.644134765625 0.5420309810671257
0  0.8642578125 0.5679862306368331 0.111328125 0.1927710843373494 0.85464453125 0.5423838209982789 0.8946533203125 0.5263012048192771 0.889740234375 0.5683631669535284 0.873595703125 0.6128984509466437 0.9058837890625 0.5992908777969018
0  0.6943359375 0.5180722891566265 0.080078125 0.16179001721170397 0.6741328125 0.47020309810671257 0.711822265625 0.47735628227194493 0.693267578125 0.49166265060240966 0.6677548828125 0.5407160068846816 0.71240234375 0.5509363166953528
0  0.4189453125 0.6144578313253012 0.064453125 0.17555938037865748 -0.0009765625 -0.0017211703958691911 -0.0009765625 -0.0017211703958691911 -0.0009765625 -0.0017211703958691911 -0.0009765625 -0.0017211703958691911 -0.0009765625 -0.0017211703958691911
0  0.427734375 0.5025817555938038 0.0703125 0.1514629948364888 0.4111328125 0.4853700516351119 0.4462890625 0.4905335628227194 0.4267578125 0.5094664371772806 0.41796875 0.5542168674698795 0.4404296875 0.5559380378657487
0  0.33984375 0.5834767641996558 0.11328125 0.21686746987951808 0.347072265625 0.6370172117039588 0.39028515625 0.6315765920826162 0.3771669921875 0.6628588640275387 0.350158203125 0.7063786574870913 0.398001953125 0.7022994836488813
0  0.5166015625 0.47676419965576594 0.060546875 0.14802065404475043 0.5078125 0.45611015490533563 0.53515625 0.45438898450946646 0.5244140625 0.47332185886402756 0.51953125 0.4939759036144578 0.53125 0.4905335628227194
0  0.6328125 0.53184165232358 0.078125 0.20309810671256454 -0.0009765625 -0.0017211703958691911 -0.0009765625 -0.0017211703958691911 -0.0009765625 -0.0017211703958691911 -0.0009765625 -0.0017211703958691911 -0.0009765625 -0.0017211703958691911
0  0.77734375 0.5008605851979346 0.078125 0.16179001721170397 0.761779296875 0.4785387263339071 0.801208984375 0.4764956970740103 0.790771484375 0.5 0.772216796875 0.5449655765920827 0.8023681640625 0.5439432013769363
0  0.951171875 0.5989672977624785 0.078125 0.1927710843373494 0.9395400390625 0.5763924268502582 0.9634970703125 0.5775989672977624 0.9518603515625 0.5993132530120482 0.9457001953125 0.6391222030981066 0.971025390625 0.6463614457831325
0  0.279296875 0.6626506024096386 0.0859375 0.18244406196213425 0.259970703125 0.6423270223752151 0.2943984375 0.6251531841652324 0.286603515625 0.6617900172117039 0.2762099609375 0.7064406196213425 0.299595703125 0.6984268502581755
0  0.1806640625 0.6729776247848537 0.091796875 0.20309810671256454 0.1597900390625 0.645170395869191 0.19328125 0.6426041308089501 0.1743515625 0.6721170395869192 0.1656142578125 0.6964974182444063 0.183087890625 0.6952151462994837
