0  0.06201171875 0.21736111111111112 0.0439453125 0.05694444444444444 0.0509208984375 0.2079361111111111 0.0693359375 0.20039722222222223 0.0665458984375 0.2174597222222222 0.061802734375 0.23095277777777778 0.0737998046875 0.22539722222222222
0  0.07666015625 0.12083333333333333 0.0302734375 0.05 0.072998046875 0.11502916666666667 0.080025390625 0.1140625 0.0775322265625 0.1234125 0.0741318359375 0.13340833333333332 0.0813857421875 0.13244027777777778
0  0.14599609375 0.2388888888888889 0.0498046875 0.06666666666666667 0.1273017578125 0.22748055555555555 0.14456640625 0.21765833333333334 0.13671875 0.23819444444444443 0.1373466796875 0.2515875 0.1514716796875 0.2471236111111111
0  0.173828125 0.1625 0.025390625 0.041666666666666664 -0.0009765625 -0.001388888888888889 -0.0009765625 -0.001388888888888889 -0.0009765625 -0.001388888888888889 -0.0009765625 -0.001388888888888889 -0.0009765625 -0.001388888888888889
0  0.2451171875 0.24444444444444444 0.03125 0.03888888888888889 -0.0009765625 -0.001388888888888889 -0.0009765625 -0.001388888888888889 -0.0009765625 -0.001388888888888889 -0.0009765625 -0.001388888888888889 -0.0009765625 -0.001388888888888889
0  0.32275390625 0.20416666666666666 0.0341796875 0.05277777777777778 0.3088642578125 0.1923986111111111 0.3229892578125 0.1877111111111111 0.31475 0.2064611111111111 0.3131015625 0.21617083333333334 0.3203994140625 0.21516666666666664
0  0.23046875 0.3506944444444444 0.052734375 0.0763888888888889 -0.0009765625 -0.001388888888888889 -0.0009765625 -0.001388888888888889 -0.0009765625 -0.001388888888888889 -0.0009765625 -0.001388888888888889 -0.0009765625 -0.001388888888888889
0  0.36279296875 0.29305555555555557 0.0400390625 0.044444444444444446 0.3506728515625 0.2851930555555556 0.3650859375 0.28231666666666666 0.3575 0.30065694444444446 0.3587646484375 0.3056916666666667 0.3719130859375 0.30389444444444447
0  0.330078125 0.5784722222222223 0.111328125 0.20972222222222223 0.34394140625 0.5567458333333334 0.3587294921875 0.5436013888888889 0.378138671875 0.5698902777777778 0.356880859375 0.6343000000000001 0.3661240234375 0.6224708333333333
0  0.08935546875 0.3798611111111111 0.0693359375 0.14027777777777778 0.0993916015625 0.3592888888888889 0.1136298828125 0.35136388888888886 0.12105859375 0.37777777777777777 0.106201171875 0.4085944444444444 0.1111533203125 0.4068333333333334
0  0.40966796875 0.33055555555555555 0.0400390625 0.07222222222222222 0.41192578125 0.3021083333333333 0.4138623046875 0.30165 0.3993447265625 0.3342263888888889 0.4016025390625 0.34753194444444446 0.413216796875 0.3447791666666667
0  0.49658203125 0.14791666666666667 0.0283203125 0.04027777777777778 -0.0009765625 -0.001388888888888889 -0.0009765625 -0.001388888888888889 -0.0009765625 -0.001388888888888889 -0.0009765625 -0.001388888888888889 -0.0009765625 -0.001388888888888889
0  0.58642578125 0.19791666666666666 0.0380859375 0.06805555555555555 0.572701171875 0.176525 0.58864453125 0.17951944444444443 0.573001953125 0.1867930555555556 0.570896484375 0.20433472222222224 0.5817265625 0.20604583333333334
0  0.64111328125 0.22777777777777777 0.0576171875 0.11388888888888889 0.619568359375 0.22066527777777775 0.6321015625 0.2192402777777778 0.621072265625 0.2548916666666666 0.634107421875 0.25845694444444445 0.6416279296875 0.25560555555555553
0  0.45361328125 0.4840277777777778 0.0537109375 0.1125 -0.0009765625 -0.001388888888888889 -0.0009765625 -0.001388888888888889 -0.0009765625 -0.001388888888888889 -0.0009765625 -0.001388888888888889 -0.0009765625 -0.001388888888888889
0  0.71728515625 0.47708333333333336 0.0849609375 0.1625 0.684623046875 0.4438486111111111 0.7153671875 0.4621527777777778 0.685337890625 0.49367500000000003 0.685337890625 0.5018111111111111 0.71751171875 0.5119791666666667
0  0.685546875 0.7986111111111112 0.07421875 0.11388888888888889 -0.0009765625 -0.001388888888888889 -0.0009765625 -0.001388888888888889 -0.0009765625 -0.001388888888888889 -0.0009765625 -0.001388888888888889 -0.0009765625 -0.001388888888888889
0  0.8037109375 0.31666666666666665 0.072265625 0.11388888888888889 0.776650390625 0.2845986111111111 0.8007158203125 0.28745 0.7776533203125 0.31098055555555554 0.7796591796875 0.33451111111111115 0.7972060546875 0.33451111111111115
0  0.9248046875 0.48541666666666666 0.0703125 0.09583333333333334 0.9025703125 0.4290680555555555 0.9225810546875 0.4404513888888889 0.8918984375 0.47460277777777776 0.892787109375 0.4878847222222222 0.912353515625 0.5011652777777778
0  0.986328125 0.30277777777777776 0.02734375 0.08611111111111111 0.9764140625 0.2761472222222222 0.998142578125 0.2766986111111111 0.975638671875 0.3042902777777778 0.9802939453125 0.3247083333333333 0.9989189453125 0.3302263888888889
0  0.9921875 0.1388888888888889 0.015625 0.05277777777777778 0.9907138671875 0.1252361111111111 1.0019833984375 0.12489444444444445 0.9969482421875 0.1327375 0.9919130859375 0.1436513888888889 1.0022236328125 0.1436513888888889
0  0.8876953125 0.125 0.021484375 0.03333333333333333 -0.0009765625 -0.001388888888888889 -0.0009765625 -0.001388888888888889 -0.0009765625 -0.001388888888888889 -0.0009765625 -0.001388888888888889 -0.0009765625 -0.001388888888888889
0  0.7919921875 0.1736111111111111 0.04296875 0.05555555555555555 -0.0009765625 -0.001388888888888889 -0.0009765625 -0.001388888888888889 -0.0009765625 -0.001388888888888889 -0.0009765625 -0.001388888888888889 -0.0009765625 -0.001388888888888889
0  0.666015625 0.10416666666666667 0.0234375 0.03333333333333333 -0.0009765625 -0.001388888888888889 -0.0009765625 -0.001388888888888889 -0.0009765625 -0.001388888888888889 -0.0009765625 -0.001388888888888889 -0.0009765625 -0.001388888888888889
0  0.7568359375 0.16458333333333333 0.017578125 0.029166666666666667 -0.0009765625 -0.001388888888888889 -0.0009765625 -0.001388888888888889 -0.0009765625 -0.001388888888888889 -0.0009765625 -0.001388888888888889 -0.0009765625 -0.001388888888888889
0  0.52294921875 0.3541666666666667 0.0576171875 0.058333333333333334 -0.0009765625 -0.001388888888888889 -0.0009765625 -0.001388888888888889 -0.0009765625 -0.001388888888888889 -0.0009765625 -0.001388888888888889 -0.0009765625 -0.001388888888888889
0  0.5224609375 0.25972222222222224 0.033203125 0.03888888888888889 -0.0009765625 -0.001388888888888889 -0.0009765625 -0.001388888888888889 -0.0009765625 -0.001388888888888889 -0.0009765625 -0.001388888888888889 -0.0009765625 -0.001388888888888889
0  0.01220703125 0.22847222222222222 0.0244140625 0.0625 -0.0009765625 -0.001388888888888889 -0.0009765625 -0.001388888888888889 -0.0009765625 -0.001388888888888889 -0.0009765625 -0.001388888888888889 -0.0009765625 -0.001388888888888889
