0  0.99267578125 0.9375 0.0146484375 0.046875 -0.0009765625 -0.0015625 -0.0009765625 -0.0015625 -0.0009765625 -0.0015625 -0.0009765625 -0.0015625 -0.0009765625 -0.0015625
0  0.9619140625 0.90703125 0.01953125 0.0453125 -0.0009765625 -0.0015625 -0.0009765625 -0.0015625 -0.0009765625 -0.0015625 -0.0009765625 -0.0015625 -0.0009765625 -0.0015625
0  0.88330078125 0.875 0.0224609375 0.046875 0.891173828125 0.8667203125 0.892673828125 0.8670203125 0.892861328125 0.8757187500000001 0.8877998046875 0.8934156249999999 0.8894873046875 0.8934156249999999
0  0.8447265625 0.96328125 0.025390625 0.0453125 -0.0009765625 -0.0015625 -0.0009765625 -0.0015625 -0.0009765625 -0.0015625 -0.0009765625 -0.0015625 -0.0009765625 -0.0015625
0  0.85400390625 0.928125 0.0224609375 0.05 -0.0009765625 -0.0015625 -0.0009765625 -0.0015625 -0.0009765625 -0.0015625 -0.0009765625 -0.0015625 -0.0009765625 -0.0015625
0  0.92578125 0.96796875 0.025390625 0.0546875 -0.0009765625 -0.0015625 -0.0009765625 -0.0015625 -0.0009765625 -0.0015625 -0.0009765625 -0.0015625 -0.0009765625 -0.0015625
0  0.7119140625 0.90703125 0.029296875 0.0578125 0.710501953125 0.8973359375 0.72066796875 0.8880921875000001 0.7225166015625 0.9025109375 0.716740234375 0.921365625 0.7245966796875 0.9154500000000001
0  0.67236328125 0.8375 0.0244140625 0.053125 0.674224609375 0.8254390624999999 0.677001953125 0.8213374999999999 0.6823427734375 0.8254390624999999 0.6774296875 0.8432124999999999 0.6795654296875 0.839453125
0  0.646484375 0.76328125 0.025390625 0.0546875 0.6526796875 0.7542 0.654388671875 0.752490625 0.659728515625 0.7593265625 0.659087890625 0.770946875 0.660583984375 0.769921875
0  0.74609375 0.74140625 0.021484375 0.0484375 0.752423828125 0.7381703125 0.7547255859375 0.7366343750000001 0.7568359375 0.7440015625 0.7537666015625 0.7541296875 0.7554931640625 0.7522875
0  0.80517578125 0.76796875 0.0205078125 0.0515625 -0.0009765625 -0.0015625 -0.0009765625 -0.0015625 -0.0009765625 -0.0015625 -0.0009765625 -0.0015625 -0.0009765625 -0.0015625
0  0.8681640625 0.7375 0.025390625 0.05 -0.0009765625 -0.0015625 -0.0009765625 -0.0015625 -0.0009765625 -0.0015625 -0.0009765625 -0.0015625 -0.0009765625 -0.0015625
0  0.83544921875 0.67421875 0.0322265625 0.0546875 0.832916015625 0.667815625 0.8447001953125 0.6663921875 0.8420322265625 0.6770640625000001 0.8378076171875 0.6863140624999999 0.8458125 0.685246875
0  0.84326171875 0.571875 0.0244140625 0.053125 0.84228515625 0.56118125 0.8516845703125 0.560840625 0.8493349609375 0.572803125 0.843353515625 0.5851078125 0.850189453125 0.5851078125
0  0.951171875 0.58046875 0.025390625 0.0453125 -0.0009765625 -0.0015625 -0.0009765625 -0.0015625 -0.0009765625 -0.0015625 -0.0009765625 -0.0015625 -0.0009765625 -0.0015625
0  0.9189453125 0.70234375 0.0234375 0.0515625 0.9243603515625 0.6957875 0.9305771484375 0.6941828125 0.9317802734375 0.7089421875 0.9249619140625 0.7179265625 0.9305771484375 0.7179265625
0  0.53515625 0.84453125 0.029296875 0.0640625 -0.0009765625 -0.0015625 -0.0009765625 -0.0015625 -0.0009765625 -0.0015625 -0.0009765625 -0.0015625 -0.0009765625 -0.0015625
0  0.58837890625 0.79296875 0.0224609375 0.0546875 0.5944296875 0.7831187500000001 0.5987900390625 0.7827703125000001 0.60009765625 0.794628125 0.597263671875 0.80439375 0.60009765625 0.8040453125000001
0  0.61181640625 0.88359375 0.0224609375 0.0515625 -0.0009765625 -0.0015625 -0.0009765625 -0.0015625 -0.0009765625 -0.0015625 -0.0009765625 -0.0015625 -0.0009765625 -0.0015625
0  0.4287109375 0.87265625 0.02734375 0.0578125 -0.0009765625 -0.0015625 -0.0009765625 -0.0015625 -0.0009765625 -0.0015625 -0.0009765625 -0.0015625 -0.0009765625 -0.0015625
0  0.4951171875 0.9671875 0.033203125 0.065625 -0.0009765625 -0.0015625 -0.0009765625 -0.0015625 -0.0009765625 -0.0015625 -0.0009765625 -0.0015625 -0.0009765625 -0.0015625
0  0.32177734375 0.9265625 0.0283203125 0.053125 -0.0009765625 -0.0015625 -0.0009765625 -0.0015625 -0.0009765625 -0.0015625 -0.0009765625 -0.0015625 -0.0009765625 -0.0015625
0  0.32763671875 0.8765625 0.0283203125 0.053125 -0.0009765625 -0.0015625 -0.0009765625 -0.0015625 -0.0009765625 -0.0015625 -0.0009765625 -0.0015625 -0.0009765625 -0.0015625
0  0.25732421875 0.84296875 0.0283203125 0.0484375 0.260009765625 0.8375843749999999 0.265572265625 0.8323656250000001 0.2684501953125 0.8388109375000001 0.26461328125 0.8602953125000001 0.2686416015625 0.8559984375
0  0.22802734375 0.92265625 0.0224609375 0.0515625 0.2357353515625 0.9142093750000001 0.23614453125 0.9142093750000001 0.2400380859375 0.9227328124999999 0.234095703125 0.9302734375 0.234505859375 0.9302734375
0  0.169921875 0.9015625 0.025390625 0.059375 0.17495703125 0.8881203125000001 0.17423828125 0.8881203125000001 0.1847880859375 0.8988625000000001 0.1768759765625 0.9168937500000001 0.17615625 0.9168937500000001
0  0.1982421875 0.76015625 0.025390625 0.0453125 -0.0009765625 -0.0015625 -0.0009765625 -0.0015625 -0.0009765625 -0.0015625 -0.0009765625 -0.0015625 -0.0009765625 -0.0015625
0  0.3076171875 0.671875 0.025390625 0.046875 -0.0009765625 -0.0015625 -0.0009765625 -0.0015625 -0.0009765625 -0.0015625 -0.0009765625 -0.0015625 -0.0009765625 -0.0015625
0  0.3291015625 0.66640625 0.021484375 0.0421875 0.3294638671875 0.661509375 0.337625 0.656340625 0.33796484375 0.6691265625 0.332013671875 0.6810968749999999 0.340685546875 0.6726625
0  0.4716796875 0.73828125 0.025390625 0.0453125 0.4708251953125 0.734278125 0.478515625 0.726953125 0.477599609375 0.7416015625 0.4752197265625 0.7530281249999999 0.4774169921875 0.750096875
0  0.3916015625 0.74296875 0.02734375 0.0484375 0.3948408203125 0.7313546875 0.40170703125 0.7291578125 0.403080078125 0.7382609375 0.397783203125 0.750815625 0.403080078125 0.7498750000000001
0  0.6220703125 0.6890625 0.025390625 0.053125 -0.0009765625 -0.0015625 -0.0009765625 -0.0015625 -0.0009765625 -0.0015625 -0.0009765625 -0.0015625 -0.0009765625 -0.0015625
0  0.4814453125 0.6265625 0.0234375 0.040625 -0.0009765625 -0.0015625 -0.0009765625 -0.0015625 -0.0009765625 -0.0015625 -0.0009765625 -0.0015625 -0.0009765625 -0.0015625
0  0.44921875 0.6390625 0.021484375 0.046875 -0.0009765625 -0.0015625 -0.0009765625 -0.0015625 -0.0009765625 -0.0015625 -0.0009765625 -0.0015625 -0.0009765625 -0.0015625
0  0.298828125 0.76953125 0.025390625 0.0453125 0.29976953125 0.76310625 0.30584765625 0.7573875 0.3115673828125 0.7682546875 0.30584765625 0.7842703125 0.309779296875 0.7794078125
0  0.361328125 0.82734375 0.029296875 0.0546875 0.3595322265625 0.8160999999999999 0.3665078125 0.807728125 0.3699951171875 0.815053125 0.3682509765625 0.8359796875000001 0.3706494140625 0.8314453125
0  0.244140625 0.62578125 0.025390625 0.0546875 0.2488837890625 0.6148859375 0.2538974609375 0.6134906250000001 0.2560771484375 0.6232562500000001 0.249755859375 0.6333703125000001 0.25476953125 0.632325
0  0.36083984375 0.64140625 0.0244140625 0.0578125 -0.0009765625 -0.0015625 -0.0009765625 -0.0015625 -0.0009765625 -0.0015625 -0.0009765625 -0.0015625 -0.0009765625 -0.0015625
0  0.3359375 0.6078125 0.02734375 0.05625 -0.0009765625 -0.0015625 -0.0009765625 -0.0015625 -0.0009765625 -0.0015625 -0.0009765625 -0.0015625 -0.0009765625 -0.0015625
0  0.4033203125 0.59609375 0.021484375 0.0453125 -0.0009765625 -0.0015625 -0.0009765625 -0.0015625 -0.0009765625 -0.0015625 -0.0009765625 -0.0015625 -0.0009765625 -0.0015625
0  0.44140625 0.58203125 0.01953125 0.0484375 -0.0009765625 -0.0015625 -0.0009765625 -0.0015625 -0.0009765625 -0.0015625 -0.0009765625 -0.0015625 -0.0009765625 -0.0015625
0  0.486328125 0.6078125 0.0234375 0.046875 0.478515625 0.62295 0.48876953125 0.62295 0.4862060546875 0.62705 0.480896484375 0.637890625 0.4876708984375 0.637890625
0  0.1728515625 0.68984375 0.025390625 0.0546875 0.1778125 0.6834828125 0.1782490234375 0.682784375 0.1854423828125 0.6894109375 0.1799921875 0.702315625 0.1804287109375 0.70126875
0  0.18994140625 0.59296875 0.0244140625 0.0484375 -0.0009765625 -0.0015625 -0.0009765625 -0.0015625 -0.0009765625 -0.0015625 -0.0009765625 -0.0015625 -0.0009765625 -0.0015625
0  0.208984375 0.57109375 0.0234375 0.0453125 -0.0009765625 -0.0015625 -0.0009765625 -0.0015625 -0.0009765625 -0.0015625 -0.0009765625 -0.0015625 -0.0009765625 -0.0015625
0  0.841796875 0.50859375 0.021484375 0.0421875 0.8403232421875 0.5051625 0.845458984375 0.503571875 0.8467841796875 0.50966875 0.841814453125 0.51815 0.8467841796875 0.517090625
0  0.86962890625 0.48984375 0.0185546875 0.0390625 -0.0009765625 -0.0015625 -0.0009765625 -0.0015625 -0.0009765625 -0.0015625 -0.0009765625 -0.0015625 -0.0009765625 -0.0015625
0  0.9501953125 0.4875 0.01953125 0.04375 0.950892578125 0.48192031249999995 0.9566474609375 0.47996718749999995 0.958216796875 0.48973281249999995 0.953857421875 0.49698593750000003 0.9585654296875 0.49503281250000003
0  0.78857421875 0.4640625 0.0205078125 0.0375 -0.0009765625 -0.0015625 -0.0009765625 -0.0015625 -0.0009765625 -0.0015625 -0.0009765625 -0.0015625 -0.0009765625 -0.0015625
0  0.81787109375 0.42265625 0.0224609375 0.0421875 -0.0009765625 -0.0015625 -0.0009765625 -0.0015625 -0.0009765625 -0.0015625 -0.0009765625 -0.0015625 -0.0009765625 -0.0015625
0  0.85205078125 0.44296875 0.0205078125 0.0421875 -0.0009765625 -0.0015625 -0.0009765625 -0.0015625 -0.0009765625 -0.0015625 -0.0009765625 -0.0015625 -0.0009765625 -0.0015625
0  0.7236328125 0.36796875 0.01953125 0.0390625 -0.0009765625 -0.0015625 -0.0009765625 -0.0015625 -0.0009765625 -0.0015625 -0.0009765625 -0.0015625 -0.0009765625 -0.0015625
0  0.68701171875 0.42265625 0.0205078125 0.0421875 -0.0009765625 -0.0015625 -0.0009765625 -0.0015625 -0.0009765625 -0.0015625 -0.0009765625 -0.0015625 -0.0009765625 -0.0015625
0  0.65625 0.3734375 0.01953125 0.040625 0.657697265625 0.368784375 0.6646337890625 0.36749375 0.662052734375 0.375753125 0.6597939453125 0.3850453125 0.6635048828125 0.3829796875
0  0.63720703125 0.34765625 0.0205078125 0.0390625 0.6320107421875 0.339090625 0.6418984375 0.3385875 0.6360908203125 0.346875 0.632794921875 0.3551625 0.637974609375 0.3549109375
0  0.65283203125 0.315625 0.0185546875 0.034375 -0.0009765625 -0.0015625 -0.0009765625 -0.0015625 -0.0009765625 -0.0015625 -0.0009765625 -0.0015625 -0.0009765625 -0.0015625
0  0.66650390625 0.31875 0.0146484375 0.03125 0.6612109375 0.3086640625 0.6701875 0.3100796875 0.6653837890625 0.3145296875 0.6619697265625 0.3250484375 0.66841796875 0.325453125
0  0.66552734375 0.27578125 0.0185546875 0.0359375 0.66210546875 0.269796875 0.670017578125 0.26887500000000003 0.669298828125 0.277853125 0.6648388671875 0.28475937500000004 0.670162109375 0.2842984375
0  0.728515625 0.3296875 0.01953125 0.040625 -0.0009765625 -0.0015625 -0.0009765625 -0.0015625 -0.0009765625 -0.0015625 -0.0009765625 -0.0015625 -0.0009765625 -0.0015625
0  0.73974609375 0.2953125 0.0146484375 0.03125 -0.0009765625 -0.0015625 -0.0009765625 -0.0015625 -0.0009765625 -0.0015625 -0.0009765625 -0.0015625 -0.0009765625 -0.0015625
0  0.759765625 0.27421875 0.01953125 0.0421875 0.7584267578125 0.2660578125 0.7669287109375 0.2666015625 0.7640380859375 0.27258593750000004 0.7606376953125 0.284828125 0.76573828125 0.28455625
0  0.78125 0.28359375 0.01953125 0.0421875 0.77753125 0.27604687499999997 0.7850126953125 0.2752296875 0.7826318359375 0.282303125 0.7790615234375 0.29236875 0.7855224609375 0.2907359375
0  0.7939453125 0.38203125 0.01953125 0.0421875 -0.0009765625 -0.0015625 -0.0009765625 -0.0015625 -0.0009765625 -0.0015625 -0.0009765625 -0.0015625 -0.0009765625 -0.0015625
0  0.603515625 0.30234375 0.013671875 0.0265625 -0.0009765625 -0.0015625 -0.0009765625 -0.0015625 -0.0009765625 -0.0015625 -0.0009765625 -0.0015625 -0.0009765625 -0.0015625
0  0.92919921875 0.27109375 0.0205078125 0.0453125 -0.0009765625 -0.0015625 -0.0009765625 -0.0015625 -0.0009765625 -0.0015625 -0.0009765625 -0.0015625 -0.0009765625 -0.0015625
0  0.95263671875 0.3046875 0.0185546875 0.0375 -0.0009765625 -0.0015625 -0.0009765625 -0.0015625 -0.0009765625 -0.0015625 -0.0009765625 -0.0015625 -0.0009765625 -0.0015625
0  0.943359375 0.26484375 0.017578125 0.0359375 -0.0009765625 -0.0015625 -0.0009765625 -0.0015625 -0.0009765625 -0.0015625 -0.0009765625 -0.0015625 -0.0009765625 -0.0015625
0  0.73583984375 0.559375 0.0224609375 0.04375 0.734654296875 0.5501671875 0.7451171875 0.5454234375 0.743896484375 0.5529578125 0.7412802734375 0.5694203124999999 0.745640625 0.568303125
0  0.6220703125 0.5 0.021484375 0.053125 0.6259072265625 0.49307968750000003 0.6328125 0.4920765625 0.6319755859375 0.5014515625 0.6259072265625 0.5108265624999999 0.631138671875 0.5161828125000001
0  0.5478515625 0.54296875 0.025390625 0.0421875 0.5456982421875 0.5400671874999999 0.553650390625 0.5382109374999999 0.550501953125 0.5485484375 0.5481826171875 0.555440625 0.5549755859375 0.55385
0  0.57958984375 0.60234375 0.0205078125 0.0453125 -0.0009765625 -0.0015625 -0.0009765625 -0.0015625 -0.0009765625 -0.0015625 -0.0009765625 -0.0015625 -0.0009765625 -0.0015625
0  0.5517578125 0.60390625 0.021484375 0.0484375 -0.0009765625 -0.0015625 -0.0009765625 -0.0015625 -0.0009765625 -0.0015625 -0.0009765625 -0.0015625 -0.0009765625 -0.0015625
0  0.59619140625 0.45859375 0.0224609375 0.0421875 0.59453515625 0.4502296875 0.6033759765625 0.44778124999999996 0.6003154296875 0.4602953125 0.5960654296875 0.47008906250000004 0.6025263671875 0.47008906250000004
0  0.501953125 0.43125 0.0234375 0.046875 -0.0009765625 -0.0015625 -0.0009765625 -0.0015625 -0.0009765625 -0.0015625 -0.0009765625 -0.0015625 -0.0009765625 -0.0015625
0  0.54833984375 0.48515625 0.0224609375 0.0453125 0.549865234375 0.4744140625 0.557373046875 0.47295 0.555359375 0.480859375 0.55096484375 0.4911125 0.557556640625 0.489940625
0  0.46630859375 0.425 0.0185546875 0.0375 -0.0009765625 -0.0015625 -0.0009765625 -0.0015625 -0.0009765625 -0.0015625 -0.0009765625 -0.0015625 -0.0009765625 -0.0015625
0  0.54833984375 0.3578125 0.0185546875 0.0375 0.5502236328125 0.3486609375 0.5570419921875 0.3488984375 0.55630078125 0.358146875 0.5524462890625 0.3659734375 0.55644921875 0.3662109375
0  0.5927734375 0.35078125 0.01953125 0.0390625 0.586478515625 0.344978125 0.5946396484375 0.3459828125 0.5880478515625 0.352009375 0.5860068359375 0.35979375 0.5924423828125 0.3607984375
0  0.58447265625 0.28046875 0.0185546875 0.0359375 0.580828125 0.2766046875 0.58898046875 0.27541875 0.5854228515625 0.279925 0.58053125 0.28893749999999996 0.5894248046875 0.29035937500000003
0  0.466796875 0.3734375 0.017578125 0.0375 -0.0009765625 -0.0015625 -0.0009765625 -0.0015625 -0.0009765625 -0.0015625 -0.0009765625 -0.0015625 -0.0009765625 -0.0015625
0  0.55712890625 0.24921875 0.0185546875 0.0390625 0.5546181640625 0.242159375 0.56325 0.24442031250000001 0.5596396484375 0.2501953125 0.5544609375 0.2579796875 0.5626220703125 0.2584828125
0  0.61572265625 0.24140625 0.0166015625 0.0328125 -0.0009765625 -0.0015625 -0.0009765625 -0.0015625 -0.0009765625 -0.0015625 -0.0009765625 -0.0015625 -0.0009765625 -0.0015625
0  0.82421875 0.621875 0.0234375 0.046875 -0.0009765625 -0.0015625 -0.0009765625 -0.0015625 -0.0009765625 -0.0015625 -0.0009765625 -0.0015625 -0.0009765625 -0.0015625
0  0.4423828125 0.47578125 0.01953125 0.0453125 0.446005859375 0.466496875 0.4520830078125 0.4650671875 0.4506533203125 0.478221875 0.445291015625 0.48708906250000006 0.4517255859375 0.48537187499999995
0  0.3857421875 0.40234375 0.021484375 0.0421875 0.3862744140625 0.39880781249999997 0.3934150390625 0.39744687500000003 0.3905244140625 0.406153125 0.3862744140625 0.41540156250000004 0.3934150390625 0.4143140625
0  0.39208984375 0.4578125 0.0185546875 0.040625 0.392595703125 0.44220156250000003 0.3975654296875 0.44061093749999997 0.39971875 0.4482984375 0.397400390625 0.46155156249999996 0.40087890625 0.460490625
0  0.251953125 0.49453125 0.01953125 0.0421875 -0.0009765625 -0.0015625 -0.0009765625 -0.0015625 -0.0009765625 -0.0015625 -0.0009765625 -0.0015625 -0.0009765625 -0.0015625
0  0.27685546875 0.42578125 0.0205078125 0.0421875 -0.0009765625 -0.0015625 -0.0009765625 -0.0015625 -0.0009765625 -0.0015625 -0.0009765625 -0.0015625 -0.0009765625 -0.0015625
0  0.298828125 0.4140625 0.015625 0.0375 -0.0009765625 -0.0015625 -0.0009765625 -0.0015625 -0.0009765625 -0.0015625 -0.0009765625 -0.0015625 -0.0009765625 -0.0015625
0  0.3369140625 0.3578125 0.01953125 0.040625 -0.0009765625 -0.0015625 -0.0009765625 -0.0015625 -0.0009765625 -0.0015625 -0.0009765625 -0.0015625 -0.0009765625 -0.0015625
0  0.20751953125 0.43671875 0.0205078125 0.0359375 0.2078681640625 0.42901718750000006 0.214146484375 0.427009375 0.2144248046875 0.434821875 0.2098212890625 0.446428125 0.2156806640625 0.44375
0  0.17431640625 0.5453125 0.0224609375 0.04375 0.1736494140625 0.5370953125 0.1843740234375 0.533378125 0.1841953125 0.5436734375000001 0.180083984375 0.5542546875000001 0.186876953125 0.5505375
0  0.3232421875 0.4609375 0.017578125 0.040625 0.3208134765625 0.4547359375 0.3300087890625 0.4531875 0.3262978515625 0.46144687500000003 0.323072265625 0.468415625 0.3287177734375 0.46712499999999996
0  0.25634765625 0.33046875 0.0205078125 0.0359375 0.25333984375 0.32992499999999997 0.2619365234375 0.327553125 0.2595654296875 0.3334828125 0.2551181640625 0.34083437499999997 0.260306640625 0.3391734375
0  0.18994140625 0.315625 0.0224609375 0.040625 -0.0009765625 -0.0015625 -0.0009765625 -0.0015625 -0.0009765625 -0.0015625 -0.0009765625 -0.0015625 -0.0009765625 -0.0015625
0  0.22314453125 0.31875 0.0166015625 0.0375 0.218658203125 0.311621875 0.2217099609375 0.312353125 0.21499609375 0.3213875 0.218201171875 0.328221875 0.2197265625 0.3284671875
0  0.1162109375 0.496875 0.021484375 0.0375 0.11831640625 0.48290937500000003 0.126708984375 0.48046875 0.1250302734375 0.4951171875 0.1186220703125 0.502440625 0.12579296875 0.5048828125
0  0.13427734375 0.4640625 0.0185546875 0.040625 0.1337802734375 0.45958437500000004 0.1414013671875 0.45587343750000003 0.13991015625 0.4675359375 0.136927734375 0.47522343749999996 0.14239453125 0.47151249999999995
0  0.09130859375 0.41484375 0.0185546875 0.0359375 -0.0009765625 -0.0015625 -0.0009765625 -0.0015625 -0.0009765625 -0.0015625 -0.0009765625 -0.0015625 -0.0009765625 -0.0015625
0  0.033203125 0.43515625 0.021484375 0.0421875 0.0289521484375 0.4280828125 0.0383037109375 0.42536250000000003 0.0367734375 0.43515625 0.032693359375 0.445221875 0.0396640625 0.44413437499999997
0  0.06005859375 0.5 0.0185546875 0.0375 -0.0009765625 -0.0015625 -0.0009765625 -0.0015625 -0.0009765625 -0.0015625 -0.0009765625 -0.0015625 -0.0009765625 -0.0015625
0  0.0771484375 0.3734375 0.01953125 0.040625 -0.0009765625 -0.0015625 -0.0009765625 -0.0015625 -0.0009765625 -0.0015625 -0.0009765625 -0.0015625 -0.0009765625 -0.0015625
0  0.10009765625 0.29609375 0.0224609375 0.0421875 0.092830078125 0.2941890625 0.1011611328125 0.295278125 0.096060546875 0.29881406250000003 0.09198046875 0.30643125000000004 0.098611328125 0.3077921875
0  0.17041015625 0.2671875 0.0166015625 0.034375 0.1688056640625 0.2600453125 0.1763388671875 0.259375 0.173548828125 0.272321875 0.170201171875 0.2765625 0.17578125 0.2758921875
0  0.19287109375 0.26953125 0.0146484375 0.0328125 0.193193359375 0.26148125 0.199951171875 0.2616984375 0.19805859375 0.26818437500000003 0.192517578125 0.27705 0.1967080078125 0.2774828125
0  0.21630859375 0.22421875 0.0166015625 0.0359375 -0.0009765625 -0.0015625 -0.0009765625 -0.0015625 -0.0009765625 -0.0015625 -0.0009765625 -0.0015625 -0.0009765625 -0.0015625
0  0.1904296875 0.38515625 0.01953125 0.0359375 -0.0009765625 -0.0015625 -0.0009765625 -0.0015625 -0.0009765625 -0.0015625 -0.0009765625 -0.0015625 -0.0009765625 -0.0015625
0  0.0400390625 0.346875 0.017578125 0.040625 -0.0009765625 -0.0015625 -0.0009765625 -0.0015625 -0.0009765625 -0.0015625 -0.0009765625 -0.0015625 -0.0009765625 -0.0015625
0  0.05859375 0.30234375 0.017578125 0.0390625 0.0516708984375 0.2970421875 0.059361328125 0.2950328125 0.055123046875 0.304325 0.0526123046875 0.31436875 0.0607734375 0.3126109375
0  0.04296875 0.315625 0.017578125 0.034375 -0.0009765625 -0.0015625 -0.0009765625 -0.0015625 -0.0009765625 -0.0015625 -0.0009765625 -0.0015625 -0.0009765625 -0.0015625
0  0.0078125 0.3 0.013671875 0.0375 0.0032001953125 0.29264843749999997 0.011796875 0.2921734375 0.0070537109375 0.3002375 0.0046826171875 0.3075890625 0.0100185546875 0.3075890625
0  0.076171875 0.23984375 0.015625 0.0328125 -0.0009765625 -0.0015625 -0.0009765625 -0.0015625 -0.0009765625 -0.0015625 -0.0009765625 -0.0015625 -0.0009765625 -0.0015625
0  0.0654296875 0.27890625 0.015625 0.0359375 -0.0009765625 -0.0015625 -0.0009765625 -0.0015625 -0.0009765625 -0.0015625 -0.0009765625 -0.0015625 -0.0009765625 -0.0015625
0  0.044921875 0.25078125 0.017578125 0.0359375 0.044490234375 0.24231250000000001 0.051251953125 0.24070156250000002 0.051251953125 0.24967968749999997 0.0473671875 0.2595765625 0.05168359375 0.25750625
0  0.05517578125 0.2296875 0.0126953125 0.03125 0.0496474609375 0.22688281250000003 0.0587509765625 0.226478125 0.0563486328125 0.2337609375 0.0530615234375 0.24104375 0.0587509765625 0.24124531249999998
0  0.02978515625 0.253125 0.0166015625 0.0375 -0.0009765625 -0.0015625 -0.0009765625 -0.0015625 -0.0009765625 -0.0015625 -0.0009765625 -0.0015625 -0.0009765625 -0.0015625
0  0.03125 0.20703125 0.01953125 0.0390625 -0.0009765625 -0.0015625 -0.0009765625 -0.0015625 -0.0009765625 -0.0015625 -0.0009765625 -0.0015625 -0.0009765625 -0.0015625
0  0.10400390625 0.21015625 0.0146484375 0.0328125 -0.0009765625 -0.0015625 -0.0009765625 -0.0015625 -0.0009765625 -0.0015625 -0.0009765625 -0.0015625 -0.0009765625 -0.0015625
0  0.18701171875 0.1890625 0.0166015625 0.0375 0.18633984375 0.186084375 0.1916806640625 0.186084375 0.191833984375 0.193653125 0.1880185546875 0.1987796875 0.191833984375 0.1987796875
0  0.1435546875 0.18203125 0.017578125 0.0328125 0.1442431640625 0.1783203125 0.1486904296875 0.17685625 0.149474609375 0.18083125 0.1450283203125 0.193178125 0.1490830078125 0.191503125
0  0.2099609375 0.1921875 0.013671875 0.028125 -0.0009765625 -0.0015625 -0.0009765625 -0.0015625 -0.0009765625 -0.0015625 -0.0009765625 -0.0015625 -0.0009765625 -0.0015625
0  0.1142578125 0.8453125 0.02734375 0.059375 0.11069140625 0.840359375 0.1226982421875 0.833203125 0.1217568359375 0.8490234375 0.1161064453125 0.861453125 0.125994140625 0.8580640624999999
0  0.06591796875 0.8171875 0.0244140625 0.05 0.062708984375 0.8085234375000001 0.07534375 0.807240625 0.0707314453125 0.8200749999999999 0.0625087890625 0.825209375 0.073337890625 0.826171875
0  0.07861328125 0.7359375 0.0244140625 0.05 -0.0009765625 -0.0015625 -0.0009765625 -0.0015625 -0.0009765625 -0.0015625 -0.0009765625 -0.0015625 -0.0009765625 -0.0015625
0  0.0751953125 0.653125 0.021484375 0.05 -0.0009765625 -0.0015625 -0.0009765625 -0.0015625 -0.0009765625 -0.0015625 -0.0009765625 -0.0015625 -0.0009765625 -0.0015625
0  0.11669921875 0.6 0.0205078125 0.05 -0.0009765625 -0.0015625 -0.0009765625 -0.0015625 -0.0009765625 -0.0015625 -0.0009765625 -0.0015625 -0.0009765625 -0.0015625
0  0.12353515625 0.55 0.0224609375 0.04375 0.122462890625 0.543784375 0.12425 0.5429265625 0.1263955078125 0.549790625 0.12353515625 0.5563687500000001 0.1281826171875 0.5537953124999999
0  0.00634765625 0.44453125 0.0126953125 0.0421875 0.0018837890625 0.43984375 0.0092080078125 0.43733281249999995 0.0093818359375 0.44849375 0.0050224609375 0.45797968750000007 0.0112998046875 0.45630625
0  0.1259765625 0.3296875 0.015625 0.046875 -0.0009765625 -0.0015625 -0.0009765625 -0.0015625 -0.0009765625 -0.0015625 -0.0009765625 -0.0015625 -0.0009765625 -0.0015625
0  0.16552734375 0.31640625 0.0166015625 0.0359375 0.1657587890625 0.31000937500000003 0.1733837890625 0.307478125 0.1715126953125 0.3123109375 0.1684921875 0.324971875 0.17352734375 0.323590625
0  0.30517578125 0.309375 0.0205078125 0.0375 -0.0009765625 -0.0015625 -0.0009765625 -0.0015625 -0.0009765625 -0.0015625 -0.0009765625 -0.0015625 -0.0009765625 -0.0015625
0  0.28662109375 0.34375 0.0166015625 0.040625 -0.0009765625 -0.0015625 -0.0009765625 -0.0015625 -0.0009765625 -0.0015625 -0.0009765625 -0.0015625 -0.0009765625 -0.0015625
0  0.2578125 0.37890625 0.017578125 0.0421875 -0.0009765625 -0.0015625 -0.0009765625 -0.0015625 -0.0009765625 -0.0015625 -0.0009765625 -0.0015625 -0.0009765625 -0.0015625
0  0.25048828125 0.43515625 0.0185546875 0.0421875 0.2390576171875 0.43039843749999995 0.24966015625 0.430134375 0.2443583984375 0.4383515625 0.2390576171875 0.4516046875 0.2491630859375 0.452134375
0  0.11328125 0.17265625 0.013671875 0.0296875 0.1143798828125 0.166796875 0.1181640625 0.1666015625 0.116943359375 0.1720703125 0.1146240234375 0.1796875 0.1185302734375 0.17890625
0  0.11669921875 0.1375 0.0166015625 0.03125 0.11155078125 0.1348984375 0.1215380859375 0.133078125 0.116607421875 0.14096718749999998 0.113826171875 0.1468328125 0.121033203125 0.14501250000000002
0  0.0927734375 0.12578125 0.017578125 0.0359375 0.090328125 0.12214687500000002 0.098240234375 0.1212265625 0.0950751953125 0.1285921875 0.092341796875 0.1338875 0.0972333984375 0.132965625
0  0.076171875 0.1375 0.017578125 0.0375 0.0736083984375 0.129771875 0.0816123046875 0.1307203125 0.0780556640625 0.1359375 0.074052734375 0.1437640625 0.080130859375 0.1435265625
0  0.04638671875 0.12734375 0.0166015625 0.0296875 -0.0009765625 -0.0015625 -0.0009765625 -0.0015625 -0.0009765625 -0.0015625 -0.0009765625 -0.0015625 -0.0009765625 -0.0015625
0  0.06201171875 0.0890625 0.0107421875 0.03125 -0.0009765625 -0.0015625 -0.0009765625 -0.0015625 -0.0009765625 -0.0015625 -0.0009765625 -0.0015625 -0.0009765625 -0.0015625
0  0.0751953125 0.0609375 0.015625 0.03125 0.071568359375 0.0577984375 0.078369140625 0.058845312500000004 0.074837890625 0.0644953125 0.0730068359375 0.0699359375 0.0767998046875 0.0697265625
0  0.01416015625 0.1890625 0.0146484375 0.034375 -0.0009765625 -0.0015625 -0.0009765625 -0.0015625 -0.0009765625 -0.0015625 -0.0009765625 -0.0015625 -0.0009765625 -0.0015625
0  0.0078125 0.14609375 0.015625 0.0359375 0.00337890625 0.14079999999999998 0.0108603515625 0.14079999999999998 0.007119140625 0.1486265625 0.00337890625 0.1546109375 0.0102841796875 0.154840625
0  0.01318359375 0.125 0.0166015625 0.034375 -0.0009765625 -0.0015625 -0.0009765625 -0.0015625 -0.0009765625 -0.0015625 -0.0009765625 -0.0015625 -0.0009765625 -0.0015625
0  0.01708984375 0.06171875 0.0322265625 0.0328125 -0.0009765625 -0.0015625 -0.0009765625 -0.0015625 -0.0009765625 -0.0015625 -0.0009765625 -0.0015625 -0.0009765625 -0.0015625
0  0.06201171875 0.03828125 0.0146484375 0.0296875 0.061279296875 0.0349609375 0.0679931640625 0.0341796875 0.06640625 0.040234375 0.063232421875 0.04765625 0.0672607421875 0.0470703125
0  0.046875 0.02421875 0.01171875 0.0328125 -0.0009765625 -0.0015625 -0.0009765625 -0.0015625 -0.0009765625 -0.0015625 -0.0009765625 -0.0015625 -0.0009765625 -0.0015625
0  0.0087890625 0.01640625 0.013671875 0.0265625 -0.0009765625 -0.0015625 -0.0009765625 -0.0015625 -0.0009765625 -0.0015625 -0.0009765625 -0.0015625 -0.0009765625 -0.0015625
0  0.16015625 0.1609375 0.013671875 0.025 -0.0009765625 -0.0015625 -0.0009765625 -0.0015625 -0.0009765625 -0.0015625 -0.0009765625 -0.0015625 -0.0009765625 -0.0015625
0  0.22216796875 0.159375 0.0166015625 0.025 -0.0009765625 -0.0015625 -0.0009765625 -0.0015625 -0.0009765625 -0.0015625 -0.0009765625 -0.0015625 -0.0009765625 -0.0015625
0  0.23876953125 0.10390625 0.0146484375 0.0296875 0.2357177734375 0.1005859375 0.2425537109375 0.0986328125 0.241455078125 0.10625 0.23876953125 0.1126953125 0.2427978515625 0.11171875
0  0.16064453125 0.1328125 0.0146484375 0.028125 -0.0009765625 -0.0015625 -0.0009765625 -0.0015625 -0.0009765625 -0.0015625 -0.0009765625 -0.0015625 -0.0009765625 -0.0015625
0  0.1298828125 0.1234375 0.013671875 0.03125 0.12522265625 0.12124062499999999 0.131796875 0.11921718750000002 0.128509765625 0.12488125000000001 0.1272451171875 0.13256874999999999 0.130912109375 0.1299390625
0  0.169921875 0.0984375 0.015625 0.034375 0.1676201171875 0.0923625 0.1758203125 0.0912109375 0.1735185546875 0.09765625 0.1704970703125 0.1061734375 0.1752451171875 0.10525312499999999
0  0.14892578125 0.0875 0.0146484375 0.028125 0.147966796875 0.0842703125 0.15455859375 0.0837046875 0.1536171875 0.08954375 0.149849609375 0.0948171875 0.154087890625 0.0942515625
0  0.15771484375 0.07265625 0.0146484375 0.0296875 -0.0009765625 -0.0015625 -0.0009765625 -0.0015625 -0.0009765625 -0.0015625 -0.0009765625 -0.0015625 -0.0009765625 -0.0015625
0  0.20166015625 0.0703125 0.0126953125 0.028125 -0.0009765625 -0.0015625 -0.0009765625 -0.0015625 -0.0009765625 -0.0015625 -0.0009765625 -0.0015625 -0.0009765625 -0.0015625
0  0.22216796875 0.07734375 0.0146484375 0.0328125 0.217720703125 0.0725859375 0.2237373046875 0.07216875 0.2198134765625 0.0792828125 0.218244140625 0.083259375 0.22164453125 0.08346875000000001
0  0.25146484375 0.05390625 0.0166015625 0.0328125 -0.0009765625 -0.0015625 -0.0009765625 -0.0015625 -0.0009765625 -0.0015625 -0.0009765625 -0.0015625 -0.0009765625 -0.0015625
0  0.22802734375 0.04765625 0.0146484375 0.0296875 0.2233017578125 0.042515625 0.2310703125 0.0443984375 0.227068359375 0.048353125000000004 0.222712890625 0.051178125 0.2293046875 0.054003125
0  0.18408203125 0.053125 0.0146484375 0.03125 0.1791689453125 0.0482984375 0.1848583984375 0.050725 0.1805595703125 0.054771875000000005 0.17980078125 0.059018749999999995 0.1833408203125 0.060840625
0  0.20849609375 0.0171875 0.0146484375 0.028125 0.204869140625 0.015735937499999998 0.2110419921875 0.0159046875 0.207798828125 0.02193125 0.205810546875 0.027623437499999997 0.20947265625 0.0274546875
0  0.1123046875 0.08125 0.013671875 0.025 -0.0009765625 -0.0015625 -0.0009765625 -0.0015625 -0.0009765625 -0.0015625 -0.0009765625 -0.0015625 -0.0009765625 -0.0015625
0  0.08544921875 0.01328125 0.0107421875 0.0234375 0.0843896484375 0.012325 0.08853125 0.012325 0.0872060546875 0.0160359375 0.0856328125 0.018951562499999998 0.0877861328125 0.0188203125
0  0.2900390625 0.09765625 0.013671875 0.0265625 -0.0009765625 -0.0015625 -0.0009765625 -0.0015625 -0.0009765625 -0.0015625 -0.0009765625 -0.0015625 -0.0009765625 -0.0015625
0  0.306640625 0.07265625 0.013671875 0.0328125 -0.0009765625 -0.0015625 -0.0009765625 -0.0015625 -0.0009765625 -0.0015625 -0.0009765625 -0.0015625 -0.0009765625 -0.0015625
0  0.32275390625 0.07578125 0.0146484375 0.0265625 -0.0009765625 -0.0015625 -0.0009765625 -0.0015625 -0.0009765625 -0.0015625 -0.0009765625 -0.0015625 -0.0009765625 -0.0015625
0  0.31787109375 0.03984375 0.0146484375 0.0265625 -0.0009765625 -0.0015625 -0.0009765625 -0.0015625 -0.0009765625 -0.0015625 -0.0009765625 -0.0015625 -0.0009765625 -0.0015625
0  0.28662109375 0.03359375 0.0146484375 0.0265625 -0.0009765625 -0.0015625 -0.0009765625 -0.0015625 -0.0009765625 -0.0015625 -0.0009765625 -0.0015625 -0.0009765625 -0.0015625
0  0.2734375 0.02265625 0.01171875 0.0234375 -0.0009765625 -0.0015625 -0.0009765625 -0.0015625 -0.0009765625 -0.0015625 -0.0009765625 -0.0015625 -0.0009765625 -0.0015625
0  0.24072265625 0.01953125 0.0166015625 0.0265625 -0.0009765625 -0.0015625 -0.0009765625 -0.0015625 -0.0009765625 -0.0015625 -0.0009765625 -0.0015625 -0.0009765625 -0.0015625
0  0.3701171875 0.0171875 0.01171875 0.025 -0.0009765625 -0.0015625 -0.0009765625 -0.0015625 -0.0009765625 -0.0015625 -0.0009765625 -0.0015625 -0.0009765625 -0.0015625
0  0.318359375 0.25546875 0.015625 0.0359375 -0.0009765625 -0.0015625 -0.0009765625 -0.0015625 -0.0009765625 -0.0015625 -0.0009765625 -0.0015625 -0.0009765625 -0.0015625
0  0.30517578125 0.21796875 0.0166015625 0.0359375 0.3041689453125 0.2135953125 0.3122255859375 0.21129375 0.3100673828125 0.21819843749999998 0.3087724609375 0.2244140625 0.3125126953125 0.2232625
0  0.35205078125 0.21171875 0.0166015625 0.0359375 -0.0009765625 -0.0015625 -0.0009765625 -0.0015625 -0.0009765625 -0.0015625 -0.0009765625 -0.0015625 -0.0009765625 -0.0015625
0  0.38330078125 0.20859375 0.0185546875 0.0390625 0.38021875 0.2041015625 0.38784765625 0.20385781249999999 0.38555859375 0.21020468750000001 0.3808291015625 0.2177734375 0.386779296875 0.2177734375
0  0.25439453125 0.1421875 0.0166015625 0.0375 0.253208984375 0.138965625 0.2623984375 0.138015625 0.2607685546875 0.1441828125 0.255728515625 0.1510609375 0.2632880859375 0.1494
0  0.28369140625 0.15078125 0.0146484375 0.0328125 -0.0009765625 -0.0015625 -0.0009765625 -0.0015625 -0.0009765625 -0.0015625 -0.0009765625 -0.0015625 -0.0009765625 -0.0015625
0  0.29931640625 0.13828125 0.0146484375 0.0359375 -0.0009765625 -0.0015625 -0.0009765625 -0.0015625 -0.0009765625 -0.0015625 -0.0009765625 -0.0015625 -0.0009765625 -0.0015625
0  0.3095703125 0.13203125 0.01171875 0.0296875 -0.0009765625 -0.0015625 -0.0009765625 -0.0015625 -0.0009765625 -0.0015625 -0.0009765625 -0.0015625 -0.0009765625 -0.0015625
0  0.32958984375 0.18046875 0.0126953125 0.0359375 -0.0009765625 -0.0015625 -0.0009765625 -0.0015625 -0.0009765625 -0.0015625 -0.0009765625 -0.0015625 -0.0009765625 -0.0015625
0  0.345703125 0.1671875 0.01171875 0.028125 -0.0009765625 -0.0015625 -0.0009765625 -0.0015625 -0.0009765625 -0.0015625 -0.0009765625 -0.0015625 -0.0009765625 -0.0015625
0  0.34130859375 0.05234375 0.0126953125 0.0296875 -0.0009765625 -0.0015625 -0.0009765625 -0.0015625 -0.0009765625 -0.0015625 -0.0009765625 -0.0015625 -0.0009765625 -0.0015625
0  0.39306640625 0.1484375 0.0126953125 0.03125 0.3909345703125 0.144015625 0.397255859375 0.144015625 0.39396875 0.15028593750000002 0.3918193359375 0.15433125 0.397255859375 0.1539265625
0  0.390625 0.1203125 0.01171875 0.028125 -0.0009765625 -0.0015625 -0.0009765625 -0.0015625 -0.0009765625 -0.0015625 -0.0009765625 -0.0015625 -0.0009765625 -0.0015625
0  0.4970703125 0.23984375 0.01953125 0.0359375 0.49658203125 0.23570000000000002 0.5032001953125 0.235240625 0.500322265625 0.2409953125 0.498595703125 0.24697968750000002 0.5039189453125 0.247209375
0  0.51953125 0.1875 0.015625 0.03125 -0.0009765625 -0.0015625 -0.0009765625 -0.0015625 -0.0009765625 -0.0015625 -0.0009765625 -0.0015625 -0.0009765625 -0.0015625
0  0.48486328125 0.18359375 0.0166015625 0.0359375 -0.0009765625 -0.0015625 -0.0009765625 -0.0015625 -0.0009765625 -0.0015625 -0.0009765625 -0.0015625 -0.0009765625 -0.0015625
0  0.4775390625 0.21953125 0.017578125 0.0359375 0.4771943359375 0.2099125 0.48309375 0.2099125 0.481654296875 0.21796875 0.4769072265625 0.2251046875 0.4820859375 0.224875
0  0.3681640625 0.271875 0.015625 0.034375 -0.0009765625 -0.0015625 -0.0009765625 -0.0015625 -0.0009765625 -0.0015625 -0.0009765625 -0.0015625 -0.0009765625 -0.0015625
0  0.5869140625 0.2328125 0.015625 0.034375 0.5885185546875 0.229240625 0.594517578125 0.227009375 0.592982421875 0.2337046875 0.5897744140625 0.2408484375 0.594935546875 0.238615625
0  0.611328125 0.1953125 0.015625 0.03125 0.6072822265625 0.19008125 0.614615234375 0.1906875 0.6110751953125 0.19594687500000002 0.6065234375 0.20302812499999998 0.613224609375 0.20505
0  0.6494140625 0.2328125 0.015625 0.028125 0.6458828125 0.2282640625 0.6535341796875 0.2261921875 0.65035546875 0.234290625 0.6487080078125 0.24050625 0.652828125 0.23918750000000003
0  0.57080078125 0.20703125 0.0146484375 0.0296875 -0.0009765625 -0.0015625 -0.0009765625 -0.0015625 -0.0009765625 -0.0015625 -0.0009765625 -0.0015625 -0.0009765625 -0.0015625
0  0.55419921875 0.1984375 0.0146484375 0.0375 -0.0009765625 -0.0015625 -0.0009765625 -0.0015625 -0.0009765625 -0.0015625 -0.0009765625 -0.0015625 -0.0009765625 -0.0015625
0  0.697265625 0.17109375 0.015625 0.0359375 0.69223046875 0.1658484375 0.6984169921875 0.16400625 0.6948203125 0.1720640625 0.6936689453125 0.18035 0.699279296875 0.17781875
0  0.7294921875 0.1984375 0.017578125 0.0375 -0.0009765625 -0.0015625 -0.0009765625 -0.0015625 -0.0009765625 -0.0015625 -0.0009765625 -0.0015625 -0.0009765625 -0.0015625
0  0.72705078125 0.14140625 0.0166015625 0.0390625 0.7252197265625 0.1366703125 0.7337646484375 0.13740312500000001 0.7302548828125 0.141553125 0.725830078125 0.1474125 0.73162890625 0.14814375
0  0.740234375 0.11015625 0.015625 0.0328125 -0.0009765625 -0.0015625 -0.0009765625 -0.0015625 -0.0009765625 -0.0015625 -0.0009765625 -0.0015625 -0.0009765625 -0.0015625
0  0.76025390625 0.06328125 0.0146484375 0.0359375 0.755162109375 0.058496875000000004 0.76062890625 0.05895625 0.7578955078125 0.063790625 0.7538671875 0.0709265625 0.760197265625 0.0716171875
0  0.712890625 0.02890625 0.015625 0.0265625 -0.0009765625 -0.0015625 -0.0009765625 -0.0015625 -0.0009765625 -0.0015625 -0.0009765625 -0.0015625 -0.0009765625 -0.0015625
0  0.65771484375 0.1234375 0.0166015625 0.0375 0.65252734375 0.1175296875 0.66259765625 0.117284375 0.65741015625 0.12534218749999998 0.65313671875 0.13217812499999998 0.661681640625 0.1316890625
0  0.63525390625 0.0984375 0.0146484375 0.034375 -0.0009765625 -0.0015625 -0.0009765625 -0.0015625 -0.0009765625 -0.0015625 -0.0009765625 -0.0015625 -0.0009765625 -0.0015625
0  0.69287109375 0.11953125 0.0146484375 0.0296875 -0.0009765625 -0.0015625 -0.0009765625 -0.0015625 -0.0009765625 -0.0015625 -0.0009765625 -0.0015625 -0.0009765625 -0.0015625
0  0.70361328125 0.09609375 0.0146484375 0.0359375 0.6979375 0.0919921875 0.704607421875 0.0919921875 0.7009013671875 0.097209375 0.698677734375 0.1029015625 0.7040146484375 0.1033765625
0  0.654296875 0.059375 0.017578125 0.034375 -0.0009765625 -0.0015625 -0.0009765625 -0.0015625 -0.0009765625 -0.0015625 -0.0009765625 -0.0015625 -0.0009765625 -0.0015625
0  0.63671875 0.04609375 0.013671875 0.0296875 0.6353759765625 0.044921875 0.641357421875 0.045703125 0.637939453125 0.0484375 0.635986328125 0.0546875 0.6396484375 0.0546875
0  0.55517578125 0.06796875 0.0146484375 0.0296875 0.551626953125 0.061321875000000005 0.557748046875 0.062828125 0.5526865234375 0.0722453125 0.55115625 0.081096875 0.5549228515625 0.0807203125
0  0.53271484375 0.075 0.0166015625 0.03125 0.530029296875 0.0701171875 0.5367431640625 0.066796875 0.533447265625 0.0775390625 0.53173828125 0.0857421875 0.53662109375 0.0830078125
0  0.45556640625 0.07109375 0.0146484375 0.0296875 -0.0009765625 -0.0015625 -0.0009765625 -0.0015625 -0.0009765625 -0.0015625 -0.0009765625 -0.0015625 -0.0009765625 -0.0015625
0  0.42724609375 0.33984375 0.0244140625 0.0421875 -0.0009765625 -0.0015625 -0.0009765625 -0.0015625 -0.0009765625 -0.0015625 -0.0009765625 -0.0015625 -0.0009765625 -0.0015625
0  0.75 0.0375 0.015625 0.0375 -0.0009765625 -0.0015625 -0.0009765625 -0.0015625 -0.0009765625 -0.0015625 -0.0009765625 -0.0015625 -0.0009765625 -0.0015625
0  0.58935546875 0.421875 0.0185546875 0.034375 -0.0009765625 -0.0015625 -0.0009765625 -0.0015625 -0.0009765625 -0.0015625 -0.0009765625 -0.0015625 -0.0009765625 -0.0015625
0  0.77294921875 0.17109375 0.0185546875 0.0359375 0.7688642578125 0.16745937500000002 0.7766328125 0.1672296875 0.7724609375 0.17528593750000002 0.7688642578125 0.1815015625 0.77505078125 0.181040625
0  0.77783203125 0.14296875 0.0166015625 0.0328125 -0.0009765625 -0.0015625 -0.0009765625 -0.0015625 -0.0009765625 -0.0015625 -0.0009765625 -0.0015625 -0.0009765625 -0.0015625
0  0.7861328125 0.109375 0.015625 0.028125 -0.0009765625 -0.0015625 -0.0009765625 -0.0015625 -0.0009765625 -0.0015625 -0.0009765625 -0.0015625 -0.0009765625 -0.0015625
0  0.83642578125 0.10390625 0.0146484375 0.0296875 0.833701171875 0.10070468749999999 0.839115234375 0.1008921875 0.836291015625 0.1076734375 0.8321708984375 0.11313437500000001 0.8392333984375 0.1133234375
0  0.8564453125 0.08359375 0.013671875 0.0296875 -0.0009765625 -0.0015625 -0.0009765625 -0.0015625 -0.0009765625 -0.0015625 -0.0009765625 -0.0015625 -0.0009765625 -0.0015625
0  0.89697265625 0.0953125 0.0166015625 0.034375 -0.0009765625 -0.0015625 -0.0009765625 -0.0015625 -0.0009765625 -0.0015625 -0.0009765625 -0.0015625 -0.0009765625 -0.0015625
0  0.94482421875 0.0265625 0.0126953125 0.028125 0.94174609375 0.02145 0.947396484375 0.0210734375 0.944689453125 0.0272875 0.9426875 0.032184375 0.9458662109375 0.0316203125
0  0.9013671875 0.021875 0.015625 0.028125 -0.0009765625 -0.0015625 -0.0009765625 -0.0015625 -0.0009765625 -0.0015625 -0.0009765625 -0.0015625 -0.0009765625 -0.0015625
0  0.853515625 0.034375 0.01171875 0.03125 0.852125 0.032178125 0.8583203125 0.0331890625 0.855791015625 0.0392578125 0.852630859375 0.044315625 0.8565498046875 0.044921875
0  0.8740234375 0.0390625 0.009765625 0.025 -0.0009765625 -0.0015625 -0.0009765625 -0.0015625 -0.0009765625 -0.0015625 -0.0009765625 -0.0015625 -0.0009765625 -0.0015625
0  0.80908203125 0.0203125 0.0126953125 0.025 -0.0009765625 -0.0015625 -0.0009765625 -0.0015625 -0.0009765625 -0.0015625 -0.0009765625 -0.0015625 -0.0009765625 -0.0015625
0  0.77880859375 0.05078125 0.0126953125 0.0265625 -0.0009765625 -0.0015625 -0.0009765625 -0.0015625 -0.0009765625 -0.0015625 -0.0009765625 -0.0015625 -0.0009765625 -0.0015625
0  0.81640625 0.0578125 0.013671875 0.028125 0.8175400390625 0.052190625000000004 0.82298046875 0.053278124999999996 0.8218466796875 0.0607140625 0.81719921875 0.0647046875 0.8207138671875 0.0657921875
0  0.8251953125 0.1859375 0.017578125 0.034375 -0.0009765625 -0.0015625 -0.0009765625 -0.0015625 -0.0009765625 -0.0015625 -0.0009765625 -0.0015625 -0.0009765625 -0.0015625
0  0.85400390625 0.225 0.0185546875 0.0375 0.850376953125 0.21796875 0.8568115234375 0.21796875 0.85445703125 0.2255015625 0.850533203125 0.2337890625 0.85618359375 0.2335375
0  0.88720703125 0.23046875 0.0205078125 0.0421875 0.883736328125 0.22306093749999997 0.892517578125 0.2227953125 0.88787890625 0.2302171875 0.884068359375 0.24161562499999997 0.89119140625 0.24135
0  0.908203125 0.2171875 0.017578125 0.034375 0.9060927734375 0.2148921875 0.9123095703125 0.2114328125 0.9109580078125 0.22094687500000001 0.9093369140625 0.22505625 0.9135263671875 0.22354218750000002
0  0.9306640625 0.22734375 0.01953125 0.0421875 0.9252451171875 0.21952500000000003 0.9349365234375 0.21870781250000002 0.9298359375 0.22550937499999998 0.9259248046875 0.2328546875 0.93306640625 0.2325828125
0  0.89013671875 0.1890625 0.0166015625 0.034375 -0.0009765625 -0.0015625 -0.0009765625 -0.0015625 -0.0009765625 -0.0015625 -0.0009765625 -0.0015625 -0.0009765625 -0.0015625
0  0.880859375 0.14375 0.015625 0.03125 -0.0009765625 -0.0015625 -0.0009765625 -0.0015625 -0.0009765625 -0.0015625 -0.0009765625 -0.0015625 -0.0009765625 -0.0015625
0  0.92138671875 0.15859375 0.0126953125 0.0359375 -0.0009765625 -0.0015625 -0.0009765625 -0.0015625 -0.0009765625 -0.0015625 -0.0009765625 -0.0015625 -0.0009765625 -0.0015625
0  0.9072265625 0.14453125 0.01171875 0.0296875 -0.0009765625 -0.0015625 -0.0009765625 -0.0015625 -0.0009765625 -0.0015625 -0.0009765625 -0.0015625 -0.0009765625 -0.0015625
0  0.99365234375 0.27578125 0.0126953125 0.0359375 -0.0009765625 -0.0015625 -0.0009765625 -0.0015625 -0.0009765625 -0.0015625 -0.0009765625 -0.0015625 -0.0009765625 -0.0015625
0  0.95263671875 0.23671875 0.0126953125 0.0328125 -0.0009765625 -0.0015625 -0.0009765625 -0.0015625 -0.0009765625 -0.0015625 -0.0009765625 -0.0015625 -0.0009765625 -0.0015625
0  0.95654296875 0.2125 0.0126953125 0.034375 -0.0009765625 -0.0015625 -0.0009765625 -0.0015625 -0.0009765625 -0.0015625 -0.0009765625 -0.0015625 -0.0009765625 -0.0015625
0  0.84033203125 0.36015625 0.0185546875 0.0421875 -0.0009765625 -0.0015625 -0.0009765625 -0.0015625 -0.0009765625 -0.0015625 -0.0009765625 -0.0015625 -0.0009765625 -0.0015625
0  0.61669921875 0.45 0.0224609375 0.040625 -0.0009765625 -0.0015625 -0.0009765625 -0.0015625 -0.0009765625 -0.0015625 -0.0009765625 -0.0015625 -0.0009765625 -0.0015625
0  0.64013671875 0.575 0.0224609375 0.046875 -0.0009765625 -0.0015625 -0.0009765625 -0.0015625 -0.0009765625 -0.0015625 -0.0009765625 -0.0015625 -0.0009765625 -0.0015625
0  0.76220703125 0.35859375 0.0185546875 0.0453125 -0.0009765625 -0.0015625 -0.0009765625 -0.0015625 -0.0009765625 -0.0015625 -0.0009765625 -0.0015625 -0.0009765625 -0.0015625
0  0.74853515625 0.7140625 0.0185546875 0.05 -0.0009765625 -0.0015625 -0.0009765625 -0.0015625 -0.0009765625 -0.0015625 -0.0009765625 -0.0015625 -0.0009765625 -0.0015625
0  0.93505859375 0.84765625 0.0224609375 0.0453125 -0.0009765625 -0.0015625 -0.0009765625 -0.0015625 -0.0009765625 -0.0015625 -0.0009765625 -0.0015625 -0.0009765625 -0.0015625
0  0.26171875 0.2171875 0.01171875 0.028125 -0.0009765625 -0.0015625 -0.0009765625 -0.0015625 -0.0009765625 -0.0015625 -0.0009765625 -0.0015625 -0.0009765625 -0.0015625
0  0.197265625 0.13984375 0.013671875 0.0265625 -0.0009765625 -0.0015625 -0.0009765625 -0.0015625 -0.0009765625 -0.0015625 -0.0009765625 -0.0015625 -0.0009765625 -0.0015625
0  0.20458984375 0.13984375 0.0126953125 0.0328125 -0.0009765625 -0.0015625 -0.0009765625 -0.0015625 -0.0009765625 -0.0015625 -0.0009765625 -0.0015625 -0.0009765625 -0.0015625
0  0.22314453125 0.12890625 0.0126953125 0.0296875 -0.0009765625 -0.0015625 -0.0009765625 -0.0015625 -0.0009765625 -0.0015625 -0.0009765625 -0.0015625 -0.0009765625 -0.0015625
0  0.1435546875 0.16015625 0.013671875 0.0296875 -0.0009765625 -0.0015625 -0.0009765625 -0.0015625 -0.0009765625 -0.0015625 -0.0009765625 -0.0015625 -0.0009765625 -0.0015625
0  0.0517578125 0.18125 0.015625 0.034375 -0.0009765625 -0.0015625 -0.0009765625 -0.0015625 -0.0009765625 -0.0015625 -0.0009765625 -0.0015625 -0.0009765625 -0.0015625
0  0.1611328125 0.23125 0.017578125 0.03125 -0.0009765625 -0.0015625 -0.0009765625 -0.0015625 -0.0009765625 -0.0015625 -0.0009765625 -0.0015625 -0.0009765625 -0.0015625
0  0.39111328125 0.26171875 0.0185546875 0.0390625 -0.0009765625 -0.0015625 -0.0009765625 -0.0015625 -0.0009765625 -0.0015625 -0.0009765625 -0.0015625 -0.0009765625 -0.0015625
0  0.154296875 0.97890625 0.0234375 0.0421875 -0.0009765625 -0.0015625 -0.0009765625 -0.0015625 -0.0009765625 -0.0015625 -0.0009765625 -0.0015625 -0.0009765625 -0.0015625
0  0.04736328125 0.7171875 0.0205078125 0.053125 -0.0009765625 -0.0015625 -0.0009765625 -0.0015625 -0.0009765625 -0.0015625 -0.0009765625 -0.0015625 -0.0009765625 -0.0015625
0  0.0439453125 0.6453125 0.021484375 0.05625 -0.0009765625 -0.0015625 -0.0009765625 -0.0015625 -0.0009765625 -0.0015625 -0.0009765625 -0.0015625 -0.0009765625 -0.0015625
0  0.994140625 0.52265625 0.01171875 0.0421875 -0.0009765625 -0.0015625 -0.0009765625 -0.0015625 -0.0009765625 -0.0015625 -0.0009765625 -0.0015625 -0.0009765625 -0.0015625
0  0.39208984375 0.534375 0.0205078125 0.040625 -0.0009765625 -0.0015625 -0.0009765625 -0.0015625 -0.0009765625 -0.0015625 -0.0009765625 -0.0015625 -0.0009765625 -0.0015625
0  0.1650390625 0.3796875 0.01953125 0.040625 -0.0009765625 -0.0015625 -0.0009765625 -0.0015625 -0.0009765625 -0.0015625 -0.0009765625 -0.0015625 -0.0009765625 -0.0015625
0  0.3662109375 0.340625 0.017578125 0.04375 -0.0009765625 -0.0015625 -0.0009765625 -0.0015625 -0.0009765625 -0.0015625 -0.0009765625 -0.0015625 -0.0009765625 -0.0015625
0  0.40185546875 0.3359375 0.0166015625 0.034375 -0.0009765625 -0.0015625 -0.0009765625 -0.0015625 -0.0009765625 -0.0015625 -0.0009765625 -0.0015625 -0.0009765625 -0.0015625
0  0.4697265625 0.33203125 0.017578125 0.0359375 -0.0009765625 -0.0015625 -0.0009765625 -0.0015625 -0.0009765625 -0.0015625 -0.0009765625 -0.0015625 -0.0009765625 -0.0015625
0  0.99609375 0.22421875 0.0078125 0.0390625 -0.0009765625 -0.0015625 -0.0009765625 -0.0015625 -0.0009765625 -0.0015625 -0.0009765625 -0.0015625 -0.0009765625 -0.0015625
0  0.27734375 0.09921875 0.015625 0.0328125 -0.0009765625 -0.0015625 -0.0009765625 -0.0015625 -0.0009765625 -0.0015625 -0.0009765625 -0.0015625 -0.0009765625 -0.0015625
0  0.3076171875 0.01953125 0.01171875 0.0265625 -0.0009765625 -0.0015625 -0.0009765625 -0.0015625 -0.0009765625 -0.0015625 -0.0009765625 -0.0015625 -0.0009765625 -0.0015625
0  0.13427734375 0.05 0.0126953125 0.03125 -0.0009765625 -0.0015625 -0.0009765625 -0.0015625 -0.0009765625 -0.0015625 -0.0009765625 -0.0015625 -0.0009765625 -0.0015625
0  0.86962890625 0.18828125 0.0166015625 0.0328125 -0.0009765625 -0.0015625 -0.0009765625 -0.0015625 -0.0009765625 -0.0015625 -0.0009765625 -0.0015625 -0.0009765625 -0.0015625
0  0.81201171875 0.17578125 0.0146484375 0.0296875 -0.0009765625 -0.0015625 -0.0009765625 -0.0015625 -0.0009765625 -0.0015625 -0.0009765625 -0.0015625 -0.0009765625 -0.0015625
0  0.81884765625 0.11328125 0.0146484375 0.0265625 -0.0009765625 -0.0015625 -0.0009765625 -0.0015625 -0.0009765625 -0.0015625 -0.0009765625 -0.0015625 -0.0009765625 -0.0015625
0  0.82666015625 0.13515625 0.0146484375 0.0296875 -0.0009765625 -0.0015625 -0.0009765625 -0.0015625 -0.0009765625 -0.0015625 -0.0009765625 -0.0015625 -0.0009765625 -0.0015625
0  0.97021484375 0.69375 0.0205078125 0.034375 -0.0009765625 -0.0015625 -0.0009765625 -0.0015625 -0.0009765625 -0.0015625 -0.0009765625 -0.0015625 -0.0009765625 -0.0015625
0  0.72216796875 0.6359375 0.0224609375 0.040625 -0.0009765625 -0.0015625 -0.0009765625 -0.0015625 -0.0009765625 -0.0015625 -0.0009765625 -0.0015625 -0.0009765625 -0.0015625
0  0.638671875 0.92109375 0.03125 0.0609375 0.643650390625 0.9063828125000001 0.6481240234375 0.9051890625000001 0.65309375 0.9095640625 0.648869140625 0.9270578125 0.65110546875 0.9258656249999999
0  0.54638671875 0.68984375 0.0224609375 0.0453125 -0.0009765625 -0.0015625 -0.0009765625 -0.0015625 -0.0009765625 -0.0015625 -0.0009765625 -0.0015625 -0.0009765625 -0.0015625
0  0.58984375 0.68671875 0.0234375 0.0484375 -0.0009765625 -0.0015625 -0.0009765625 -0.0015625 -0.0009765625 -0.0015625 -0.0009765625 -0.0015625 -0.0009765625 -0.0015625
0  0.25830078125 0.5625 0.0166015625 0.040625 -0.0009765625 -0.0015625 -0.0009765625 -0.0015625 -0.0009765625 -0.0015625 -0.0009765625 -0.0015625 -0.0009765625 -0.0015625
0  0.27587890625 0.584375 0.0185546875 0.034375 -0.0009765625 -0.0015625 -0.0009765625 -0.0015625 -0.0009765625 -0.0015625 -0.0009765625 -0.0015625 -0.0009765625 -0.0015625
0  0.26513671875 0.73828125 0.0244140625 0.0453125 -0.0009765625 -0.0015625 -0.0009765625 -0.0015625 -0.0009765625 -0.0015625 -0.0009765625 -0.0015625 -0.0009765625 -0.0015625
0  0.12353515625 0.80390625 0.0302734375 0.0640625 0.1248212890625 0.79814375 0.131251953125 0.7911484375 0.136396484375 0.7948515625 0.1356240234375 0.816253125 0.13896875 0.811725
0  0.13916015625 0.7953125 0.0244140625 0.05 -0.0009765625 -0.0015625 -0.0009765625 -0.0015625 -0.0009765625 -0.0015625 -0.0009765625 -0.0015625 -0.0009765625 -0.0015625
0  0.14501953125 0.653125 0.0224609375 0.04375 -0.0009765625 -0.0015625 -0.0009765625 -0.0015625 -0.0009765625 -0.0015625 -0.0009765625 -0.0015625 -0.0009765625 -0.0015625
0  0.08984375 0.58125 0.021484375 0.053125 -0.0009765625 -0.0015625 -0.0009765625 -0.0015625 -0.0009765625 -0.0015625 -0.0009765625 -0.0015625 -0.0009765625 -0.0015625
0  0.10791015625 0.25 0.0166015625 0.03125 0.1043701171875 0.24031875 0.1137255859375 0.240115625 0.110185546875 0.250028125 0.1085419921875 0.25690625 0.1147373046875 0.2573109375
0  0.1240234375 0.27421875 0.0234375 0.0390625 -0.0009765625 -0.0015625 -0.0009765625 -0.0015625 -0.0009765625 -0.0015625 -0.0009765625 -0.0015625 -0.0009765625 -0.0015625
0  0.25341796875 0.28046875 0.0126953125 0.0296875 -0.0009765625 -0.0015625 -0.0009765625 -0.0015625 -0.0009765625 -0.0015625 -0.0009765625 -0.0015625 -0.0009765625 -0.0015625
0  0.49951171875 0.359375 0.0166015625 0.0375 -0.0009765625 -0.0015625 -0.0009765625 -0.0015625 -0.0009765625 -0.0015625 -0.0009765625 -0.0015625 -0.0009765625 -0.0015625
0  0.58251953125 0.08046875 0.0146484375 0.0296875 -0.0009765625 -0.0015625 -0.0009765625 -0.0015625 -0.0009765625 -0.0015625 -0.0009765625 -0.0015625 -0.0009765625 -0.0015625
0  0.3642578125 0.1015625 0.017578125 0.034375 -0.0009765625 -0.0015625 -0.0009765625 -0.0015625 -0.0009765625 -0.0015625 -0.0009765625 -0.0015625 -0.0009765625 -0.0015625
0  0.4970703125 0.31484375 0.017578125 0.0296875 -0.0009765625 -0.0015625 -0.0009765625 -0.0015625 -0.0009765625 -0.0015625 -0.0009765625 -0.0015625 -0.0009765625 -0.0015625
0  0.0185546875 0.9796875 0.025390625 0.040625 -0.0009765625 -0.0015625 -0.0009765625 -0.0015625 -0.0009765625 -0.0015625 -0.0009765625 -0.0015625 -0.0009765625 -0.0015625
