0  0.39501953125 0.12658227848101267 0.0888671875 0.1209563994374121 0.4017861328125 0.10407876230661041 0.4330361328125 0.10648945147679324 0.431361328125 0.12818987341772153 0.3995537109375 0.14587060478199718 0.4291298828125 0.15631926863572435
0  0.61279296875 0.14135021097046413 0.0830078125 0.11392405063291139 0.616564453125 0.12165400843881856 0.6439951171875 0.11557524613220817 0.64821484375 0.14064697609001406 0.628169921875 0.16419971870604783 0.64821484375 0.16040084388185655
0  0.0341796875 0.7834036568213784 0.015625 0.02812939521800281 -0.0009765625 -0.0014064697609001407 -0.0009765625 -0.0014064697609001407 -0.0009765625 -0.0014064697609001407 -0.0009765625 -0.0014064697609001407 -0.0009765625 -0.0014064697609001407
0  0.05419921875 0.7848101265822784 0.0146484375 0.02531645569620253 -0.0009765625 -0.0014064697609001407 -0.0009765625 -0.0014064697609001407 -0.0009765625 -0.0014064697609001407 -0.0009765625 -0.0014064697609001407 -0.0009765625 -0.0014064697609001407
0  0.07568359375 0.8980309423347398 0.0693359375 0.09985935302390998 0.06298828125 0.8766075949367089 0.069091796875 0.8810028129395219 0.0433701171875 0.9036061884669481 0.0520888671875 0.9205597749648383 0.0573203125 0.9243263009845288
0  0.06201171875 0.7988748241912799 0.0166015625 0.02812939521800281 -0.0009765625 -0.0014064697609001407 -0.0009765625 -0.0014064697609001407 -0.0009765625 -0.0014064697609001407 -0.0009765625 -0.0014064697609001407 -0.0009765625 -0.0014064697609001407
0  0.17822265625 0.8227848101265823 0.0927734375 0.1940928270042194 0.155630859375 0.7841251758087202 0.1989873046875 0.7841251758087202 0.1632822265625 0.8196329113924051 0.1479794921875 0.8624866385372714 0.181134765625 0.8637102672292545
0  0.2607421875 0.8396624472573839 0.0234375 0.04219409282700422 0.2570673828125 0.8340998593530239 0.2655029296875 0.8346399437412095 0.25969140625 0.8465189873417721 0.2559423828125 0.8521884669479606 0.2630654296875 0.8527285513361462
0  0.275390625 0.7763713080168776 0.013671875 0.02812939521800281 -0.0009765625 -0.0014064697609001407 -0.0009765625 -0.0014064697609001407 -0.0009765625 -0.0014064697609001407 -0.0009765625 -0.0014064697609001407 -0.0009765625 -0.0014064697609001407
0  0.27880859375 0.8037974683544303 0.0146484375 0.02390998593530239 -0.0009765625 -0.0014064697609001407 -0.0009765625 -0.0014064697609001407 -0.0009765625 -0.0014064697609001407 -0.0009765625 -0.0014064697609001407 -0.0009765625 -0.0014064697609001407
0  0.30126953125 0.8319268635724332 0.0166015625 0.035161744022503515 -0.0009765625 -0.0014064697609001407 -0.0009765625 -0.0014064697609001407 -0.0009765625 -0.0014064697609001407 -0.0009765625 -0.0014064697609001407 -0.0009765625 -0.0014064697609001407
0  0.32666015625 0.8108298171589311 0.0146484375 0.02109704641350211 -0.0009765625 -0.0014064697609001407 -0.0009765625 -0.0014064697609001407 -0.0009765625 -0.0014064697609001407 -0.0009765625 -0.0014064697609001407 -0.0009765625 -0.0014064697609001407
0  0.32470703125 0.7749648382559775 0.0068359375 0.014064697609001406 -0.0009765625 -0.0014064697609001407 -0.0009765625 -0.0014064697609001407 -0.0009765625 -0.0014064697609001407 -0.0009765625 -0.0014064697609001407 -0.0009765625 -0.0014064697609001407
0  0.3759765625 0.8263009845288326 0.060546875 0.10829817158931083 0.3618515625 0.8085949367088607 0.3853935546875 0.8058818565400844 0.374564453125 0.8214781997187061 0.363263671875 0.8526722925457103 0.3858642578125 0.8479254571026723
0  0.400390625 0.7763713080168776 0.0234375 0.0450070323488045 -0.0009765625 -0.0014064697609001407 -0.0009765625 -0.0014064697609001407 -0.0009765625 -0.0014064697609001407 -0.0009765625 -0.0014064697609001407 -0.0009765625 -0.0014064697609001407
0  0.59521484375 0.789732770745429 0.0224609375 0.046413502109704644 0.5931220703125 0.7814950773558369 0.599609375 0.7811940928270041 0.5966796875 0.7902348804500703 0.59375 0.7989746835443038 0.600865234375 0.7986736990154711
0  0.58251953125 0.8143459915611815 0.0302734375 0.053445850914205346 0.5768515625 0.8001054852320675 0.590271484375 0.7990886075949367 0.58650390625 0.8099381153305204 0.5803828125 0.8241786216596343 0.592154296875 0.8248565400843881
0  0.62060546875 0.7742616033755274 0.0107421875 0.02109704641350211 -0.0009765625 -0.0014064697609001407 -0.0009765625 -0.0014064697609001407 -0.0009765625 -0.0014064697609001407 -0.0009765625 -0.0014064697609001407 -0.0009765625 -0.0014064697609001407
0  0.634765625 0.7890295358649789 0.015625 0.02812939521800281 0.6311728515625 0.7850745428973277 0.6391513671875 0.7837552742616034 0.6358818359375 0.7909127988748242 0.63405078125 0.7971293952180029 0.638236328125 0.7963755274261602
0  0.67529296875 0.7714486638537271 0.0224609375 0.04360056258790436 0.6701962890625 0.7677819971870605 0.6803984375 0.7635428973277075 0.678240234375 0.7725850914205344 0.6749052734375 0.7833220815752462 0.6823603515625 0.7807791842475387
0  0.70166015625 0.8263009845288326 0.0302734375 0.06610407876230662 0.699126953125 0.8181631504922645 0.712271484375 0.8194261603375527 0.7093505859375 0.8333080168776371 0.699126953125 0.8404599156118143 0.7131474609375 0.8425625879043601
0  0.72021484375 0.8136427566807314 0.0185546875 0.035161744022503515 0.717982421875 0.8081926863572433 0.7259873046875 0.8086441631504923 0.72284765625 0.8147482419127988 0.7203369140625 0.8219817158931083 0.725830078125 0.8217552742616034
0  0.73583984375 0.7974683544303798 0.0146484375 0.02812939521800281 -0.0009765625 -0.0014064697609001407 -0.0009765625 -0.0014064697609001407 -0.0009765625 -0.0014064697609001407 -0.0009765625 -0.0014064697609001407 -0.0009765625 -0.0014064697609001407
0  0.53369140625 0.9212376933895922 0.0927734375 0.15752461322081576 -0.0009765625 -0.0014064697609001407 -0.0009765625 -0.0014064697609001407 -0.0009765625 -0.0014064697609001407 -0.0009765625 -0.0014064697609001407 -0.0009765625 -0.0014064697609001407
0  0.75537109375 0.7749648382559775 0.0068359375 0.011251758087201125 -0.0009765625 -0.0014064697609001407 -0.0009765625 -0.0014064697609001407 -0.0009765625 -0.0014064697609001407 -0.0009765625 -0.0014064697609001407 -0.0009765625 -0.0014064697609001407
0  0.7939453125 0.80098452883263 0.015625 0.03234880450070324 0.7928642578125 0.7981462728551336 0.8014609375 0.7983600562587905 0.79908984375 0.8045513361462727 0.794791015625 0.809887482419128 0.79908984375 0.8103150492264416
0  0.78466796875 0.8263009845288326 0.0302734375 0.04360056258790436 0.7826455078125 0.8205991561181435 0.7918525390625 0.8189423347398032 0.7916611328125 0.8258495077355836 0.78782421875 0.8357946554149086 0.794921875 0.8349662447257383
0  0.833984375 0.8291139240506329 0.048828125 0.06329113924050633 0.8286484375 0.8202728551336147 0.841517578125 0.8175611814345991 0.8446572265625 0.8288621659634319 0.8393203125 0.8415203938115331 0.845912109375 0.8388087201125176
0  0.943359375 0.7862165963431786 0.087890625 0.12939521800281295 0.9415546875 0.7757932489451478 0.971923828125 0.7733642756680731 0.983734375 0.8009029535864979 0.952240234375 0.8260126582278481 0.971361328125 0.8227721518987342
0  0.986328125 0.7834036568213784 0.02734375 0.0759493670886076 -0.0009765625 -0.0014064697609001407 -0.0009765625 -0.0014064697609001407 -0.0009765625 -0.0014064697609001407 -0.0009765625 -0.0014064697609001407 -0.0009765625 -0.0014064697609001407
0  0.306640625 0.7721518987341772 0.0078125 0.014064697609001406 -0.0009765625 -0.0014064697609001407 -0.0009765625 -0.0014064697609001407 -0.0009765625 -0.0014064697609001407 -0.0009765625 -0.0014064697609001407 -0.0009765625 -0.0014064697609001407
