0  0.078125 0.5120757180156658 0.015625 0.018929503916449087 -0.0009765625 -0.0006527415143603133 -0.0009765625 -0.0006527415143603133 -0.0009765625 -0.0006527415143603133 -0.0009765625 -0.0006527415143603133 -0.0009765625 -0.0006527415143603133
0  0.1240234375 0.5088120104438643 0.02734375 0.02154046997389034 0.1150556640625 0.5048720626631854 0.125916015625 0.5048720626631854 0.1199736328125 0.5099399477806789 0.11628515625 0.5129530026109661 0.125095703125 0.5126788511749347
0  0.1572265625 0.5140339425587467 0.015625 0.015013054830287207 -0.0009765625 -0.0006527415143603133 -0.0009765625 -0.0006527415143603133 -0.0009765625 -0.0006527415143603133 -0.0009765625 -0.0006527415143603133 -0.0009765625 -0.0006527415143603133
0  0.14990234375 0.5156657963446475 0.0126953125 0.013054830287206266 0.147517578125 0.5131422976501305 0.1529541015625 0.5129732375979112 0.1500458984375 0.5153394255874674 0.1529541015625 0.5182969973890339 0.1553564453125 0.5185509138381201
0  0.18505859375 0.5094647519582245 0.0126953125 0.012402088772845953 -0.0009765625 -0.0006527415143603133 -0.0009765625 -0.0006527415143603133 -0.0009765625 -0.0006527415143603133 -0.0009765625 -0.0006527415143603133 -0.0009765625 -0.0006527415143603133
0  0.20263671875 0.5078328981723238 0.0166015625 0.015665796344647518 0.198783203125 0.5062885117493473 0.2048603515625 0.5067839425587467 0.2007099609375 0.5093596605744126 0.19744921875 0.5113413838120104 0.2035263671875 0.5119360313315926
0  0.21044921875 0.5329634464751958 0.0166015625 0.01370757180156658 0.20658203125 0.531317232375979 0.2145556640625 0.531317232375979 0.2110419921875 0.5345691906005222 0.2083388671875 0.5373694516971279 0.21333984375 0.5372793733681462
0  0.24560546875 0.5091383812010444 0.0126953125 0.01174934725848564 0.2445107421875 0.507710182767624 0.249572265625 0.5075528720626632 0.248513671875 0.5099921671018277 0.24639453125 0.512588772845953 0.24980859375 0.5124314621409921
0  0.31494140625 0.5241514360313316 0.0185546875 0.018276762402088774 0.3155732421875 0.5219131853785901 0.3227236328125 0.5216742819843342 0.3211142578125 0.5256174934725848 0.3134287109375 0.5284843342036554 0.3134287109375 0.5284843342036554
0  0.3466796875 0.5150130548302873 0.009765625 0.013054830287206266 -0.0009765625 -0.0006527415143603133 -0.0009765625 -0.0006527415143603133 -0.0009765625 -0.0006527415143603133 -0.0009765625 -0.0006527415143603133 -0.0009765625 -0.0006527415143603133
0  0.30322265625 0.5052219321148825 0.0048828125 0.006527415143603133 -0.0009765625 -0.0006527415143603133 -0.0009765625 -0.0006527415143603133 -0.0009765625 -0.0006527415143603133 -0.0009765625 -0.0006527415143603133 -0.0009765625 -0.0006527415143603133
0  0.32470703125 0.5016318537859008 0.0068359375 0.007180156657963447 -0.0009765625 -0.0006527415143603133 -0.0009765625 -0.0006527415143603133 -0.0009765625 -0.0006527415143603133 -0.0009765625 -0.0006527415143603133 -0.0009765625 -0.0006527415143603133
0  0.345703125 0.49967362924281983 0.005859375 0.007180156657963447 -0.0009765625 -0.0006527415143603133 -0.0009765625 -0.0006527415143603133 -0.0009765625 -0.0006527415143603133 -0.0009765625 -0.0006527415143603133 -0.0009765625 -0.0006527415143603133
0  0.39111328125 0.5058746736292428 0.0107421875 0.009138381201044387 -0.0009765625 -0.0006527415143603133 -0.0009765625 -0.0006527415143603133 -0.0009765625 -0.0006527415143603133 -0.0009765625 -0.0006527415143603133 -0.0009765625 -0.0006527415143603133
0  0.4609375 0.4911879895561358 0.009765625 0.008485639686684074 -0.0009765625 -0.0006527415143603133 -0.0009765625 -0.0006527415143603133 -0.0009765625 -0.0006527415143603133 -0.0009765625 -0.0006527415143603133 -0.0009765625 -0.0006527415143603133
0  0.48291015625 0.5 0.0087890625 0.007832898172323759 -0.0009765625 -0.0006527415143603133 -0.0009765625 -0.0006527415143603133 -0.0009765625 -0.0006527415143603133 -0.0009765625 -0.0006527415143603133 -0.0009765625 -0.0006527415143603133
0  0.435546875 0.5019582245430809 0.009765625 0.007832898172323759 -0.0009765625 -0.0006527415143603133 -0.0009765625 -0.0006527415143603133 -0.0009765625 -0.0006527415143603133 -0.0009765625 -0.0006527415143603133 -0.0009765625 -0.0006527415143603133
0  0.494140625 0.4924934725848564 0.01171875 0.008485639686684074 -0.0009765625 -0.0006527415143603133 -0.0009765625 -0.0006527415143603133 -0.0009765625 -0.0006527415143603133 -0.0009765625 -0.0006527415143603133 -0.0009765625 -0.0006527415143603133
0  0.568359375 0.49053524804177545 0.0078125 0.007180156657963447 -0.0009765625 -0.0006527415143603133 -0.0009765625 -0.0006527415143603133 -0.0009765625 -0.0006527415143603133 -0.0009765625 -0.0006527415143603133 -0.0009765625 -0.0006527415143603133
0  0.57421875 0.4970626631853786 0.0078125 0.007180156657963447 -0.0009765625 -0.0006527415143603133 -0.0009765625 -0.0006527415143603133 -0.0009765625 -0.0006527415143603133 -0.0009765625 -0.0006527415143603133 -0.0009765625 -0.0006527415143603133
0  0.6064453125 0.5088120104438643 0.015625 0.012402088772845953 0.60009765625 0.508240861618799 0.6077880859375 0.5084040469973891 0.602294921875 0.5107702349869452 0.600830078125 0.5140339425587467 0.6065673828125 0.5143603133159269
0  0.5986328125 0.5 0.015625 0.014360313315926894 -0.0009765625 -0.0006527415143603133 -0.0009765625 -0.0006527415143603133 -0.0009765625 -0.0006527415143603133 -0.0009765625 -0.0006527415143603133 -0.0009765625 -0.0006527415143603133
0  0.7158203125 0.493798955613577 0.0078125 0.008485639686684074 -0.0009765625 -0.0006527415143603133 -0.0009765625 -0.0006527415143603133 -0.0009765625 -0.0006527415143603133 -0.0009765625 -0.0006527415143603133 -0.0009765625 -0.0006527415143603133
0  0.78369140625 0.5013054830287206 0.0419921875 0.03263707571801567 0.7715712890625 0.49497911227154046 0.7765244140625 0.4943583550913838 0.76476171875 0.5009791122715405 0.7703330078125 0.508427545691906 0.77373828125 0.5075998694516971
0  0.8564453125 0.5009791122715405 0.01171875 0.012402088772845953 -0.0009765625 -0.0006527415143603133 -0.0009765625 -0.0006527415143603133 -0.0009765625 -0.0006527415143603133 -0.0009765625 -0.0006527415143603133 -0.0009765625 -0.0006527415143603133
0  0.91259765625 0.49869451697127937 0.0107421875 0.009138381201044387 -0.0009765625 -0.0006527415143603133 -0.0009765625 -0.0006527415143603133 -0.0009765625 -0.0006527415143603133 -0.0009765625 -0.0006527415143603133 -0.0009765625 -0.0006527415143603133
0  0.97119140625 0.4902088772845953 0.0107421875 0.010443864229765013 0.9681962890625 0.4890110966057441 0.9726083984375 0.48974869451697123 0.9681962890625 0.491490861618799 0.96799609375 0.49283159268929505 0.9712041015625 0.49303263707571804
0  0.984375 0.48857702349869453 0.0078125 0.0097911227154047 -0.0009765625 -0.0006527415143603133 -0.0009765625 -0.0006527415143603133 -0.0009765625 -0.0006527415143603133 -0.0009765625 -0.0006527415143603133 -0.0009765625 -0.0006527415143603133
