0  0.99267578125 0.4694010416666667 0.0126953125 0.037760416666666664 -0.0009765625 -0.0013020833333333333 -0.0009765625 -0.0013020833333333333 -0.0009765625 -0.0013020833333333333 -0.0009765625 -0.0013020833333333333 -0.0009765625 -0.0013020833333333333
0  0.951171875 0.4654947916666667 0.021484375 0.03515625 0.951904296875 0.460890625 0.9595771484375 0.4615885416666667 0.9571357421875 0.4690286458333333 0.9505087890625 0.47507421875000005 0.9564384765625 0.47577213541666663
0  0.927734375 0.4739583333333333 0.013671875 0.018229166666666668 0.925140625 0.46899479166666663 0.931091796875 0.46875 0.9283447265625 0.47302213541666666 0.926421875 0.47668489583333334 0.93017578125 0.47668489583333334
0  0.89794921875 0.4609375 0.0185546875 0.033854166666666664 0.8905244140625 0.45770572916666663 0.897783203125 0.45727604166666663 0.8913310546875 0.4643723958333333 0.890685546875 0.4712552083333333 0.898267578125 0.47104036458333337
0  0.880859375 0.50390625 0.017578125 0.028645833333333332 0.875279296875 0.5011158854166667 0.8823935546875 0.5003723958333334 0.8775107421875 0.50632421875 0.8761162109375 0.51227734375 0.8828125 0.5120911458333334
0  0.861328125 0.4947916666666667 0.017578125 0.026041666666666668 0.855546875 0.48824088541666666 0.8631328125 0.48874609375000005 0.858076171875 0.49498307291666666 0.8552939453125 0.4998723958333333 0.85997265625 0.4998723958333333
0  0.8525390625 0.4680989583333333 0.015625 0.02734375 0.8473427734375 0.4637864583333333 0.8541435546875 0.46535546874999995 0.8493046875 0.4690169270833333 0.8466884765625 0.47564453125 0.8508740234375 0.4766901041666667
0  0.8388671875 0.474609375 0.009765625 0.01953125 0.83665234375 0.47050520833333337 0.839146484375 0.47063281250000005 0.833966796875 0.4739583333333333 0.8372275390625 0.47920182291666663 0.839337890625 0.47945703125
0  0.8251953125 0.4772135416666667 0.005859375 0.014322916666666666 -0.0009765625 -0.0013020833333333333 -0.0009765625 -0.0013020833333333333 -0.0009765625 -0.0013020833333333333 -0.0009765625 -0.0013020833333333333 -0.0009765625 -0.0013020833333333333
0  0.80126953125 0.482421875 0.0146484375 0.024739583333333332 0.7991328125 0.47751041666666666 0.8024296875 0.47798046875 0.7970146484375 0.4828463541666667 0.8008994140625 0.48880989583333334 0.8013701171875 0.48880989583333334
0  0.751953125 0.4485677083333333 0.013671875 0.02734375 -0.0009765625 -0.0013020833333333333 -0.0009765625 -0.0013020833333333333 -0.0009765625 -0.0013020833333333333 -0.0009765625 -0.0013020833333333333 -0.0009765625 -0.0013020833333333333
0  0.72998046875 0.4720052083333333 0.0087890625 0.016927083333333332 -0.0009765625 -0.0013020833333333333 -0.0009765625 -0.0013020833333333333 -0.0009765625 -0.0013020833333333333 -0.0009765625 -0.0013020833333333333 -0.0009765625 -0.0013020833333333333
0  0.69921875 0.4674479166666667 0.01171875 0.020833333333333332 0.696611328125 0.46532682291666666 0.701826171875 0.46412239583333337 0.69921875 0.46826692708333334 0.697814453125 0.4730807291666667 0.7020263671875 0.47241145833333337
0  0.71240234375 0.4674479166666667 0.0126953125 0.020833333333333332 -0.0009765625 -0.0013020833333333333 -0.0009765625 -0.0013020833333333333 -0.0009765625 -0.0013020833333333333 -0.0009765625 -0.0013020833333333333 -0.0009765625 -0.0013020833333333333
0  0.61474609375 0.470703125 0.0068359375 0.014322916666666666 -0.0009765625 -0.0013020833333333333 -0.0009765625 -0.0013020833333333333 -0.0009765625 -0.0013020833333333333 -0.0009765625 -0.0013020833333333333 -0.0009765625 -0.0013020833333333333
0  0.63623046875 0.4700520833333333 0.0087890625 0.015625 -0.0009765625 -0.0013020833333333333 -0.0009765625 -0.0013020833333333333 -0.0009765625 -0.0013020833333333333 -0.0009765625 -0.0013020833333333333 -0.0009765625 -0.0013020833333333333
0  0.60986328125 0.4765625 0.0048828125 0.010416666666666666 -0.0009765625 -0.0013020833333333333 -0.0009765625 -0.0013020833333333333 -0.0009765625 -0.0013020833333333333 -0.0009765625 -0.0013020833333333333 -0.0009765625 -0.0013020833333333333
0  0.60546875 0.4752604166666667 0.005859375 0.010416666666666666 -0.0009765625 -0.0013020833333333333 -0.0009765625 -0.0013020833333333333 -0.0009765625 -0.0013020833333333333 -0.0009765625 -0.0013020833333333333 -0.0009765625 -0.0013020833333333333
0  0.5966796875 0.46875 0.005859375 0.013020833333333334 -0.0009765625 -0.0013020833333333333 -0.0009765625 -0.0013020833333333333 -0.0009765625 -0.0013020833333333333 -0.0009765625 -0.0013020833333333333 -0.0009765625 -0.0013020833333333333
0  0.55029296875 0.478515625 0.0068359375 0.014322916666666666 -0.0009765625 -0.0013020833333333333 -0.0009765625 -0.0013020833333333333 -0.0009765625 -0.0013020833333333333 -0.0009765625 -0.0013020833333333333 -0.0009765625 -0.0013020833333333333
0  0.57080078125 0.4661458333333333 0.0048828125 0.010416666666666666 -0.0009765625 -0.0013020833333333333 -0.0009765625 -0.0013020833333333333 -0.0009765625 -0.0013020833333333333 -0.0009765625 -0.0013020833333333333 -0.0009765625 -0.0013020833333333333
0  0.5791015625 0.47265625 0.005859375 0.010416666666666666 -0.0009765625 -0.0013020833333333333 -0.0009765625 -0.0013020833333333333 -0.0009765625 -0.0013020833333333333 -0.0009765625 -0.0013020833333333333 -0.0009765625 -0.0013020833333333333
0  0.5419921875 0.4694010416666667 0.005859375 0.01171875 -0.0009765625 -0.0013020833333333333 -0.0009765625 -0.0013020833333333333 -0.0009765625 -0.0013020833333333333 -0.0009765625 -0.0013020833333333333 -0.0009765625 -0.0013020833333333333
0  0.560546875 0.48046875 0.005859375 0.010416666666666666 -0.0009765625 -0.0013020833333333333 -0.0009765625 -0.0013020833333333333 -0.0009765625 -0.0013020833333333333 -0.0009765625 -0.0013020833333333333 -0.0009765625 -0.0013020833333333333
0  0.56689453125 0.4811197916666667 0.0048828125 0.01171875 -0.0009765625 -0.0013020833333333333 -0.0009765625 -0.0013020833333333333 -0.0009765625 -0.0013020833333333333 -0.0009765625 -0.0013020833333333333 -0.0009765625 -0.0013020833333333333
0  0.146484375 0.5032552083333334 0.013671875 0.022135416666666668 0.1458564453125 0.4993958333333333 0.1509833984375 0.4986979166666667 0.1511923828125 0.503859375 0.1475302734375 0.5086028645833334 0.151611328125 0.5081848958333334
0  0.13818359375 0.4752604166666667 0.0126953125 0.0234375 0.13690234375 0.4697265625 0.1421162109375 0.46957552083333337 0.140416015625 0.4735052083333333 0.13758203125 0.47924739583333337 0.1422294921875 0.4790963541666667
0  0.11376953125 0.48046875 0.0126953125 0.0234375 0.114123046875 0.47746354166666666 0.1196552734375 0.4766783854166667 0.1184775390625 0.48217187499999997 0.113416015625 0.4873515625 0.117771484375 0.48797916666666663
0  0.08935546875 0.482421875 0.0146484375 0.022135416666666668 -0.0009765625 -0.0013020833333333333 -0.0009765625 -0.0013020833333333333 -0.0009765625 -0.0013020833333333333 -0.0009765625 -0.0013020833333333333 -0.0009765625 -0.0013020833333333333
0  0.07080078125 0.49609375 0.0087890625 0.020833333333333332 -0.0009765625 -0.0013020833333333333 -0.0009765625 -0.0013020833333333333 -0.0009765625 -0.0013020833333333333 -0.0009765625 -0.0013020833333333333 -0.0009765625 -0.0013020833333333333
0  0.0146484375 0.4713541666666667 0.0078125 0.018229166666666668 -0.0009765625 -0.0013020833333333333 -0.0009765625 -0.0013020833333333333 -0.0009765625 -0.0013020833333333333 -0.0009765625 -0.0013020833333333333 -0.0009765625 -0.0013020833333333333
0  0.04296875 0.4622395833333333 0.005859375 0.013020833333333334 -0.0009765625 -0.0013020833333333333 -0.0009765625 -0.0013020833333333333 -0.0009765625 -0.0013020833333333333 -0.0009765625 -0.0013020833333333333 -0.0009765625 -0.0013020833333333333
0  0.04248046875 0.478515625 0.0068359375 0.014322916666666666 -0.0009765625 -0.0013020833333333333 -0.0009765625 -0.0013020833333333333 -0.0009765625 -0.0013020833333333333 -0.0009765625 -0.0013020833333333333 -0.0009765625 -0.0013020833333333333
0  0.12353515625 0.4713541666666667 0.0068359375 0.013020833333333334 -0.0009765625 -0.0013020833333333333 -0.0009765625 -0.0013020833333333333 -0.0009765625 -0.0013020833333333333 -0.0009765625 -0.0013020833333333333 -0.0009765625 -0.0013020833333333333
0  0.14453125 0.462890625 0.0078125 0.014322916666666666 -0.0009765625 -0.0013020833333333333 -0.0009765625 -0.0013020833333333333 -0.0009765625 -0.0013020833333333333 -0.0009765625 -0.0013020833333333333 -0.0009765625 -0.0013020833333333333
0  0.17529296875 0.484375 0.0087890625 0.015625 -0.0009765625 -0.0013020833333333333 -0.0009765625 -0.0013020833333333333 -0.0009765625 -0.0013020833333333333 -0.0009765625 -0.0013020833333333333 -0.0009765625 -0.0013020833333333333
0  0.15478515625 0.4694010416666667 0.0068359375 0.01171875 -0.0009765625 -0.0013020833333333333 -0.0009765625 -0.0013020833333333333 -0.0009765625 -0.0013020833333333333 -0.0009765625 -0.0013020833333333333 -0.0009765625 -0.0013020833333333333
0  0.16650390625 0.5078125 0.0068359375 0.013020833333333334 -0.0009765625 -0.0013020833333333333 -0.0009765625 -0.0013020833333333333 -0.0009765625 -0.0013020833333333333 -0.0009765625 -0.0013020833333333333 -0.0009765625 -0.0013020833333333333
0  0.20263671875 0.4817708333333333 0.0068359375 0.010416666666666666 -0.0009765625 -0.0013020833333333333 -0.0009765625 -0.0013020833333333333 -0.0009765625 -0.0013020833333333333 -0.0009765625 -0.0013020833333333333 -0.0009765625 -0.0013020833333333333
0  0.21142578125 0.4817708333333333 0.0068359375 0.013020833333333334 -0.0009765625 -0.0013020833333333333 -0.0009765625 -0.0013020833333333333 -0.0009765625 -0.0013020833333333333 -0.0009765625 -0.0013020833333333333 -0.0009765625 -0.0013020833333333333
0  0.1865234375 0.4798177083333333 0.0078125 0.014322916666666666 -0.0009765625 -0.0013020833333333333 -0.0009765625 -0.0013020833333333333 -0.0009765625 -0.0013020833333333333 -0.0009765625 -0.0013020833333333333 -0.0009765625 -0.0013020833333333333
0  0.19482421875 0.4869791666666667 0.0087890625 0.013020833333333334 0.1942353515625 0.48336328125 0.1986171875 0.4837122395833333 0.1961318359375 0.48676432291666666 0.1942353515625 0.4891184895833333 0.1971787109375 0.48929296875
0  0.18017578125 0.4811197916666667 0.0068359375 0.014322916666666666 -0.0009765625 -0.0013020833333333333 -0.0009765625 -0.0013020833333333333 -0.0009765625 -0.0013020833333333333 -0.0009765625 -0.0013020833333333333 -0.0009765625 -0.0013020833333333333
0  0.26318359375 0.4720052083333333 0.0068359375 0.009114583333333334 -0.0009765625 -0.0013020833333333333 -0.0009765625 -0.0013020833333333333 -0.0009765625 -0.0013020833333333333 -0.0009765625 -0.0013020833333333333 -0.0009765625 -0.0013020833333333333
0  0.283203125 0.482421875 0.005859375 0.01171875 -0.0009765625 -0.0013020833333333333 -0.0009765625 -0.0013020833333333333 -0.0009765625 -0.0013020833333333333 -0.0009765625 -0.0013020833333333333 -0.0009765625 -0.0013020833333333333
0  0.2705078125 0.318359375 0.0078125 0.016927083333333332 -0.0009765625 -0.0013020833333333333 -0.0009765625 -0.0013020833333333333 -0.0009765625 -0.0013020833333333333 -0.0009765625 -0.0013020833333333333 -0.0009765625 -0.0013020833333333333
0  0.4853515625 0.470703125 0.00390625 0.009114583333333334 -0.0009765625 -0.0013020833333333333 -0.0009765625 -0.0013020833333333333 -0.0009765625 -0.0013020833333333333 -0.0009765625 -0.0013020833333333333 -0.0009765625 -0.0013020833333333333
0  0.49755859375 0.470703125 0.0029296875 0.009114583333333334 -0.0009765625 -0.0013020833333333333 -0.0009765625 -0.0013020833333333333 -0.0009765625 -0.0013020833333333333 -0.0009765625 -0.0013020833333333333 -0.0009765625 -0.0013020833333333333
0  0.5263671875 0.46484375 0.005859375 0.010416666666666666 -0.0009765625 -0.0013020833333333333 -0.0009765625 -0.0013020833333333333 -0.0009765625 -0.0013020833333333333 -0.0009765625 -0.0013020833333333333 -0.0009765625 -0.0013020833333333333
0  0.39990234375 0.470703125 0.0048828125 0.01171875 -0.0009765625 -0.0013020833333333333 -0.0009765625 -0.0013020833333333333 -0.0009765625 -0.0013020833333333333 -0.0009765625 -0.0013020833333333333 -0.0009765625 -0.0013020833333333333
