0  0.8642578125 0.6381578947368421 0.078125 0.13596491228070176 0.8380693359375 0.6150730994152046 0.8740498046875 0.632172514619883 0.8409248046875 0.6458523391812865 0.83064453125 0.6620979532163743 0.8603427734375 0.6826184210526316
0  0.81884765625 0.49488304093567254 0.0478515625 0.0891812865497076 0.82925 0.48830994152046786 0.83759375 0.4832002923976608 0.84062890625 0.5025058479532164 0.8262158203125 0.5178377192982456 0.8326630859375 0.5172690058479532
0  0.66162109375 0.560672514619883 0.0517578125 0.09502923976608187 -0.0009765625 -0.0014619883040935672 -0.0009765625 -0.0014619883040935672 -0.0009765625 -0.0014619883040935672 -0.0009765625 -0.0014619883040935672 -0.0009765625 -0.0014619883040935672
0  0.06298828125 0.6030701754385965 0.0576171875 0.10087719298245613 0.0412900390625 0.5954736842105263 0.0484794921875 0.601171052631579 0.0362158203125 0.619530701754386 0.053130859375 0.6328260233918129 0.0569375 0.636624269005848
0  0.3115234375 0.5182748538011696 0.052734375 0.07456140350877193 0.29559375 0.5120160818713451 0.318419921875 0.5105087719298246 0.3070068359375 0.5361388888888888 0.3070068359375 0.5456871345029239 0.319427734375 0.5431739766081871
0  0.84228515625 0.38011695906432746 0.0439453125 0.07602339181286549 0.8269873046875 0.3693801169590643 0.8371708984375 0.37366812865497073 0.8209404296875 0.38510380116959064 0.8257138671875 0.39701461988304093 0.8330341796875 0.4008260233918129
0  0.89990234375 0.3574561403508772 0.0322265625 0.06578947368421052 -0.0009765625 -0.0014619883040935672 -0.0009765625 -0.0014619883040935672 -0.0009765625 -0.0014619883040935672 -0.0009765625 -0.0014619883040935672 -0.0009765625 -0.0014619883040935672
0  0.94384765625 0.32383040935672514 0.0224609375 0.05116959064327485 0.9406474609375 0.31983625730994153 0.9517646484375 0.3178391812865497 0.949763671875 0.3304883040935673 0.9393134765625 0.3368114035087719 0.944427734375 0.3408070175438596
0  0.9052734375 0.2814327485380117 0.01953125 0.04239766081871345 0.907287109375 0.27247807017543857 0.9119345703125 0.27328070175438596 0.9128291015625 0.28398538011695906 0.9042490234375 0.2944210526315789 0.905857421875 0.2952236842105263
0  0.95703125 0.25511695906432746 0.01171875 0.024853801169590642 0.95725390625 0.2516973684210526 0.9612861328125 0.252187134502924 0.9604140625 0.2565921052631579 0.9557275390625 0.2609970760233918 0.9581259765625 0.26230263157894734
0  0.9169921875 0.25 0.013671875 0.02631578947368421 -0.0009765625 -0.0014619883040935672 -0.0009765625 -0.0014619883040935672 -0.0009765625 -0.0014619883040935672 -0.0009765625 -0.0014619883040935672 -0.0009765625 -0.0014619883040935672
0  0.888671875 0.22587719298245615 0.01171875 0.019005847953216373 -0.0009765625 -0.0014619883040935672 -0.0009765625 -0.0014619883040935672 -0.0009765625 -0.0014619883040935672 -0.0009765625 -0.0014619883040935672 -0.0009765625 -0.0014619883040935672
0  0.85400390625 0.25146198830409355 0.0166015625 0.03216374269005848 -0.0009765625 -0.0014619883040935672 -0.0009765625 -0.0014619883040935672 -0.0009765625 -0.0014619883040935672 -0.0009765625 -0.0014619883040935672 -0.0009765625 -0.0014619883040935672
0  0.82666015625 0.20833333333333334 0.0107421875 0.019005847953216373 -0.0009765625 -0.0014619883040935672 -0.0009765625 -0.0014619883040935672 -0.0009765625 -0.0014619883040935672 -0.0009765625 -0.0014619883040935672 -0.0009765625 -0.0014619883040935672
0  0.796875 0.24415204678362573 0.01953125 0.03508771929824561 0.7981650390625 0.24415204678362573 0.803353515625 0.24503947368421053 0.8029091796875 0.2525847953216374 0.79623828125 0.2552470760233918 0.80157421875 0.25746637426900587
0  0.83642578125 0.19444444444444445 0.0068359375 0.011695906432748537 -0.0009765625 -0.0014619883040935672 -0.0009765625 -0.0014619883040935672 -0.0009765625 -0.0014619883040935672 -0.0009765625 -0.0014619883040935672 -0.0009765625 -0.0014619883040935672
0  0.791015625 0.34868421052631576 0.033203125 0.054093567251461985 0.786341796875 0.3421111111111111 0.8004365234375 0.3455716374269006 0.7928115234375 0.35560233918128653 0.7842626953125 0.3639049707602339 0.796740234375 0.3680555555555556
0  0.7314453125 0.33114035087719296 0.04296875 0.07163742690058479 0.7296142578125 0.32447076023391813 0.747619140625 0.3226432748538012 0.741515625 0.34137426900584794 0.730529296875 0.3518830409356725 0.7457890625 0.349140350877193
0  0.1318359375 0.4444444444444444 0.078125 0.07894736842105263 0.1111494140625 0.4451885964912281 0.1200166015625 0.44371345029239767 0.11410546875 0.46878947368421053 0.13183984375 0.4724766081871345 0.137259765625 0.4710014619883041
0  0.07177734375 0.3574561403508772 0.0419921875 0.054093567251461985 0.060607421875 0.35234502923976607 0.073373046875 0.3499576023391813 0.0680546875 0.36468713450292395 0.0691181640625 0.37344736842105264 0.079755859375 0.3698640350877193
0  0.2109375 0.3165204678362573 0.029296875 0.054093567251461985 0.19820703125 0.3096798245614035 0.2120361328125 0.3086622807017544 0.207728515625 0.32223830409356724 0.2056884765625 0.3293654970760234 0.214302734375 0.32698976608187136
0  0.1630859375 0.2580409356725146 0.03125 0.04824561403508772 0.1546630859375 0.251906432748538 0.1666953125 0.2504049707602339 0.1614814453125 0.264516081871345 0.160478515625 0.27111988304093565 0.171107421875 0.2684181286549708
0  0.1435546875 0.23538011695906433 0.017578125 0.03508771929824561 0.136779296875 0.232593567251462 0.14501953125 0.23213596491228072 0.14044140625 0.23944590643274855 0.1433408203125 0.24789766081871348 0.146392578125 0.24766959064327487
0  0.072265625 0.2324561403508772 0.021484375 0.038011695906432746 0.0659873046875 0.22553801169590643 0.0752646484375 0.2247938596491228 0.0699638671875 0.2309941520467836 0.0689697265625 0.2406666666666667 0.075099609375 0.24017105263157892
0  0.02978515625 0.2638888888888889 0.0244140625 0.04532163742690058 0.0243095703125 0.26430701754385966 0.0252685546875 0.2634444444444444 0.0223916015625 0.2703377192982456 0.02948828125 0.2795263157894737 0.0298720703125 0.27923976608187134
0  0.03466796875 0.20394736842105263 0.0166015625 0.027777777777777776 -0.0009765625 -0.0014619883040935672 -0.0009765625 -0.0014619883040935672 -0.0009765625 -0.0014619883040935672 -0.0009765625 -0.0014619883040935672 -0.0009765625 -0.0014619883040935672
0  0.1240234375 0.2149122807017544 0.013671875 0.023391812865497075 0.120814453125 0.21444298245614035 0.1285576171875 0.21459941520467837 0.1245810546875 0.22055116959064328 0.1232216796875 0.22666081871345028 0.127197265625 0.22666081871345028
0  0.09716796875 0.29751461988304095 0.0263671875 0.027777777777777776 -0.0009765625 -0.0014619883040935672 -0.0009765625 -0.0014619883040935672 -0.0009765625 -0.0014619883040935672 -0.0009765625 -0.0014619883040935672 -0.0009765625 -0.0014619883040935672
0  0.33154296875 0.31798245614035087 0.0322265625 0.05701754385964912 0.32373046875 0.30994152046783624 0.3388671875 0.3121345029239766 0.330078125 0.3223684210526316 0.324951171875 0.32858187134502925 0.335205078125 0.33187134502923976
0  0.2783203125 0.2909356725146199 0.021484375 0.043859649122807015 0.27325390625 0.2859093567251462 0.2835078125 0.2870058479532164 0.27911328125 0.29660087719298245 0.2738037109375 0.30071345029239765 0.2840576171875 0.302906432748538
0  0.3525390625 0.266812865497076 0.025390625 0.04824561403508772 0.34303515625 0.2634385964912281 0.3526650390625 0.26098391812865496 0.3506162109375 0.27356140350877195 0.34938671875 0.28153654970760233 0.3573779296875 0.27877631578947365
0  0.2421875 0.24195906432748537 0.017578125 0.03654970760233918 -0.0009765625 -0.0014619883040935672 -0.0009765625 -0.0014619883040935672 -0.0009765625 -0.0014619883040935672 -0.0009765625 -0.0014619883040935672 -0.0009765625 -0.0014619883040935672
0  0.095703125 0.20321637426900585 0.009765625 0.02046783625730994 -0.0009765625 -0.0014619883040935672 -0.0009765625 -0.0014619883040935672 -0.0009765625 -0.0014619883040935672 -0.0009765625 -0.0014619883040935672 -0.0009765625 -0.0014619883040935672
0  0.15576171875 0.19005847953216373 0.0087890625 0.02046783625730994 -0.0009765625 -0.0014619883040935672 -0.0009765625 -0.0014619883040935672 -0.0009765625 -0.0014619883040935672 -0.0009765625 -0.0014619883040935672 -0.0009765625 -0.0014619883040935672
0  0.42529296875 0.27558479532163743 0.0263671875 0.054093567251461985 0.4212119140625 0.26874415204678365 0.4327744140625 0.27044152046783626 0.4275595703125 0.2829985380116959 0.421892578125 0.291483918128655 0.4298271484375 0.291483918128655
0  0.52978515625 0.25219298245614036 0.0205078125 0.039473684210526314 0.5264716796875 0.24526169590643274 0.53624609375 0.24526169590643274 0.5311103515625 0.2524546783625731 0.5274658203125 0.2608859649122807 0.5339267578125 0.2613830409356725
0  0.5068359375 0.347953216374269 0.033203125 0.06432748538011696 -0.0009765625 -0.0014619883040935672 -0.0009765625 -0.0014619883040935672 -0.0009765625 -0.0014619883040935672 -0.0009765625 -0.0014619883040935672 -0.0009765625 -0.0014619883040935672
0  0.451171875 0.26900584795321636 0.015625 0.03216374269005848 0.44970703125 0.26670906432748537 0.4571005859375 0.26670906432748537 0.4547294921875 0.27380994152046784 0.4517998046875 0.279030701754386 0.45556640625 0.279030701754386
0  0.41015625 0.2361111111111111 0.013671875 0.027777777777777776 -0.0009765625 -0.0014619883040935672 -0.0009765625 -0.0014619883040935672 -0.0009765625 -0.0014619883040935672 -0.0009765625 -0.0014619883040935672 -0.0009765625 -0.0014619883040935672
0  0.6669921875 0.31432748538011696 0.0234375 0.043859649122807015 0.6626064453125 0.307703216374269 0.6740419921875 0.30882602339181286 0.66935546875 0.3186476608187135 0.6611064453125 0.3228581871345029 0.6732919921875 0.3237002923976608
0  0.64501953125 0.26242690058479534 0.0224609375 0.04532163742690058 -0.0009765625 -0.0014619883040935672 -0.0009765625 -0.0014619883040935672 -0.0009765625 -0.0014619883040935672 -0.0009765625 -0.0014619883040935672 -0.0009765625 -0.0014619883040935672
0  0.728515625 0.2324561403508772 0.01171875 0.02046783625730994 0.7283935546875 0.22857309941520468 0.7320556640625 0.22871052631578945 0.7313232421875 0.2328216374269006 0.72866796875 0.23583625730994154 0.7319638671875 0.23597368421052634
0  0.67822265625 0.23684210526315788 0.0126953125 0.02631578947368421 -0.0009765625 -0.0014619883040935672 -0.0009765625 -0.0014619883040935672 -0.0009765625 -0.0014619883040935672 -0.0009765625 -0.0014619883040935672 -0.0009765625 -0.0014619883040935672
0  0.57373046875 0.2741228070175439 0.0205078125 0.03654970760233918 0.567923828125 0.2705716374269006 0.578125 0.2703377192982456 0.5734169921875 0.2795014619883041 0.569806640625 0.2863143274853801 0.5757705078125 0.28654970760233917
0  0.6005859375 0.24853801169590642 0.01171875 0.02631578947368421 0.598951171875 0.24438011695906434 0.6050546875 0.24486988304093568 0.60156640625 0.25041812865497076 0.59938671875 0.25466081871345025 0.602875 0.2549868421052632
0  0.60888671875 0.22953216374269006 0.0107421875 0.02046783625730994 -0.0009765625 -0.0014619883040935672 -0.0009765625 -0.0014619883040935672 -0.0009765625 -0.0014619883040935672 -0.0009765625 -0.0014619883040935672 -0.0009765625 -0.0014619883040935672
0  0.47265625 0.28289473684210525 0.013671875 0.03070175438596491 0.4701103515625 0.27805263157894733 0.4765185546875 0.2786388888888889 0.4716796875 0.2864707602339181 0.4694560546875 0.2935204678362573 0.47599609375 0.29528216374269006
0  0.306640625 0.24853801169590642 0.013671875 0.02631578947368421 0.3042998046875 0.24438011695906434 0.3109482421875 0.24438011695906434 0.3072421875 0.25155994152046784 0.3053896484375 0.2548230994152047 0.3108388671875 0.2549868421052632
0  0.1904296875 0.20394736842105263 0.013671875 0.024853801169590642 -0.0009765625 -0.0014619883040935672 -0.0009765625 -0.0014619883040935672 -0.0009765625 -0.0014619883040935672 -0.0009765625 -0.0014619883040935672 -0.0009765625 -0.0014619883040935672
0  0.08642578125 0.1608187134502924 0.0068359375 0.014619883040935672 -0.0009765625 -0.0014619883040935672 -0.0009765625 -0.0014619883040935672 -0.0009765625 -0.0014619883040935672 -0.0009765625 -0.0014619883040935672 -0.0009765625 -0.0014619883040935672
0  0.02001953125 0.18859649122807018 0.0107421875 0.02046783625730994 -0.0009765625 -0.0014619883040935672 -0.0009765625 -0.0014619883040935672 -0.0009765625 -0.0014619883040935672 -0.0009765625 -0.0014619883040935672 -0.0009765625 -0.0014619883040935672
0  0.79052734375 0.20687134502923976 0.0126953125 0.024853801169590642 -0.0009765625 -0.0014619883040935672 -0.0009765625 -0.0014619883040935672 -0.0009765625 -0.0014619883040935672 -0.0009765625 -0.0014619883040935672 -0.0009765625 -0.0014619883040935672
0  0.81103515625 0.24561403508771928 0.0107421875 0.023391812865497075 -0.0009765625 -0.0014619883040935672 -0.0009765625 -0.0014619883040935672 -0.0009765625 -0.0014619883040935672 -0.0009765625 -0.0014619883040935672 -0.0009765625 -0.0014619883040935672
0  0.7724609375 0.21637426900584794 0.0078125 0.014619883040935672 -0.0009765625 -0.0014619883040935672 -0.0009765625 -0.0014619883040935672 -0.0009765625 -0.0014619883040935672 -0.0009765625 -0.0014619883040935672 -0.0009765625 -0.0014619883040935672
0  0.7626953125 0.2054093567251462 0.0078125 0.01608187134502924 -0.0009765625 -0.0014619883040935672 -0.0009765625 -0.0014619883040935672 -0.0009765625 -0.0014619883040935672 -0.0009765625 -0.0014619883040935672 -0.0009765625 -0.0014619883040935672
0  0.1220703125 0.16301169590643275 0.00390625 0.007309941520467836 -0.0009765625 -0.0014619883040935672 -0.0009765625 -0.0014619883040935672 -0.0009765625 -0.0014619883040935672 -0.0009765625 -0.0014619883040935672 -0.0009765625 -0.0014619883040935672
0  0.2783203125 0.20687134502923976 0.0078125 0.021929824561403508 -0.0009765625 -0.0014619883040935672 -0.0009765625 -0.0014619883040935672 -0.0009765625 -0.0014619883040935672 -0.0009765625 -0.0014619883040935672 -0.0009765625 -0.0014619883040935672
0  0.2890625 0.2222222222222222 0.0078125 0.014619883040935672 -0.0009765625 -0.0014619883040935672 -0.0009765625 -0.0014619883040935672 -0.0009765625 -0.0014619883040935672 -0.0009765625 -0.0014619883040935672 -0.0009765625 -0.0014619883040935672
0  0.3134765625 0.2097953216374269 0.0078125 0.021929824561403508 -0.0009765625 -0.0014619883040935672 -0.0009765625 -0.0014619883040935672 -0.0009765625 -0.0014619883040935672 -0.0009765625 -0.0014619883040935672 -0.0009765625 -0.0014619883040935672
0  0.296875 0.20906432748538012 0.01171875 0.023391812865497075 -0.0009765625 -0.0014619883040935672 -0.0009765625 -0.0014619883040935672 -0.0009765625 -0.0014619883040935672 -0.0009765625 -0.0014619883040935672 -0.0009765625 -0.0014619883040935672
0  0.33251953125 0.2222222222222222 0.0107421875 0.023391812865497075 -0.0009765625 -0.0014619883040935672 -0.0009765625 -0.0014619883040935672 -0.0009765625 -0.0014619883040935672 -0.0009765625 -0.0014619883040935672 -0.0009765625 -0.0014619883040935672
0  0.41455078125 0.2054093567251462 0.0107421875 0.021929824561403508 -0.0009765625 -0.0014619883040935672 -0.0009765625 -0.0014619883040935672 -0.0009765625 -0.0014619883040935672 -0.0009765625 -0.0014619883040935672 -0.0009765625 -0.0014619883040935672
0  0.39453125 0.20321637426900585 0.0078125 0.014619883040935672 -0.0009765625 -0.0014619883040935672 -0.0009765625 -0.0014619883040935672 -0.0009765625 -0.0014619883040935672 -0.0009765625 -0.0014619883040935672 -0.0009765625 -0.0014619883040935672
0  0.3466796875 0.18055555555555555 0.009765625 0.019005847953216373 -0.0009765625 -0.0014619883040935672 -0.0009765625 -0.0014619883040935672 -0.0009765625 -0.0014619883040935672 -0.0009765625 -0.0014619883040935672 -0.0009765625 -0.0014619883040935672
0  0.3798828125 0.24269005847953215 0.013671875 0.029239766081871343 -0.0009765625 -0.0014619883040935672 -0.0009765625 -0.0014619883040935672 -0.0009765625 -0.0014619883040935672 -0.0009765625 -0.0014619883040935672 -0.0009765625 -0.0014619883040935672
0  0.2822265625 0.16447368421052633 0.0078125 0.013157894736842105 -0.0009765625 -0.0014619883040935672 -0.0009765625 -0.0014619883040935672 -0.0009765625 -0.0014619883040935672 -0.0009765625 -0.0014619883040935672 -0.0009765625 -0.0014619883040935672
0  0.43505859375 0.19956140350877194 0.0107421875 0.021929824561403508 -0.0009765625 -0.0014619883040935672 -0.0009765625 -0.0014619883040935672 -0.0009765625 -0.0014619883040935672 -0.0009765625 -0.0014619883040935672 -0.0009765625 -0.0014619883040935672
0  0.46044921875 0.18567251461988304 0.0107421875 0.02046783625730994 -0.0009765625 -0.0014619883040935672 -0.0009765625 -0.0014619883040935672 -0.0009765625 -0.0014619883040935672 -0.0009765625 -0.0014619883040935672 -0.0009765625 -0.0014619883040935672
0  0.4931640625 0.20687134502923976 0.009765625 0.019005847953216373 -0.0009765625 -0.0014619883040935672 -0.0009765625 -0.0014619883040935672 -0.0009765625 -0.0014619883040935672 -0.0009765625 -0.0014619883040935672 -0.0009765625 -0.0014619883040935672
0  0.37744140625 0.20321637426900585 0.0087890625 0.017543859649122806 -0.0009765625 -0.0014619883040935672 -0.0009765625 -0.0014619883040935672 -0.0009765625 -0.0014619883040935672 -0.0009765625 -0.0014619883040935672 -0.0009765625 -0.0014619883040935672
0  0.96875 0.20248538011695907 0.005859375 0.01023391812865497 -0.0009765625 -0.0014619883040935672 -0.0009765625 -0.0014619883040935672 -0.0009765625 -0.0014619883040935672 -0.0009765625 -0.0014619883040935672 -0.0009765625 -0.0014619883040935672
0  0.990234375 0.20906432748538012 0.005859375 0.011695906432748537 -0.0009765625 -0.0014619883040935672 -0.0009765625 -0.0014619883040935672 -0.0009765625 -0.0014619883040935672 -0.0009765625 -0.0014619883040935672 -0.0009765625 -0.0014619883040935672
0  0.95751953125 0.20614035087719298 0.0068359375 0.011695906432748537 -0.0009765625 -0.0014619883040935672 -0.0009765625 -0.0014619883040935672 -0.0009765625 -0.0014619883040935672 -0.0009765625 -0.0014619883040935672 -0.0009765625 -0.0014619883040935672
0  0.9208984375 0.21271929824561403 0.0078125 0.013157894736842105 -0.0009765625 -0.0014619883040935672 -0.0009765625 -0.0014619883040935672 -0.0009765625 -0.0014619883040935672 -0.0009765625 -0.0014619883040935672 -0.0009765625 -0.0014619883040935672
0  0.73046875 0.1915204678362573 0.00390625 0.011695906432748537 -0.0009765625 -0.0014619883040935672 -0.0009765625 -0.0014619883040935672 -0.0009765625 -0.0014619883040935672 -0.0009765625 -0.0014619883040935672 -0.0009765625 -0.0014619883040935672
0  0.7470703125 0.18494152046783627 0.005859375 0.01023391812865497 -0.0009765625 -0.0014619883040935672 -0.0009765625 -0.0014619883040935672 -0.0009765625 -0.0014619883040935672 -0.0009765625 -0.0014619883040935672 -0.0009765625 -0.0014619883040935672
0  0.865234375 0.21198830409356725 0.005859375 0.011695906432748537 -0.0009765625 -0.0014619883040935672 -0.0009765625 -0.0014619883040935672 -0.0009765625 -0.0014619883040935672 -0.0009765625 -0.0014619883040935672 -0.0009765625 -0.0014619883040935672
0  0.859375 0.20614035087719298 0.005859375 0.008771929824561403 -0.0009765625 -0.0014619883040935672 -0.0009765625 -0.0014619883040935672 -0.0009765625 -0.0014619883040935672 -0.0009765625 -0.0014619883040935672 -0.0009765625 -0.0014619883040935672
0  0.68798828125 0.18859649122807018 0.0068359375 0.014619883040935672 -0.0009765625 -0.0014619883040935672 -0.0009765625 -0.0014619883040935672 -0.0009765625 -0.0014619883040935672 -0.0009765625 -0.0014619883040935672 -0.0009765625 -0.0014619883040935672
0  0.65283203125 0.1915204678362573 0.0068359375 0.014619883040935672 -0.0009765625 -0.0014619883040935672 -0.0009765625 -0.0014619883040935672 -0.0009765625 -0.0014619883040935672 -0.0009765625 -0.0014619883040935672 -0.0009765625 -0.0014619883040935672
0  0.6669921875 0.1878654970760234 0.00390625 0.01023391812865497 -0.0009765625 -0.0014619883040935672 -0.0009765625 -0.0014619883040935672 -0.0009765625 -0.0014619883040935672 -0.0009765625 -0.0014619883040935672 -0.0009765625 -0.0014619883040935672
0  0.6201171875 0.19298245614035087 0.0078125 0.017543859649122806 0.617583984375 0.19003216374269005 0.6215126953125 0.18992105263157896 0.6192890625 0.19380409356725148 0.617806640625 0.19680116959064325 0.620474609375 0.19657894736842108
0  0.63427734375 0.18128654970760233 0.0048828125 0.011695906432748537 -0.0009765625 -0.0014619883040935672 -0.0009765625 -0.0014619883040935672 -0.0009765625 -0.0014619883040935672 -0.0009765625 -0.0014619883040935672 -0.0009765625 -0.0014619883040935672
0  0.630859375 0.1966374269005848 0.0078125 0.01608187134502924 -0.0009765625 -0.0014619883040935672 -0.0009765625 -0.0014619883040935672 -0.0009765625 -0.0014619883040935672 -0.0009765625 -0.0014619883040935672 -0.0009765625 -0.0014619883040935672
0  0.6953125 0.2236842105263158 0.0078125 0.017543859649122806 -0.0009765625 -0.0014619883040935672 -0.0009765625 -0.0014619883040935672 -0.0009765625 -0.0014619883040935672 -0.0009765625 -0.0014619883040935672 -0.0009765625 -0.0014619883040935672
0  0.58837890625 0.1922514619883041 0.0068359375 0.013157894736842105 -0.0009765625 -0.0014619883040935672 -0.0009765625 -0.0014619883040935672 -0.0009765625 -0.0014619883040935672 -0.0009765625 -0.0014619883040935672 -0.0009765625 -0.0014619883040935672
0  0.59765625 0.19956140350877194 0.0078125 0.01608187134502924 -0.0009765625 -0.0014619883040935672 -0.0009765625 -0.0014619883040935672 -0.0009765625 -0.0014619883040935672 -0.0009765625 -0.0014619883040935672 -0.0009765625 -0.0014619883040935672
0  0.59912109375 0.18421052631578946 0.0068359375 0.011695906432748537 -0.0009765625 -0.0014619883040935672 -0.0009765625 -0.0014619883040935672 -0.0009765625 -0.0014619883040935672 -0.0009765625 -0.0014619883040935672 -0.0009765625 -0.0014619883040935672
0  0.57373046875 0.18055555555555555 0.0068359375 0.013157894736842105 -0.0009765625 -0.0014619883040935672 -0.0009765625 -0.0014619883040935672 -0.0009765625 -0.0014619883040935672 -0.0009765625 -0.0014619883040935672 -0.0009765625 -0.0014619883040935672
0  0.55029296875 0.18421052631578946 0.0087890625 0.017543859649122806 -0.0009765625 -0.0014619883040935672 -0.0009765625 -0.0014619883040935672 -0.0009765625 -0.0014619883040935672 -0.0009765625 -0.0014619883040935672 -0.0009765625 -0.0014619883040935672
0  0.5244140625 0.18567251461988304 0.005859375 0.014619883040935672 -0.0009765625 -0.0014619883040935672 -0.0009765625 -0.0014619883040935672 -0.0009765625 -0.0014619883040935672 -0.0009765625 -0.0014619883040935672 -0.0009765625 -0.0014619883040935672
0  0.51171875 0.21125730994152048 0.0078125 0.019005847953216373 -0.0009765625 -0.0014619883040935672 -0.0009765625 -0.0014619883040935672 -0.0009765625 -0.0014619883040935672 -0.0009765625 -0.0014619883040935672 -0.0009765625 -0.0014619883040935672
0  0.35546875 0.21929824561403508 0.009765625 0.023391812865497075 -0.0009765625 -0.0014619883040935672 -0.0009765625 -0.0014619883040935672 -0.0009765625 -0.0014619883040935672 -0.0009765625 -0.0014619883040935672 -0.0009765625 -0.0014619883040935672
0  0.7333984375 0.2595029239766082 0.01171875 0.021929824561403508 -0.0009765625 -0.0014619883040935672 -0.0009765625 -0.0014619883040935672 -0.0009765625 -0.0014619883040935672 -0.0009765625 -0.0014619883040935672 -0.0009765625 -0.0014619883040935672
0  0.68994140625 0.2463450292397661 0.0087890625 0.01608187134502924 -0.0009765625 -0.0014619883040935672 -0.0009765625 -0.0014619883040935672 -0.0009765625 -0.0014619883040935672 -0.0009765625 -0.0014619883040935672 -0.0009765625 -0.0014619883040935672
0  0.4814453125 0.2149122807017544 0.009765625 0.023391812865497075 -0.0009765625 -0.0014619883040935672 -0.0009765625 -0.0014619883040935672 -0.0009765625 -0.0014619883040935672 -0.0009765625 -0.0014619883040935672 -0.0009765625 -0.0014619883040935672
0  0.7490234375 0.2448830409356725 0.01171875 0.021929824561403508 -0.0009765625 -0.0014619883040935672 -0.0009765625 -0.0014619883040935672 -0.0009765625 -0.0014619883040935672 -0.0009765625 -0.0014619883040935672 -0.0009765625 -0.0014619883040935672
0  0.51220703125 0.17324561403508773 0.0068359375 0.013157894736842105 -0.0009765625 -0.0014619883040935672 -0.0009765625 -0.0014619883040935672 -0.0009765625 -0.0014619883040935672 -0.0009765625 -0.0014619883040935672 -0.0009765625 -0.0014619883040935672
0  0.36181640625 0.18201754385964913 0.0068359375 0.019005847953216373 -0.0009765625 -0.0014619883040935672 -0.0009765625 -0.0014619883040935672 -0.0009765625 -0.0014619883040935672 -0.0009765625 -0.0014619883040935672 -0.0009765625 -0.0014619883040935672
0  0.14501953125 0.179093567251462 0.0087890625 0.021929824561403508 -0.0009765625 -0.0014619883040935672 -0.0009765625 -0.0014619883040935672 -0.0009765625 -0.0014619883040935672 -0.0009765625 -0.0014619883040935672 -0.0009765625 -0.0014619883040935672
0  0.1767578125 0.17105263157894737 0.005859375 0.011695906432748537 -0.0009765625 -0.0014619883040935672 -0.0009765625 -0.0014619883040935672 -0.0009765625 -0.0014619883040935672 -0.0009765625 -0.0014619883040935672 -0.0009765625 -0.0014619883040935672
0  0.30859375 0.17543859649122806 0.009765625 0.014619883040935672 -0.0009765625 -0.0014619883040935672 -0.0009765625 -0.0014619883040935672 -0.0009765625 -0.0014619883040935672 -0.0009765625 -0.0014619883040935672 -0.0009765625 -0.0014619883040935672
0  0.26513671875 0.23538011695906433 0.0126953125 0.02631578947368421 -0.0009765625 -0.0014619883040935672 -0.0009765625 -0.0014619883040935672 -0.0009765625 -0.0014619883040935672 -0.0009765625 -0.0014619883040935672 -0.0009765625 -0.0014619883040935672
0  0.9873046875 0.5372807017543859 0.025390625 0.0804093567251462 -0.0009765625 -0.0014619883040935672 -0.0009765625 -0.0014619883040935672 -0.0009765625 -0.0014619883040935672 -0.0009765625 -0.0014619883040935672 -0.0009765625 -0.0014619883040935672
0  0.8291015625 0.3128654970760234 0.029296875 0.03508771929824561 -0.0009765625 -0.0014619883040935672 -0.0009765625 -0.0014619883040935672 -0.0009765625 -0.0014619883040935672 -0.0009765625 -0.0014619883040935672 -0.0009765625 -0.0014619883040935672
0  0.87890625 0.22149122807017543 0.01171875 0.021929824561403508 -0.0009765625 -0.0014619883040935672 -0.0009765625 -0.0014619883040935672 -0.0009765625 -0.0014619883040935672 -0.0009765625 -0.0014619883040935672 -0.0009765625 -0.0014619883040935672
0  0.00439453125 0.21125730994152048 0.0087890625 0.033625730994152045 -0.0009765625 -0.0014619883040935672 -0.0009765625 -0.0014619883040935672 -0.0009765625 -0.0014619883040935672 -0.0009765625 -0.0014619883040935672 -0.0009765625 -0.0014619883040935672
0  0.01171875 0.25511695906432746 0.017578125 0.033625730994152045 0.0038056640625 0.2504239766081871 0.0092734375 0.25171637426900584 0.0020791015625 0.2560248538011696 0.003662109375 0.2637777777777778 0.006970703125 0.2646388888888889
