0  0.859375 0.5490483162518301 0.03125 0.06149341142020498 -0.0009765625 -0.0014641288433382138 -0.0009765625 -0.0014641288433382138 -0.0009765625 -0.0014641288433382138 -0.0009765625 -0.0014641288433382138 -0.0009765625 -0.0014641288433382138
0  0.88720703125 0.5366032210834554 0.0244140625 0.05710102489019034 -0.0009765625 -0.0014641288433382138 -0.0009765625 -0.0014641288433382138 -0.0009765625 -0.0014641288433382138 -0.0009765625 -0.0014641288433382138 -0.0009765625 -0.0014641288433382138
0  0.6943359375 0.46266471449487556 0.0390625 0.06442166910688141 -0.0009765625 -0.0014641288433382138 -0.0009765625 -0.0014641288433382138 -0.0009765625 -0.0014641288433382138 -0.0009765625 -0.0014641288433382138 -0.0009765625 -0.0014641288433382138
0  0.21533203125 0.3821376281112738 0.0341796875 0.055636896046852125 0.20357421875 0.3702606149341142 0.2174814453125 0.36846412884333823 0.208849609375 0.3828433382137629 0.2069306640625 0.39722401171303073 0.217720703125 0.3961449487554905
0  0.26953125 0.2796486090775988 0.037109375 0.05856515373352855 0.2600966796875 0.2725827232796486 0.2760009765625 0.26922986822840406 0.2685458984375 0.28599560761347 0.2643212890625 0.2967994143484627 0.276498046875 0.2938199121522694
0  0.34375 0.25329428989751096 0.0234375 0.055636896046852125 0.345380859375 0.2444187408491947 0.34679296875 0.24335871156661787 0.354796875 0.2518301610541728 0.349853515625 0.26700732064421673 0.351501953125 0.2666544655929722
0  0.40478515625 0.23865300146412885 0.0322265625 0.0527086383601757 0.4053955078125 0.2264172767203514 0.4085693359375 0.22437774524158127 0.4151435546875 0.23287554904831625 0.4094765625 0.2508887262079063 0.41650390625 0.24749048316251832
0  0.435546875 0.24084919472913616 0.037109375 0.060029282576866766 0.428486328125 0.22658857979502195 0.445244140625 0.22595900439238656 0.43806640625 0.24 0.42978515625 0.2522401171303075 0.444482421875 0.25165446559297217
0  0.51171875 0.22547584187408493 0.03515625 0.06149341142020498 0.51393359375 0.21597218155197656 0.5240390625 0.2123836017569546 0.529357421875 0.2231493411420205 0.518720703125 0.2418887262079063 0.518720703125 0.2418887262079063
0  0.6298828125 0.22840409956076135 0.033203125 0.06149341142020498 0.635798828125 0.21725915080527086 0.640943359375 0.21725915080527086 0.6471162109375 0.22805710102489019 0.6360556640625 0.24386822840409958 0.640943359375 0.24386822840409958
0  0.58056640625 0.2554904831625183 0.0302734375 0.05710102489019034 0.58544921875 0.2445095168374817 0.590576171875 0.2397510980966325 0.595947265625 0.25329428989751096 0.58837890625 0.26756954612005857 0.58837890625 0.26756954612005857
0  0.67578125 0.25768667642752563 0.033203125 0.055636896046852125 0.678841796875 0.24321522693997075 0.69061328125 0.24145095168374817 0.6880234375 0.25274524158125916 0.6821376953125 0.26651098096632503 0.692025390625 0.2633338213762811
0  0.35205078125 0.26939970717423134 0.0263671875 0.0527086383601757 0.3469365234375 0.24399999999999997 0.347603515625 0.2436661786237189 0.3540517578125 0.25233382137628113 0.34916015625 0.2656676427525622 0.34960546875 0.26633382137628114
