0  0.5517578125 0.447265625 0.083984375 0.12890625 0.5665283203125 0.42626953125 0.5830078125 0.4230143229166667 0.5927734375 0.453125 0.5677490234375 0.482421875 0.579345703125 0.4775390625
0  0.587890625 0.4401041666666667 0.0546875 0.08854166666666667 0.58740234375 0.4209453125 0.6041435546875 0.42652473958333337 0.5957724609375 0.44214973958333337 0.5823798828125 0.4600078125 0.597447265625 0.4639140625
0  0.44287109375 0.44921875 0.0458984375 0.06770833333333333 0.425833984375 0.43541276041666666 0.443337890625 0.4366861979166667 0.429333984375 0.4528111979166667 0.4283798828125 0.4625703125 0.4382451171875 0.4629947916666666
0  0.671875 0.4166666666666667 0.03125 0.057291666666666664 0.6628115234375 0.40686067708333334 0.663634765625 0.40686067708333334 0.656494140625 0.42333984375 0.670501953125 0.43249479166666666 0.671875 0.43249479166666666
0  0.7451171875 0.40625 0.029296875 0.046875 0.7506318359375 0.3934440104166667 0.756857421875 0.39403776041666666 0.75574609375 0.40233854166666666 0.7508544921875 0.409453125 0.7564130859375 0.41034244791666663
0  0.35888671875 0.5182291666666666 0.0498046875 0.0703125 0.3633681640625 0.5049752604166667 0.3663505859375 0.505859375 0.3762900390625 0.5261809895833334 0.355748046875 0.5354583333333334 0.3577353515625 0.5372252604166666
0  0.53076171875 0.5872395833333334 0.0361328125 0.12760416666666666 -0.0009765625 -0.0013020833333333333 -0.0009765625 -0.0013020833333333333 -0.0009765625 -0.0013020833333333333 -0.0009765625 -0.0013020833333333333 -0.0009765625 -0.0013020833333333333
0  0.20947265625 0.7291666666666666 0.0908203125 0.1484375 0.2227255859375 0.70647265625 0.239466796875 0.6906627604166666 0.2520224609375 0.7222838541666667 0.2303994140625 0.7669270833333334 0.239466796875 0.7576263020833333
0  0.2890625 0.4459635416666667 0.03515625 0.061197916666666664 0.293439453125 0.43427994791666663 0.29928125 0.43233203125 0.3042470703125 0.4397317708333333 0.301326171875 0.45141666666666663 0.303955078125 0.44946875000000003
0  0.244140625 0.4811197916666667 0.072265625 0.11067708333333333 0.247837890625 0.46442578124999995 0.2572548828125 0.4588450520833333 0.2787041015625 0.48046875 0.2645791015625 0.509765625 0.2708564453125 0.5069752604166667
0  0.126953125 0.4479166666666667 0.044921875 0.059895833333333336 0.1185302734375 0.44245833333333334 0.12646484375 0.4383020833333333 0.1256142578125 0.44888151041666663 0.123064453125 0.46172786458333337 0.1256142578125 0.46135026041666666
0  0.85302734375 0.4817708333333333 0.0869140625 0.109375 -0.0009765625 -0.0013020833333333333 -0.0009765625 -0.0013020833333333333 -0.0009765625 -0.0013020833333333333 -0.0009765625 -0.0013020833333333333 -0.0009765625 -0.0013020833333333333
0  0.4267578125 0.8196614583333334 0.07421875 0.18880208333333334 -0.0009765625 -0.0013020833333333333 -0.0009765625 -0.0013020833333333333 -0.0009765625 -0.0013020833333333333 -0.0009765625 -0.0013020833333333333 -0.0009765625 -0.0013020833333333333
0  0.029296875 0.8404947916666666 0.05859375 0.17578125 0.0261494140625 0.8166510416666667 0.0269775390625 0.8045013020833333 0.055140625 0.83542578125 0.03857421875 0.8917526041666667 0.03857421875 0.88623046875
0  0.0546875 0.4427083333333333 0.056640625 0.09375 0.0590908203125 0.42847786458333337 0.07643359375 0.42669921875 0.0795458984375 0.45634505208333337 0.060869140625 0.46998177083333337 0.075099609375 0.46938932291666663
0  0.42041015625 0.4173177083333333 0.0205078125 0.03515625 -0.0009765625 -0.0013020833333333333 -0.0009765625 -0.0013020833333333333 -0.0009765625 -0.0013020833333333333 -0.0009765625 -0.0013020833333333333 -0.0009765625 -0.0013020833333333333
0  0.6201171875 0.3958333333333333 0.017578125 0.03125 -0.0009765625 -0.0013020833333333333 -0.0009765625 -0.0013020833333333333 -0.0009765625 -0.0013020833333333333 -0.0009765625 -0.0013020833333333333 -0.0009765625 -0.0013020833333333333
