0  0.8984375 0.5833333333333334 0.03125 0.059027777777777776 0.889439453125 0.5719253472222222 0.8976005859375 0.5715520833333333 0.887974609375 0.586060763888889 0.8888115234375 0.5983385416666667 0.8976005859375 0.5957343749999999
0  0.9208984375 0.5546875 0.025390625 0.06076388888888889 -0.0009765625 -0.001736111111111111 -0.0009765625 -0.001736111111111111 -0.0009765625 -0.001736111111111111 -0.0009765625 -0.001736111111111111 -0.0009765625 -0.001736111111111111
0  0.9326171875 0.4956597222222222 0.013671875 0.026041666666666668 0.9268017578125 0.49334201388888893 0.9315146484375 0.49031250000000004 0.9289072265625 0.4965503472222222 0.9278037109375 0.503859375 0.9333193359375 0.5008298611111112
0  0.91748046875 0.4826388888888889 0.0126953125 0.027777777777777776 -0.0009765625 -0.001736111111111111 -0.0009765625 -0.001736111111111111 -0.0009765625 -0.001736111111111111 -0.0009765625 -0.001736111111111111 -0.0009765625 -0.001736111111111111
0  0.86962890625 0.4921875 0.0146484375 0.029513888888888888 -0.0009765625 -0.001736111111111111 -0.0009765625 -0.001736111111111111 -0.0009765625 -0.001736111111111111 -0.0009765625 -0.001736111111111111 -0.0009765625 -0.001736111111111111
0  0.85107421875 0.5911458333333334 0.0185546875 0.03993055555555555 0.84799609375 0.5840381944444445 0.8487158203125 0.5835277777777779 0.8456943359375 0.5945243055555556 0.8513056640625 0.6004079861111111 0.852599609375 0.5991284722222222
0  0.83544921875 0.5538194444444444 0.0166015625 0.034722222222222224 0.828779296875 0.5496336805555555 0.8340107421875 0.5489375 0.8296943359375 0.5577725694444444 0.83087109375 0.5633524305555555 0.835056640625 0.5628871527777778
0  0.8046875 0.5954861111111112 0.0234375 0.041666666666666664 -0.0009765625 -0.001736111111111111 -0.0009765625 -0.001736111111111111 -0.0009765625 -0.001736111111111111 -0.0009765625 -0.001736111111111111 -0.0009765625 -0.001736111111111111
0  0.78662109375 0.6059027777777778 0.0166015625 0.034722222222222224 0.780552734375 0.6000902777777778 0.7864951171875 0.5989652777777779 0.7820693359375 0.6088559027777778 0.7839658203125 0.6155989583333333 0.7876328125 0.6153732638888889
0  0.75830078125 0.6085069444444444 0.0283203125 0.046875 0.751220703125 0.6008020833333334 0.763123046875 0.5942916666666667 0.758361328125 0.6076388888888888 0.7559814453125 0.6203333333333334 0.7647705078125 0.6144756944444444
0  0.73583984375 0.6015625 0.0185546875 0.036458333333333336 -0.0009765625 -0.001736111111111111 -0.0009765625 -0.001736111111111111 -0.0009765625 -0.001736111111111111 -0.0009765625 -0.001736111111111111 -0.0009765625 -0.001736111111111111
0  0.7294921875 0.5946180555555556 0.01171875 0.029513888888888888 0.728306640625 0.5978420138888889 0.7333291015625 0.5967256944444445 0.7310263671875 0.603609375 0.730189453125 0.6108628472222223 0.734583984375 0.6097465277777778
0  0.671875 0.6067708333333334 0.02734375 0.05381944444444445 0.6597900390625 0.5946493055555555 0.6670791015625 0.5908975694444445 0.6595986328125 0.6086302083333334 0.663626953125 0.6188611111111111 0.66995703125 0.6154513888888888
0  0.65478515625 0.6180555555555556 0.0166015625 0.03819444444444445 0.6471865234375 0.6128628472222223 0.6535380859375 0.6121423611111111 0.649078125 0.6236753472222223 0.65110546875 0.6332847222222222 0.653943359375 0.6325642361111111
0  0.595703125 0.6475694444444444 0.013671875 0.027777777777777776 0.592306640625 0.6461666666666667 0.59341015625 0.6452760416666666 0.59190625 0.6554357638888889 0.5953154296875 0.6604270833333333 0.597521484375 0.6586440972222223
0  0.603515625 0.7092013888888888 0.01953125 0.029513888888888888 -0.0009765625 -0.001736111111111111 -0.0009765625 -0.001736111111111111 -0.0009765625 -0.001736111111111111 -0.0009765625 -0.001736111111111111 -0.0009765625 -0.001736111111111111
0  0.63037109375 0.6536458333333334 0.0126953125 0.029513888888888888 -0.0009765625 -0.001736111111111111 -0.0009765625 -0.001736111111111111 -0.0009765625 -0.001736111111111111 -0.0009765625 -0.001736111111111111 -0.0009765625 -0.001736111111111111
0  0.54833984375 0.6979166666666666 0.0166015625 0.041666666666666664 0.5418701171875 0.6886388888888889 0.5466005859375 0.6872829861111112 0.541259765625 0.6978628472222222 0.5430908203125 0.7076284722222222 0.5469052734375 0.7070850694444445
0  0.52880859375 0.6614583333333334 0.0185546875 0.041666666666666664 0.521728515625 0.6538090277777777 0.5250859375 0.6538090277777777 0.5211181640625 0.6646597222222222 0.5231015625 0.6719826388888889 0.5256953125 0.6703559027777778
0  0.58984375 0.6119791666666666 0.01171875 0.022569444444444444 -0.0009765625 -0.001736111111111111 -0.0009765625 -0.001736111111111111 -0.0009765625 -0.001736111111111111 -0.0009765625 -0.001736111111111111 -0.0009765625 -0.001736111111111111
0  0.46728515625 0.6961805555555556 0.0224609375 0.052083333333333336 0.4612861328125 0.6846475694444445 0.4627861328125 0.6846475694444445 0.457349609375 0.6986458333333334 0.46503515625 0.7039774305555555 0.46578515625 0.7029774305555556
0  0.400390625 0.6909722222222222 0.021484375 0.04861111111111111 0.3919111328125 0.6858715277777778 0.3959921875 0.6846631944444445 0.390890625 0.6961493055555557 0.39412109375 0.7043107638888889 0.396671875 0.7034045138888889
0  0.38720703125 0.7022569444444444 0.0087890625 0.026041666666666668 -0.0009765625 -0.001736111111111111 -0.0009765625 -0.001736111111111111 -0.0009765625 -0.001736111111111111 -0.0009765625 -0.001736111111111111 -0.0009765625 -0.001736111111111111
0  0.34912109375 0.703125 0.0166015625 0.04513888888888889 0.3416962890625 0.6933663194444445 0.3441162109375 0.6910729166666667 0.341857421875 0.7016840277777778 0.3433095703125 0.7105729166666667 0.34750390625 0.7068454861111111
0  0.3759765625 0.6944444444444444 0.009765625 0.027777777777777776 -0.0009765625 -0.001736111111111111 -0.0009765625 -0.001736111111111111 -0.0009765625 -0.001736111111111111 -0.0009765625 -0.001736111111111111 -0.0009765625 -0.001736111111111111
0  0.4501953125 0.7109375 0.017578125 0.03993055555555555 0.4421689453125 0.7053107638888889 0.4473486328125 0.7053107638888889 0.441162109375 0.7147743055555555 0.444615234375 0.7211684027777777 0.4476357421875 0.7211684027777777
0  0.314453125 0.7638888888888888 0.017578125 0.04513888888888889 0.3067626953125 0.7565729166666667 0.3133544921875 0.7554565972222221 0.3072333984375 0.7666163194444445 0.3097451171875 0.7744288194444445 0.313982421875 0.7741510416666667
0  0.2802734375 0.7664930555555556 0.017578125 0.036458333333333336 -0.0009765625 -0.001736111111111111 -0.0009765625 -0.001736111111111111 -0.0009765625 -0.001736111111111111 -0.0009765625 -0.001736111111111111 -0.0009765625 -0.001736111111111111
0  0.2939453125 0.7178819444444444 0.013671875 0.026041666666666668 -0.0009765625 -0.001736111111111111 -0.0009765625 -0.001736111111111111 -0.0009765625 -0.001736111111111111 -0.0009765625 -0.001736111111111111 -0.0009765625 -0.001736111111111111
0  0.25390625 0.7491319444444444 0.015625 0.03993055555555555 -0.0009765625 -0.001736111111111111 -0.0009765625 -0.001736111111111111 -0.0009765625 -0.001736111111111111 -0.0009765625 -0.001736111111111111 -0.0009765625 -0.001736111111111111
0  0.2763671875 0.7109375 0.009765625 0.022569444444444444 -0.0009765625 -0.001736111111111111 -0.0009765625 -0.001736111111111111 -0.0009765625 -0.001736111111111111 -0.0009765625 -0.001736111111111111 -0.0009765625 -0.001736111111111111
0  0.5 0.6762152777777778 0.015625 0.026041666666666668 -0.0009765625 -0.001736111111111111 -0.0009765625 -0.001736111111111111 -0.0009765625 -0.001736111111111111 -0.0009765625 -0.001736111111111111 -0.0009765625 -0.001736111111111111
0  0.20751953125 0.8072916666666666 0.0146484375 0.034722222222222224 -0.0009765625 -0.001736111111111111 -0.0009765625 -0.001736111111111111 -0.0009765625 -0.001736111111111111 -0.0009765625 -0.001736111111111111 -0.0009765625 -0.001736111111111111
0  0.1181640625 0.8012152777777778 0.01171875 0.03298611111111111 0.1158447265625 0.7957899305555556 0.1162109375 0.7960069444444444 0.1126708984375 0.8038194444444444 0.116455078125 0.8077256944444444 0.1171875 0.8072916666666666
0  0.14794921875 0.7847222222222222 0.0146484375 0.03125 -0.0009765625 -0.001736111111111111 -0.0009765625 -0.001736111111111111 -0.0009765625 -0.001736111111111111 -0.0009765625 -0.001736111111111111 -0.0009765625 -0.001736111111111111
0  0.16845703125 0.7769097222222222 0.0107421875 0.029513888888888888 -0.0009765625 -0.001736111111111111 -0.0009765625 -0.001736111111111111 -0.0009765625 -0.001736111111111111 -0.0009765625 -0.001736111111111111 -0.0009765625 -0.001736111111111111
0  0.07958984375 0.8038194444444444 0.0107421875 0.027777777777777776 -0.0009765625 -0.001736111111111111 -0.0009765625 -0.001736111111111111 -0.0009765625 -0.001736111111111111 -0.0009765625 -0.001736111111111111 -0.0009765625 -0.001736111111111111
0  0.556640625 0.6354166666666666 0.01171875 0.027777777777777776 -0.0009765625 -0.001736111111111111 -0.0009765625 -0.001736111111111111 -0.0009765625 -0.001736111111111111 -0.0009765625 -0.001736111111111111 -0.0009765625 -0.001736111111111111
0  0.634765625 0.6206597222222222 0.009765625 0.019097222222222224 -0.0009765625 -0.001736111111111111 -0.0009765625 -0.001736111111111111 -0.0009765625 -0.001736111111111111 -0.0009765625 -0.001736111111111111 -0.0009765625 -0.001736111111111111
0  0.943359375 0.5277777777777778 0.017578125 0.04513888888888889 -0.0009765625 -0.001736111111111111 -0.0009765625 -0.001736111111111111 -0.0009765625 -0.001736111111111111 -0.0009765625 -0.001736111111111111 -0.0009765625 -0.001736111111111111
