0  0.759765625 0.6292217327459618 0.0625 0.11013215859030837 0.734322265625 0.6131997063142438 0.756966796875 0.6097254038179148 0.7407919921875 0.6451644640234949 0.74402734375 0.658367107195301 0.766208984375 0.6548928046989722
0  0.6083984375 0.6872246696035242 0.046875 0.09104258443465492 0.5903671875 0.6724875183553598 0.602259765625 0.6747958883994126 0.5884482421875 0.6949867841409691 0.602259765625 0.7082540381791483 0.6034111328125 0.7082540381791483
0  0.54833984375 0.6130690161527166 0.0263671875 0.06020558002936858 -0.0009765625 -0.0014684287812041115 -0.0009765625 -0.0014684287812041115 -0.0009765625 -0.0014684287812041115 -0.0009765625 -0.0014684287812041115 -0.0009765625 -0.0014684287812041115
0  0.6494140625 0.5499265785609398 0.029296875 0.05433186490455213 0.6412177734375 0.5341938325991189 0.651873046875 0.5393069016152716 0.6418984375 0.5471468428781204 0.6384970703125 0.5566916299559472 0.6448447265625 0.5577151248164464
0  0.6796875 0.5146842878120411 0.021484375 0.04552129221732746 0.6773330078125 0.5105550660792951 0.68753515625 0.5105550660792951 0.6843955078125 0.5185198237885463 0.6781181640625 0.5279588839941263 0.6865537109375 0.5273685756240822
0  0.67333984375 0.48237885462555063 0.0166015625 0.024963289280469897 -0.0009765625 -0.0014684287812041115 -0.0009765625 -0.0014684287812041115 -0.0009765625 -0.0014684287812041115 -0.0009765625 -0.0014684287812041115 -0.0009765625 -0.0014684287812041115
0  0.5419921875 0.5279001468428781 0.01953125 0.03671071953010279 -0.0009765625 -0.0014684287812041115 -0.0009765625 -0.0014684287812041115 -0.0009765625 -0.0014684287812041115 -0.0009765625 -0.0014684287812041115 -0.0009765625 -0.0014684287812041115
0  0.41796875 0.6475770925110133 0.0390625 0.07342143906020558 0.403861328125 0.6282246696035243 0.4202666015625 0.6361380323054332 0.405408203125 0.6505668135095448 0.4047890625 0.6598751835535976 0.4177900390625 0.6626681350954479
0  0.4892578125 0.4765051395007342 0.017578125 0.033773861967694566 -0.0009765625 -0.0014684287812041115 -0.0009765625 -0.0014684287812041115 -0.0009765625 -0.0014684287812041115 -0.0009765625 -0.0014684287812041115 -0.0009765625 -0.0014684287812041115
0  0.5185546875 0.4669603524229075 0.015625 0.02643171806167401 -0.0009765625 -0.0014684287812041115 -0.0009765625 -0.0014684287812041115 -0.0009765625 -0.0014684287812041115 -0.0009765625 -0.0014684287812041115 -0.0009765625 -0.0014684287812041115
0  0.5400390625 0.447870778267254 0.01171875 0.023494860499265784 -0.0009765625 -0.0014684287812041115 -0.0009765625 -0.0014684287812041115 -0.0009765625 -0.0014684287812041115 -0.0009765625 -0.0014684287812041115 -0.0009765625 -0.0014684287812041115
0  0.49755859375 0.4331864904552129 0.0107421875 0.020558002936857563 -0.0009765625 -0.0014684287812041115 -0.0009765625 -0.0014684287812041115 -0.0009765625 -0.0014684287812041115 -0.0009765625 -0.0014684287812041115 -0.0009765625 -0.0014684287812041115
0  0.42578125 0.4486049926578561 0.015625 0.033773861967694566 0.4198828125 0.4432422907488987 0.4252060546875 0.4430264317180617 0.421033203125 0.44865051395007344 0.421177734375 0.4553568281938326 0.4246298828125 0.4553568281938326
0  0.4072265625 0.5066079295154186 0.01953125 0.04405286343612335 0.4006650390625 0.5036182085168869 0.4091015625 0.5027723935389133 0.4034775390625 0.5123568281938327 0.4038525390625 0.5188399412628487 0.4124755859375 0.517431718061674
0  0.36962890625 0.4155653450807636 0.0107421875 0.023494860499265784 -0.0009765625 -0.0014684287812041115 -0.0009765625 -0.0014684287812041115 -0.0009765625 -0.0014684287812041115 -0.0009765625 -0.0014684287812041115 -0.0009765625 -0.0014684287812041115
0  0.3427734375 0.45374449339207046 0.013671875 0.02936857562408223 0.3375244140625 0.44768722466960353 0.3441162109375 0.44933920704845814 0.337646484375 0.45484581497797355 0.3377685546875 0.4620044052863436 0.342041015625 0.46237151248164465
0  0.33935546875 0.4265785609397944 0.0107421875 0.01908957415565345 -0.0009765625 -0.0014684287812041115 -0.0009765625 -0.0014684287812041115 -0.0009765625 -0.0014684287812041115 -0.0009765625 -0.0014684287812041115 -0.0009765625 -0.0014684287812041115
0  0.32568359375 0.41923641703377384 0.0107421875 0.022026431718061675 -0.0009765625 -0.0014684287812041115 -0.0009765625 -0.0014684287812041115 -0.0009765625 -0.0014684287812041115 -0.0009765625 -0.0014684287812041115 -0.0009765625 -0.0014684287812041115
0  0.4560546875 0.4486049926578561 0.009765625 0.024963289280469897 -0.0009765625 -0.0014684287812041115 -0.0009765625 -0.0014684287812041115 -0.0009765625 -0.0014684287812041115 -0.0009765625 -0.0014684287812041115 -0.0009765625 -0.0014684287812041115
0  0.46728515625 0.4236417033773862 0.0087890625 0.016152716593245228 -0.0009765625 -0.0014684287812041115 -0.0009765625 -0.0014684287812041115 -0.0009765625 -0.0014684287812041115 -0.0009765625 -0.0014684287812041115 -0.0009765625 -0.0014684287812041115
0  0.453125 0.4177679882525698 0.005859375 0.01908957415565345 -0.0009765625 -0.0014684287812041115 -0.0009765625 -0.0014684287812041115 -0.0009765625 -0.0014684287812041115 -0.0009765625 -0.0014684287812041115 -0.0009765625 -0.0014684287812041115
0  0.4453125 0.39720998531571217 0.0078125 0.013215859030837005 -0.0009765625 -0.0014684287812041115 -0.0009765625 -0.0014684287812041115 -0.0009765625 -0.0014684287812041115 -0.0009765625 -0.0014684287812041115 -0.0009765625 -0.0014684287812041115
0  0.2822265625 0.48091042584434657 0.021484375 0.042584434654919234 -0.0009765625 -0.0014684287812041115 -0.0009765625 -0.0014684287812041115 -0.0009765625 -0.0014684287812041115 -0.0009765625 -0.0014684287812041115 -0.0009765625 -0.0014684287812041115
0  0.27001953125 0.5491923641703378 0.0302734375 0.04698972099853157 0.2655205078125 0.5440660792951542 0.279357421875 0.5440660792951542 0.272740234375 0.5573348017621146 0.267125 0.5633656387665198 0.2753466796875 0.5633656387665198
0  0.19921875 0.5146842878120411 0.021484375 0.0513950073421439 -0.0009765625 -0.0014684287812041115 -0.0009765625 -0.0014684287812041115 -0.0009765625 -0.0014684287812041115 -0.0009765625 -0.0014684287812041115 -0.0009765625 -0.0014684287812041115
0  0.22802734375 0.4434654919236417 0.0166015625 0.02936857562408223 0.2219931640625 0.44064023494860505 0.2280625 0.4396901615271659 0.22363671875 0.4461527165932452 0.22224609375 0.45204698972099855 0.2283154296875 0.4522364170337739
0  0.25048828125 0.43392070484581496 0.0146484375 0.027900146842878122 0.2451171875 0.43006607929515417 0.2501220703125 0.4319016152716593 0.2459716796875 0.43740822320117473 0.2459716796875 0.4412628487518355 0.2496337890625 0.44273127753303965
0  0.20849609375 0.38179148311306904 0.0087890625 0.023494860499265784 -0.0009765625 -0.0014684287812041115 -0.0009765625 -0.0014684287812041115 -0.0009765625 -0.0014684287812041115 -0.0009765625 -0.0014684287812041115 -0.0009765625 -0.0014684287812041115
0  0.08251953125 0.6967694566813509 0.0615234375 0.11013215859030837 0.093205078125 0.684143906020558 0.1002021484375 0.6778311306901615 0.1095322265625 0.703784140969163 0.086673828125 0.7339456681350954 0.0890068359375 0.7339456681350954
0  0.24609375 0.6387665198237885 0.033203125 0.07048458149779736 0.2396767578125 0.6221424375917768 0.2464951171875 0.6288281938325991 0.2307822265625 0.6346240822320117 0.2367119140625 0.6502261380323054 0.2405654296875 0.6520088105726872
0  0.12158203125 0.5580029368575624 0.0302734375 0.055800293685756244 0.110953125 0.5434889867841409 0.1196640625 0.5477371512481645 0.1071865234375 0.5523392070484581 0.109541015625 0.5668531571218796 0.1128369140625 0.5682687224669604
0  0.1689453125 0.4280469897209985 0.015625 0.030837004405286344 -0.0009765625 -0.0014684287812041115 -0.0009765625 -0.0014684287812041115 -0.0009765625 -0.0014684287812041115 -0.0009765625 -0.0014684287812041115 -0.0009765625 -0.0014684287812041115
0  0.0966796875 0.4177679882525698 0.015625 0.030837004405286344 0.0918408203125 0.41251101321585903 0.0986416015625 0.41428046989721 0.092625 0.4207709251101322 0.0931484375 0.4245066079295154 0.0979873046875 0.4252936857562408
0  0.10009765625 0.3604992657856094 0.0126953125 0.022026431718061675 -0.0009765625 -0.0014684287812041115 -0.0009765625 -0.0014684287812041115 -0.0009765625 -0.0014684287812041115 -0.0009765625 -0.0014684287812041115 -0.0009765625 -0.0014684287812041115
0  0.1328125 0.342143906020558 0.01171875 0.020558002936857563 -0.0009765625 -0.0014684287812041115 -0.0009765625 -0.0014684287812041115 -0.0009765625 -0.0014684287812041115 -0.0009765625 -0.0014684287812041115 -0.0009765625 -0.0014684287812041115
0  0.20263671875 0.3399412628487518 0.0068359375 0.016152716593245228 -0.0009765625 -0.0014684287812041115 -0.0009765625 -0.0014684287812041115 -0.0009765625 -0.0014684287812041115 -0.0009765625 -0.0014684287812041115 -0.0009765625 -0.0014684287812041115
0  0.0517578125 0.31718061674008813 0.009765625 0.020558002936857563 -0.0009765625 -0.0014684287812041115 -0.0009765625 -0.0014684287812041115 -0.0009765625 -0.0014684287812041115 -0.0009765625 -0.0014684287812041115 -0.0009765625 -0.0014684287812041115
0  0.0166015625 0.3568281938325991 0.015625 0.02936857562408223 0.00957421875 0.35151835535976506 0.0180751953125 0.3526989720998531 0.012451171875 0.35781204111600584 0.0114052734375 0.36548164464023497 0.01611328125 0.36567841409691626
0  0.0234375 0.19089574155653452 0.015625 0.02643171806167401 -0.0009765625 -0.0014684287812041115 -0.0009765625 -0.0014684287812041115 -0.0009765625 -0.0014684287812041115 -0.0009765625 -0.0014684287812041115 -0.0009765625 -0.0014684287812041115
0  0.0498046875 0.21071953010279001 0.009765625 0.01908957415565345 -0.0009765625 -0.0014684287812041115 -0.0009765625 -0.0014684287812041115 -0.0009765625 -0.0014684287812041115 -0.0009765625 -0.0014684287812041115 -0.0009765625 -0.0014684287812041115
0  0.08349609375 0.22173274596182085 0.0126953125 0.01762114537444934 -0.0009765625 -0.0014684287812041115 -0.0009765625 -0.0014684287812041115 -0.0009765625 -0.0014684287812041115 -0.0009765625 -0.0014684287812041115 -0.0009765625 -0.0014684287812041115
0  0.14501953125 0.20337738619676946 0.0107421875 0.022026431718061675 0.1419375 0.199568281938326 0.1429443359375 0.199568281938326 0.1406552734375 0.20438766519823787 0.1423037109375 0.20837885462555067 0.143310546875 0.20865491923641702
0  0.1181640625 0.22834067547723935 0.0078125 0.01908957415565345 -0.0009765625 -0.0014684287812041115 -0.0009765625 -0.0014684287812041115 -0.0009765625 -0.0014684287812041115 -0.0009765625 -0.0014684287812041115 -0.0009765625 -0.0014684287812041115
0  0.09912109375 0.2327459618208517 0.0087890625 0.016152716593245228 -0.0009765625 -0.0014684287812041115 -0.0009765625 -0.0014684287812041115 -0.0009765625 -0.0014684287812041115 -0.0009765625 -0.0014684287812041115 -0.0009765625 -0.0014684287812041115
0  0.2119140625 0.2356828193832599 0.01171875 0.016152716593245228 -0.0009765625 -0.0014684287812041115 -0.0009765625 -0.0014684287812041115 -0.0009765625 -0.0014684287812041115 -0.0009765625 -0.0014684287812041115 -0.0009765625 -0.0014684287812041115
0  0.23095703125 0.2290748898678414 0.0087890625 0.01762114537444934 -0.0009765625 -0.0014684287812041115 -0.0009765625 -0.0014684287812041115 -0.0009765625 -0.0014684287812041115 -0.0009765625 -0.0014684287812041115 -0.0009765625 -0.0014684287812041115
0  0.25244140625 0.2393538913362702 0.0166015625 0.02643171806167401 0.2490107421875 0.2400352422907489 0.2552490234375 0.23968135095447873 0.2520712890625 0.24605286343612337 0.248775390625 0.2513641703377386 0.2571328125 0.2504787077826725
0  0.18310546875 0.24082232011747431 0.0107421875 0.020558002936857563 -0.0009765625 -0.0014684287812041115 -0.0009765625 -0.0014684287812041115 -0.0009765625 -0.0014684287812041115 -0.0009765625 -0.0014684287812041115 -0.0009765625 -0.0014684287812041115
0  0.26611328125 0.22980910425844348 0.0107421875 0.01908957415565345 -0.0009765625 -0.0014684287812041115 -0.0009765625 -0.0014684287812041115 -0.0009765625 -0.0014684287812041115 -0.0009765625 -0.0014684287812041115 -0.0009765625 -0.0014684287812041115
0  0.29931640625 0.26064610866372984 0.0107421875 0.01908957415565345 0.2968310546875 0.2577812041116006 0.30055859375 0.25890161527165934 0.2979912109375 0.26276358296622615 0.296666015625 0.2660014684287812 0.299482421875 0.2661262848751835
0  0.2861328125 0.2488986784140969 0.0078125 0.016152716593245228 -0.0009765625 -0.0014684287812041115 -0.0009765625 -0.0014684287812041115 -0.0009765625 -0.0014684287812041115 -0.0009765625 -0.0014684287812041115 -0.0009765625 -0.0014684287812041115
0  0.32080078125 0.25624082232011747 0.0068359375 0.013215859030837005 -0.0009765625 -0.0014684287812041115 -0.0009765625 -0.0014684287812041115 -0.0009765625 -0.0014684287812041115 -0.0009765625 -0.0014684287812041115 -0.0009765625 -0.0014684287812041115
0  0.3095703125 0.27165932452276065 0.005859375 0.00881057268722467 -0.0009765625 -0.0014684287812041115 -0.0009765625 -0.0014684287812041115 -0.0009765625 -0.0014684287812041115 -0.0009765625 -0.0014684287812041115 -0.0009765625 -0.0014684287812041115
0  0.36328125 0.26505139500734215 0.0078125 0.013215859030837005 -0.0009765625 -0.0014684287812041115 -0.0009765625 -0.0014684287812041115 -0.0009765625 -0.0014684287812041115 -0.0009765625 -0.0014684287812041115 -0.0009765625 -0.0014684287812041115
0  0.3486328125 0.28487518355359764 0.0078125 0.020558002936857563 -0.0009765625 -0.0014684287812041115 -0.0009765625 -0.0014684287812041115 -0.0009765625 -0.0014684287812041115 -0.0009765625 -0.0014684287812041115 -0.0009765625 -0.0014684287812041115
0  0.37255859375 0.27312775330396477 0.0068359375 0.011747430249632892 -0.0009765625 -0.0014684287812041115 -0.0009765625 -0.0014684287812041115 -0.0009765625 -0.0014684287812041115 -0.0009765625 -0.0014684287812041115 -0.0009765625 -0.0014684287812041115
0  0.4013671875 0.2745961820851689 0.0078125 0.01762114537444934 -0.0009765625 -0.0014684287812041115 -0.0009765625 -0.0014684287812041115 -0.0009765625 -0.0014684287812041115 -0.0009765625 -0.0014684287812041115 -0.0009765625 -0.0014684287812041115
0  0.42236328125 0.2834067547723935 0.0068359375 0.014684287812041116 -0.0009765625 -0.0014684287812041115 -0.0009765625 -0.0014684287812041115 -0.0009765625 -0.0014684287812041115 -0.0009765625 -0.0014684287812041115 -0.0009765625 -0.0014684287812041115
0  0.40673828125 0.26798825256975034 0.0068359375 0.013215859030837005 -0.0009765625 -0.0014684287812041115 -0.0009765625 -0.0014684287812041115 -0.0009765625 -0.0014684287812041115 -0.0009765625 -0.0014684287812041115 -0.0009765625 -0.0014684287812041115
0  0.39208984375 0.3039647577092511 0.0087890625 0.020558002936857563 -0.0009765625 -0.0014684287812041115 -0.0009765625 -0.0014684287812041115 -0.0009765625 -0.0014684287812041115 -0.0009765625 -0.0014684287812041115 -0.0009765625 -0.0014684287812041115
0  0.462890625 0.3054331864904552 0.009765625 0.020558002936857563 -0.0009765625 -0.0014684287812041115 -0.0009765625 -0.0014684287812041115 -0.0009765625 -0.0014684287812041115 -0.0009765625 -0.0014684287812041115 -0.0009765625 -0.0014684287812041115
0  0.470703125 0.28046989720998533 0.005859375 0.011747430249632892 -0.0009765625 -0.0014684287812041115 -0.0009765625 -0.0014684287812041115 -0.0009765625 -0.0014684287812041115 -0.0009765625 -0.0014684287812041115 -0.0009765625 -0.0014684287812041115
0  0.4853515625 0.29515418502202645 0.0078125 0.014684287812041116 -0.0009765625 -0.0014684287812041115 -0.0009765625 -0.0014684287812041115 -0.0009765625 -0.0014684287812041115 -0.0009765625 -0.0014684287812041115 -0.0009765625 -0.0014684287812041115
0  0.517578125 0.2966226138032305 0.01171875 0.020558002936857563 -0.0009765625 -0.0014684287812041115 -0.0009765625 -0.0014684287812041115 -0.0009765625 -0.0014684287812041115 -0.0009765625 -0.0014684287812041115 -0.0009765625 -0.0014684287812041115
0  0.548828125 0.31057268722466963 0.009765625 0.01908957415565345 -0.0009765625 -0.0014684287812041115 -0.0009765625 -0.0014684287812041115 -0.0009765625 -0.0014684287812041115 -0.0009765625 -0.0014684287812041115 -0.0009765625 -0.0014684287812041115
0  0.5419921875 0.3069016152716593 0.005859375 0.014684287812041116 -0.0009765625 -0.0014684287812041115 -0.0009765625 -0.0014684287812041115 -0.0009765625 -0.0014684287812041115 -0.0009765625 -0.0014684287812041115 -0.0009765625 -0.0014684287812041115
0  0.5390625 0.29295154185022027 0.005859375 0.013215859030837005 -0.0009765625 -0.0014684287812041115 -0.0009765625 -0.0014684287812041115 -0.0009765625 -0.0014684287812041115 -0.0009765625 -0.0014684287812041115 -0.0009765625 -0.0014684287812041115
0  0.5048828125 0.2973568281938326 0.009765625 0.01908957415565345 0.5017265625 0.2948531571218796 0.5059638671875 0.29473421439060205 0.503845703125 0.29933627019089576 0.5032958984375 0.30264023494860504 0.504943359375 0.30252276064610867
0  0.4931640625 0.3069016152716593 0.009765625 0.01762114537444934 -0.0009765625 -0.0014684287812041115 -0.0009765625 -0.0014684287812041115 -0.0009765625 -0.0014684287812041115 -0.0009765625 -0.0014684287812041115 -0.0009765625 -0.0014684287812041115
0  0.662109375 0.3091042584434655 0.009765625 0.022026431718061675 -0.0009765625 -0.0014684287812041115 -0.0009765625 -0.0014684287812041115 -0.0009765625 -0.0014684287812041115 -0.0009765625 -0.0014684287812041115 -0.0009765625 -0.0014684287812041115
0  0.6728515625 0.32599118942731276 0.005859375 0.011747430249632892 -0.0009765625 -0.0014684287812041115 -0.0009765625 -0.0014684287812041115 -0.0009765625 -0.0014684287812041115 -0.0009765625 -0.0014684287812041115 -0.0009765625 -0.0014684287812041115
0  0.6171875 0.3002936857562408 0.0078125 0.01908957415565345 -0.0009765625 -0.0014684287812041115 -0.0009765625 -0.0014684287812041115 -0.0009765625 -0.0014684287812041115 -0.0009765625 -0.0014684287812041115 -0.0009765625 -0.0014684287812041115
0  0.62353515625 0.39060205580029367 0.0107421875 0.020558002936857563 -0.0009765625 -0.0014684287812041115 -0.0009765625 -0.0014684287812041115 -0.0009765625 -0.0014684287812041115 -0.0009765625 -0.0014684287812041115 -0.0009765625 -0.0014684287812041115
0  0.59326171875 0.41629955947136565 0.0087890625 0.01908957415565345 -0.0009765625 -0.0014684287812041115 -0.0009765625 -0.0014684287812041115 -0.0009765625 -0.0014684287812041115 -0.0009765625 -0.0014684287812041115 -0.0009765625 -0.0014684287812041115
0  0.0126953125 0.4713656387665198 0.015625 0.0381791483113069 -0.0009765625 -0.0014684287812041115 -0.0009765625 -0.0014684287812041115 -0.0009765625 -0.0014684287812041115 -0.0009765625 -0.0014684287812041115 -0.0009765625 -0.0014684287812041115
