0  0.5146484375 0.4175347222222222 0.0078125 0.019097222222222224 -0.0009765625 -0.001736111111111111 -0.0009765625 -0.001736111111111111 -0.0009765625 -0.001736111111111111 -0.0009765625 -0.001736111111111111 -0.0009765625 -0.001736111111111111
0  0.51513671875 0.4730902777777778 0.0107421875 0.026041666666666668 0.5146396484375 0.47000520833333337 0.5183798828125 0.4698350694444444 0.51675 0.4747795138888889 0.51483203125 0.48040625 0.5173251953125 0.47989583333333335
0  0.51171875 0.5225694444444444 0.009765625 0.024305555555555556 0.5121376953125 0.51959375 0.5152763671875 0.5189739583333333 0.5142294921875 0.5242430555555555 0.5110908203125 0.5288940972222221 0.5152763671875 0.5290486111111111
0  0.51953125 0.5147569444444444 0.009765625 0.029513888888888888 0.519697265625 0.5110833333333333 0.52340234375 0.5116649305555555 0.521876953125 0.5167031249999999 0.51893359375 0.5203836805555555 0.5214404296875 0.521546875
0  0.51171875 0.5572916666666666 0.01171875 0.034722222222222224 0.51540234375 0.5568732638888889 0.5136328125 0.5570972222222221 0.51603515625 0.5618177083333333 0.514138671875 0.5665381944444445 0.51540234375 0.5665381944444445
0  0.52392578125 0.6085069444444444 0.0126953125 0.029513888888888888 0.5213662109375 0.6100572916666667 0.527251953125 0.6079253472222222 0.5257265625 0.6158697916666667 0.5232197265625 0.6195520833333333 0.5271435546875 0.618970486111111
0  0.53076171875 0.3723958333333333 0.0048828125 0.015625 -0.0009765625 -0.001736111111111111 -0.0009765625 -0.001736111111111111 -0.0009765625 -0.001736111111111111 -0.0009765625 -0.001736111111111111 -0.0009765625 -0.001736111111111111
0  0.54248046875 0.3645833333333333 0.0048828125 0.013888888888888888 -0.0009765625 -0.001736111111111111 -0.0009765625 -0.001736111111111111 -0.0009765625 -0.001736111111111111 -0.0009765625 -0.001736111111111111 -0.0009765625 -0.001736111111111111
0  0.53955078125 0.3402777777777778 0.0048828125 0.010416666666666666 -0.0009765625 -0.001736111111111111 -0.0009765625 -0.001736111111111111 -0.0009765625 -0.001736111111111111 -0.0009765625 -0.001736111111111111 -0.0009765625 -0.001736111111111111
0  0.52294921875 0.3637152777777778 0.0048828125 0.012152777777777778 -0.0009765625 -0.001736111111111111 -0.0009765625 -0.001736111111111111 -0.0009765625 -0.001736111111111111 -0.0009765625 -0.001736111111111111 -0.0009765625 -0.001736111111111111
0  0.60302734375 0.3541666666666667 0.0048828125 0.013888888888888888 -0.0009765625 -0.001736111111111111 -0.0009765625 -0.001736111111111111 -0.0009765625 -0.001736111111111111 -0.0009765625 -0.001736111111111111 -0.0009765625 -0.001736111111111111
0  0.6328125 0.3576388888888889 0.005859375 0.013888888888888888 -0.0009765625 -0.001736111111111111 -0.0009765625 -0.001736111111111111 -0.0009765625 -0.001736111111111111 -0.0009765625 -0.001736111111111111 -0.0009765625 -0.001736111111111111
0  0.5693359375 0.3480902777777778 0.005859375 0.012152777777777778 -0.0009765625 -0.001736111111111111 -0.0009765625 -0.001736111111111111 -0.0009765625 -0.001736111111111111 -0.0009765625 -0.001736111111111111 -0.0009765625 -0.001736111111111111
0  0.57958984375 0.3532986111111111 0.0048828125 0.012152777777777778 -0.0009765625 -0.001736111111111111 -0.0009765625 -0.001736111111111111 -0.0009765625 -0.001736111111111111 -0.0009765625 -0.001736111111111111 -0.0009765625 -0.001736111111111111
0  0.5830078125 0.3498263888888889 0.00390625 0.012152777777777778 -0.0009765625 -0.001736111111111111 -0.0009765625 -0.001736111111111111 -0.0009765625 -0.001736111111111111 -0.0009765625 -0.001736111111111111 -0.0009765625 -0.001736111111111111
0  0.57763671875 0.3784722222222222 0.0048828125 0.010416666666666666 -0.0009765625 -0.001736111111111111 -0.0009765625 -0.001736111111111111 -0.0009765625 -0.001736111111111111 -0.0009765625 -0.001736111111111111 -0.0009765625 -0.001736111111111111
0  0.599609375 0.4140625 0.0078125 0.019097222222222224 -0.0009765625 -0.001736111111111111 -0.0009765625 -0.001736111111111111 -0.0009765625 -0.001736111111111111 -0.0009765625 -0.001736111111111111 -0.0009765625 -0.001736111111111111
0  0.58251953125 0.3255208333333333 0.0048828125 0.012152777777777778 -0.0009765625 -0.001736111111111111 -0.0009765625 -0.001736111111111111 -0.0009765625 -0.001736111111111111 -0.0009765625 -0.001736111111111111 -0.0009765625 -0.001736111111111111
0  0.6123046875 0.3159722222222222 0.00390625 0.010416666666666666 -0.0009765625 -0.001736111111111111 -0.0009765625 -0.001736111111111111 -0.0009765625 -0.001736111111111111 -0.0009765625 -0.001736111111111111 -0.0009765625 -0.001736111111111111
0  0.544921875 0.4887152777777778 0.0078125 0.026041666666666668 -0.0009765625 -0.001736111111111111 -0.0009765625 -0.001736111111111111 -0.0009765625 -0.001736111111111111 -0.0009765625 -0.001736111111111111 -0.0009765625 -0.001736111111111111
0  0.60400390625 0.5104166666666666 0.0087890625 0.024305555555555556 0.60562109375 0.5072708333333333 0.605896484375 0.5075954861111112 0.6070859375 0.5116649305555555 0.60562109375 0.5162222222222222 0.6058046875 0.5167100694444444
0  0.654296875 0.4947916666666667 0.0078125 0.020833333333333332 -0.0009765625 -0.001736111111111111 -0.0009765625 -0.001736111111111111 -0.0009765625 -0.001736111111111111 -0.0009765625 -0.001736111111111111 -0.0009765625 -0.001736111111111111
0  0.65869140625 0.6015625 0.0107421875 0.026041666666666668 0.6562939453125 0.5964322916666667 0.662048828125 0.5964322916666667 0.6595546875 0.6027413194444444 0.6571572265625 0.6081961805555556 0.6619521484375 0.6081961805555556
0  0.626953125 0.5789930555555556 0.01171875 0.029513888888888888 -0.0009765625 -0.001736111111111111 -0.0009765625 -0.001736111111111111 -0.0009765625 -0.001736111111111111 -0.0009765625 -0.001736111111111111 -0.0009765625 -0.001736111111111111
0  0.59619140625 0.5677083333333334 0.0126953125 0.027777777777777776 0.5951015625 0.5684444444444444 0.6000146484375 0.5684444444444444 0.5982099609375 0.5734357638888888 0.59359765625 0.5770017361111112 0.598611328125 0.5770017361111112
0  0.544921875 0.5199652777777778 0.009765625 0.029513888888888888 -0.0009765625 -0.001736111111111111 -0.0009765625 -0.001736111111111111 -0.0009765625 -0.001736111111111111 -0.0009765625 -0.001736111111111111 -0.0009765625 -0.001736111111111111
0  0.5693359375 0.5807291666666666 0.01171875 0.03298611111111111 0.570984375 0.5760625 0.5747509765625 0.5760625 0.573337890625 0.5819236111111111 0.5708662109375 0.5873628472222223 0.57380859375 0.5875729166666667
0  0.5810546875 0.6319444444444444 0.015625 0.034722222222222224 0.5772705078125 0.6273871527777778 0.583251953125 0.62890625 0.578125 0.6365017361111112 0.5767822265625 0.6404079861111112 0.5806884765625 0.6408420138888888
0  0.61083984375 0.6458333333333334 0.0146484375 0.034722222222222224 -0.0009765625 -0.001736111111111111 -0.0009765625 -0.001736111111111111 -0.0009765625 -0.001736111111111111 -0.0009765625 -0.001736111111111111 -0.0009765625 -0.001736111111111111
0  0.6318359375 0.6822916666666666 0.015625 0.03819444444444445 0.6323935546875 0.6785711805555557 0.6385322265625 0.6775798611111111 0.6372763671875 0.6852673611111111 0.6332314453125 0.6924600694444445 0.6368583984375 0.6922118055555555
0  0.58935546875 0.7161458333333334 0.0166015625 0.043402777777777776 0.5882568359375 0.7144409722222221 0.5957900390625 0.7136041666666667 0.5940634765625 0.722532986111111 0.5895126953125 0.7289496527777778 0.59469140625 0.7289496527777778
0  0.90283203125 0.5243055555555556 0.0068359375 0.020833333333333332 -0.0009765625 -0.001736111111111111 -0.0009765625 -0.001736111111111111 -0.0009765625 -0.001736111111111111 -0.0009765625 -0.001736111111111111 -0.0009765625 -0.001736111111111111
0  0.92578125 0.5677083333333334 0.009765625 0.024305555555555556 0.92593359375 0.5652118055555556 0.929138671875 0.5652118055555556 0.9279482421875 0.5700954861111112 0.9257509765625 0.575140625 0.9286806640625 0.575140625
0  0.91748046875 0.5885416666666666 0.0146484375 0.034722222222222224 0.91939453125 0.5845277777777778 0.9241982421875 0.584078125 0.923693359375 0.59171875 0.9201533203125 0.5975625 0.923693359375 0.5973385416666667
0  0.955078125 0.4939236111111111 0.0078125 0.015625 -0.0009765625 -0.001736111111111111 -0.0009765625 -0.001736111111111111 -0.0009765625 -0.001736111111111111 -0.0009765625 -0.001736111111111111 -0.0009765625 -0.001736111111111111
0  0.96484375 0.4895833333333333 0.0078125 0.020833333333333332 -0.0009765625 -0.001736111111111111 -0.0009765625 -0.001736111111111111 -0.0009765625 -0.001736111111111111 -0.0009765625 -0.001736111111111111 -0.0009765625 -0.001736111111111111
0  0.94873046875 0.5434027777777778 0.0107421875 0.024305555555555556 -0.0009765625 -0.001736111111111111 -0.0009765625 -0.001736111111111111 -0.0009765625 -0.001736111111111111 -0.0009765625 -0.001736111111111111 -0.0009765625 -0.001736111111111111
0  0.9423828125 0.6189236111111112 0.01171875 0.026041666666666668 0.938345703125 0.615328125 0.9432373046875 0.6161805555555556 0.9393046875 0.623 0.9379619140625 0.6282864583333333 0.9424697265625 0.6281163194444445
0  0.96044921875 0.6692708333333334 0.0107421875 0.026041666666666668 -0.0009765625 -0.001736111111111111 -0.0009765625 -0.001736111111111111 -0.0009765625 -0.001736111111111111 -0.0009765625 -0.001736111111111111 -0.0009765625 -0.001736111111111111
0  0.736328125 0.6458333333333334 0.01171875 0.03125 0.739048828125 0.6412760416666666 0.739162109375 0.6412760416666666 0.74267578125 0.6457100694444444 0.739048828125 0.6527621527777777 0.739275390625 0.6527621527777777
0  0.73046875 0.8116319444444444 0.021484375 0.05381944444444445 0.7327529296875 0.8093993055555555 0.7387001953125 0.8093993055555555 0.7371650390625 0.8220173611111111 0.7316025390625 0.8288385416666667 0.7379326171875 0.8281562499999999
0  0.8212890625 0.8958333333333334 0.013671875 0.034722222222222224 -0.0009765625 -0.001736111111111111 -0.0009765625 -0.001736111111111111 -0.0009765625 -0.001736111111111111 -0.0009765625 -0.001736111111111111 -0.0009765625 -0.001736111111111111
0  0.859375 0.8723958333333334 0.0234375 0.05381944444444445 0.8578232421875 0.8657309027777778 0.868373046875 0.8643663194444444 0.8651123046875 0.8793715277777777 0.859166015625 0.8865329861111111 0.866455078125 0.8861909722222223
0  0.93212890625 0.8784722222222222 0.0224609375 0.05555555555555555 0.923505859375 0.8684895833333334 0.9323291015625 0.8688454861111111 0.9233046875 0.8859583333333334 0.924107421875 0.8941597222222222 0.930724609375 0.8938020833333334
0  0.97607421875 0.8671875 0.0205078125 0.03993055555555555 0.973427734375 0.8616145833333334 0.9830673828125 0.8646840277777778 0.9797578125 0.8754270833333333 0.9765927734375 0.8828437499999999 0.9817724609375 0.8825885416666667
0  0.9912109375 0.4939236111111111 0.0078125 0.019097222222222224 -0.0009765625 -0.001736111111111111 -0.0009765625 -0.001736111111111111 -0.0009765625 -0.001736111111111111 -0.0009765625 -0.001736111111111111 -0.0009765625 -0.001736111111111111
0  0.98974609375 0.5633680555555556 0.0107421875 0.015625 -0.0009765625 -0.001736111111111111 -0.0009765625 -0.001736111111111111 -0.0009765625 -0.001736111111111111 -0.0009765625 -0.001736111111111111 -0.0009765625 -0.001736111111111111
0  0.46923828125 0.7829861111111112 0.0107421875 0.041666666666666664 -0.0009765625 -0.001736111111111111 -0.0009765625 -0.001736111111111111 -0.0009765625 -0.001736111111111111 -0.0009765625 -0.001736111111111111 -0.0009765625 -0.001736111111111111
0  0.33544921875 0.9878472222222222 0.0263671875 0.024305555555555556 -0.0009765625 -0.001736111111111111 -0.0009765625 -0.001736111111111111 -0.0009765625 -0.001736111111111111 -0.0009765625 -0.001736111111111111 -0.0009765625 -0.001736111111111111
0  0.02734375 0.2664930555555556 0.005859375 0.012152777777777778 -0.0009765625 -0.001736111111111111 -0.0009765625 -0.001736111111111111 -0.0009765625 -0.001736111111111111 -0.0009765625 -0.001736111111111111 -0.0009765625 -0.001736111111111111
0  0.01171875 0.3177083333333333 0.005859375 0.013888888888888888 -0.0009765625 -0.001736111111111111 -0.0009765625 -0.001736111111111111 -0.0009765625 -0.001736111111111111 -0.0009765625 -0.001736111111111111 -0.0009765625 -0.001736111111111111
0  0.04248046875 0.3220486111111111 0.0068359375 0.015625 0.0413818359375 0.32042013888888893 0.0440673828125 0.32042013888888893 0.04296875 0.32345833333333335 0.04180859375 0.32541319444444444 0.0440673828125 0.3255208333333333
0  0.064453125 0.3298611111111111 0.005859375 0.013888888888888888 -0.0009765625 -0.001736111111111111 -0.0009765625 -0.001736111111111111 -0.0009765625 -0.001736111111111111 -0.0009765625 -0.001736111111111111 -0.0009765625 -0.001736111111111111
0  0.0830078125 0.3480902777777778 0.005859375 0.012152777777777778 -0.0009765625 -0.001736111111111111 -0.0009765625 -0.001736111111111111 -0.0009765625 -0.001736111111111111 -0.0009765625 -0.001736111111111111 -0.0009765625 -0.001736111111111111
0  0.03662109375 0.3498263888888889 0.0068359375 0.015625 -0.0009765625 -0.001736111111111111 -0.0009765625 -0.001736111111111111 -0.0009765625 -0.001736111111111111 -0.0009765625 -0.001736111111111111 -0.0009765625 -0.001736111111111111
0  0.0439453125 0.3958333333333333 0.0078125 0.017361111111111112 -0.0009765625 -0.001736111111111111 -0.0009765625 -0.001736111111111111 -0.0009765625 -0.001736111111111111 -0.0009765625 -0.001736111111111111 -0.0009765625 -0.001736111111111111
0  0.07568359375 0.4149305555555556 0.0107421875 0.024305555555555556 0.074767578125 0.41389930555555554 0.078064453125 0.41373611111111114 0.077056640625 0.4174809027777778 0.074767578125 0.4207361111111111 0.0781552734375 0.4205729166666667
0  0.08837890625 0.3888888888888889 0.0087890625 0.020833333333333332 -0.0009765625 -0.001736111111111111 -0.0009765625 -0.001736111111111111 -0.0009765625 -0.001736111111111111 -0.0009765625 -0.001736111111111111 -0.0009765625 -0.001736111111111111
0  0.0947265625 0.3159722222222222 0.005859375 0.013888888888888888 -0.0009765625 -0.001736111111111111 -0.0009765625 -0.001736111111111111 -0.0009765625 -0.001736111111111111 -0.0009765625 -0.001736111111111111 -0.0009765625 -0.001736111111111111
0  0.119140625 0.2899305555555556 0.005859375 0.010416666666666666 -0.0009765625 -0.001736111111111111 -0.0009765625 -0.001736111111111111 -0.0009765625 -0.001736111111111111 -0.0009765625 -0.001736111111111111 -0.0009765625 -0.001736111111111111
0  0.1103515625 0.2769097222222222 0.00390625 0.008680555555555556 -0.0009765625 -0.001736111111111111 -0.0009765625 -0.001736111111111111 -0.0009765625 -0.001736111111111111 -0.0009765625 -0.001736111111111111 -0.0009765625 -0.001736111111111111
0  0.1201171875 0.2760416666666667 0.00390625 0.010416666666666666 -0.0009765625 -0.001736111111111111 -0.0009765625 -0.001736111111111111 -0.0009765625 -0.001736111111111111 -0.0009765625 -0.001736111111111111 -0.0009765625 -0.001736111111111111
0  0.103515625 0.2769097222222222 0.00390625 0.008680555555555556 -0.0009765625 -0.001736111111111111 -0.0009765625 -0.001736111111111111 -0.0009765625 -0.001736111111111111 -0.0009765625 -0.001736111111111111 -0.0009765625 -0.001736111111111111
0  0.12158203125 0.3515625 0.0068359375 0.015625 -0.0009765625 -0.001736111111111111 -0.0009765625 -0.001736111111111111 -0.0009765625 -0.001736111111111111 -0.0009765625 -0.001736111111111111 -0.0009765625 -0.001736111111111111
0  0.10986328125 0.3498263888888889 0.0068359375 0.015625 -0.0009765625 -0.001736111111111111 -0.0009765625 -0.001736111111111111 -0.0009765625 -0.001736111111111111 -0.0009765625 -0.001736111111111111 -0.0009765625 -0.001736111111111111
0  0.1171875 0.4487847222222222 0.01171875 0.022569444444444444 -0.0009765625 -0.001736111111111111 -0.0009765625 -0.001736111111111111 -0.0009765625 -0.001736111111111111 -0.0009765625 -0.001736111111111111 -0.0009765625 -0.001736111111111111
0  0.00927734375 0.5095486111111112 0.0107421875 0.029513888888888888 0.0112431640625 0.5060694444444445 0.0125517578125 0.5051006944444444 0.01483984375 0.5114947916666667 0.0103720703125 0.5163385416666667 0.012115234375 0.5161440972222222
0  0.20947265625 0.5416666666666666 0.0146484375 0.03125 0.2047470703125 0.538078125 0.2106328125 0.5382881944444444 0.206748046875 0.5451927083333333 0.204982421875 0.5502152777777778 0.2095732421875 0.55084375
0  0.017578125 0.7430555555555556 0.01953125 0.041666666666666664 0.013275390625 0.7400173611111112 0.02426171875 0.7383888888888889 0.020447265625 0.7478836805555555 0.0166318359375 0.7535798611111111 0.0238037109375 0.7530381944444444
0  0.02294921875 0.7977430555555556 0.0185546875 0.050347222222222224 0.01893359375 0.7939305555555555 0.0284072265625 0.7942482638888889 0.0235810546875 0.8053697916666667 0.01893359375 0.8114079861111111 0.02715625 0.8114079861111111
0  0.203125 0.4748263888888889 0.009765625 0.019097222222222224 -0.0009765625 -0.001736111111111111 -0.0009765625 -0.001736111111111111 -0.0009765625 -0.001736111111111111 -0.0009765625 -0.001736111111111111 -0.0009765625 -0.001736111111111111
0  0.21826171875 0.4522569444444444 0.0087890625 0.015625 0.2161865234375 0.4505208333333333 0.2208251953125 0.4505208333333333 0.21826171875 0.4544270833333333 0.216857421875 0.45703125 0.219482421875 0.45713888888888893
0  0.2177734375 0.40625 0.0078125 0.020833333333333332 0.2169453125 0.405234375 0.2210869140625 0.405234375 0.2190986328125 0.4095052083333333 0.2172763671875 0.41230381944444444 0.220755859375 0.41215625
0  0.20166015625 0.4253472222222222 0.0087890625 0.017361111111111112 -0.0009765625 -0.001736111111111111 -0.0009765625 -0.001736111111111111 -0.0009765625 -0.001736111111111111 -0.0009765625 -0.001736111111111111 -0.0009765625 -0.001736111111111111
0  0.1865234375 0.4010416666666667 0.0078125 0.020833333333333332 0.18618359375 0.40188715277777776 0.1893701171875 0.40188715277777776 0.1880361328125 0.4064982638888889 0.1868505859375 0.41058333333333336 0.189888671875 0.4107135416666667
0  0.123046875 0.4730902777777778 0.0078125 0.026041666666666668 -0.0009765625 -0.001736111111111111 -0.0009765625 -0.001736111111111111 -0.0009765625 -0.001736111111111111 -0.0009765625 -0.001736111111111111 -0.0009765625 -0.001736111111111111
0  0.1552734375 0.3836805555555556 0.0078125 0.020833333333333332 0.1545283203125 0.3845798611111111 0.158337890625 0.3845798611111111 0.1561015625 0.388703125 0.1546103515625 0.39120659722222223 0.1571787109375 0.39135416666666667
0  0.24072265625 0.4522569444444444 0.0087890625 0.019097222222222224 0.240234375 0.45041319444444444 0.2451259765625 0.45041319444444444 0.244310546875 0.4548923611111111 0.2420869140625 0.46082118055555554 0.24579296875 0.460953125
0  0.24755859375 0.3854166666666667 0.0068359375 0.020833333333333332 -0.0009765625 -0.001736111111111111 -0.0009765625 -0.001736111111111111 -0.0009765625 -0.001736111111111111 -0.0009765625 -0.001736111111111111 -0.0009765625 -0.001736111111111111
0  0.240234375 0.3515625 0.005859375 0.015625 -0.0009765625 -0.001736111111111111 -0.0009765625 -0.001736111111111111 -0.0009765625 -0.001736111111111111 -0.0009765625 -0.001736111111111111 -0.0009765625 -0.001736111111111111
0  0.203125 0.3498263888888889 0.005859375 0.015625 -0.0009765625 -0.001736111111111111 -0.0009765625 -0.001736111111111111 -0.0009765625 -0.001736111111111111 -0.0009765625 -0.001736111111111111 -0.0009765625 -0.001736111111111111
0  0.18212890625 0.3559027777777778 0.0068359375 0.013888888888888888 -0.0009765625 -0.001736111111111111 -0.0009765625 -0.001736111111111111 -0.0009765625 -0.001736111111111111 -0.0009765625 -0.001736111111111111 -0.0009765625 -0.001736111111111111
0  0.1884765625 0.3229166666666667 0.00390625 0.010416666666666666 -0.0009765625 -0.001736111111111111 -0.0009765625 -0.001736111111111111 -0.0009765625 -0.001736111111111111 -0.0009765625 -0.001736111111111111 -0.0009765625 -0.001736111111111111
0  0.171875 0.3185763888888889 0.00390625 0.008680555555555556 -0.0009765625 -0.001736111111111111 -0.0009765625 -0.001736111111111111 -0.0009765625 -0.001736111111111111 -0.0009765625 -0.001736111111111111 -0.0009765625 -0.001736111111111111
0  0.166015625 0.3168402777777778 0.00390625 0.012152777777777778 -0.0009765625 -0.001736111111111111 -0.0009765625 -0.001736111111111111 -0.0009765625 -0.001736111111111111 -0.0009765625 -0.001736111111111111 -0.0009765625 -0.001736111111111111
0  0.1357421875 0.3142361111111111 0.005859375 0.013888888888888888 -0.0009765625 -0.001736111111111111 -0.0009765625 -0.001736111111111111 -0.0009765625 -0.001736111111111111 -0.0009765625 -0.001736111111111111 -0.0009765625 -0.001736111111111111
0  0.142578125 0.3098958333333333 0.005859375 0.012152777777777778 -0.0009765625 -0.001736111111111111 -0.0009765625 -0.001736111111111111 -0.0009765625 -0.001736111111111111 -0.0009765625 -0.001736111111111111 -0.0009765625 -0.001736111111111111
0  0.12890625 0.3489583333333333 0.005859375 0.017361111111111112 -0.0009765625 -0.001736111111111111 -0.0009765625 -0.001736111111111111 -0.0009765625 -0.001736111111111111 -0.0009765625 -0.001736111111111111 -0.0009765625 -0.001736111111111111
0  0.12939453125 0.3315972222222222 0.0048828125 0.010416666666666666 -0.0009765625 -0.001736111111111111 -0.0009765625 -0.001736111111111111 -0.0009765625 -0.001736111111111111 -0.0009765625 -0.001736111111111111 -0.0009765625 -0.001736111111111111
0  0.20068359375 0.2786458333333333 0.0048828125 0.012152777777777778 -0.0009765625 -0.001736111111111111 -0.0009765625 -0.001736111111111111 -0.0009765625 -0.001736111111111111 -0.0009765625 -0.001736111111111111 -0.0009765625 -0.001736111111111111
0  0.1953125 0.2803819444444444 0.00390625 0.012152777777777778 -0.0009765625 -0.001736111111111111 -0.0009765625 -0.001736111111111111 -0.0009765625 -0.001736111111111111 -0.0009765625 -0.001736111111111111 -0.0009765625 -0.001736111111111111
0  0.1904296875 0.2769097222222222 0.00390625 0.012152777777777778 -0.0009765625 -0.001736111111111111 -0.0009765625 -0.001736111111111111 -0.0009765625 -0.001736111111111111 -0.0009765625 -0.001736111111111111 -0.0009765625 -0.001736111111111111
0  0.1552734375 0.3046875 0.00390625 0.008680555555555556 -0.0009765625 -0.001736111111111111 -0.0009765625 -0.001736111111111111 -0.0009765625 -0.001736111111111111 -0.0009765625 -0.001736111111111111 -0.0009765625 -0.001736111111111111
0  0.140625 0.2751736111111111 0.00390625 0.012152777777777778 -0.0009765625 -0.001736111111111111 -0.0009765625 -0.001736111111111111 -0.0009765625 -0.001736111111111111 -0.0009765625 -0.001736111111111111 -0.0009765625 -0.001736111111111111
0  0.1494140625 0.2942708333333333 0.005859375 0.012152777777777778 -0.0009765625 -0.001736111111111111 -0.0009765625 -0.001736111111111111 -0.0009765625 -0.001736111111111111 -0.0009765625 -0.001736111111111111 -0.0009765625 -0.001736111111111111
0  0.28173828125 0.3020833333333333 0.0048828125 0.010416666666666666 -0.0009765625 -0.001736111111111111 -0.0009765625 -0.001736111111111111 -0.0009765625 -0.001736111111111111 -0.0009765625 -0.001736111111111111 -0.0009765625 -0.001736111111111111
0  0.2841796875 0.3342013888888889 0.005859375 0.012152777777777778 -0.0009765625 -0.001736111111111111 -0.0009765625 -0.001736111111111111 -0.0009765625 -0.001736111111111111 -0.0009765625 -0.001736111111111111 -0.0009765625 -0.001736111111111111
0  0.3193359375 0.3472222222222222 0.005859375 0.013888888888888888 -0.0009765625 -0.001736111111111111 -0.0009765625 -0.001736111111111111 -0.0009765625 -0.001736111111111111 -0.0009765625 -0.001736111111111111 -0.0009765625 -0.001736111111111111
0  0.27685546875 0.2708333333333333 0.0048828125 0.010416666666666666 -0.0009765625 -0.001736111111111111 -0.0009765625 -0.001736111111111111 -0.0009765625 -0.001736111111111111 -0.0009765625 -0.001736111111111111 -0.0009765625 -0.001736111111111111
0  0.33447265625 0.375 0.0048828125 0.017361111111111112 -0.0009765625 -0.001736111111111111 -0.0009765625 -0.001736111111111111 -0.0009765625 -0.001736111111111111 -0.0009765625 -0.001736111111111111 -0.0009765625 -0.001736111111111111
0  0.306640625 0.3958333333333333 0.0078125 0.017361111111111112 0.3035712890625 0.3928732638888889 0.307037109375 0.3928732638888889 0.3040947265625 0.3963611111111111 0.303375 0.40101041666666665 0.30540234375 0.40124305555555556
0  0.30859375 0.4618055555555556 0.009765625 0.024305555555555556 0.30645703125 0.4625104166666667 0.31039453125 0.46234722222222224 0.307556640625 0.46690624999999997 0.3061826171875 0.4704861111111111 0.3095703125 0.47097395833333333
0  0.2880859375 0.3333333333333333 0.00390625 0.013888888888888888 -0.0009765625 -0.001736111111111111 -0.0009765625 -0.001736111111111111 -0.0009765625 -0.001736111111111111 -0.0009765625 -0.001736111111111111 -0.0009765625 -0.001736111111111111
0  0.2724609375 0.3845486111111111 0.0078125 0.019097222222222224 0.2705078125 0.3845486111111111 0.2744833984375 0.3845486111111111 0.2726005859375 0.3883923611111111 0.27099609375 0.39124479166666665 0.2740654296875 0.39099652777777777
0  0.28466796875 0.3949652777777778 0.0068359375 0.019097222222222224 0.2852958984375 0.39384895833333333 0.285853515625 0.39347743055555556 0.2876669921875 0.39707291666666666 0.285365234375 0.4019097222222222 0.2859931640625 0.40128993055555556
0  0.259765625 0.4157986111111111 0.0078125 0.015625 -0.0009765625 -0.001736111111111111 -0.0009765625 -0.001736111111111111 -0.0009765625 -0.001736111111111111 -0.0009765625 -0.001736111111111111 -0.0009765625 -0.001736111111111111
0  0.31396484375 0.4149305555555556 0.0087890625 0.020833333333333332 0.3131630859375 0.41333333333333333 0.3166943359375 0.4131944444444444 0.315125 0.4177986111111111 0.3136337890625 0.4201701388888889 0.31622265625 0.4201701388888889
0  0.3408203125 0.4401041666666667 0.0078125 0.019097222222222224 0.338849609375 0.4386319444444444 0.34277734375 0.4385 0.34062890625 0.4428472222222222 0.339146484375 0.44495659722222225 0.3421103515625 0.44521875000000005
0  0.2900390625 0.4288194444444444 0.0078125 0.017361111111111112 -0.0009765625 -0.001736111111111111 -0.0009765625 -0.001736111111111111 -0.0009765625 -0.001736111111111111 -0.0009765625 -0.001736111111111111 -0.0009765625 -0.001736111111111111
0  0.27685546875 0.4366319444444444 0.0087890625 0.022569444444444444 -0.0009765625 -0.001736111111111111 -0.0009765625 -0.001736111111111111 -0.0009765625 -0.001736111111111111 -0.0009765625 -0.001736111111111111 -0.0009765625 -0.001736111111111111
0  0.2744140625 0.4756944444444444 0.009765625 0.020833333333333332 0.273533203125 0.4730434027777778 0.277064453125 0.47276388888888893 0.275259765625 0.4763923611111111 0.2736123046875 0.4819722222222222 0.2764365234375 0.48183333333333334
0  0.26416015625 0.4956597222222222 0.0107421875 0.029513888888888888 0.262974609375 0.49274479166666674 0.2671591796875 0.49274479166666674 0.2654853515625 0.4977673611111111 0.2627646484375 0.5026041666666666 0.266845703125 0.5026041666666666
0  0.25537109375 0.4774305555555556 0.0107421875 0.024305555555555556 -0.0009765625 -0.001736111111111111 -0.0009765625 -0.001736111111111111 -0.0009765625 -0.001736111111111111 -0.0009765625 -0.001736111111111111 -0.0009765625 -0.001736111111111111
0  0.3056640625 0.5755208333333334 0.013671875 0.036458333333333336 0.303958984375 0.5740798611111111 0.3097705078125 0.5740798611111111 0.307068359375 0.5796059027777778 0.304365234375 0.584890625 0.309365234375 0.5851319444444445
0  0.3623046875 0.5815972222222222 0.01171875 0.034722222222222224 0.3619423828125 0.5787065972222222 0.36737890625 0.5789305555555555 0.36523046875 0.5852239583333333 0.36181640625 0.5906180555555556 0.3667470703125 0.59084375
0  0.33544921875 0.6137152777777778 0.0126953125 0.03298611111111111 0.33251953125 0.6098090277777778 0.3392333984375 0.6100260416666666 0.3358154296875 0.6165364583333334 0.3323974609375 0.6204427083333334 0.3387451171875 0.6208767361111112
0  0.23291015625 0.625 0.0107421875 0.03125 -0.0009765625 -0.001736111111111111 -0.0009765625 -0.001736111111111111 -0.0009765625 -0.001736111111111111 -0.0009765625 -0.001736111111111111 -0.0009765625 -0.001736111111111111
0  0.259765625 0.7369791666666666 0.01953125 0.043402777777777776 0.2579873046875 0.7338246527777778 0.266697265625 0.7346857638888888 0.2633095703125 0.7458697916666667 0.2576640625 0.7507447916666666 0.26524609375 0.75103125
0  0.26025390625 0.8151041666666666 0.0224609375 0.050347222222222224 0.263 0.8148871527777778 0.268310546875 0.8139097222222222 0.2708740234375 0.8256284722222222 0.265197265625 0.8347430555555556 0.2692265625 0.8344184027777778
0  0.3955078125 0.6536458333333334 0.013671875 0.036458333333333336 0.3955771484375 0.6490572916666667 0.400939453125 0.6495225694444444 0.4006787109375 0.6560329861111112 0.3950546875 0.6620781250000001 0.3997626953125 0.6620781250000001
0  0.37255859375 0.7039930555555556 0.0166015625 0.036458333333333336 0.3699599609375 0.7020711805555555 0.3776640625 0.7027916666666667 0.3740146484375 0.711921875 0.3699599609375 0.7176874999999999 0.3748251953125 0.7179288194444444
0  0.4296875 0.7204861111111112 0.017578125 0.041666666666666664 0.426705078125 0.712953125 0.434552734375 0.7140694444444444 0.4298447265625 0.7224392361111112 0.42701953125 0.7302517361111112 0.431884765625 0.7302517361111112
0  0.41943359375 0.5555555555555556 0.0126953125 0.03125 0.417314453125 0.553703125 0.42296484375 0.5528663194444445 0.420728515625 0.560609375 0.4187275390625 0.5652118055555556 0.4230830078125 0.5645850694444445
0  0.3828125 0.5190972222222222 0.01171875 0.027777777777777776 0.379673828125 0.5176093749999999 0.384068359375 0.5185399305555555 0.3805107421875 0.5228177083333333 0.3798828125 0.5278402777777778 0.3831259765625 0.5283975694444445
0  0.33984375 0.5130208333333334 0.0078125 0.029513888888888888 -0.0009765625 -0.001736111111111111 -0.0009765625 -0.001736111111111111 -0.0009765625 -0.001736111111111111 -0.0009765625 -0.001736111111111111 -0.0009765625 -0.001736111111111111
0  0.3955078125 0.5052083333333334 0.0078125 0.020833333333333332 -0.0009765625 -0.001736111111111111 -0.0009765625 -0.001736111111111111 -0.0009765625 -0.001736111111111111 -0.0009765625 -0.001736111111111111 -0.0009765625 -0.001736111111111111
0  0.42333984375 0.5225694444444444 0.0126953125 0.024305555555555556 -0.0009765625 -0.001736111111111111 -0.0009765625 -0.001736111111111111 -0.0009765625 -0.001736111111111111 -0.0009765625 -0.001736111111111111 -0.0009765625 -0.001736111111111111
0  0.47119140625 0.6015625 0.0146484375 0.036458333333333336 0.4684052734375 0.5981440972222223 0.4732705078125 0.5988645833333334 0.4711083984375 0.6063142361111111 0.46867578125 0.610638888888889 0.4723251953125 0.610638888888889
0  0.4814453125 0.6163194444444444 0.015625 0.03819444444444445 0.481091796875 0.61425 0.4862275390625 0.6135295138888889 0.4848759765625 0.6216979166666667 0.481091796875 0.6257829861111112 0.48636328125 0.6250625
0  0.45703125 0.4835069444444444 0.009765625 0.019097222222222224 0.45654296875 0.48361458333333335 0.460841796875 0.4840104166666667 0.4584697265625 0.4876996527777778 0.45654296875 0.49297048611111116 0.45898828125 0.4931024305555555
0  0.44091796875 0.5147569444444444 0.0107421875 0.019097222222222224 -0.0009765625 -0.001736111111111111 -0.0009765625 -0.001736111111111111 -0.0009765625 -0.001736111111111111 -0.0009765625 -0.001736111111111111 -0.0009765625 -0.001736111111111111
0  0.4345703125 0.4131944444444444 0.0078125 0.020833333333333332 0.4332666015625 0.4120625 0.4360087890625 0.4123263888888889 0.4346748046875 0.416015625 0.4334892578125 0.4174652777777778 0.435638671875 0.41772916666666665
0  0.45458984375 0.4053819444444444 0.0068359375 0.019097222222222224 -0.0009765625 -0.001736111111111111 -0.0009765625 -0.001736111111111111 -0.0009765625 -0.001736111111111111 -0.0009765625 -0.001736111111111111 -0.0009765625 -0.001736111111111111
0  0.46240234375 0.4444444444444444 0.0068359375 0.020833333333333332 -0.0009765625 -0.001736111111111111 -0.0009765625 -0.001736111111111111 -0.0009765625 -0.001736111111111111 -0.0009765625 -0.001736111111111111 -0.0009765625 -0.001736111111111111
0  0.4951171875 0.4956597222222222 0.009765625 0.026041666666666668 0.492623046875 0.49376909722222223 0.49684375 0.49376909722222223 0.4944453125 0.49803125 0.493486328125 0.5022934027777778 0.497130859375 0.502123263888889
0  0.5 0.4470486111111111 0.0078125 0.019097222222222224 0.4991103515625 0.4454444444444445 0.50266796875 0.4453125 0.5008896484375 0.44873784722222226 0.4998515625 0.45242708333333337 0.5022236328125 0.4522951388888889
0  0.49853515625 0.421875 0.0087890625 0.017361111111111112 -0.0009765625 -0.001736111111111111 -0.0009765625 -0.001736111111111111 -0.0009765625 -0.001736111111111111 -0.0009765625 -0.001736111111111111 -0.0009765625 -0.001736111111111111
0  0.51123046875 0.3715277777777778 0.0048828125 0.013888888888888888 -0.0009765625 -0.001736111111111111 -0.0009765625 -0.001736111111111111 -0.0009765625 -0.001736111111111111 -0.0009765625 -0.001736111111111111 -0.0009765625 -0.001736111111111111
0  0.4892578125 0.3732638888888889 0.005859375 0.013888888888888888 -0.0009765625 -0.001736111111111111 -0.0009765625 -0.001736111111111111 -0.0009765625 -0.001736111111111111 -0.0009765625 -0.001736111111111111 -0.0009765625 -0.001736111111111111
0  0.486328125 0.4010416666666667 0.005859375 0.020833333333333332 -0.0009765625 -0.001736111111111111 -0.0009765625 -0.001736111111111111 -0.0009765625 -0.001736111111111111 -0.0009765625 -0.001736111111111111 -0.0009765625 -0.001736111111111111
0  0.4267578125 0.3697916666666667 0.005859375 0.013888888888888888 -0.0009765625 -0.001736111111111111 -0.0009765625 -0.001736111111111111 -0.0009765625 -0.001736111111111111 -0.0009765625 -0.001736111111111111 -0.0009765625 -0.001736111111111111
0  0.41015625 0.3680555555555556 0.005859375 0.013888888888888888 0.4087607421875 0.36738888888888893 0.4106318359375 0.36728819444444444 0.409611328125 0.37010937499999996 0.4087607421875 0.3722256944444444 0.4105751953125 0.37242708333333335
0  0.40087890625 0.3602430555555556 0.0068359375 0.015625 -0.0009765625 -0.001736111111111111 -0.0009765625 -0.001736111111111111 -0.0009765625 -0.001736111111111111 -0.0009765625 -0.001736111111111111 -0.0009765625 -0.001736111111111111
0  0.44140625 0.3680555555555556 0.005859375 0.017361111111111112 -0.0009765625 -0.001736111111111111 -0.0009765625 -0.001736111111111111 -0.0009765625 -0.001736111111111111 -0.0009765625 -0.001736111111111111 -0.0009765625 -0.001736111111111111
0  0.46728515625 0.3532986111111111 0.0048828125 0.012152777777777778 -0.0009765625 -0.001736111111111111 -0.0009765625 -0.001736111111111111 -0.0009765625 -0.001736111111111111 -0.0009765625 -0.001736111111111111 -0.0009765625 -0.001736111111111111
0  0.4453125 0.3090277777777778 0.00390625 0.010416666666666666 -0.0009765625 -0.001736111111111111 -0.0009765625 -0.001736111111111111 -0.0009765625 -0.001736111111111111 -0.0009765625 -0.001736111111111111 -0.0009765625 -0.001736111111111111
0  0.4609375 0.3342013888888889 0.00390625 0.012152777777777778 -0.0009765625 -0.001736111111111111 -0.0009765625 -0.001736111111111111 -0.0009765625 -0.001736111111111111 -0.0009765625 -0.001736111111111111 -0.0009765625 -0.001736111111111111
0  0.47607421875 0.3142361111111111 0.0029296875 0.006944444444444444 -0.0009765625 -0.001736111111111111 -0.0009765625 -0.001736111111111111 -0.0009765625 -0.001736111111111111 -0.0009765625 -0.001736111111111111 -0.0009765625 -0.001736111111111111
0  0.4970703125 0.359375 0.00390625 0.010416666666666666 -0.0009765625 -0.001736111111111111 -0.0009765625 -0.001736111111111111 -0.0009765625 -0.001736111111111111 -0.0009765625 -0.001736111111111111 -0.0009765625 -0.001736111111111111
0  0.486328125 0.3038194444444444 0.00390625 0.010416666666666666 -0.0009765625 -0.001736111111111111 -0.0009765625 -0.001736111111111111 -0.0009765625 -0.001736111111111111 -0.0009765625 -0.001736111111111111 -0.0009765625 -0.001736111111111111
0  0.44091796875 0.2977430555555556 0.0048828125 0.012152777777777778 -0.0009765625 -0.001736111111111111 -0.0009765625 -0.001736111111111111 -0.0009765625 -0.001736111111111111 -0.0009765625 -0.001736111111111111 -0.0009765625 -0.001736111111111111
0  0.48486328125 0.2907986111111111 0.0029296875 0.008680555555555556 -0.0009765625 -0.001736111111111111 -0.0009765625 -0.001736111111111111 -0.0009765625 -0.001736111111111111 -0.0009765625 -0.001736111111111111 -0.0009765625 -0.001736111111111111
0  0.5166015625 0.3220486111111111 0.005859375 0.012152777777777778 -0.0009765625 -0.001736111111111111 -0.0009765625 -0.001736111111111111 -0.0009765625 -0.001736111111111111 -0.0009765625 -0.001736111111111111 -0.0009765625 -0.001736111111111111
0  0.5263671875 0.3220486111111111 0.00390625 0.008680555555555556 -0.0009765625 -0.001736111111111111 -0.0009765625 -0.001736111111111111 -0.0009765625 -0.001736111111111111 -0.0009765625 -0.001736111111111111 -0.0009765625 -0.001736111111111111
0  0.5244140625 0.3394097222222222 0.005859375 0.012152777777777778 -0.0009765625 -0.001736111111111111 -0.0009765625 -0.001736111111111111 -0.0009765625 -0.001736111111111111 -0.0009765625 -0.001736111111111111 -0.0009765625 -0.001736111111111111
0  0.51806640625 0.3993055555555556 0.0068359375 0.013888888888888888 -0.0009765625 -0.001736111111111111 -0.0009765625 -0.001736111111111111 -0.0009765625 -0.001736111111111111 -0.0009765625 -0.001736111111111111 -0.0009765625 -0.001736111111111111
0  0.62060546875 0.7725694444444444 0.0166015625 0.03819444444444445 -0.0009765625 -0.001736111111111111 -0.0009765625 -0.001736111111111111 -0.0009765625 -0.001736111111111111 -0.0009765625 -0.001736111111111111 -0.0009765625 -0.001736111111111111
0  0.67333984375 0.7213541666666666 0.0146484375 0.036458333333333336 0.66958203125 0.7188576388888889 0.676775390625 0.7204861111111112 0.671935546875 0.7253680555555556 0.6708896484375 0.7314149305555556 0.6749443359375 0.7314149305555556
0  0.498046875 0.8133680555555556 0.021484375 0.05381944444444445 0.49628125 0.8074461805555555 0.504716796875 0.8074461805555555 0.5017744140625 0.8186076388888889 0.49628125 0.8273263888888889 0.50412890625 0.8276753472222222
0  0.59619140625 0.9010416666666666 0.0185546875 0.05555555555555555 0.5995966796875 0.8983524305555556 0.5995966796875 0.8983524305555556 0.6057431640625 0.907095486111111 0.5989814453125 0.9172951388888888 0.5989814453125 0.9172951388888888
0  0.64794921875 0.875 0.0185546875 0.052083333333333336 0.6495234375 0.8724652777777778 0.655333984375 0.8694652777777778 0.6547724609375 0.8804635416666666 0.6498984375 0.8911284722222221 0.6528974609375 0.889795138888889
0  0.64404296875 0.9782986111111112 0.0283203125 0.043402777777777776 0.6447578125 0.9902500000000001 0.6563759765625 0.9864375 0.6560185546875 0.9997829861111112 0.651908203125 1.0058211805555555 0.6587001953125 1.0058211805555555
0  0.6494140625 0.3645833333333333 0.00390625 0.010416666666666666 -0.0009765625 -0.001736111111111111 -0.0009765625 -0.001736111111111111 -0.0009765625 -0.001736111111111111 -0.0009765625 -0.001736111111111111 -0.0009765625 -0.001736111111111111
0  0.671875 0.3637152777777778 0.005859375 0.015625 -0.0009765625 -0.001736111111111111 -0.0009765625 -0.001736111111111111 -0.0009765625 -0.001736111111111111 -0.0009765625 -0.001736111111111111 -0.0009765625 -0.001736111111111111
0  0.74072265625 0.4019097222222222 0.0048828125 0.012152777777777778 -0.0009765625 -0.001736111111111111 -0.0009765625 -0.001736111111111111 -0.0009765625 -0.001736111111111111 -0.0009765625 -0.001736111111111111 -0.0009765625 -0.001736111111111111
0  0.72705078125 0.40625 0.0048828125 0.017361111111111112 -0.0009765625 -0.001736111111111111 -0.0009765625 -0.001736111111111111 -0.0009765625 -0.001736111111111111 -0.0009765625 -0.001736111111111111 -0.0009765625 -0.001736111111111111
0  0.6279296875 0.4427083333333333 0.0078125 0.017361111111111112 -0.0009765625 -0.001736111111111111 -0.0009765625 -0.001736111111111111 -0.0009765625 -0.001736111111111111 -0.0009765625 -0.001736111111111111 -0.0009765625 -0.001736111111111111
0  0.6708984375 0.4470486111111111 0.005859375 0.015625 -0.0009765625 -0.001736111111111111 -0.0009765625 -0.001736111111111111 -0.0009765625 -0.001736111111111111 -0.0009765625 -0.001736111111111111 -0.0009765625 -0.001736111111111111
0  0.669921875 0.5052083333333334 0.005859375 0.017361111111111112 -0.0009765625 -0.001736111111111111 -0.0009765625 -0.001736111111111111 -0.0009765625 -0.001736111111111111 -0.0009765625 -0.001736111111111111 -0.0009765625 -0.001736111111111111
0  0.681640625 0.5251736111111112 0.009765625 0.022569444444444444 -0.0009765625 -0.001736111111111111 -0.0009765625 -0.001736111111111111 -0.0009765625 -0.001736111111111111 -0.0009765625 -0.001736111111111111 -0.0009765625 -0.001736111111111111
0  0.67529296875 0.5529513888888888 0.0107421875 0.026041666666666668 0.673736328125 0.5492621527777778 0.677490234375 0.5490989583333333 0.676025390625 0.5539826388888889 0.6735537109375 0.5598420138888889 0.676208984375 0.5596788194444444
0  0.7001953125 0.5303819444444444 0.009765625 0.022569444444444444 0.696568359375 0.5286145833333333 0.7013720703125 0.5284670138888888 0.6988876953125 0.5348003472222222 0.6974794921875 0.536420138888889 0.7019521484375 0.5355364583333333
0  0.7236328125 0.4835069444444444 0.0078125 0.022569444444444444 -0.0009765625 -0.001736111111111111 -0.0009765625 -0.001736111111111111 -0.0009765625 -0.001736111111111111 -0.0009765625 -0.001736111111111111 -0.0009765625 -0.001736111111111111
0  0.744140625 0.4765625 0.0078125 0.019097222222222224 -0.0009765625 -0.001736111111111111 -0.0009765625 -0.001736111111111111 -0.0009765625 -0.001736111111111111 -0.0009765625 -0.001736111111111111 -0.0009765625 -0.001736111111111111
0  0.7470703125 0.4991319444444444 0.005859375 0.019097222222222224 -0.0009765625 -0.001736111111111111 -0.0009765625 -0.001736111111111111 -0.0009765625 -0.001736111111111111 -0.0009765625 -0.001736111111111111 -0.0009765625 -0.001736111111111111
0  0.72265625 0.5329861111111112 0.01171875 0.03125 0.7219765625 0.5316527777777779 0.726623046875 0.5326597222222222 0.7241298828125 0.5376979166666667 0.7215224609375 0.5403177083333334 0.7249228515625 0.5415277777777778
0  0.763671875 0.4809027777777778 0.009765625 0.024305555555555556 -0.0009765625 -0.001736111111111111 -0.0009765625 -0.001736111111111111 -0.0009765625 -0.001736111111111111 -0.0009765625 -0.001736111111111111 -0.0009765625 -0.001736111111111111
0  0.75390625 0.5442708333333334 0.01171875 0.022569444444444444 0.752275390625 0.5425034722222223 0.7569970703125 0.5425034722222223 0.7549267578125 0.5464791666666666 0.7529384765625 0.5508975694444445 0.7565 0.5508975694444445
0  0.7978515625 0.5086805555555556 0.009765625 0.024305555555555556 0.79736328125 0.5069982638888889 0.80093359375 0.5066736111111111 0.798919921875 0.5110677083333334 0.7976376953125 0.5135086805555555 0.801025390625 0.5133472222222222
0  0.7900390625 0.5321180555555556 0.01171875 0.026041666666666668 0.7871572265625 0.5312274305555555 0.79146875 0.5312274305555555 0.7892626953125 0.5363958333333333 0.7871572265625 0.5408524305555555 0.791369140625 0.5406753472222222
0  0.82666015625 0.5078125 0.0087890625 0.026041666666666668 0.824158203125 0.5042864583333333 0.8287353515625 0.5049375 0.8257138671875 0.5099826388888888 0.8243408203125 0.5145399305555556 0.826720703125 0.5150277777777778
0  0.82275390625 0.5538194444444444 0.0107421875 0.03125 -0.0009765625 -0.001736111111111111 -0.0009765625 -0.001736111111111111 -0.0009765625 -0.001736111111111111 -0.0009765625 -0.001736111111111111 -0.0009765625 -0.001736111111111111
0  0.8125 0.5998263888888888 0.013671875 0.029513888888888888 0.8086630859375 0.5950520833333334 0.81494140625 0.5959826388888889 0.8115927734375 0.6011909722222222 0.8093955078125 0.6062135416666666 0.814208984375 0.6063993055555555
0  0.76318359375 0.5876736111111112 0.0126953125 0.029513888888888888 0.7629697265625 0.5855503472222222 0.767875 0.5859375 0.7662392578125 0.5919444444444444 0.7631875 0.5964010416666666 0.7655859375 0.5962065972222222
0  0.85546875 0.5928819444444444 0.015625 0.029513888888888888 -0.0009765625 -0.001736111111111111 -0.0009765625 -0.001736111111111111 -0.0009765625 -0.001736111111111111 -0.0009765625 -0.001736111111111111 -0.0009765625 -0.001736111111111111
0  0.8916015625 0.5755208333333334 0.009765625 0.026041666666666668 -0.0009765625 -0.001736111111111111 -0.0009765625 -0.001736111111111111 -0.0009765625 -0.001736111111111111 -0.0009765625 -0.001736111111111111 -0.0009765625 -0.001736111111111111
0  0.8935546875 0.5416666666666666 0.009765625 0.024305555555555556 0.89524609375 0.5419774305555555 0.898734375 0.5418211805555555 0.8976875 0.5472465277777778 0.8944619140625 0.5512777777777778 0.898384765625 0.5514322916666666
