0  0.25 0.8359375 0.052734375 0.13020833333333334 0.236083984375 0.8128871527777778 0.2365458984375 0.8120659722222222 0.225455078125 0.8367118055555556 0.239318359375 0.8679322916666666 0.239318359375 0.8679322916666666
0  0.3642578125 0.7256944444444444 0.03125 0.0625 0.3530537109375 0.7098055555555556 0.3652822265625 0.7058524305555556 0.3543876953125 0.7240364583333334 0.3570556640625 0.7402413194444445 0.3670615234375 0.7398472222222222
0  0.02978515625 0.7717013888888888 0.0302734375 0.06770833333333333 0.017578125 0.7452256944444444 0.025390625 0.7473958333333334 0.01513671875 0.7669270833333334 0.016845703125 0.7816840277777778 0.021728515625 0.7834201388888888
0  0.3486328125 0.6388888888888888 0.025390625 0.05555555555555555 -0.0009765625 -0.001736111111111111 -0.0009765625 -0.001736111111111111 -0.0009765625 -0.001736111111111111 -0.0009765625 -0.001736111111111111 -0.0009765625 -0.001736111111111111
0  0.29296875 0.6024305555555556 0.013671875 0.027777777777777776 -0.0009765625 -0.001736111111111111 -0.0009765625 -0.001736111111111111 -0.0009765625 -0.001736111111111111 -0.0009765625 -0.001736111111111111 -0.0009765625 -0.001736111111111111
0  0.39990234375 0.5989583333333334 0.0205078125 0.03819444444444445 -0.0009765625 -0.001736111111111111 -0.0009765625 -0.001736111111111111 -0.0009765625 -0.001736111111111111 -0.0009765625 -0.001736111111111111 -0.0009765625 -0.001736111111111111
0  0.4677734375 0.6336805555555556 0.02734375 0.05555555555555555 0.4601923828125 0.6229774305555555 0.4677734375 0.6200625 0.4618310546875 0.6382760416666666 0.4618310546875 0.6492048611111111 0.4683876953125 0.6473836805555555
0  0.44970703125 0.7881944444444444 0.0400390625 0.0798611111111111 -0.0009765625 -0.001736111111111111 -0.0009765625 -0.001736111111111111 -0.0009765625 -0.001736111111111111 -0.0009765625 -0.001736111111111111 -0.0009765625 -0.001736111111111111
0  0.73779296875 0.8463541666666666 0.1103515625 0.2690972222222222 0.6950078125 0.7682760416666666 0.735578125 0.7759479166666667 0.6958701171875 0.8265902777777777 0.707091796875 0.8895086805555555 0.7226298828125 0.8987170138888888
0  0.8984375 0.5737847222222222 0.068359375 0.13020833333333334 -0.0009765625 -0.001736111111111111 -0.0009765625 -0.001736111111111111 -0.0009765625 -0.001736111111111111 -0.0009765625 -0.001736111111111111 -0.0009765625 -0.001736111111111111
0  0.74267578125 0.5737847222222222 0.0478515625 0.078125 -0.0009765625 -0.001736111111111111 -0.0009765625 -0.001736111111111111 -0.0009765625 -0.001736111111111111 -0.0009765625 -0.001736111111111111 -0.0009765625 -0.001736111111111111
0  0.560546875 0.5451388888888888 0.021484375 0.06597222222222222 -0.0009765625 -0.001736111111111111 -0.0009765625 -0.001736111111111111 -0.0009765625 -0.001736111111111111 -0.0009765625 -0.001736111111111111 -0.0009765625 -0.001736111111111111
0  0.5048828125 0.6206597222222222 0.029296875 0.07465277777777778 -0.0009765625 -0.001736111111111111 -0.0009765625 -0.001736111111111111 -0.0009765625 -0.001736111111111111 -0.0009765625 -0.001736111111111111 -0.0009765625 -0.001736111111111111
0  0.78173828125 0.4618055555555556 0.0185546875 0.041666666666666664 -0.0009765625 -0.001736111111111111 -0.0009765625 -0.001736111111111111 -0.0009765625 -0.001736111111111111 -0.0009765625 -0.001736111111111111 -0.0009765625 -0.001736111111111111
0  0.93701171875 0.4079861111111111 0.0185546875 0.027777777777777776 0.931884765625 0.40234375 0.93603515625 0.3975694444444444 0.934814453125 0.4058159722222222 0.93505859375 0.4134114583333333 0.93896484375 0.41015625
0  0.845703125 0.3967013888888889 0.017578125 0.029513888888888888 0.8396953125 0.3911371527777778 0.84536328125 0.38972569444444444 0.8404892578125 0.3981892361111111 0.843322265625 0.39980208333333334 0.8467236328125 0.3987934027777778
0  0.98193359375 0.5078125 0.0341796875 0.08854166666666667 -0.0009765625 -0.001736111111111111 -0.0009765625 -0.001736111111111111 -0.0009765625 -0.001736111111111111 -0.0009765625 -0.001736111111111111 -0.0009765625 -0.001736111111111111
0  0.98681640625 0.3567708333333333 0.0146484375 0.026041666666666668 -0.0009765625 -0.001736111111111111 -0.0009765625 -0.001736111111111111 -0.0009765625 -0.001736111111111111 -0.0009765625 -0.001736111111111111 -0.0009765625 -0.001736111111111111
0  0.92236328125 0.3914930555555556 0.0205078125 0.029513888888888888 -0.0009765625 -0.001736111111111111 -0.0009765625 -0.001736111111111111 -0.0009765625 -0.001736111111111111 -0.0009765625 -0.001736111111111111 -0.0009765625 -0.001736111111111111
0  0.69873046875 0.5078125 0.0185546875 0.026041666666666668 -0.0009765625 -0.001736111111111111 -0.0009765625 -0.001736111111111111 -0.0009765625 -0.001736111111111111 -0.0009765625 -0.001736111111111111 -0.0009765625 -0.001736111111111111
0  0.73876953125 0.4904513888888889 0.0205078125 0.036458333333333336 -0.0009765625 -0.001736111111111111 -0.0009765625 -0.001736111111111111 -0.0009765625 -0.001736111111111111 -0.0009765625 -0.001736111111111111 -0.0009765625 -0.001736111111111111
0  0.67724609375 0.22135416666666666 0.0341796875 0.06770833333333333 0.67041015625 0.2109375 0.688720703125 0.20572916666666666 0.68603515625 0.22352430555555555 0.68115234375 0.2400173611111111 0.690673828125 0.23914930555555555
0  0.796875 0.4340277777777778 0.017578125 0.03819444444444445 -0.0009765625 -0.001736111111111111 -0.0009765625 -0.001736111111111111 -0.0009765625 -0.001736111111111111 -0.0009765625 -0.001736111111111111 -0.0009765625 -0.001736111111111111
