0  0.0703125 0.5017361111111112 0.099609375 0.2152777777777778 -0.0009765625 -0.001736111111111111 -0.0009765625 -0.001736111111111111 -0.0009765625 -0.001736111111111111 -0.0009765625 -0.001736111111111111 -0.0009765625 -0.001736111111111111
0  0.1328125 0.3498263888888889 0.08203125 0.1753472222222222 -0.0009765625 -0.001736111111111111 -0.0009765625 -0.001736111111111111 -0.0009765625 -0.001736111111111111 -0.0009765625 -0.001736111111111111 -0.0009765625 -0.001736111111111111
0  0.2412109375 0.3611111111111111 0.037109375 0.08333333333333333 0.2388046875 0.3506163194444445 0.255650390625 0.35115104166666666 0.2481298828125 0.3709392361111111 0.23970703125 0.38644791666666667 0.254146484375 0.3875173611111111
0  0.44921875 0.23177083333333334 0.0859375 0.2204861111111111 0.4365361328125 0.1967378472222222 0.47243359375 0.1967378472222222 0.45916796875 0.23558333333333334 0.44433984375 0.28691493055555556 0.4669716796875 0.28691493055555556
0  0.517578125 0.2916666666666667 0.0234375 0.05555555555555555 0.5090458984375 0.28382291666666665 0.5090458984375 0.28382291666666665 0.5062998046875 0.2960295138888889 0.5084580078125 0.30475 0.5084580078125 0.30475
0  0.5859375 0.3272569444444444 0.029296875 0.078125 0.5926337890625 0.31746006944444444 0.597935546875 0.3134913194444444 0.6010048828125 0.3318454861111111 0.595423828125 0.3482135416666667 0.599330078125 0.3462309027777778
0  0.6337890625 0.4253472222222222 0.025390625 0.07291666666666667 -0.0009765625 -0.001736111111111111 -0.0009765625 -0.001736111111111111 -0.0009765625 -0.001736111111111111 -0.0009765625 -0.001736111111111111 -0.0009765625 -0.001736111111111111
0  0.748046875 0.3480902777777778 0.060546875 0.13020833333333334 0.73831640625 0.34311458333333333 0.7660439453125 0.34311458333333333 0.7563388671875 0.3735121527777778 0.7424755859375 0.3948715277777778 0.761884765625 0.396515625
0  0.79736328125 0.3498263888888889 0.0302734375 0.0642361111111111 0.7919921875 0.3472222222222222 0.8017578125 0.3472222222222222 0.7978515625 0.3576388888888889 0.7939453125 0.3680555555555556 0.8017578125 0.3680555555555556
0  0.94091796875 0.2986111111111111 0.0654296875 0.13194444444444445 0.922703125 0.2553715277777778 0.9385634765625 0.26117708333333334 0.917572265625 0.2777621527777778 0.9185048828125 0.31508159722222223 0.9324990234375 0.3200572916666667
