0  0.78076171875 0.1506434519303558 0.0478515625 0.046934140802422405 -0.0009765625 -0.000757002271006813 -0.0009765625 -0.000757002271006813 -0.0009765625 -0.000757002271006813 -0.0009765625 -0.000757002271006813 -0.0009765625 -0.000757002271006813
0  0.82177734375 0.14723694171082513 0.0439453125 0.04466313398940197 0.80810546875 0.14118092354277062 0.8289794921875 0.14373580620741863 0.8143310546875 0.15168433005299015 0.8062744140625 0.15878122634367903 0.8216552734375 0.16105223315669948
0  0.1181640625 0.49091597274791826 0.091796875 0.10976532929598788 0.098109375 0.47261241483724453 0.138130859375 0.4712339137017411 0.11767578125 0.49329523088569266 0.1016669921875 0.514666919000757 0.1390205078125 0.5132884178652536
0  0.7763671875 0.5749432248296745 0.03125 0.04920514761544285 0.7622421875 0.5615064345193036 0.77708203125 0.5611953065859198 0.7654501953125 0.5708334595003786 0.7606376953125 0.5860681302043906 0.77467578125 0.5860681302043906
0  0.5595703125 0.7604087812263437 0.044921875 0.04617713853141559 0.5410849609375 0.7530552611657835 0.5560830078125 0.7545079485238456 0.5407109375 0.7623550340651022 0.5422099609375 0.7696214988644966 0.5523330078125 0.7710741862225587
0  0.63134765625 0.70666161998486 0.0322265625 0.03406510219530658 0.635044921875 0.7013088569265707 0.6484375 0.7032551097653293 0.6436943359375 0.7088788796366389 0.6333701171875 0.7125556396669189 0.6414619140625 0.7147183951551855
0  0.19873046875 0.8444360333080999 0.0361328125 0.052233156699470096 0.194396484375 0.8308099924299773 0.195251953125 0.8324663133989403 0.1820068359375 0.8371021953065858 0.1858515625 0.8510128690386072 0.1871337890625 0.8529992429977289
0  0.26318359375 0.941332323996972 0.0732421875 0.06888720666161999 0.2705078125 0.9340325510976533 0.2939453125 0.9336003028009084 0.2945029296875 0.9500378501135504 0.2772041015625 0.9604193792581377 0.2894814453125 0.9604193792581377
0  0.4453125 0.6922785768357305 0.02734375 0.023467070401211203 -0.0009765625 -0.000757002271006813 -0.0009765625 -0.000757002271006813 -0.0009765625 -0.000757002271006813 -0.0009765625 -0.000757002271006813 -0.0009765625 -0.000757002271006813
0  0.3193359375 0.5844057532172596 0.013671875 0.012112036336109008 0.3160576171875 0.5838917486752461 0.3224404296875 0.5834867524602574 0.3195107421875 0.5861627554882665 0.3180458984375 0.5885155185465556 0.322544921875 0.5881907645722937
0  0.31640625 0.558667676003028 0.01171875 0.010598031794095382 -0.0009765625 -0.000757002271006813 -0.0009765625 -0.000757002271006813 -0.0009765625 -0.000757002271006813 -0.0009765625 -0.000757002271006813 -0.0009765625 -0.000757002271006813
0  0.37109375 0.5639666919000756 0.01171875 0.012112036336109008 -0.0009765625 -0.000757002271006813 -0.0009765625 -0.000757002271006813 -0.0009765625 -0.000757002271006813 -0.0009765625 -0.000757002271006813 -0.0009765625 -0.000757002271006813
0  0.4013671875 0.558667676003028 0.009765625 0.009084027252081756 -0.0009765625 -0.000757002271006813 -0.0009765625 -0.000757002271006813 -0.0009765625 -0.000757002271006813 -0.0009765625 -0.000757002271006813 -0.0009765625 -0.000757002271006813
0  0.45166015625 0.5628311884935655 0.0107421875 0.011355034065102196 -0.0009765625 -0.000757002271006813 -0.0009765625 -0.000757002271006813 -0.0009765625 -0.000757002271006813 -0.0009765625 -0.000757002271006813 -0.0009765625 -0.000757002271006813
0  0.88671875 0.5749432248296745 0.01171875 0.011355034065102196 -0.0009765625 -0.000757002271006813 -0.0009765625 -0.000757002271006813 -0.0009765625 -0.000757002271006813 -0.0009765625 -0.000757002271006813 -0.0009765625 -0.000757002271006813
0  0.8681640625 0.558667676003028 0.009765625 0.010598031794095382 -0.0009765625 -0.000757002271006813 -0.0009765625 -0.000757002271006813 -0.0009765625 -0.000757002271006813 -0.0009765625 -0.000757002271006813 -0.0009765625 -0.000757002271006813
0  0.24072265625 0.580999242997729 0.0107421875 0.00984102952308857 -0.0009765625 -0.000757002271006813 -0.0009765625 -0.000757002271006813 -0.0009765625 -0.000757002271006813 -0.0009765625 -0.000757002271006813 -0.0009765625 -0.000757002271006813
0  0.0419921875 0.5851627554882665 0.0078125 0.010598031794095382 -0.0009765625 -0.000757002271006813 -0.0009765625 -0.000757002271006813 -0.0009765625 -0.000757002271006813 -0.0009765625 -0.000757002271006813 -0.0009765625 -0.000757002271006813
0  0.08642578125 0.7940953822861468 0.0283203125 0.033308099924299776 -0.0009765625 -0.000757002271006813 -0.0009765625 -0.000757002271006813 -0.0009765625 -0.000757002271006813 -0.0009765625 -0.000757002271006813 -0.0009765625 -0.000757002271006813
0  0.11328125 0.74110522331567 0.025390625 0.025738077214231644 -0.0009765625 -0.000757002271006813 -0.0009765625 -0.000757002271006813 -0.0009765625 -0.000757002271006813 -0.0009765625 -0.000757002271006813 -0.0009765625 -0.000757002271006813
0  0.4873046875 0.8425435276305829 0.05078125 0.046934140802422405 0.46709375 0.8383429220287661 0.488712890625 0.8365791067373203 0.473541015625 0.84510522331567 0.471265625 0.8556896290688872 0.4803681640625 0.8542195306585919
0  0.98486328125 0.5757002271006812 0.0166015625 0.014383043149129448 -0.0009765625 -0.000757002271006813 -0.0009765625 -0.000757002271006813 -0.0009765625 -0.000757002271006813 -0.0009765625 -0.000757002271006813 -0.0009765625 -0.000757002271006813
0  0.6171875 0.5673732021196064 0.013671875 0.011355034065102196 -0.0009765625 -0.000757002271006813 -0.0009765625 -0.000757002271006813 -0.0009765625 -0.000757002271006813 -0.0009765625 -0.000757002271006813 -0.0009765625 -0.000757002271006813
0  0.65771484375 0.5696442089326268 0.0126953125 0.012869038607115822 -0.0009765625 -0.000757002271006813 -0.0009765625 -0.000757002271006813 -0.0009765625 -0.000757002271006813 -0.0009765625 -0.000757002271006813 -0.0009765625 -0.000757002271006813
0  0.6337890625 0.5666161998485996 0.0078125 0.008327024981074944 -0.0009765625 -0.000757002271006813 -0.0009765625 -0.000757002271006813 -0.0009765625 -0.000757002271006813 -0.0009765625 -0.000757002271006813 -0.0009765625 -0.000757002271006813
0  0.55810546875 0.5741862225586677 0.0107421875 0.011355034065102196 -0.0009765625 -0.000757002271006813 -0.0009765625 -0.000757002271006813 -0.0009765625 -0.000757002271006813 -0.0009765625 -0.000757002271006813 -0.0009765625 -0.000757002271006813
0  0.484375 0.560560181680545 0.009765625 0.008327024981074944 -0.0009765625 -0.000757002271006813 -0.0009765625 -0.000757002271006813 -0.0009765625 -0.000757002271006813 -0.0009765625 -0.000757002271006813 -0.0009765625 -0.000757002271006813
0  0.64990234375 0.6245268735806208 0.0146484375 0.016654049962149888 -0.0009765625 -0.000757002271006813 -0.0009765625 -0.000757002271006813 -0.0009765625 -0.000757002271006813 -0.0009765625 -0.000757002271006813 -0.0009765625 -0.000757002271006813
0  0.47900390625 0.5870552611657835 0.0087890625 0.00984102952308857 -0.0009765625 -0.000757002271006813 -0.0009765625 -0.000757002271006813 -0.0009765625 -0.000757002271006813 -0.0009765625 -0.000757002271006813 -0.0009765625 -0.000757002271006813
