0  0.25439453125 0.49267935578330896 0.0302734375 0.0746705710102489 -0.0009765625 -0.0014641288433382138 -0.0009765625 -0.0014641288433382138 -0.0009765625 -0.0014641288433382138 -0.0009765625 -0.0014641288433382138 -0.0009765625 -0.0014641288433382138
0  0.21728515625 0.4612005856515373 0.0283203125 0.0527086383601757 -0.0009765625 -0.0014641288433382138 -0.0009765625 -0.0014641288433382138 -0.0009765625 -0.0014641288433382138 -0.0009765625 -0.0014641288433382138 -0.0009765625 -0.0014641288433382138
0  0.15478515625 0.4780380673499268 0.0439453125 0.08345534407027819 0.1426435546875 0.47286822840409953 0.161359375 0.47498535871156666 0.1482939453125 0.48980966325036607 0.1429970703125 0.5009282576866765 0.1606533203125 0.49881112737920935
0  0.18798828125 0.37701317715959004 0.0263671875 0.05710102489019034 -0.0009765625 -0.0014641288433382138 -0.0009765625 -0.0014641288433382138 -0.0009765625 -0.0014641288433382138 -0.0009765625 -0.0014641288433382138 -0.0009765625 -0.0014641288433382138
0  0.06201171875 0.4472913616398243 0.0458984375 0.08931185944363104 0.058759765625 0.4378653001464129 0.0807578125 0.43615959004392385 0.0720341796875 0.4498081991215227 0.066345703125 0.46629868228404103 0.078861328125 0.4634553440702782
0  0.1123046875 0.4158125915080527 0.01953125 0.032210834553440704 -0.0009765625 -0.0014641288433382138 -0.0009765625 -0.0014641288433382138 -0.0009765625 -0.0014641288433382138 -0.0009765625 -0.0014641288433382138 -0.0009765625 -0.0014641288433382138
0  0.01806640625 0.34260614934114203 0.0322265625 0.06149341142020498 0.0043251953125 0.3355475841874085 0.016095703125 0.3371156661786237 0.0056328125 0.347311859443631 0.00589453125 0.3610380673499268 0.01321875 0.3610380673499268
0  0.40283203125 0.44216691068814057 0.0224609375 0.03806734992679356 -0.0009765625 -0.0014641288433382138 -0.0009765625 -0.0014641288433382138 -0.0009765625 -0.0014641288433382138 -0.0009765625 -0.0014641288433382138 -0.0009765625 -0.0014641288433382138
0  0.4189453125 0.5021961932650073 0.029296875 0.05856515373352855 0.4142236328125 0.49885651537335285 0.427642578125 0.4984831625183016 0.4206845703125 0.5126412884333822 0.4149697265625 0.5219560761346999 0.4256552734375 0.5219560761346999
0  0.49365234375 0.49633967789165445 0.0478515625 0.07613469985358712 0.476615234375 0.48033821376281116 0.4960283203125 0.47747584187408487 0.4829794921875 0.49656222547584183 0.48170703125 0.5151713030746706 0.4950732421875 0.5142166910688141
0  0.65185546875 0.48462664714494874 0.0283203125 0.0527086383601757 -0.0009765625 -0.0014641288433382138 -0.0009765625 -0.0014641288433382138 -0.0009765625 -0.0014641288433382138 -0.0009765625 -0.0014641288433382138 -0.0009765625 -0.0014641288433382138
0  0.7373046875 0.46925329428989754 0.025390625 0.05710102489019034 -0.0009765625 -0.0014641288433382138 -0.0009765625 -0.0014641288433382138 -0.0009765625 -0.0014641288433382138 -0.0009765625 -0.0014641288433382138 -0.0009765625 -0.0014641288433382138
0  0.75439453125 0.4084919472913616 0.0146484375 0.02635431918008785 -0.0009765625 -0.0014641288433382138 -0.0009765625 -0.0014641288433382138 -0.0009765625 -0.0014641288433382138 -0.0009765625 -0.0014641288433382138 -0.0009765625 -0.0014641288433382138
0  0.8095703125 0.40922401171303074 0.08203125 0.14494875549048317 0.80483984375 0.39140556368960466 0.8363515625 0.39594875549048314 0.82665625 0.4186617862371889 0.8036279296875 0.44682723279648606 0.8327158203125 0.4513704245973646
0  0.9443359375 0.4787701317715959 0.052734375 0.1054172767203514 0.940734375 0.4713060029282577 0.964302734375 0.4753060029282577 0.9545205078125 0.4853060029282577 0.9376220703125 0.49997364568082 0.956298828125 0.5099736456808199
0  0.10791015625 0.9546120058565154 0.0244140625 0.0527086383601757 -0.0009765625 -0.0014641288433382138 -0.0009765625 -0.0014641288433382138 -0.0009765625 -0.0014641288433382138 -0.0009765625 -0.0014641288433382138 -0.0009765625 -0.0014641288433382138
0  0.35302734375 0.9443631039531479 0.0205078125 0.032210834553440704 -0.0009765625 -0.0014641288433382138 -0.0009765625 -0.0014641288433382138 -0.0009765625 -0.0014641288433382138 -0.0009765625 -0.0014641288433382138 -0.0009765625 -0.0014641288433382138
0  0.21337890625 0.9297218155197657 0.0283203125 0.0527086383601757 -0.0009765625 -0.0014641288433382138 -0.0009765625 -0.0014641288433382138 -0.0009765625 -0.0014641288433382138 -0.0009765625 -0.0014641288433382138 -0.0009765625 -0.0014641288433382138
0  0.5888671875 0.5234260614934114 0.0234375 0.05124450951683748 -0.0009765625 -0.0014641288433382138 -0.0009765625 -0.0014641288433382138 -0.0009765625 -0.0014641288433382138 -0.0009765625 -0.0014641288433382138 -0.0009765625 -0.0014641288433382138
