0  0.76708984375 0.2152777777777778 0.0244140625 0.04861111111111111 -0.0009765625 -0.001736111111111111 -0.0009765625 -0.001736111111111111 -0.0009765625 -0.001736111111111111 -0.0009765625 -0.001736111111111111 -0.0009765625 -0.001736111111111111
0  0.8427734375 0.17274305555555555 0.025390625 0.046875 -0.0009765625 -0.001736111111111111 -0.0009765625 -0.001736111111111111 -0.0009765625 -0.001736111111111111 -0.0009765625 -0.001736111111111111 -0.0009765625 -0.001736111111111111
0  0.974609375 0.4618055555555556 0.025390625 0.05555555555555555 -0.0009765625 -0.001736111111111111 -0.0009765625 -0.001736111111111111 -0.0009765625 -0.001736111111111111 -0.0009765625 -0.001736111111111111 -0.0009765625 -0.001736111111111111
0  0.396484375 0.2925347222222222 0.03125 0.06076388888888889 0.3970859375 0.285078125 0.403189453125 0.2905034722222222 0.4023173828125 0.3029045138888889 0.394251953125 0.30445486111111114 0.398830078125 0.30832986111111116
0  0.3603515625 0.18663194444444445 0.03125 0.07118055555555555 0.3532890625 0.16868229166666668 0.3664375 0.16733333333333333 0.3606220703125 0.18171875 0.35430078125 0.19835069444444445 0.3684609375 0.19610243055555554
0  0.39111328125 0.1623263888888889 0.0244140625 0.03993055555555555 -0.0009765625 -0.001736111111111111 -0.0009765625 -0.001736111111111111 -0.0009765625 -0.001736111111111111 -0.0009765625 -0.001736111111111111 -0.0009765625 -0.001736111111111111
0  0.38818359375 0.20833333333333334 0.0166015625 0.03125 -0.0009765625 -0.001736111111111111 -0.0009765625 -0.001736111111111111 -0.0009765625 -0.001736111111111111 -0.0009765625 -0.001736111111111111 -0.0009765625 -0.001736111111111111
0  0.44677734375 0.1875 0.0224609375 0.04861111111111111 -0.0009765625 -0.001736111111111111 -0.0009765625 -0.001736111111111111 -0.0009765625 -0.001736111111111111 -0.0009765625 -0.001736111111111111 -0.0009765625 -0.001736111111111111
0  0.54638671875 0.2109375 0.0244140625 0.0642361111111111 -0.0009765625 -0.001736111111111111 -0.0009765625 -0.001736111111111111 -0.0009765625 -0.001736111111111111 -0.0009765625 -0.001736111111111111 -0.0009765625 -0.001736111111111111
0  0.1845703125 0.18836805555555555 0.03125 0.06076388888888889 -0.0009765625 -0.001736111111111111 -0.0009765625 -0.001736111111111111 -0.0009765625 -0.001736111111111111 -0.0009765625 -0.001736111111111111 -0.0009765625 -0.001736111111111111
0  0.02685546875 0.1779513888888889 0.0126953125 0.057291666666666664 -0.0009765625 -0.001736111111111111 -0.0009765625 -0.001736111111111111 -0.0009765625 -0.001736111111111111 -0.0009765625 -0.001736111111111111 -0.0009765625 -0.001736111111111111
0  0.68603515625 0.17100694444444445 0.0146484375 0.043402777777777776 -0.0009765625 -0.001736111111111111 -0.0009765625 -0.001736111111111111 -0.0009765625 -0.001736111111111111 -0.0009765625 -0.001736111111111111 -0.0009765625 -0.001736111111111111
0  0.7841796875 0.11371527777777778 0.017578125 0.036458333333333336 -0.0009765625 -0.001736111111111111 -0.0009765625 -0.001736111111111111 -0.0009765625 -0.001736111111111111 -0.0009765625 -0.001736111111111111 -0.0009765625 -0.001736111111111111
0  0.337890625 0.21180555555555555 0.025390625 0.04513888888888889 -0.0009765625 -0.001736111111111111 -0.0009765625 -0.001736111111111111 -0.0009765625 -0.001736111111111111 -0.0009765625 -0.001736111111111111 -0.0009765625 -0.001736111111111111
0  0.341796875 0.1675347222222222 0.0234375 0.043402777777777776 -0.0009765625 -0.001736111111111111 -0.0009765625 -0.001736111111111111 -0.0009765625 -0.001736111111111111 -0.0009765625 -0.001736111111111111 -0.0009765625 -0.001736111111111111
