0  0.94287109375 0.738061797752809 0.0185546875 0.0351123595505618 0.9425048828125 0.7316095505617977 0.94937109375 0.7307317415730337 0.94921875 0.7379747191011236 0.942962890625 0.745873595505618 0.94708203125 0.745435393258427
0  0.91796875 0.7001404494382022 0.015625 0.032303370786516857 -0.0009765625 -0.0014044943820224719 -0.0009765625 -0.0014044943820224719 -0.0009765625 -0.0014044943820224719 -0.0009765625 -0.0014044943820224719 -0.0009765625 -0.0014044943820224719
0  0.9375 0.6980337078651685 0.015625 0.025280898876404494 -0.0009765625 -0.0014044943820224719 -0.0009765625 -0.0014044943820224719 -0.0009765625 -0.0014044943820224719 -0.0009765625 -0.0014044943820224719 -0.0009765625 -0.0014044943820224719
0  0.88623046875 0.6917134831460674 0.0166015625 0.026685393258426966 -0.0009765625 -0.0014044943820224719 -0.0009765625 -0.0014044943820224719 -0.0009765625 -0.0014044943820224719 -0.0009765625 -0.0014044943820224719 -0.0009765625 -0.0014044943820224719
0  0.875 0.711376404494382 0.015625 0.032303370786516857 0.8760947265625 0.7056264044943821 0.880841796875 0.7056264044943821 0.881705078125 0.7114199438202248 0.876525390625 0.7178342696629214 0.88041015625 0.7176278089887641
0  0.8603515625 0.75 0.0234375 0.03651685393258427 0.85821484375 0.7388019662921349 0.8666640625 0.742375 0.864013671875 0.7492851123595505 0.8598720703125 0.7559564606741573 0.8650078125 0.7571474719101124
0  0.853515625 0.711376404494382 0.017578125 0.026685393258426966 -0.0009765625 -0.0014044943820224719 -0.0009765625 -0.0014044943820224719 -0.0009765625 -0.0014044943820224719 -0.0009765625 -0.0014044943820224719 -0.0009765625 -0.0014044943820224719
0  0.80029296875 0.7240168539325843 0.0205078125 0.0351123595505618 0.801060546875 0.7188005617977528 0.8089072265625 0.7197036516853932 0.8068671875 0.7244438202247191 0.80247265625 0.731441011235955 0.807181640625 0.7321179775280899
0  0.79052734375 0.6839887640449438 0.0126953125 0.019662921348314606 -0.0009765625 -0.0014044943820224719 -0.0009765625 -0.0014044943820224719 -0.0009765625 -0.0014044943820224719 -0.0009765625 -0.0014044943820224719 -0.0009765625 -0.0014044943820224719
0  0.75927734375 0.7331460674157303 0.0126953125 0.033707865168539325 -0.0009765625 -0.0014044943820224719 -0.0009765625 -0.0014044943820224719 -0.0009765625 -0.0014044943820224719 -0.0009765625 -0.0014044943820224719 -0.0009765625 -0.0014044943820224719
0  0.71533203125 0.7205056179775281 0.0146484375 0.03089887640449438 -0.0009765625 -0.0014044943820224719 -0.0009765625 -0.0014044943820224719 -0.0009765625 -0.0014044943820224719 -0.0009765625 -0.0014044943820224719 -0.0009765625 -0.0014044943820224719
0  0.7265625 0.7183988764044944 0.013671875 0.02949438202247191 0.7252109375 0.7129564606741573 0.7311572265625 0.7135393258426966 0.7279140625 0.7205365168539326 0.7252109375 0.726561797752809 0.730076171875 0.7277289325842697
0  0.69189453125 0.7247191011235955 0.0205078125 0.03089887640449438 0.6903603515625 0.7168946629213483 0.6992880859375 0.717495786516854 0.6952431640625 0.7245182584269663 0.6907783203125 0.7319424157303371 0.697474609375 0.7321432584269663
0  0.66064453125 0.6846910112359551 0.0126953125 0.023876404494382022 -0.0009765625 -0.0014044943820224719 -0.0009765625 -0.0014044943820224719 -0.0009765625 -0.0014044943820224719 -0.0009765625 -0.0014044943820224719 -0.0009765625 -0.0014044943820224719
0  0.60693359375 0.7191011235955056 0.0185546875 0.033707865168539325 0.60625390625 0.7162050561797753 0.6124794921875 0.7172696629213483 0.6095146484375 0.7236657303370787 0.60566015625 0.7309143258426966 0.610404296875 0.7313398876404495
0  0.619140625 0.7191011235955056 0.013671875 0.028089887640449437 0.6143798828125 0.7131320224719101 0.621337890625 0.7133075842696629 0.61767578125 0.722436797752809 0.61474609375 0.7287570224719101 0.620849609375 0.7285814606741573
0  0.625 0.7205056179775281 0.013671875 0.025280898876404494 -0.0009765625 -0.0014044943820224719 -0.0009765625 -0.0014044943820224719 -0.0009765625 -0.0014044943820224719 -0.0009765625 -0.0014044943820224719 -0.0009765625 -0.0014044943820224719
0  0.64990234375 0.702247191011236 0.0205078125 0.028089887640449437 -0.0009765625 -0.0014044943820224719 -0.0009765625 -0.0014044943820224719 -0.0009765625 -0.0014044943820224719 -0.0009765625 -0.0014044943820224719 -0.0009765625 -0.0014044943820224719
0  0.5712890625 0.6924157303370787 0.01953125 0.03089887640449438 0.5697197265625 0.6893806179775281 0.577017578125 0.6889915730337078 0.574314453125 0.6963778089887641 0.5710712890625 0.7020154494382023 0.57715234375 0.7010435393258426
0  0.56884765625 0.648876404494382 0.0126953125 0.016853932584269662 -0.0009765625 -0.0014044943820224719 -0.0009765625 -0.0014044943820224719 -0.0009765625 -0.0014044943820224719 -0.0009765625 -0.0014044943820224719 -0.0009765625 -0.0014044943820224719
0  0.55615234375 0.6987359550561798 0.0126953125 0.023876404494382022 -0.0009765625 -0.0014044943820224719 -0.0009765625 -0.0014044943820224719 -0.0009765625 -0.0014044943820224719 -0.0009765625 -0.0014044943820224719 -0.0009765625 -0.0014044943820224719
0  0.52001953125 0.7528089887640449 0.0205078125 0.03651685393258427 0.519208984375 0.7472345505617977 0.5284033203125 0.7467710674157304 0.524693359375 0.7537303370786517 0.5180791015625 0.7609227528089888 0.5275966796875 0.7606910112359551
0  0.53466796875 0.7471910112359551 0.0166015625 0.03089887640449438 0.5337216796875 0.7391025280898876 0.5396689453125 0.7389087078651685 0.536830078125 0.7466825842696629 0.5349384765625 0.7515421348314606 0.538046875 0.7513483146067417
0  0.5283203125 0.7057584269662921 0.009765625 0.021067415730337078 -0.0009765625 -0.0014044943820224719 -0.0009765625 -0.0014044943820224719 -0.0009765625 -0.0014044943820224719 -0.0009765625 -0.0014044943820224719 -0.0009765625 -0.0014044943820224719
0  0.50390625 0.6910112359550562 0.01171875 0.02247191011235955 -0.0009765625 -0.0014044943820224719 -0.0009765625 -0.0014044943820224719 -0.0009765625 -0.0014044943820224719 -0.0009765625 -0.0014044943820224719 -0.0009765625 -0.0014044943820224719
0  0.48583984375 0.6966292134831461 0.0107421875 0.019662921348314606 -0.0009765625 -0.0014044943820224719 -0.0009765625 -0.0014044943820224719 -0.0009765625 -0.0014044943820224719 -0.0009765625 -0.0014044943820224719 -0.0009765625 -0.0014044943820224719
0  0.47607421875 0.726123595505618 0.0166015625 0.033707865168539325 -0.0009765625 -0.0014044943820224719 -0.0009765625 -0.0014044943820224719 -0.0009765625 -0.0014044943820224719 -0.0009765625 -0.0014044943820224719 -0.0009765625 -0.0014044943820224719
0  0.4541015625 0.7317415730337079 0.021484375 0.03089887640449438 0.454423828125 0.7287064606741573 0.4622626953125 0.7287064606741573 0.4594248046875 0.7360926966292134 0.4575322265625 0.7407584269662921 0.4601005859375 0.7409522471910113
0  0.4716796875 0.6966292134831461 0.015625 0.019662921348314606 -0.0009765625 -0.0014044943820224719 -0.0009765625 -0.0014044943820224719 -0.0009765625 -0.0014044943820224719 -0.0009765625 -0.0014044943820224719 -0.0009765625 -0.0014044943820224719
0  0.4755859375 0.6425561797752809 0.009765625 0.012640449438202247 -0.0009765625 -0.0014044943820224719 -0.0009765625 -0.0014044943820224719 -0.0009765625 -0.0014044943820224719 -0.0009765625 -0.0014044943820224719 -0.0009765625 -0.0014044943820224719
0  0.45947265625 0.6671348314606742 0.0107421875 0.014044943820224719 -0.0009765625 -0.0014044943820224719 -0.0009765625 -0.0014044943820224719 -0.0009765625 -0.0014044943820224719 -0.0009765625 -0.0014044943820224719 -0.0009765625 -0.0014044943820224719
0  0.4443359375 0.6418539325842697 0.0078125 0.014044943820224719 -0.0009765625 -0.0014044943820224719 -0.0009765625 -0.0014044943820224719 -0.0009765625 -0.0014044943820224719 -0.0009765625 -0.0014044943820224719 -0.0009765625 -0.0014044943820224719
0  0.45458984375 0.6404494382022472 0.0068359375 0.011235955056179775 -0.0009765625 -0.0014044943820224719 -0.0009765625 -0.0014044943820224719 -0.0009765625 -0.0014044943820224719 -0.0009765625 -0.0014044943820224719 -0.0009765625 -0.0014044943820224719
0  0.533203125 0.6629213483146067 0.0078125 0.011235955056179775 -0.0009765625 -0.0014044943820224719 -0.0009765625 -0.0014044943820224719 -0.0009765625 -0.0014044943820224719 -0.0009765625 -0.0014044943820224719 -0.0009765625 -0.0014044943820224719
0  0.43359375 0.6818820224719101 0.017578125 0.026685393258426966 0.4341171875 0.6778820224719101 0.4396796875 0.678063202247191 0.437404296875 0.6833370786516854 0.4338642578125 0.6893370786516854 0.4382890625 0.6895196629213483
0  0.41650390625 0.6931179775280899 0.0126953125 0.02949438202247191 -0.0009765625 -0.0014044943820224719 -0.0009765625 -0.0014044943820224719 -0.0009765625 -0.0014044943820224719 -0.0009765625 -0.0014044943820224719 -0.0009765625 -0.0014044943820224719
0  0.38916015625 0.7219101123595506 0.0205078125 0.03651685393258427 0.38652734375 0.7130941011235955 0.3951416015625 0.7145238764044943 0.3914970703125 0.7209564606741573 0.3870234375 0.7281053370786517 0.39265625 0.728820224719101
0  0.3662109375 0.7310393258426966 0.021484375 0.037921348314606744 -0.0009765625 -0.0014044943820224719 -0.0009765625 -0.0014044943820224719 -0.0009765625 -0.0014044943820224719 -0.0009765625 -0.0014044943820224719 -0.0009765625 -0.0014044943820224719
0  0.29443359375 0.7457865168539326 0.0185546875 0.028089887640449437 -0.0009765625 -0.0014044943820224719 -0.0009765625 -0.0014044943820224719 -0.0009765625 -0.0014044943820224719 -0.0009765625 -0.0014044943820224719 -0.0009765625 -0.0014044943820224719
0  0.2587890625 0.7303370786516854 0.015625 0.025280898876404494 0.25240625 0.7189887640449438 0.25830078125 0.7132823033707866 0.254673828125 0.7217598314606742 0.255240234375 0.7289325842696629 0.2596611328125 0.7253455056179776
0  0.302734375 0.6860955056179775 0.01171875 0.018258426966292134 0.3042255859375 0.6832359550561797 0.306958984375 0.6831165730337079 0.30762109375 0.6875252808988763 0.305384765625 0.6913370786516855 0.3075390625 0.6914564606741573
0  0.2548828125 0.6825842696629213 0.013671875 0.02247191011235955 0.2535927734375 0.6785210674157304 0.2586142578125 0.6783707865168539 0.2568359375 0.6836376404494382 0.25390625 0.687248595505618 0.2578818359375 0.687248595505618
0  0.22607421875 0.7366573033707865 0.0087890625 0.023876404494382022 -0.0009765625 -0.0014044943820224719 -0.0009765625 -0.0014044943820224719 -0.0009765625 -0.0014044943820224719 -0.0009765625 -0.0014044943820224719 -0.0009765625 -0.0014044943820224719
0  0.19482421875 0.6713483146067416 0.0107421875 0.016853932584269662 -0.0009765625 -0.0014044943820224719 -0.0009765625 -0.0014044943820224719 -0.0009765625 -0.0014044943820224719 -0.0009765625 -0.0014044943820224719 -0.0009765625 -0.0014044943820224719
0  0.23583984375 0.6706460674157303 0.0107421875 0.01544943820224719 0.2344189453125 0.6683890449438202 0.239013671875 0.6680688202247191 0.2367158203125 0.6717991573033708 0.2354560546875 0.6737191011235955 0.2384951171875 0.6735056179775281
0  0.21923828125 0.6481741573033708 0.0068359375 0.018258426966292134 -0.0009765625 -0.0014044943820224719 -0.0009765625 -0.0014044943820224719 -0.0009765625 -0.0014044943820224719 -0.0009765625 -0.0014044943820224719 -0.0009765625 -0.0014044943820224719
0  0.26611328125 0.6629213483146067 0.0107421875 0.014044943820224719 -0.0009765625 -0.0014044943820224719 -0.0009765625 -0.0014044943820224719 -0.0009765625 -0.0014044943820224719 -0.0009765625 -0.0014044943820224719 -0.0009765625 -0.0014044943820224719
0  0.09765625 0.7605337078651685 0.021484375 0.04073033707865169 0.09596484375 0.7553918539325843 0.1054384765625 0.7525646067415731 0.1027568359375 0.7633609550561798 0.098466796875 0.7715884831460674 0.1072255859375 0.7667036516853933
0  0.20947265625 0.7415730337078652 0.0166015625 0.033707865168539325 -0.0009765625 -0.0014044943820224719 -0.0009765625 -0.0014044943820224719 -0.0009765625 -0.0014044943820224719 -0.0009765625 -0.0014044943820224719 -0.0009765625 -0.0014044943820224719
0  0.1650390625 0.6987359550561798 0.01953125 0.032303370786516857 -0.0009765625 -0.0014044943820224719 -0.0009765625 -0.0014044943820224719 -0.0009765625 -0.0014044943820224719 -0.0009765625 -0.0014044943820224719 -0.0009765625 -0.0014044943820224719
0  0.10205078125 0.6495786516853933 0.0087890625 0.012640449438202247 -0.0009765625 -0.0014044943820224719 -0.0009765625 -0.0014044943820224719 -0.0009765625 -0.0014044943820224719 -0.0009765625 -0.0014044943820224719 -0.0009765625 -0.0014044943820224719
0  0.1005859375 0.6741573033707865 0.009765625 0.014044943820224719 -0.0009765625 -0.0014044943820224719 -0.0009765625 -0.0014044943820224719 -0.0009765625 -0.0014044943820224719 -0.0009765625 -0.0014044943820224719 -0.0009765625 -0.0014044943820224719
0  0.09912109375 0.7085674157303371 0.0126953125 0.021067415730337078 -0.0009765625 -0.0014044943820224719 -0.0009765625 -0.0014044943820224719 -0.0009765625 -0.0014044943820224719 -0.0009765625 -0.0014044943820224719 -0.0009765625 -0.0014044943820224719
0  0.109375 0.6769662921348315 0.009765625 0.016853932584269662 -0.0009765625 -0.0014044943820224719 -0.0009765625 -0.0014044943820224719 -0.0009765625 -0.0014044943820224719 -0.0009765625 -0.0014044943820224719 -0.0009765625 -0.0014044943820224719
0  0.1689453125 0.6348314606741573 0.009765625 0.014044943820224719 -0.0009765625 -0.0014044943820224719 -0.0009765625 -0.0014044943820224719 -0.0009765625 -0.0014044943820224719 -0.0009765625 -0.0014044943820224719 -0.0009765625 -0.0014044943820224719
0  0.2236328125 0.6945224719101124 0.0078125 0.018258426966292134 -0.0009765625 -0.0014044943820224719 -0.0009765625 -0.0014044943820224719 -0.0009765625 -0.0014044943820224719 -0.0009765625 -0.0014044943820224719 -0.0009765625 -0.0014044943820224719
0  0.04443359375 0.6573033707865169 0.0107421875 0.019662921348314606 0.043609375 0.6547584269662922 0.04965234375 0.6544943820224719 0.046630859375 0.6591025280898877 0.0454404296875 0.6633160112359551 0.0485537109375 0.6633160112359551
0  0.0205078125 0.6685393258426966 0.01171875 0.016853932584269662 -0.0009765625 -0.0014044943820224719 -0.0009765625 -0.0014044943820224719 -0.0009765625 -0.0014044943820224719 -0.0009765625 -0.0014044943820224719 -0.0009765625 -0.0014044943820224719
0  0.03125 0.7029494382022472 0.013671875 0.023876404494382022 -0.0009765625 -0.0014044943820224719 -0.0009765625 -0.0014044943820224719 -0.0009765625 -0.0014044943820224719 -0.0009765625 -0.0014044943820224719 -0.0009765625 -0.0014044943820224719
0  0.00634765625 0.7401685393258427 0.0126953125 0.02247191011235955 -0.0009765625 -0.0014044943820224719 -0.0009765625 -0.0014044943820224719 -0.0009765625 -0.0014044943820224719 -0.0009765625 -0.0014044943820224719 -0.0009765625 -0.0014044943820224719
0  0.03759765625 0.7808988764044944 0.0244140625 0.03932584269662921 0.0341796875 0.7791432584269663 0.0449912109375 0.7793946629213483 0.0395859375 0.7879213483146067 0.034876953125 0.7949438202247191 0.0416787109375 0.7951952247191011
0  0.06640625 0.7282303370786517 0.013671875 0.021067415730337078 -0.0009765625 -0.0014044943820224719 -0.0009765625 -0.0014044943820224719 -0.0009765625 -0.0014044943820224719 -0.0009765625 -0.0014044943820224719 -0.0009765625 -0.0014044943820224719
0  0.05419921875 0.6622191011235955 0.0107421875 0.01544943820224719 -0.0009765625 -0.0014044943820224719 -0.0009765625 -0.0014044943820224719 -0.0009765625 -0.0014044943820224719 -0.0009765625 -0.0014044943820224719 -0.0009765625 -0.0014044943820224719
0  0.08544921875 0.6362359550561798 0.0087890625 0.014044943820224719 -0.0009765625 -0.0014044943820224719 -0.0009765625 -0.0014044943820224719 -0.0009765625 -0.0014044943820224719 -0.0009765625 -0.0014044943820224719 -0.0009765625 -0.0014044943820224719
0  0.19140625 0.6390449438202247 0.0078125 0.011235955056179775 -0.0009765625 -0.0014044943820224719 -0.0009765625 -0.0014044943820224719 -0.0009765625 -0.0014044943820224719 -0.0009765625 -0.0014044943820224719 -0.0009765625 -0.0014044943820224719
0  0.00634765625 0.6846910112359551 0.0126953125 0.037921348314606744 -0.0009765625 -0.0014044943820224719 -0.0009765625 -0.0014044943820224719 -0.0009765625 -0.0014044943820224719 -0.0009765625 -0.0014044943820224719 -0.0009765625 -0.0014044943820224719
0  0.02294921875 0.6383426966292135 0.0107421875 0.018258426966292134 -0.0009765625 -0.0014044943820224719 -0.0009765625 -0.0014044943820224719 -0.0009765625 -0.0014044943820224719 -0.0009765625 -0.0014044943820224719 -0.0009765625 -0.0014044943820224719
0  0.1181640625 0.714185393258427 0.021484375 0.04353932584269663 -0.0009765625 -0.0014044943820224719 -0.0009765625 -0.0014044943820224719 -0.0009765625 -0.0014044943820224719 -0.0009765625 -0.0014044943820224719 -0.0009765625 -0.0014044943820224719
0  0.0673828125 0.6664325842696629 0.01171875 0.021067415730337078 -0.0009765625 -0.0014044943820224719 -0.0009765625 -0.0014044943820224719 -0.0009765625 -0.0014044943820224719 -0.0009765625 -0.0014044943820224719 -0.0009765625 -0.0014044943820224719
0  0.83642578125 0.6952247191011236 0.0107421875 0.019662921348314606 -0.0009765625 -0.0014044943820224719 -0.0009765625 -0.0014044943820224719 -0.0009765625 -0.0014044943820224719 -0.0009765625 -0.0014044943820224719 -0.0009765625 -0.0014044943820224719
0  0.8564453125 0.6910112359550562 0.013671875 0.019662921348314606 -0.0009765625 -0.0014044943820224719 -0.0009765625 -0.0014044943820224719 -0.0009765625 -0.0014044943820224719 -0.0009765625 -0.0014044943820224719 -0.0009765625 -0.0014044943820224719
0  0.77294921875 0.6945224719101124 0.0146484375 0.018258426966292134 -0.0009765625 -0.0014044943820224719 -0.0009765625 -0.0014044943820224719 -0.0009765625 -0.0014044943820224719 -0.0009765625 -0.0014044943820224719 -0.0009765625 -0.0014044943820224719
0  0.73583984375 0.6825842696629213 0.0205078125 0.028089887640449437 -0.0009765625 -0.0014044943820224719 -0.0009765625 -0.0014044943820224719 -0.0009765625 -0.0014044943820224719 -0.0009765625 -0.0014044943820224719 -0.0009765625 -0.0014044943820224719
0  0.81884765625 0.7050561797752809 0.0107421875 0.016853932584269662 -0.0009765625 -0.0014044943820224719 -0.0009765625 -0.0014044943820224719 -0.0009765625 -0.0014044943820224719 -0.0009765625 -0.0014044943820224719 -0.0009765625 -0.0014044943820224719
0  0.29736328125 0.9676966292134831 0.0498046875 0.06179775280898876 -0.0009765625 -0.0014044943820224719 -0.0009765625 -0.0014044943820224719 -0.0009765625 -0.0014044943820224719 -0.0009765625 -0.0014044943820224719 -0.0009765625 -0.0014044943820224719
0  0.2060546875 0.7015449438202247 0.015625 0.021067415730337078 -0.0009765625 -0.0014044943820224719 -0.0009765625 -0.0014044943820224719 -0.0009765625 -0.0014044943820224719 -0.0009765625 -0.0014044943820224719 -0.0009765625 -0.0014044943820224719
0  0.52001953125 0.6580056179775281 0.0126953125 0.018258426966292134 -0.0009765625 -0.0014044943820224719 -0.0009765625 -0.0014044943820224719 -0.0009765625 -0.0014044943820224719 -0.0009765625 -0.0014044943820224719 -0.0009765625 -0.0014044943820224719
0  0.9775390625 0.726123595505618 0.021484375 0.03651685393258427 -0.0009765625 -0.0014044943820224719 -0.0009765625 -0.0014044943820224719 -0.0009765625 -0.0014044943820224719 -0.0009765625 -0.0014044943820224719 -0.0009765625 -0.0014044943820224719
0  0.599609375 0.6615168539325843 0.01171875 0.02247191011235955 -0.0009765625 -0.0014044943820224719 -0.0009765625 -0.0014044943820224719 -0.0009765625 -0.0014044943820224719 -0.0009765625 -0.0014044943820224719 -0.0009765625 -0.0014044943820224719
