0  0.1533203125 0.4722222222222222 0.03125 0.060723514211886306 0.1498671875 0.4662467700258398 0.1628154296875 0.4662467700258398 0.156197265625 0.4765245478036175 0.150443359375 0.48489922480620157 0.1616650390625 0.4845193798449612
0  0.130859375 0.5187338501291989 0.03515625 0.06330749354005168 0.124083984375 0.5092054263565892 0.138427734375 0.509609819121447 0.13232421875 0.5192997416020672 0.126525390625 0.5310077519379846 0.13934375 0.5310077519379846
0  0.2412109375 0.48255813953488375 0.03515625 0.05813953488372093 0.2330498046875 0.47748191214470287 0.245326171875 0.47600645994832036 0.2391884765625 0.4870801033591731 0.2350029296875 0.4992622739018088 0.24560546875 0.4985232558139535
0  0.30615234375 0.5329457364341085 0.0185546875 0.02454780361757106 -0.0009765625 -0.0012919896640826874 -0.0009765625 -0.0012919896640826874 -0.0009765625 -0.0012919896640826874 -0.0009765625 -0.0012919896640826874 -0.0009765625 -0.0012919896640826874
0  0.32421875 0.4754521963824289 0.015625 0.04392764857881137 0.328125 0.458656330749354 0.326171875 0.4599483204134367 0.322265625 0.4689922480620155 0.3271484375 0.479328165374677 0.326171875 0.4780361757105943
0  0.45068359375 0.458656330749354 0.0341796875 0.06459948320413436 0.4391826171875 0.4526860465116279 0.4558974609375 0.4526860465116279 0.4487783203125 0.462515503875969 0.4416591796875 0.47398191214470287 0.45620703125 0.4715245478036175
0  0.5224609375 0.4883720930232558 0.03515625 0.056847545219638244 0.5140078125 0.4819121447028424 0.529388671875 0.48045865633074936 0.5211484375 0.49063307493540054 0.517029296875 0.501170542635659 0.530212890625 0.5000801033591732
0  0.59765625 0.42506459948320413 0.03125 0.06459948320413436 0.594203125 0.41622868217054265 0.6084423828125 0.4166382428940569 0.6028701171875 0.4289237726098192 0.596060546875 0.4399806201550388 0.6065849609375 0.44039018087855303
0  0.73388671875 0.4664082687338501 0.0322265625 0.05426356589147287 0.72694140625 0.46099741602067185 0.741345703125 0.4599767441860465 0.73388671875 0.4691653746770026 0.7292568359375 0.47903359173126614 0.741345703125 0.4786937984496124
0  0.81591796875 0.46447028423772607 0.0380859375 0.04780361757105943 0.8094267578125 0.4587596899224806 0.824052734375 0.4562222222222222 0.8192578125 0.46764211886304907 0.8144619140625 0.4749392764857881 0.822375 0.47398708010335916
0  0.9033203125 0.42118863049095606 0.03515625 0.05167958656330749 0.8864482421875 0.41659689922480625 0.90185546875 0.4129806201550387 0.8919150390625 0.42810465116279073 0.8946494140625 0.438953488372093 0.9045888671875 0.43435142118863046
