0  0.98388671875 0.2994791666666667 0.0322265625 0.08159722222222222 0.9861103515625 0.28786805555555556 0.99905859375 0.29042708333333334 0.993591796875 0.30168055555555556 0.982369140625 0.3180486111111111 0.9970439453125 0.3226527777777778
0  0.92333984375 0.2013888888888889 0.0302734375 0.06597222222222222 0.915806640625 0.19594791666666667 0.92851953125 0.19385590277777778 0.921220703125 0.2072482638888889 0.9174541015625 0.2189670138888889 0.9278125 0.21603819444444444
0  0.90478515625 0.2309027777777778 0.0263671875 0.0625 0.8994140625 0.22743055555555555 0.912109375 0.2309027777777778 0.9052734375 0.24305555555555555 0.8994140625 0.2534722222222222 0.91015625 0.2552083333333333
0  0.80712890625 0.2456597222222222 0.0302734375 0.07465277777777778 0.8011826171875 0.24412500000000004 0.8130751953125 0.24412500000000004 0.8073994140625 0.25661805555555556 0.8028037109375 0.2681510416666667 0.81388671875 0.267671875
0  0.7890625 0.3168402777777778 0.0390625 0.08506944444444445 0.7816552734375 0.3102916666666667 0.8003056640625 0.3108263888888889 0.7942900390625 0.3199166666666666 0.78556640625 0.33702951388888885 0.7985009765625 0.3364947916666667
0  0.7880859375 0.3159722222222222 0.037109375 0.08333333333333333 0.7810751953125 0.3091215277777778 0.800345703125 0.31122916666666667 0.79323046875 0.3196614583333333 0.7852255859375 0.336 0.7976767578125 0.33652604166666666
0  0.71435546875 0.3229166666666667 0.0341796875 0.06597222222222222 0.7069052734375 0.3152274305555556 0.7208125 0.3148020833333333 0.7107412109375 0.32290104166666667 0.7107412109375 0.3386736111111111 0.718654296875 0.3382465277777778
0  0.69140625 0.3993055555555556 0.044921875 0.10069444444444445 0.679935546875 0.38878819444444446 0.70128515625 0.3862152777777778 0.6897060546875 0.39908159722222225 0.682107421875 0.4196666666666667 0.6973046875 0.4203090277777778
0  0.6533203125 0.2855902777777778 0.044921875 0.08506944444444445 0.6450107421875 0.2651371527777778 0.6636611328125 0.2635329861111111 0.65644140625 0.27476215277777777 0.65102734375 0.30310590277777777 0.6642626953125 0.2961545138888889
0  0.52392578125 0.3203125 0.0380859375 0.08506944444444445 0.5150146484375 0.31347569444444445 0.53301953125 0.3075086805555556 0.5260009765625 0.3205295138888889 0.5211181640625 0.3465711805555556 0.536376953125 0.34168750000000003
0  0.4853515625 0.3029513888888889 0.033203125 0.0642361111111111 0.4767763671875 0.29012499999999997 0.49087109375 0.2819079861111111 0.4820908203125 0.2942326388888889 0.4797802734375 0.31477083333333333 0.4911015625 0.30943055555555554
0  0.46484375 0.4756944444444444 0.044921875 0.09375 0.4607109375 0.46217708333333335 0.47562109375 0.46217708333333335 0.4719765625 0.4780815972222222 0.4600478515625 0.4963420138888888 0.4769462890625 0.4945746527777778
0  0.41650390625 0.3420138888888889 0.0341796875 0.08333333333333333 0.4069912109375 0.32938020833333337 0.4244384765625 0.326171875 0.4148125 0.33419444444444446 0.4072919921875 0.3598628472222222 0.4247392578125 0.3561197916666667
0  0.33935546875 0.3090277777777778 0.0322265625 0.0763888888888889 0.330078125 0.30669444444444444 0.342712890625 0.30327777777777776 0.336669921875 0.315484375 0.332275390625 0.33257291666666666 0.343810546875 0.33013194444444444
0  0.1171875 0.3706597222222222 0.044921875 0.1996527777777778 0.1103427734375 0.3471909722222222 0.1046923828125 0.349703125 0.0983359375 0.37606944444444446 0.1068115234375 0.41248090277777777 0.1089306640625 0.41499305555555555
0  0.0234375 0.3845486111111111 0.037109375 0.11979166666666667 0.0146484375 0.3663194444444444 0.0146484375 0.3663194444444444 0.0087890625 0.3975694444444444 0.017578125 0.4166666666666667 0.017578125 0.4166666666666667
0  0.23291015625 0.3567708333333333 0.0302734375 0.0920138888888889 0.228515625 0.3454861111111111 0.234375 0.3454861111111111 0.224609375 0.3628472222222222 0.2294921875 0.3836805555555556 0.2294921875 0.3836805555555556
0  0.455078125 0.3402777777777778 0.021484375 0.04861111111111111 0.4482421875 0.3350694444444444 0.451171875 0.3350694444444444 0.447265625 0.3420138888888889 0.453125 0.3489583333333333 0.4541015625 0.3489583333333333
