0  0.65087890625 0.09409340659340659 0.0966796875 0.18818681318681318 0.6158447265625 0.03721016483516483 0.6465888671875 0.01609065934065934 0.6044052734375 0.0985576923076923 0.6365791015625 0.1418021978021978 0.6465888671875 0.1377802197802198
0  0.369140625 0.6710164835164835 0.021484375 0.07005494505494506 -0.0009765625 -0.0013736263736263737 -0.0009765625 -0.0013736263736263737 -0.0009765625 -0.0013736263736263737 -0.0009765625 -0.0013736263736263737 -0.0009765625 -0.0013736263736263737
0  0.0458984375 0.9333791208791209 0.091796875 0.13324175824175824 0.0294541015625 0.9384931318681318 0.0479736328125 0.8965247252747253 0.0716376953125 0.9146140109890111 0.0649501953125 0.9638200549450548 0.073181640625 0.9450054945054945
0  0.32861328125 0.4340659340659341 0.0283203125 0.046703296703296704 0.322265625 0.43622390109890113 0.324986328125 0.43475274725274726 0.3262412109375 0.4474093406593407 0.3321005859375 0.44976510989010987 0.333984375 0.44711538461538464
0  0.52294921875 0.5384615384615384 0.0224609375 0.024725274725274724 -0.0009765625 -0.0013736263736263737 -0.0009765625 -0.0013736263736263737 -0.0009765625 -0.0013736263736263737 -0.0009765625 -0.0013736263736263737 -0.0009765625 -0.0013736263736263737
0  0.47998046875 0.4835164835164835 0.0146484375 0.024725274725274724 -0.0009765625 -0.0013736263736263737 -0.0009765625 -0.0013736263736263737 -0.0009765625 -0.0013736263736263737 -0.0009765625 -0.0013736263736263737 -0.0009765625 -0.0013736263736263737
0  0.58349609375 0.4368131868131868 0.0166015625 0.03021978021978022 -0.0009765625 -0.0013736263736263737 -0.0009765625 -0.0013736263736263737 -0.0009765625 -0.0013736263736263737 -0.0009765625 -0.0013736263736263737 -0.0009765625 -0.0013736263736263737
0  0.54443359375 0.24656593406593408 0.0166015625 0.03159340659340659 0.542162109375 0.24721565934065937 0.548923828125 0.248228021978022 0.546765625 0.2573337912087912 0.5428818359375 0.25854807692307696 0.54590234375 0.2593571428571429
0  0.49658203125 0.22596153846153846 0.0126953125 0.0260989010989011 -0.0009765625 -0.0013736263736263737 -0.0009765625 -0.0013736263736263737 -0.0009765625 -0.0013736263736263737 -0.0009765625 -0.0013736263736263737 -0.0009765625 -0.0013736263736263737
0  0.33251953125 0.3646978021978022 0.0107421875 0.0260989010989011 -0.0009765625 -0.0013736263736263737 -0.0009765625 -0.0013736263736263737 -0.0009765625 -0.0013736263736263737 -0.0009765625 -0.0013736263736263737 -0.0009765625 -0.0013736263736263737
0  0.1650390625 0.38873626373626374 0.0234375 0.04395604395604396 0.1704931640625 0.38776098901098904 0.17315625 0.3894903846153846 0.1743857421875 0.3975604395604395 0.164345703125 0.4027486263736264 0.167009765625 0.405342032967033
0  0.0693359375 0.20810439560439561 0.0234375 0.061813186813186816 0.0747763671875 0.20074587912087913 0.0711494140625 0.20074587912087913 0.081751953125 0.21683653846153847 0.071986328125 0.22861126373626373 0.07421875 0.22861126373626373
0  0.47265625 0.23351648351648352 0.009765625 0.027472527472527472 -0.0009765625 -0.0013736263736263737 -0.0009765625 -0.0013736263736263737 -0.0009765625 -0.0013736263736263737 -0.0009765625 -0.0013736263736263737 -0.0009765625 -0.0013736263736263737
0  0.39208984375 0.23695054945054944 0.0146484375 0.028846153846153848 0.3902939453125 0.2301923076923077 0.39539453125 0.2318489010989011 0.3905556640625 0.2371840659340659 0.3897705078125 0.24086263736263738 0.3939560546875 0.2421510989010989
0  0.42333984375 0.2438186813186813 0.0087890625 0.020604395604395604 -0.0009765625 -0.0013736263736263737 -0.0009765625 -0.0013736263736263737 -0.0009765625 -0.0013736263736263737 -0.0009765625 -0.0013736263736263737 -0.0009765625 -0.0013736263736263737
0  0.357421875 0.24862637362637363 0.01171875 0.019230769230769232 -0.0009765625 -0.0013736263736263737 -0.0009765625 -0.0013736263736263737 -0.0009765625 -0.0013736263736263737 -0.0009765625 -0.0013736263736263737 -0.0009765625 -0.0013736263736263737
0  0.3349609375 0.24313186813186813 0.015625 0.027472527472527472 0.335990234375 0.23942170329670331 0.3409208984375 0.23960027472527473 0.341552734375 0.24600137362637362 0.33864453125 0.25098076923076923 0.33864453125 0.25098076923076923
0  0.3154296875 0.23557692307692307 0.013671875 0.020604395604395604 -0.0009765625 -0.0013736263736263737 -0.0009765625 -0.0013736263736263737 -0.0009765625 -0.0013736263736263737 -0.0009765625 -0.0013736263736263737 -0.0009765625 -0.0013736263736263737
0  0.25341796875 0.23832417582417584 0.0126953125 0.0260989010989011 -0.0009765625 -0.0013736263736263737 -0.0009765625 -0.0013736263736263737 -0.0009765625 -0.0013736263736263737 -0.0009765625 -0.0013736263736263737 -0.0009765625 -0.0013736263736263737
0  0.18115234375 0.2603021978021978 0.0087890625 0.01510989010989011 -0.0009765625 -0.0013736263736263737 -0.0009765625 -0.0013736263736263737 -0.0009765625 -0.0013736263736263737 -0.0009765625 -0.0013736263736263737 -0.0009765625 -0.0013736263736263737
0  0.169921875 0.23076923076923078 0.01171875 0.024725274725274724 -0.0009765625 -0.0013736263736263737 -0.0009765625 -0.0013736263736263737 -0.0009765625 -0.0013736263736263737 -0.0009765625 -0.0013736263736263737 -0.0009765625 -0.0013736263736263737
0  0.130859375 0.25206043956043955 0.0078125 0.01510989010989011 -0.0009765625 -0.0013736263736263737 -0.0009765625 -0.0013736263736263737 -0.0009765625 -0.0013736263736263737 -0.0009765625 -0.0013736263736263737 -0.0009765625 -0.0013736263736263737
