0  0.06884765625 0.40691114245416077 0.0263671875 0.06629055007052186 -0.0009765625 -0.0014104372355430183 -0.0009765625 -0.0014104372355430183 -0.0009765625 -0.0014104372355430183 -0.0009765625 -0.0014104372355430183 -0.0009765625 -0.0014104372355430183
0  0.1806640625 0.382228490832158 0.04296875 0.07052186177715092 0.1854375 0.37213540197461215 0.1993671875 0.37124118476727785 0.1996767578125 0.388228490832158 0.188533203125 0.4007461212976023 0.1941044921875 0.40029901269393514
0  0.216796875 0.40691114245416077 0.021484375 0.04936530324400564 0.2082431640625 0.39613117066290554 0.2104228515625 0.39676163610719317 0.2075888671875 0.40935401974612134 0.2126025390625 0.4187997179125528 0.21521875 0.41848377997179126
0  0.009765625 0.39633286318758815 0.01953125 0.1466854724964739 -0.0341708984375 0.36599576868829337 0.0008369140625 0.3549647390691114 -0.0036181640625 0.3972524682651622 -0.013166015625 0.44413681241184766 0.009111328125 0.438620592383639
0  0.10205078125 0.35049365303244007 0.0185546875 0.023977433004231313 -0.0009765625 -0.0014104372355430183 -0.0009765625 -0.0014104372355430183 -0.0009765625 -0.0014104372355430183 -0.0009765625 -0.0014104372355430183 -0.0009765625 -0.0014104372355430183
0  0.29833984375 0.36741889985895626 0.0087890625 0.012693935119887164 -0.0009765625 -0.0014104372355430183 -0.0009765625 -0.0014104372355430183 -0.0009765625 -0.0014104372355430183 -0.0009765625 -0.0014104372355430183 -0.0009765625 -0.0014104372355430183
0  0.412109375 0.3335684062059238 0.09765625 0.1763046544428773 0.3930361328125 0.303509167842031 0.438048828125 0.29689703808180534 0.422791015625 0.33325952045133994 0.403716796875 0.3663173483779972 0.4372861328125 0.3619097320169252
0  0.5009765625 0.38787023977433005 0.01953125 0.039492242595204514 0.4934951171875 0.3888843441466855 0.501146484375 0.38299012693935125 0.49774609375 0.39477715091678417 0.4987666015625 0.40312693935119887 0.50488671875 0.3974781382228491
0  0.52978515625 0.37799717912552894 0.0283203125 0.05077574047954866 0.52444921875 0.36797884344146686 0.536900390625 0.3676586741889986 0.5306748046875 0.3830719322990127 0.5237822265625 0.38917348377997174 0.534232421875 0.3898152327221439
0  0.6103515625 0.32581100141043723 0.03125 0.047954866008462625 0.603515625 0.32722143864598024 0.6162109375 0.32581100141043723 0.609375 0.33991537376586745 0.6025390625 0.34978843441466856 0.61328125 0.3540197461212976
0  0.63037109375 0.3617771509167842 0.0458984375 0.07475317348377997 0.6114111328125 0.35517207334273626 0.6241630859375 0.3565881523272214 0.60944921875 0.3726445698166431 0.6146806640625 0.3858674188998589 0.6235087890625 0.3849238363892807
0  0.734375 0.4033850493653032 0.06640625 0.11001410437235543 0.7099169921875 0.38604372355430183 0.737732421875 0.38465867418899863 0.719029296875 0.41513399153737657 0.714712890625 0.4303723554301834 0.7358134765625 0.4296798307475317
0  0.79736328125 0.39562764456981664 0.0166015625 0.04936530324400564 -0.0009765625 -0.0014104372355430183 -0.0009765625 -0.0014104372355430183 -0.0009765625 -0.0014104372355430183 -0.0009765625 -0.0014104372355430183 -0.0009765625 -0.0014104372355430183
