0  0.74365234375 0.20044378698224852 0.0732421875 0.16124260355029585 0.7324912109375 0.17215236686390534 0.733826171875 0.17417307692307693 0.7098125 0.18932988165680473 0.71581640625 0.23075591715976335 0.717150390625 0.23580769230769233
0  0.48291015625 0.17677514792899407 0.0537109375 0.11686390532544379 -0.0009765625 -0.0014792899408284023 -0.0009765625 -0.0014792899408284023 -0.0009765625 -0.0014792899408284023 -0.0009765625 -0.0014792899408284023 -0.0009765625 -0.0014792899408284023
0  0.17578125 0.26701183431952663 0.041015625 0.08136094674556213 0.1676640625 0.2513343195266272 0.190107421875 0.2580310650887574 0.1819453125 0.2729689349112426 0.172423828125 0.28584615384615386 0.18160546875 0.28842159763313613
0  0.298828125 0.3091715976331361 0.009765625 0.023668639053254437 -0.0009765625 -0.0014792899408284023 -0.0009765625 -0.0014792899408284023 -0.0009765625 -0.0014792899408284023 -0.0009765625 -0.0014792899408284023 -0.0009765625 -0.0014792899408284023
0  0.31005859375 0.29511834319526625 0.0087890625 0.022189349112426034 -0.0009765625 -0.0014792899408284023 -0.0009765625 -0.0014792899408284023 -0.0009765625 -0.0014792899408284023 -0.0009765625 -0.0014792899408284023 -0.0009765625 -0.0014792899408284023
0  0.35302734375 0.3143491124260355 0.0087890625 0.016272189349112426 -0.0009765625 -0.0014792899408284023 -0.0009765625 -0.0014792899408284023 -0.0009765625 -0.0014792899408284023 -0.0009765625 -0.0014792899408284023 -0.0009765625 -0.0014792899408284023
0  0.25390625 0.2869822485207101 0.015625 0.03550295857988166 -0.0009765625 -0.0014792899408284023 -0.0009765625 -0.0014792899408284023 -0.0009765625 -0.0014792899408284023 -0.0009765625 -0.0014792899408284023 -0.0009765625 -0.0014792899408284023
0  0.95703125 0.33653846153846156 0.01171875 0.022189349112426034 -0.0009765625 -0.0014792899408284023 -0.0009765625 -0.0014792899408284023 -0.0009765625 -0.0014792899408284023 -0.0009765625 -0.0014792899408284023 -0.0009765625 -0.0014792899408284023
0  0.86767578125 0.3121301775147929 0.0107421875 0.020710059171597635 0.864318359375 0.3058431952662722 0.8686220703125 0.30556508875739646 0.8664248046875 0.31083579881656803 0.8649599609375 0.31444082840236687 0.8688046875 0.31416420118343197
0  0.8857421875 0.3187869822485207 0.009765625 0.019230769230769232 -0.0009765625 -0.0014792899408284023 -0.0009765625 -0.0014792899408284023 -0.0009765625 -0.0014792899408284023 -0.0009765625 -0.0014792899408284023 -0.0009765625 -0.0014792899408284023
0  0.90185546875 0.32470414201183434 0.0087890625 0.016272189349112426 -0.0009765625 -0.0014792899408284023 -0.0009765625 -0.0014792899408284023 -0.0009765625 -0.0014792899408284023 -0.0009765625 -0.0014792899408284023 -0.0009765625 -0.0014792899408284023
