0  0.98779296875 0.20790629575402636 0.0244140625 0.07027818448023426 -0.0009765625 -0.0014641288433382138 -0.0009765625 -0.0014641288433382138 -0.0009765625 -0.0014641288433382138 -0.0009765625 -0.0014641288433382138 -0.0009765625 -0.0014641288433382138
0  0.98828125 0.1398243045387994 0.0234375 0.04538799414348463 -0.0009765625 -0.0014641288433382138 -0.0009765625 -0.0014641288433382138 -0.0009765625 -0.0014641288433382138 -0.0009765625 -0.0014641288433382138 -0.0009765625 -0.0014641288433382138
0  0.9404296875 0.25768667642752563 0.048828125 0.08199121522693997 0.930986328125 0.23836603221083455 0.955095703125 0.23836603221083455 0.944763671875 0.24817569546120058 0.9392529296875 0.2770922401171303 0.951306640625 0.2760600292825769
0  0.87451171875 0.24963396778916544 0.0517578125 0.10102489019033675 0.86478515625 0.23105124450951683 0.8893125 0.22534553440702781 0.886775390625 0.23992825768667644 0.877048828125 0.26972620790629576 0.891849609375 0.26528843338213765
0  0.83935546875 0.1925329428989751 0.0712890625 0.10102489019033675 -0.0009765625 -0.0014641288433382138 -0.0009765625 -0.0014641288433382138 -0.0009765625 -0.0014641288433382138 -0.0009765625 -0.0014641288433382138 -0.0009765625 -0.0014641288433382138
0  0.89306640625 0.1617862371888726 0.0361328125 0.060029282576866766 -0.0009765625 -0.0014641288433382138 -0.0009765625 -0.0014641288433382138 -0.0009765625 -0.0014641288433382138 -0.0009765625 -0.0014641288433382138 -0.0009765625 -0.0014641288433382138
0  0.78564453125 0.23133235724743778 0.0615234375 0.10834553440702782 0.779236328125 0.21138360175695461 0.7934267578125 0.2100117130307467 0.79296875 0.2216778916544656 0.77557421875 0.24363982430453882 0.7934267578125 0.24158125915080528
0  0.7412109375 0.24890190336749635 0.0390625 0.07613469985358712 -0.0009765625 -0.0014641288433382138 -0.0009765625 -0.0014641288433382138 -0.0009765625 -0.0014641288433382138 -0.0009765625 -0.0014641288433382138 -0.0009765625 -0.0014641288433382138
0  0.7392578125 0.10980966325036604 0.015625 0.02342606149341142 -0.0009765625 -0.0014641288433382138 -0.0009765625 -0.0014641288433382138 -0.0009765625 -0.0014641288433382138 -0.0009765625 -0.0014641288433382138 -0.0009765625 -0.0014641288433382138
0  0.697265625 0.22840409956076135 0.060546875 0.13177159590043924 0.6973310546875 0.20110834553440704 0.72224609375 0.20359882869692533 0.715048828125 0.21522108345534408 0.7006533203125 0.2484245973645681 0.71837109375 0.2509150805270864
0  0.6015625 0.1815519765739385 0.05078125 0.09663250366032211 0.59295703125 0.17947291361639825 0.61549609375 0.17394436310395314 0.608529296875 0.19483308931185944 0.603611328125 0.21080819912152268 0.6183642578125 0.20650805270863834
0  0.60498046875 0.2708638360175695 0.0517578125 0.09370424597364568 0.60753515625 0.254692532942899 0.6283310546875 0.25057540263543193 0.6244072265625 0.2646939970717423 0.614990234375 0.28881259150805266 0.6271533203125 0.2911654465592972
0  0.64892578125 0.1281112737920937 0.0146484375 0.024890190336749635 -0.0009765625 -0.0014641288433382138 -0.0009765625 -0.0014641288433382138 -0.0009765625 -0.0014641288433382138 -0.0009765625 -0.0014641288433382138 -0.0009765625 -0.0014641288433382138
0  0.580078125 0.0739385065885798 0.015625 0.027818448023426062 -0.0009765625 -0.0014641288433382138 -0.0009765625 -0.0014641288433382138 -0.0009765625 -0.0014641288433382138 -0.0009765625 -0.0014641288433382138 -0.0009765625 -0.0014641288433382138
0  0.53564453125 0.22620790629575402 0.0556640625 0.10688140556368961 0.532017578125 0.21731918008784773 0.557408203125 0.21663836017569546 0.5506064453125 0.22819472913616398 0.532470703125 0.25130746705710105 0.557408203125 0.2540263543191801
0  0.44775390625 0.05417276720351391 0.0166015625 0.02342606149341142 -0.0009765625 -0.0014641288433382138 -0.0009765625 -0.0014641288433382138 -0.0009765625 -0.0014641288433382138 -0.0009765625 -0.0014641288433382138 -0.0009765625 -0.0014641288433382138
0  0.423828125 0.07833089311859444 0.015625 0.024890190336749635 -0.0009765625 -0.0014641288433382138 -0.0009765625 -0.0014641288433382138 -0.0009765625 -0.0014641288433382138 -0.0009765625 -0.0014641288433382138 -0.0009765625 -0.0014641288433382138
0  0.36181640625 0.055636896046852125 0.0146484375 0.02342606149341142 -0.0009765625 -0.0014641288433382138 -0.0009765625 -0.0014641288433382138 -0.0009765625 -0.0014641288433382138 -0.0009765625 -0.0014641288433382138 -0.0009765625 -0.0014641288433382138
0  0.376953125 0.2891654465592972 0.05859375 0.10688140556368961 0.3701171875 0.2877540263543192 0.3882529296875 0.26939970717423134 0.38916015625 0.28911273792093706 0.379638671875 0.3183440702781845 0.3955078125 0.3040688140556369
0  0.40087890625 0.23060029282576866 0.0380859375 0.07759882869692533 -0.0009765625 -0.0014641288433382138 -0.0009765625 -0.0014641288433382138 -0.0009765625 -0.0014641288433382138 -0.0009765625 -0.0014641288433382138 -0.0009765625 -0.0014641288433382138
0  0.33447265625 0.3462664714494876 0.0615234375 0.10688140556368961 0.3321884765625 0.32999121522693997 0.3564365234375 0.32999121522693997 0.349251953125 0.34480234260614934 0.3308408203125 0.3670190336749634 0.3559873046875 0.36567203513909224
0  0.29931640625 0.19692532942898974 0.0439453125 0.07759882869692533 0.2928642578125 0.18377452415812592 0.312744140625 0.18327818448023425 0.3037978515625 0.1942064421669107 0.2935263671875 0.21308345534407028 0.31009375 0.2140761346998536
0  0.32861328125 0.048316251830161056 0.0146484375 0.020497803806734993 -0.0009765625 -0.0014641288433382138 -0.0009765625 -0.0014641288433382138 -0.0009765625 -0.0014641288433382138 -0.0009765625 -0.0014641288433382138 -0.0009765625 -0.0014641288433382138
0  0.318359375 0.2745241581259151 0.044921875 0.07174231332357248 0.3110654296875 0.2627979502196193 0.3297158203125 0.26144509516837483 0.3209921875 0.2772298682284041 0.3116669921875 0.2898579795021962 0.3252041015625 0.28895607613469987
0  0.2763671875 0.32284040995607616 0.05078125 0.10980966325036604 0.27215625 0.30478770131771593 0.2911025390625 0.30132357247437774 0.28925390625 0.3158726207906296 0.279087890625 0.33873645680819914 0.28925390625 0.33804392386530013
0  0.20849609375 0.3206442166910688 0.0595703125 0.10834553440702782 -0.0009765625 -0.0014641288433382138 -0.0009765625 -0.0014641288433382138 -0.0009765625 -0.0014641288433382138 -0.0009765625 -0.0014641288433382138 -0.0009765625 -0.0014641288433382138
0  0.166015625 0.2847730600292826 0.05078125 0.09224011713030747 -0.0009765625 -0.0014641288433382138 -0.0009765625 -0.0014641288433382138 -0.0009765625 -0.0014641288433382138 -0.0009765625 -0.0014641288433382138 -0.0009765625 -0.0014641288433382138
0  0.12353515625 0.3513909224011713 0.0634765625 0.11420204978038068 0.112884765625 0.33832503660322105 0.138048828125 0.32599121522693997 0.1307900390625 0.3448550512445095 0.1244990234375 0.3782284040995607 0.14433984375 0.3658945827232797
0  0.34375 0.20571010248901903 0.02734375 0.048316251830161056 -0.0009765625 -0.0014641288433382138 -0.0009765625 -0.0014641288433382138 -0.0009765625 -0.0014641288433382138 -0.0009765625 -0.0014641288433382138 -0.0009765625 -0.0014641288433382138
0  0.14697265625 0.040995607613469986 0.0185546875 0.032210834553440704 -0.0009765625 -0.0014641288433382138 -0.0009765625 -0.0014641288433382138 -0.0009765625 -0.0014641288433382138 -0.0009765625 -0.0014641288433382138 -0.0009765625 -0.0014641288433382138
0  0.18310546875 0.03806734992679356 0.0146484375 0.02342606149341142 -0.0009765625 -0.0014641288433382138 -0.0009765625 -0.0014641288433382138 -0.0009765625 -0.0014641288433382138 -0.0009765625 -0.0014641288433382138 -0.0009765625 -0.0014641288433382138
0  0.35693359375 0.10395314787701318 0.0166015625 0.02635431918008785 -0.0009765625 -0.0014641288433382138 -0.0009765625 -0.0014641288433382138 -0.0009765625 -0.0014641288433382138 -0.0009765625 -0.0014641288433382138 -0.0009765625 -0.0014641288433382138
0  0.021484375 0.28184480234260617 0.04296875 0.11273792093704246 0.00333984375 0.26241874084919475 0.0273173828125 0.2681713030746706 0.00957421875 0.28470717423133235 0.0014208984375 0.3048389458272328 0.0215625 0.30555783308931184
0  0.02197265625 0.053440702781844804 0.0185546875 0.027818448023426062 -0.0009765625 -0.0014641288433382138 -0.0009765625 -0.0014641288433382138 -0.0009765625 -0.0014641288433382138 -0.0009765625 -0.0014641288433382138 -0.0009765625 -0.0014641288433382138
0  0.701171875 0.09224011713030747 0.017578125 0.02635431918008785 -0.0009765625 -0.0014641288433382138 -0.0009765625 -0.0014641288433382138 -0.0009765625 -0.0014641288433382138 -0.0009765625 -0.0014641288433382138 -0.0009765625 -0.0014641288433382138
