0  0.74951171875 0.30824891461649784 0.0283203125 0.03762662807525326 -0.0009765625 -0.001447178002894356 -0.0009765625 -0.001447178002894356 -0.0009765625 -0.001447178002894356 -0.0009765625 -0.001447178002894356 -0.0009765625 -0.001447178002894356
0  0.51416015625 0.4073806078147612 0.0244140625 0.04486251808972504 -0.0009765625 -0.001447178002894356 -0.0009765625 -0.001447178002894356 -0.0009765625 -0.001447178002894356 -0.0009765625 -0.001447178002894356 -0.0009765625 -0.001447178002894356
0  0.498046875 0.414616497829233 0.01953125 0.041968162083936326 -0.0009765625 -0.001447178002894356 -0.0009765625 -0.001447178002894356 -0.0009765625 -0.001447178002894356 -0.0009765625 -0.001447178002894356 -0.0009765625 -0.001447178002894356
0  0.4404296875 0.4356005788712012 0.025390625 0.04052098408104197 -0.0009765625 -0.001447178002894356 -0.0009765625 -0.001447178002894356 -0.0009765625 -0.001447178002894356 -0.0009765625 -0.001447178002894356 -0.0009765625 -0.001447178002894356
0  0.421875 0.4645441389290883 0.02734375 0.04630969609261939 0.4118740234375 0.45863965267727935 0.4217001953125 0.4512098408104197 0.414681640625 0.4648798842257598 0.4166875 0.47914471780028944 0.4221015625 0.47498408104196815
0  0.39208984375 0.41678726483357453 0.0224609375 0.03473227206946455 0.389482421875 0.4094095513748191 0.398376953125 0.41116642547033283 0.395263671875 0.416438494934877 0.3905205078125 0.4239073806078148 0.39659765625 0.42434587554269176
0  0.361328125 0.42547033285094066 0.029296875 0.05209840810419682 0.35479296875 0.415520984081042 0.3679111328125 0.4161794500723589 0.361462890625 0.4250767004341534 0.3552373046875 0.43496092619392185 0.36591015625 0.4362793053545586
0  0.33349609375 0.3784370477568741 0.0439453125 0.07380607814761216 0.3309501953125 0.36654992764109984 0.347900390625 0.3725962373371925 0.3387978515625 0.39399421128798845 0.324671875 0.3949247467438495 0.3309501953125 0.39725036179450074
0  0.212890625 0.2829232995658466 0.03125 0.059334298118668596 -0.0009765625 -0.001447178002894356 -0.0009765625 -0.001447178002894356 -0.0009765625 -0.001447178002894356 -0.0009765625 -0.001447178002894356 -0.0009765625 -0.001447178002894356
0  0.10546875 0.21852387843704776 0.03515625 0.06657018813314038 0.099029296875 0.1991360347322721 0.1160322265625 0.20165557163531114 0.108380859375 0.21299421128798843 0.0998798828125 0.22727206946454412 0.1134814453125 0.22853111432706222
0  0.02734375 0.17583212735166426 0.021484375 0.04775687409551375 -0.0009765625 -0.001447178002894356 -0.0009765625 -0.001447178002894356 -0.0009765625 -0.001447178002894356 -0.0009765625 -0.001447178002894356 -0.0009765625 -0.001447178002894356
