0  0.025390625 0.352112676056338 0.01953125 0.04507042253521127 -0.0009765625 -0.0014084507042253522 -0.0009765625 -0.0014084507042253522 -0.0009765625 -0.0014084507042253522 -0.0009765625 -0.0014084507042253522 -0.0009765625 -0.0014084507042253522
0  0.0546875 0.3387323943661972 0.02734375 0.054929577464788736 -0.0009765625 -0.0014084507042253522 -0.0009765625 -0.0014084507042253522 -0.0009765625 -0.0014084507042253522 -0.0009765625 -0.0014084507042253522 -0.0009765625 -0.0014084507042253522
0  0.166015625 0.31197183098591547 0.0546875 0.09718309859154929 0.167296875 0.30264084507042255 0.1856689453125 0.31003521126760564 0.17840625 0.3205098591549296 0.16387890625 0.3352985915492958 0.17626953125 0.3426929577464789
0  0.22607421875 0.35563380281690143 0.0205078125 0.06901408450704226 0.23046875 0.35140845070422533 0.234130859375 0.3527295774647887 0.236267578125 0.36153239436619716 0.228943359375 0.3720957746478873 0.231689453125 0.37253521126760564
0  0.33154296875 0.3852112676056338 0.0205078125 0.038028169014084505 0.3293544921875 0.3806154929577465 0.337515625 0.3818408450704226 0.33360546875 0.3891971830985915 0.3298642578125 0.3963084507042254 0.3351357421875 0.39655492957746474
0  0.359375 0.3711267605633803 0.015625 0.06056338028169014 -0.0009765625 -0.0014084507042253522 -0.0009765625 -0.0014084507042253522 -0.0009765625 -0.0014084507042253522 -0.0009765625 -0.0014084507042253522 -0.0009765625 -0.0014084507042253522
0  0.419921875 0.34788732394366195 0.02734375 0.05070422535211268 0.4185009765625 0.3369211267605634 0.428728515625 0.33628028169014085 0.4267275390625 0.3471830985915493 0.4196123046875 0.35776478873239437 0.428505859375 0.3574450704225352
0  0.509765625 0.36126760563380284 0.015625 0.029577464788732393 0.5039150390625 0.35622535211267603 0.5108466796875 0.35679014084507044 0.506400390625 0.3618845070422535 0.5040458984375 0.3666 0.5084921875 0.36716619718309856
0  0.5966796875 0.36056338028169016 0.015625 0.028169014084507043 0.599609375 0.3538732394366197 0.60205078125 0.35352112676056335 0.6053466796875 0.3591549295774648 0.5994873046875 0.3658450704225352 0.60009765625 0.3658450704225352
0  0.67041015625 0.3330985915492958 0.0224609375 0.06619718309859154 -0.0009765625 -0.0014084507042253522 -0.0009765625 -0.0014084507042253522 -0.0009765625 -0.0014084507042253522 -0.0009765625 -0.0014084507042253522 -0.0009765625 -0.0014084507042253522
0  0.81396484375 0.3542253521126761 0.0126953125 0.023943661971830985 0.8131494140625 0.35123802816901406 0.81903515625 0.35029577464788736 0.8188173828125 0.3559549295774648 0.815765625 0.3612985915492958 0.819689453125 0.3608281690140845
0  0.8125 0.30633802816901406 0.00390625 0.01267605633802817 -0.0009765625 -0.0014084507042253522 -0.0009765625 -0.0014084507042253522 -0.0009765625 -0.0014084507042253522 -0.0009765625 -0.0014084507042253522 -0.0009765625 -0.0014084507042253522
0  0.822265625 0.2992957746478873 0.001953125 0.004225352112676056 -0.0009765625 -0.0014084507042253522 -0.0009765625 -0.0014084507042253522 -0.0009765625 -0.0014084507042253522 -0.0009765625 -0.0014084507042253522 -0.0009765625 -0.0014084507042253522
0  0.83251953125 0.35563380281690143 0.0185546875 0.035211267605633804 0.8271484375 0.3508549295774648 0.8359375 0.34972394366197185 0.831072265625 0.35651408450704225 0.8282470703125 0.3637577464788732 0.835466796875 0.3630788732394366
0  0.9384765625 0.35 0.015625 0.029577464788732393 0.932125 0.3457112676056338 0.9387470703125 0.3462971830985916 0.9338818359375 0.35155915492957746 0.9338818359375 0.3574070422535211 0.9368544921875 0.35818591549295775
0  0.970703125 0.36901408450704226 0.0078125 0.030985915492957747 -0.0009765625 -0.0014084507042253522 -0.0009765625 -0.0014084507042253522 -0.0009765625 -0.0014084507042253522 -0.0009765625 -0.0014084507042253522 -0.0009765625 -0.0014084507042253522
