0  0.69921875 0.3188908145580589 0.0546875 0.12478336221837089 0.6833193359375 0.30005025996533796 0.7062158203125 0.2859844020797227 0.6934462890625 0.3266204506065858 0.693005859375 0.3445927209705373 0.7141416015625 0.33443500866551124
0  0.771484375 0.13778162911611785 0.05859375 0.15771230502599654 0.7509072265625 0.12998266897746968 0.7737861328125 0.11017504332755632 0.75537109375 0.14879896013864818 0.7620673828125 0.18247140381282495 0.7799248046875 0.16959618717504332
0  0.5849609375 0.33882149046793764 0.0390625 0.09185441941074524 -0.0009765625 -0.0017331022530329288 -0.0009765625 -0.0017331022530329288 -0.0009765625 -0.0017331022530329288 -0.0009765625 -0.0017331022530329288 -0.0009765625 -0.0017331022530329288
0  0.51611328125 0.3596187175043328 0.0283203125 0.08492201039861352 -0.0009765625 -0.0017331022530329288 -0.0009765625 -0.0017331022530329288 -0.0009765625 -0.0017331022530329288 -0.0009765625 -0.0017331022530329288 -0.0009765625 -0.0017331022530329288
0  0.47900390625 0.4532062391681109 0.0302734375 0.07105719237435008 0.4678955078125 0.4447105719237435 0.4777568359375 0.44201906412478337 0.4663779296875 0.4658024263431542 0.473205078125 0.4761230502599654 0.48230859375 0.47522530329289425
0  0.3857421875 0.4168110918544194 0.037109375 0.053726169844020795 0.3715859375 0.4057313691507799 0.383095703125 0.3997746967071057 0.3744638671875 0.4197746967071057 0.3756630859375 0.43509358752166377 0.385013671875 0.43296533795493936
0  0.27294921875 0.4930675909878683 0.0263671875 0.053726169844020795 0.2676650390625 0.4826689774696707 0.2791748046875 0.4830086655112652 0.273228515625 0.4942443674176776 0.2682412109375 0.5054783362218371 0.27783203125 0.5044558058925477
0  0.2216796875 0.561525129982669 0.015625 0.024263431542461005 -0.0009765625 -0.0017331022530329288 -0.0009765625 -0.0017331022530329288 -0.0009765625 -0.0017331022530329288 -0.0009765625 -0.0017331022530329288 -0.0009765625 -0.0017331022530329288
0  0.13232421875 0.6525129982668978 0.0126953125 0.025996533795493933 -0.0009765625 -0.0017331022530329288 -0.0009765625 -0.0017331022530329288 -0.0009765625 -0.0017331022530329288 -0.0009765625 -0.0017331022530329288 -0.0009765625 -0.0017331022530329288
0  0.84716796875 0.032062391681109186 0.0791015625 0.06412478336221837 -0.0009765625 -0.0017331022530329288 -0.0009765625 -0.0017331022530329288 -0.0009765625 -0.0017331022530329288 -0.0009765625 -0.0017331022530329288 -0.0009765625 -0.0017331022530329288
