0  0.1142578125 0.5801470588235295 0.189453125 0.31029411764705883 0.075626953125 0.5255514705882353 0.17273828125 0.5197014705882352 0.1364833984375 0.5820970588235295 0.0885751953125 0.667889705882353 0.1636748046875 0.6581411764705882
0  0.376953125 0.5426470588235294 0.09765625 0.19411764705882353 0.377759765625 0.505475 0.4116337890625 0.505475 0.4011494140625 0.5419117647058823 0.37856640625 0.5880647058823529 0.40598828125 0.5880647058823529
0  0.71923828125 0.3411764705882353 0.0166015625 0.026470588235294117 0.7198095703125 0.3393779411764706 0.724400390625 0.3393779411764706 0.7233408203125 0.3457588235294118 0.720515625 0.3503676470588235 0.7247529296875 0.3498352941176471
0  0.65185546875 0.3875 0.0146484375 0.025 -0.0009765625 -0.0014705882352941176 -0.0009765625 -0.0014705882352941176 -0.0009765625 -0.0014705882352941176 -0.0009765625 -0.0014705882352941176 -0.0009765625 -0.0014705882352941176
0  0.736328125 0.5286764705882353 0.087890625 0.1661764705882353 0.74158984375 0.51615 0.7762490234375 0.5140617647058824 0.767931640625 0.5485102941176471 0.743669921875 0.5777382352941177 0.7707041015625 0.57565
0  0.9111328125 0.39705882352941174 0.025390625 0.058823529411764705 -0.0009765625 -0.0014705882352941176 -0.0009765625 -0.0014705882352941176 -0.0009765625 -0.0014705882352941176 -0.0009765625 -0.0014705882352941176 -0.0009765625 -0.0014705882352941176
0  0.82470703125 0.46176470588235297 0.0556640625 0.09411764705882353 0.831673828125 0.46176470588235297 0.84619140625 0.4582191176470588 0.84540625 0.4718088235294117 0.8257880859375 0.4924897058823529 0.84540625 0.48835294117647055
0  0.93212890625 0.39044117647058824 0.0126953125 0.022058823529411766 -0.0009765625 -0.0014705882352941176 -0.0009765625 -0.0014705882352941176 -0.0009765625 -0.0014705882352941176 -0.0009765625 -0.0014705882352941176 -0.0009765625 -0.0014705882352941176
0  0.890625 0.41323529411764703 0.015625 0.023529411764705882 -0.0009765625 -0.0014705882352941176 -0.0009765625 -0.0014705882352941176 -0.0009765625 -0.0014705882352941176 -0.0009765625 -0.0014705882352941176 -0.0009765625 -0.0014705882352941176
0  0.21630859375 0.4485294117647059 0.0341796875 0.07647058823529412 -0.0009765625 -0.0014705882352941176 -0.0009765625 -0.0014705882352941176 -0.0009765625 -0.0014705882352941176 -0.0009765625 -0.0014705882352941176 -0.0009765625 -0.0014705882352941176
0  0.82177734375 0.3683823529411765 0.0185546875 0.03676470588235294 -0.0009765625 -0.0014705882352941176 -0.0009765625 -0.0014705882352941176 -0.0009765625 -0.0014705882352941176 -0.0009765625 -0.0014705882352941176 -0.0009765625 -0.0014705882352941176
