0  0.1396484375 0.36074270557029176 0.01953125 0.03713527851458886 0.14219921875 0.3627493368700265 0.1479189453125 0.36226392572944294 0.1472041015625 0.37076127320954905 0.14434375 0.37658620689655176 0.149169921875 0.37634350132625993
0  0.2451171875 0.47944297082228116 0.095703125 0.17108753315649866 0.2139892578125 0.4777029177718833 0.2520751953125 0.46584880636604775 0.2298583984375 0.5067970822281167 0.225890625 0.5402015915119364 0.2647705078125 0.5272705570291777
0  0.37255859375 0.3759946949602122 0.0302734375 0.04111405835543767 0.36669921875 0.3701206896551725 0.3807021484375 0.36751591511936343 0.3732216796875 0.37689522546419096 0.3688095703125 0.3880968169761273 0.380126953125 0.38653315649867376
0  0.48046875 0.3647214854111406 0.029296875 0.03978779840848806 0.4696220703125 0.35951061007957563 0.4788291015625 0.3571671087533156 0.4707724609375 0.368368700265252 0.4728828125 0.3767055702917772 0.47825390625 0.3735795755968169
0  0.1875 0.373342175066313 0.01953125 0.01989389920424403 0.1826171875 0.37002652519893897 0.189453125 0.3713527851458886 0.185546875 0.3740053050397878 0.1826171875 0.3806366047745358 0.1884765625 0.3806366047745358
0  0.1044921875 0.37002652519893897 0.01171875 0.01856763925729443 -0.0009765625 -0.001326259946949602 -0.0009765625 -0.001326259946949602 -0.0009765625 -0.001326259946949602 -0.0009765625 -0.001326259946949602 -0.0009765625 -0.001326259946949602
0  0.560546875 0.43103448275862066 0.0390625 0.058355437665782495 0.5466005859375 0.4188076923076923 0.5573125 0.42029973474801063 0.54412890625 0.43261007957559683 0.5487978515625 0.44641114058355436 0.554015625 0.44641114058355436
0  0.923828125 0.5603448275862069 0.12109375 0.2002652519893899 0.8745810546875 0.53834350132626 0.910626953125 0.5496405835543766 0.8616416015625 0.5810198938992043 0.880126953125 0.6161657824933687 0.910626953125 0.6236976127320955
0  0.65625 0.6810344827586207 0.123046875 0.17904509283819628 0.6074658203125 0.6209031830238727 0.64160546875 0.6333421750663131 0.5958076171875 0.6695305039787799 0.6057998046875 0.7079801061007958 0.636609375 0.7192891246684351
0  0.68212890625 0.42572944297082227 0.0224609375 0.058355437665782495 -0.0009765625 -0.001326259946949602 -0.0009765625 -0.001326259946949602 -0.0009765625 -0.001326259946949602 -0.0009765625 -0.001326259946949602 -0.0009765625 -0.001326259946949602
0  0.775390625 0.40716180371352784 0.05078125 0.06896551724137931 0.7578125 0.3859416445623342 0.775390625 0.38461538461538464 0.7578125 0.40318302387267907 0.7587890625 0.4204244031830239 0.7734375 0.4204244031830239
0  0.5869140625 0.363395225464191 0.017578125 0.03713527851458886 -0.0009765625 -0.001326259946949602 -0.0009765625 -0.001326259946949602 -0.0009765625 -0.001326259946949602 -0.0009765625 -0.001326259946949602 -0.0009765625 -0.001326259946949602
0  0.541015625 0.35344827586206895 0.03125 0.05172413793103448 0.5341796875 0.34748010610079577 0.5458984375 0.34615384615384615 0.537109375 0.35809018567639256 0.533203125 0.3647214854111406 0.54296875 0.3647214854111406
0  0.62109375 0.3587533156498674 0.013671875 0.025198938992042442 -0.0009765625 -0.001326259946949602 -0.0009765625 -0.001326259946949602 -0.0009765625 -0.001326259946949602 -0.0009765625 -0.001326259946949602 -0.0009765625 -0.001326259946949602
0  0.37744140625 0.1783819628647215 0.0107421875 0.017241379310344827 -0.0009765625 -0.001326259946949602 -0.0009765625 -0.001326259946949602 -0.0009765625 -0.001326259946949602 -0.0009765625 -0.001326259946949602 -0.0009765625 -0.001326259946949602
0  0.38671875 0.2513262599469496 0.009765625 0.014588859416445624 -0.0009765625 -0.001326259946949602 -0.0009765625 -0.001326259946949602 -0.0009765625 -0.001326259946949602 -0.0009765625 -0.001326259946949602 -0.0009765625 -0.001326259946949602
0  0.4375 0.2964190981432361 0.00390625 0.003978779840848806 -0.0009765625 -0.001326259946949602 -0.0009765625 -0.001326259946949602 -0.0009765625 -0.001326259946949602 -0.0009765625 -0.001326259946949602 -0.0009765625 -0.001326259946949602
0  0.4443359375 0.256631299734748 0.005859375 0.009283819628647215 -0.0009765625 -0.001326259946949602 -0.0009765625 -0.001326259946949602 -0.0009765625 -0.001326259946949602 -0.0009765625 -0.001326259946949602 -0.0009765625 -0.001326259946949602
0  0.4248046875 0.27122015915119363 0.00390625 0.006631299734748011 -0.0009765625 -0.001326259946949602 -0.0009765625 -0.001326259946949602 -0.0009765625 -0.001326259946949602 -0.0009765625 -0.001326259946949602 -0.0009765625 -0.001326259946949602
0  0.1513671875 0.2891246684350133 0.005859375 0.007957559681697613 -0.0009765625 -0.001326259946949602 -0.0009765625 -0.001326259946949602 -0.0009765625 -0.001326259946949602 -0.0009765625 -0.001326259946949602 -0.0009765625 -0.001326259946949602
