0  0.98828125 0.37117903930131 0.0234375 0.08733624454148471 -0.0009765625 -0.001455604075691412 -0.0009765625 -0.001455604075691412 -0.0009765625 -0.001455604075691412 -0.0009765625 -0.001455604075691412 -0.0009765625 -0.001455604075691412
0  0.94970703125 0.3282387190684134 0.0732421875 0.10043668122270742 0.942322265625 0.3138646288209607 0.97344921875 0.31045269286754 0.9592587890625 0.33706259097525476 0.94140625 0.3568500727802038 0.96795703125 0.3541208151382824
0  0.892578125 0.40975254730713245 0.107421875 0.1848617176128093 0.8902236328125 0.3774439592430858 0.9365234375 0.3774439592430858 0.9294609375 0.4078544395924309 0.90042578125 0.456981077147016 0.933384765625 0.4534730713245997
0  0.7470703125 0.41120815138282385 0.056640625 0.09461426491994178 0.7329453125 0.39792576419213976 0.7630263671875 0.3925458515283842 0.749791015625 0.409882096069869 0.7381591796875 0.4343944687045123 0.7618232421875 0.43379621542940316
0  0.69384765625 0.38719068413391555 0.0380859375 0.055312954876273655 0.685546875 0.37117903930131 0.701171875 0.37117903930131 0.693359375 0.38427947598253276 0.6884765625 0.39592430858806404 0.6982421875 0.39446870451237265
0  0.64111328125 0.38064046579330424 0.0419921875 0.06259097525473072 0.636326171875 0.3649141193595342 0.6549423828125 0.3661033478893741 0.6488251953125 0.38116739446870457 0.6387197265625 0.3958340611353712 0.6517509765625 0.3962299854439592
0  0.58203125 0.4315866084425036 0.044921875 0.08879184861717612 0.5746806640625 0.4107409024745269 0.5986767578125 0.40794614264919943 0.589677734375 0.4325356622998544 0.5791796875 0.4498602620087336 0.593802734375 0.4476244541484716
0  0.60888671875 0.3675400291120815 0.0185546875 0.027656477438136828 -0.0009765625 -0.001455604075691412 -0.0009765625 -0.001455604075691412 -0.0009765625 -0.001455604075691412 -0.0009765625 -0.001455604075691412 -0.0009765625 -0.001455604075691412
0  0.521484375 0.31222707423580787 0.09765625 0.16448326055312956 0.497427734375 0.28907423580786024 0.5480302734375 0.28184133915574966 0.5300078125 0.31800436681222705 0.511291015625 0.3582998544395924 0.5487236328125 0.3510669577874818
0  0.400390625 0.3697234352256186 0.064453125 0.10771470160116449 0.3922294921875 0.346745269286754 0.42578125 0.34877292576419217 0.4108193359375 0.36837117903930133 0.39404296875 0.39202474526928677 0.4185263671875 0.3954046579330422
0  0.34814453125 0.37190684133915575 0.0185546875 0.036390101892285295 -0.0009765625 -0.001455604075691412 -0.0009765625 -0.001455604075691412 -0.0009765625 -0.001455604075691412 -0.0009765625 -0.001455604075691412 -0.0009765625 -0.001455604075691412
0  0.326171875 0.36026200873362446 0.02734375 0.04512372634643377 0.3204169921875 0.3506710334788937 0.3336533203125 0.35009898107714704 0.32808984375 0.35724745269286756 0.3221435546875 0.37011353711790396 0.3338447265625 0.3692561863173217
0  0.32177734375 0.32532751091703055 0.0185546875 0.033478893740902474 -0.0009765625 -0.001455604075691412 -0.0009765625 -0.001455604075691412 -0.0009765625 -0.001455604075691412 -0.0009765625 -0.001455604075691412 -0.0009765625 -0.001455604075691412
0  0.2900390625 0.3799126637554585 0.033203125 0.049490538573508006 0.287109375 0.3697234352256186 0.30078125 0.3682678311499272 0.29296875 0.38427947598253276 0.2890625 0.3915574963609898 0.296875 0.3915574963609898
0  0.25048828125 0.3311499272197962 0.0537109375 0.08296943231441048 0.235875 0.31864046579330424 0.262712890625 0.314429403202329 0.25 0.33285298398835517 0.2432900390625 0.35285443959243085 0.2620068359375 0.3449592430858806
0  0.177734375 0.2540029112081514 0.083984375 0.1470160116448326 0.16203125 0.2255924308588064 0.2059853515625 0.2255924308588064 0.1855556640625 0.25327510917030566 0.16326953125 0.28649344978165936 0.2004130859375 0.28649344978165936
0  0.1279296875 0.3165938864628821 0.05859375 0.10043668122270742 0.1171875 0.29985443959243085 0.1396484375 0.30131004366812225 0.130859375 0.3173216885007278 0.12109375 0.33478893740902477 0.1357421875 0.33478893740902477
0  0.0146484375 0.1812227074235808 0.029296875 0.23435225618631733 -0.0009765625 -0.001455604075691412 -0.0009765625 -0.001455604075691412 -0.0009765625 -0.001455604075691412 -0.0009765625 -0.001455604075691412 -0.0009765625 -0.001455604075691412
0  0.046875 0.34497816593886466 0.056640625 0.09315866084425037 -0.0009765625 -0.001455604075691412 -0.0009765625 -0.001455604075691412 -0.0009765625 -0.001455604075691412 -0.0009765625 -0.001455604075691412 -0.0009765625 -0.001455604075691412
