0  0.9814453125 0.5512152777777778 0.03125 0.0954861111111111 0.9788203125 0.5279947916666666 0.9788203125 0.5273975694444445 0.9647216796875 0.5399305555555556 0.9754638671875 0.5632048611111111 0.9754638671875 0.5632048611111111
0  0.93798828125 0.4583333333333333 0.0244140625 0.04861111111111111 0.932408203125 0.4524427083333334 0.942173828125 0.4543038194444444 0.9350234375 0.46298437499999995 0.93258203125 0.47321354166666674 0.9393837890625 0.4741440972222223
0  0.85595703125 0.6684027777777778 0.0400390625 0.0798611111111111 -0.0009765625 -0.001736111111111111 -0.0009765625 -0.001736111111111111 -0.0009765625 -0.001736111111111111 -0.0009765625 -0.001736111111111111 -0.0009765625 -0.001736111111111111
0  0.83837890625 0.4548611111111111 0.0166015625 0.034722222222222224 -0.0009765625 -0.001736111111111111 -0.0009765625 -0.001736111111111111 -0.0009765625 -0.001736111111111111 -0.0009765625 -0.001736111111111111 -0.0009765625 -0.001736111111111111
0  0.77978515625 0.5460069444444444 0.0244140625 0.05381944444444445 -0.0009765625 -0.001736111111111111 -0.0009765625 -0.001736111111111111 -0.0009765625 -0.001736111111111111 -0.0009765625 -0.001736111111111111 -0.0009765625 -0.001736111111111111
0  0.783203125 0.4184027777777778 0.01171875 0.027777777777777776 -0.0009765625 -0.001736111111111111 -0.0009765625 -0.001736111111111111 -0.0009765625 -0.001736111111111111 -0.0009765625 -0.001736111111111111 -0.0009765625 -0.001736111111111111
0  0.80078125 0.4375 0.01171875 0.024305555555555556 -0.0009765625 -0.001736111111111111 -0.0009765625 -0.001736111111111111 -0.0009765625 -0.001736111111111111 -0.0009765625 -0.001736111111111111 -0.0009765625 -0.001736111111111111
0  0.85205078125 0.5581597222222222 0.0205078125 0.057291666666666664 -0.0009765625 -0.001736111111111111 -0.0009765625 -0.001736111111111111 -0.0009765625 -0.001736111111111111 -0.0009765625 -0.001736111111111111 -0.0009765625 -0.001736111111111111
0  0.728515625 0.4392361111111111 0.013671875 0.034722222222222224 -0.0009765625 -0.001736111111111111 -0.0009765625 -0.001736111111111111 -0.0009765625 -0.001736111111111111 -0.0009765625 -0.001736111111111111 -0.0009765625 -0.001736111111111111
0  0.62744140625 0.5269097222222222 0.0302734375 0.05381944444444445 0.620623046875 0.5164930555555556 0.6317490234375 0.5154704861111111 0.6263779296875 0.5314982638888889 0.6238837890625 0.5420694444444445 0.631556640625 0.5420694444444445
0  0.69189453125 0.5564236111111112 0.0205078125 0.050347222222222224 -0.0009765625 -0.001736111111111111 -0.0009765625 -0.001736111111111111 -0.0009765625 -0.001736111111111111 -0.0009765625 -0.001736111111111111 -0.0009765625 -0.001736111111111111
0  0.56201171875 0.5225694444444444 0.0244140625 0.052083333333333336 -0.0009765625 -0.001736111111111111 -0.0009765625 -0.001736111111111111 -0.0009765625 -0.001736111111111111 -0.0009765625 -0.001736111111111111 -0.0009765625 -0.001736111111111111
0  0.6005859375 0.7743055555555556 0.046875 0.0798611111111111 0.582048828125 0.761671875 0.601 0.7680902777777778 0.586861328125 0.7878767361111111 0.5943818359375 0.8001770833333333 0.60370703125 0.7980381944444445
0  0.71630859375 0.6241319444444444 0.0185546875 0.057291666666666664 -0.0009765625 -0.001736111111111111 -0.0009765625 -0.001736111111111111 -0.0009765625 -0.001736111111111111 -0.0009765625 -0.001736111111111111 -0.0009765625 -0.001736111111111111
0  0.5146484375 0.5286458333333334 0.01953125 0.05381944444444445 -0.0009765625 -0.001736111111111111 -0.0009765625 -0.001736111111111111 -0.0009765625 -0.001736111111111111 -0.0009765625 -0.001736111111111111 -0.0009765625 -0.001736111111111111
0  0.51513671875 0.4835069444444444 0.0224609375 0.03993055555555555 -0.0009765625 -0.001736111111111111 -0.0009765625 -0.001736111111111111 -0.0009765625 -0.001736111111111111 -0.0009765625 -0.001736111111111111 -0.0009765625 -0.001736111111111111
0  0.548828125 0.4045138888888889 0.01171875 0.024305555555555556 -0.0009765625 -0.001736111111111111 -0.0009765625 -0.001736111111111111 -0.0009765625 -0.001736111111111111 -0.0009765625 -0.001736111111111111 -0.0009765625 -0.001736111111111111
0  0.5166015625 0.40625 0.01171875 0.027777777777777776 -0.0009765625 -0.001736111111111111 -0.0009765625 -0.001736111111111111 -0.0009765625 -0.001736111111111111 -0.0009765625 -0.001736111111111111 -0.0009765625 -0.001736111111111111
0  0.474609375 0.3958333333333333 0.0078125 0.024305555555555556 -0.0009765625 -0.001736111111111111 -0.0009765625 -0.001736111111111111 -0.0009765625 -0.001736111111111111 -0.0009765625 -0.001736111111111111 -0.0009765625 -0.001736111111111111
0  0.4375 0.6276041666666666 0.03515625 0.07118055555555555 0.4253798828125 0.6154982638888888 0.43878125 0.6199930555555555 0.42664453125 0.634828125 0.4256328125 0.6456163194444444 0.4334716796875 0.648314236111111
0  0.27490234375 0.6302083333333334 0.0341796875 0.0763888888888889 0.2609560546875 0.622015625 0.2697451171875 0.6249461805555555 0.25958203125 0.63959375 0.264251953125 0.6547309027777778 0.2675478515625 0.6537534722222222
0  0.22216796875 0.6032986111111112 0.0322265625 0.06770833333333333 0.20947265625 0.5855034722222222 0.218505859375 0.5915798611111112 0.207763671875 0.6002604166666666 0.209716796875 0.6184895833333334 0.213623046875 0.6219618055555556
0  0.0791015625 0.6154513888888888 0.025390625 0.06770833333333333 0.06982421875 0.60546875 0.077392578125 0.6067708333333334 0.070068359375 0.6232638888888888 0.071044921875 0.6328125 0.076416015625 0.6345486111111112
0  0.0166015625 0.5625 0.03125 0.059027777777777776 0.0068662109375 0.5547951388888889 0.0171201171875 0.5521371527777778 0.009216796875 0.5711267361111111 0.0096435546875 0.5836597222222222 0.0216064453125 0.577203125
0  0.12158203125 0.5086805555555556 0.0166015625 0.034722222222222224 -0.0009765625 -0.001736111111111111 -0.0009765625 -0.001736111111111111 -0.0009765625 -0.001736111111111111 -0.0009765625 -0.001736111111111111 -0.0009765625 -0.001736111111111111
0  0.0791015625 0.4722222222222222 0.017578125 0.041666666666666664 -0.0009765625 -0.001736111111111111 -0.0009765625 -0.001736111111111111 -0.0009765625 -0.001736111111111111 -0.0009765625 -0.001736111111111111 -0.0009765625 -0.001736111111111111
0  0.3134765625 0.6050347222222222 0.02734375 0.06770833333333333 -0.0009765625 -0.001736111111111111 -0.0009765625 -0.001736111111111111 -0.0009765625 -0.001736111111111111 -0.0009765625 -0.001736111111111111 -0.0009765625 -0.001736111111111111
