0  0.82177734375 0.2189119170984456 0.0380859375 0.054404145077720206 0.809587890625 0.20838730569948186 0.829267578125 0.20486010362694299 0.8170341796875 0.21508937823834198 0.8125126953125 0.22884715025906735 0.82448046875 0.22814119170984457
0  0.89501953125 0.1949481865284974 0.0400390625 0.07124352331606218 0.88773046875 0.1870841968911917 0.907453125 0.19069170984455958 0.8965712890625 0.1952020725388601 0.88875 0.20828367875647666 0.90065234375 0.21053886010362693
0  0.94140625 0.37305699481865284 0.04296875 0.06735751295336788 0.9276904296875 0.367910621761658 0.9486611328125 0.3644870466321244 0.937046875 0.37646891191709847 0.9325302734375 0.39059067357512955 0.949951171875 0.38673834196891194
0  0.88037109375 0.3484455958549223 0.0361328125 0.06476683937823834 0.8888466796875 0.338869170984456 0.8740927734375 0.3376204663212435 0.8788017578125 0.3496943005181347 0.8740927734375 0.36385103626943 0.8853935546875 0.3630181347150259
0  0.9453125 0.49352331606217614 0.041015625 0.08808290155440414 0.936802734375 0.4868613989637306 0.9560546875 0.4863069948186528 0.945591796875 0.5035155440414508 0.936802734375 0.517949481865285 0.951451171875 0.517949481865285
0  0.8154296875 0.48121761658031087 0.037109375 0.07124352331606218 0.8068759765625 0.4697966321243523 0.82478515625 0.4688834196891192 0.8161748046875 0.4839585492227979 0.809630859375 0.4985777202072539 0.8209970703125 0.49720725388601034
0  0.84033203125 0.5822538860103627 0.0556640625 0.10233160621761658 0.826171875 0.5673575129533679 0.8505859375 0.5699481865284974 0.8349609375 0.5867875647668394 0.826171875 0.6049222797927462 0.8466796875 0.6088082901554405
0  0.73046875 0.20401554404145078 0.037109375 0.07124352331606218 0.720947265625 0.19705310880829016 0.740330078125 0.20111269430051812 0.7287685546875 0.20968264248704663 0.721626953125 0.22095854922279795 0.733869140625 0.22321373056994817
0  0.78662109375 0.3860103626943005 0.0419921875 0.04922279792746114 0.77734375 0.37305699481865284 0.7958984375 0.3704663212435233 0.787109375 0.38212435233160624 0.779296875 0.3963730569948187 0.794921875 0.3963730569948187
0  0.66552734375 0.25647668393782386 0.0361328125 0.07253886010362694 0.658203125 0.24611398963730569 0.677734375 0.25129533678756477 0.6650390625 0.26295336787564766 0.65625 0.2707253886010363 0.6689453125 0.27331606217616583
0  0.6171875 0.18588082901554404 0.0390625 0.06606217616580311 0.6072822265625 0.16857901554404145 0.62894140625 0.17190932642487047 0.617640625 0.18065284974093265 0.6107353515625 0.19522538860103628 0.6229775390625 0.19730699481865285
0  0.69140625 0.3601036269430052 0.0390625 0.06735751295336788 0.685111328125 0.35197279792746117 0.7060810546875 0.3553963730569948 0.6947890625 0.3665220207253886 0.6844658203125 0.3789326424870466 0.7009189453125 0.3827836787564767
0  0.63623046875 0.34196891191709844 0.0439453125 0.07253886010362694 0.6263251953125 0.33419689119170987 0.646205078125 0.33373445595854917 0.6378349609375 0.35038860103626945 0.626673828125 0.3527020725388601 0.6493447265625 0.3527020725388601
0  0.4208984375 0.19883419689119172 0.0390625 0.07642487046632124 0.408203125 0.18911917098445596 0.4228515625 0.19041450777202074 0.412109375 0.20077720207253885 0.408203125 0.21761658031088082 0.421875 0.21632124352331605
0  0.3935546875 0.28432642487046633 0.0390625 0.06347150259067358 0.38330078125 0.27274870466321244 0.404052734375 0.27315414507772023 0.39337109375 0.28367875647668395 0.3875732421875 0.29703626943005185 0.400390625 0.2958225388601036
0  0.44482421875 0.24093264248704663 0.0400390625 0.06735751295336788 0.4365234375 0.2266839378238342 0.4560546875 0.23186528497409326 0.4423828125 0.23316062176165803 0.43359375 0.25 0.4443359375 0.2538860103626943
0  0.53173828125 0.21567357512953367 0.0380859375 0.06865284974093264 0.5224609375 0.2088497409326425 0.5433349609375 0.21016839378238342 0.532732421875 0.21939766839378239 0.5217978515625 0.23082383419689118 0.540021484375 0.23346113989637304
0  0.58984375 0.2603626943005181 0.03515625 0.06476683937823834 0.5802001953125 0.24986139896373058 0.599701171875 0.24945077720207254 0.5891767578125 0.2646424870466321 0.5820576171875 0.2736748704663212 0.59660546875 0.2749067357512954
0  0.5009765625 0.30505181347150256 0.04296875 0.07383419689119171 0.4990234375 0.3005181347150259 0.5166015625 0.2979274611398964 0.5126953125 0.3134715025906736 0.5048828125 0.3290155440414508 0.515625 0.3290155440414508
0  0.724609375 0.5103626943005182 0.041015625 0.07512953367875648 0.71875 0.5 0.7392578125 0.5090673575129534 0.7275390625 0.5168393782383419 0.71484375 0.5272020725388601 0.73046875 0.5349740932642487
0  0.6572265625 0.47538860103626945 0.037109375 0.06994818652849741 0.646876953125 0.4650142487046632 0.6672802734375 0.4654650259067358 0.65605859375 0.4794481865284974 0.647556640625 0.4871165803108808 0.6672802734375 0.4880181347150259
0  0.599609375 0.4106217616580311 0.046875 0.07512953367875648 0.5827421875 0.408568652849741 0.6053427734375 0.402479274611399 0.5926298828125 0.41746891191709845 0.5890986328125 0.4347992227979275 0.6074609375 0.43105181347150257
0  0.5576171875 0.48251295336787564 0.04296875 0.07124352331606218 0.5504765625 0.4746489637305699 0.56951953125 0.4764520725388601 0.559998046875 0.4877292746113989 0.55149609375 0.500809585492228 0.566458984375 0.5021632124352332
0  0.63720703125 0.552461139896373 0.0498046875 0.08937823834196891 0.6234130859375 0.5410466321243523 0.6473388671875 0.5444455958549222 0.6319580078125 0.5574805699481865 0.6234130859375 0.573348445595855 0.6405029296875 0.5750492227979275
0  0.33251953125 0.3704663212435233 0.0400390625 0.06735751295336788 0.3269609375 0.3641800518134715 0.3472333984375 0.36591580310880834 0.3393857421875 0.3771917098445596 0.3315390625 0.38760103626943004 0.3446171875 0.3893354922279793
0  0.43994140625 0.4319948186528497 0.0478515625 0.08160621761658031 0.4268017578125 0.41156994818652853 0.4519130859375 0.4120906735751296 0.43896484375 0.4277046632124352 0.4275859375 0.43759196891191715 0.449166015625 0.43811269430051814
0  0.333984375 0.4585492227979275 0.046875 0.08808290155440414 0.3242880859375 0.45077720207253885 0.3473076171875 0.4513329015544041 0.3355888671875 0.46410103626943006 0.3284736328125 0.4824209844559585 0.340611328125 0.4829753886010363
0  0.404296875 0.49870466321243523 0.046875 0.08031088082901554 0.3985419921875 0.48977590673575133 0.4184921875 0.4943562176165803 0.40775 0.5075867875647668 0.3985419921875 0.5177642487046632 0.4115859375 0.5198005181347151
0  0.49609375 0.49028497409326427 0.04296875 0.07383419689119171 0.4902255859375 0.4829002590673575 0.51070703125 0.48383678756476683 0.5011728515625 0.4922681347150259 0.4937568359375 0.5086632124352332 0.50717578125 0.5105362694300518
0  0.2333984375 0.13665803108808292 0.041015625 0.05569948186528497 0.224666015625 0.11772538860103628 0.24620703125 0.11666709844559585 0.2363671875 0.1325401554404145 0.228123046875 0.14523963730569947 0.24594140625 0.14382901554404146
0  0.23779296875 0.22020725388601037 0.0380859375 0.07253886010362694 0.2284462890625 0.20817875647668393 0.2486748046875 0.20956735751295336 0.2396064453125 0.2183562176165803 0.2308876953125 0.23130958549222796 0.24658203125 0.2322357512953368
0  0.24560546875 0.4365284974093264 0.0380859375 0.08290155440414508 0.2412109375 0.422279792746114 0.2587890625 0.4209844559585492 0.2529296875 0.43523316062176165 0.248046875 0.4494818652849741 0.259765625 0.4481865284974093
0  0.22021484375 0.4740932642487047 0.0654296875 0.11917098445595854 0.2094462890625 0.4613251295336787 0.240287109375 0.456779792746114 0.226580078125 0.48405181347150256 0.2151572265625 0.5045051813471503 0.23914453125 0.5007176165803109
0  0.13330078125 0.18911917098445596 0.0380859375 0.07253886010362694 0.123046875 0.1821800518134715 0.144322265625 0.18356735751295336 0.133509765625 0.19975906735751295 0.1282783203125 0.20993652849740932 0.14013671875 0.21040025906735751
0  0.0830078125 0.2616580310880829 0.041015625 0.08290155440414508 0.0732421875 0.24740932642487046 0.09375 0.25 0.087890625 0.25906735751295334 0.080078125 0.27979274611398963 0.0927734375 0.27979274611398963
0  0.140625 0.3225388601036269 0.041015625 0.07512953367875648 0.131330078125 0.31602720207253887 0.152421875 0.31934715025906735 0.14276953125 0.32740803108808286 0.132759765625 0.33926295336787565 0.14884765625 0.34115932642487046
0  0.05078125 0.37759067357512954 0.0390625 0.07124352331606218 0.047912109375 0.3670194300518135 0.0649150390625 0.3706282383419689 0.060154296875 0.3828069948186528 0.0482529296875 0.39363212435233164 0.0608349609375 0.3958873056994819
0  0.1455078125 0.4319948186528497 0.052734375 0.09196891191709844 0.132759765625 0.4197810880829016 0.1532509765625 0.42093782383419687 0.144966796875 0.43539507772020725 0.1353759765625 0.4544779792746114 0.1497626953125 0.45390025906735754
0  0.0810546875 0.5019430051813472 0.041015625 0.07124352331606218 0.0725966796875 0.49452979274611397 0.0943603515625 0.49949093264248706 0.0851787109375 0.5040012953367876 0.0756572265625 0.516630829015544 0.0912998046875 0.5179844559585493
0  0.013671875 0.38277202072538863 0.02734375 0.07901554404145078 0.004490234375 0.3775440414507772 0.021166015625 0.37557772020725394 0.01708984375 0.3888497409326425 0.0078251953125 0.4050699481865285 0.0219072265625 0.4031036269430052
