0  0.251953125 0.4411764705882353 0.0625 0.07941176470588235 0.244720703125 0.44940294117647056 0.2689208984375 0.45 0.25701953125 0.46493529411764706 0.2451171875 0.47270294117647055 0.258208984375 0.47509117647058824
0  0.54248046875 0.20808823529411766 0.0419921875 0.07794117647058824 0.5532578125 0.18639705882352942 0.5598837890625 0.1849 0.56419140625 0.20585588235294117 0.5516005859375 0.22331911764705883 0.557896484375 0.220325
0  0.64013671875 0.2713235294117647 0.0537109375 0.11029411764705882 -0.0009765625 -0.0014705882352941176 -0.0009765625 -0.0014705882352941176 -0.0009765625 -0.0014705882352941176 -0.0009765625 -0.0014705882352941176 -0.0009765625 -0.0014705882352941176
0  0.984375 0.25073529411764706 0.03125 0.13088235294117648 -0.0009765625 -0.0014705882352941176 -0.0009765625 -0.0014705882352941176 -0.0009765625 -0.0014705882352941176 -0.0009765625 -0.0014705882352941176 -0.0009765625 -0.0014705882352941176
0  0.8623046875 0.0661764705882353 0.02734375 0.052941176470588235 0.8620390625 0.05874411764705882 0.87293359375 0.05907941176470588 0.871376953125 0.0707985294117647 0.8640400390625 0.08017352941176471 0.868708984375 0.08084264705882353
0  0.98828125 0.04044117647058824 0.01953125 0.051470588235294115 -0.0009765625 -0.0014705882352941176 -0.0009765625 -0.0014705882352941176 -0.0009765625 -0.0014705882352941176 -0.0009765625 -0.0014705882352941176 -0.0009765625 -0.0014705882352941176
0  0.6640625 0.12352941176470589 0.02734375 0.06470588235294118 0.66796875 0.10873235294117647 0.67593359375 0.10666323529411766 0.6767578125 0.11783088235294117 0.6668701171875 0.13065294117647058 0.6764833984375 0.129825
0  0.48291015625 0.1323529411764706 0.0322265625 0.052941176470588235 0.4794921875 0.1161764705882353 0.494140625 0.1161764705882353 0.490234375 0.13088235294117648 0.4814453125 0.14411764705882352 0.4921875 0.14411764705882352
0  0.13134765625 0.16911764705882354 0.0400390625 0.08235294117647059 0.121560546875 0.1564529411764706 0.138091796875 0.14556176470588236 0.13878125 0.1652705882352941 0.1322373046875 0.1870529411764706 0.1446357421875 0.17927352941176472
0  0.20556640625 0.08970588235294118 0.0341796875 0.061764705882352944 0.207650390625 0.07502647058823529 0.22051171875 0.07308970588235295 0.218453125 0.09245735294117648 0.20687890625 0.10330294117647058 0.2192255859375 0.10330294117647058
0  0.30810546875 0.07867647058823529 0.0283203125 0.051470588235294115 0.305873046875 0.06678088235294118 0.3172080078125 0.06940588235294118 0.3111044921875 0.0815514705882353 0.303693359375 0.08680441176470588 0.3135029296875 0.08811764705882354
0  0.03125 0.030882352941176472 0.0234375 0.061764705882352944 0.03294140625 0.023305882352941176 0.0342490234375 0.02265 0.042533203125 0.032497058823529414 0.03403125 0.04759705882352941 0.03512109375 0.04726911764705882
0  0.15771484375 0.027941176470588237 0.0302734375 0.05588235294117647 0.1533203125 0.016176470588235296 0.166015625 0.013235294117647059 0.162109375 0.025 0.1552734375 0.03676470588235294 0.1669921875 0.033823529411764704
0  0.0986328125 0.03161764705882353 0.033203125 0.051470588235294115 0.0932314453125 0.02224264705882353 0.1081845703125 0.020633823529411767 0.1017763671875 0.03028529411764706 0.097716796875 0.04283088235294118 0.10626171875 0.042188235294117644
0  0.23876953125 0.006617647058823529 0.0205078125 0.013235294117647059 -0.0009765625 -0.0014705882352941176 -0.0009765625 -0.0014705882352941176 -0.0009765625 -0.0014705882352941176 -0.0009765625 -0.0014705882352941176 -0.0009765625 -0.0014705882352941176
0  0.625 0.030882352941176472 0.0234375 0.041176470588235294 -0.0009765625 -0.0014705882352941176 -0.0009765625 -0.0014705882352941176 -0.0009765625 -0.0014705882352941176 -0.0009765625 -0.0014705882352941176 -0.0009765625 -0.0014705882352941176
