0  0.96875 0.14322916666666666 0.02734375 0.057291666666666664 0.96484375 0.13020833333333334 0.9794921875 0.1284722222222222 0.9736328125 0.1423611111111111 0.966796875 0.15625 0.9775390625 0.1545138888888889
0  0.90234375 0.11284722222222222 0.03125 0.05555555555555555 0.892578125 0.10243055555555555 0.91015625 0.10243055555555555 0.90234375 0.11284722222222222 0.896484375 0.13368055555555555 0.9072265625 0.13368055555555555
0  0.9248046875 0.06510416666666667 0.03515625 0.06076388888888889 0.9197470703125 0.047309027777777776 0.9317626953125 0.051743055555555556 0.9260947265625 0.06262326388888889 0.9183876953125 0.07511805555555556 0.9292685546875 0.0783420138888889
0  0.91015625 0.1657986111111111 0.03515625 0.0642361111111111 0.9022744140625 0.15338194444444445 0.9186796875 0.15379340277777775 0.9108232421875 0.16611631944444447 0.9048154296875 0.18049305555555556 0.9168310546875 0.18131597222222223
0  0.84716796875 0.109375 0.0322265625 0.0625 0.84138671875 0.09625347222222222 0.8558388671875 0.09506770833333333 0.848501953125 0.1081111111111111 0.84138671875 0.12352777777777778 0.854283203125 0.12352777777777778
0  0.85302734375 0.035590277777777776 0.0224609375 0.046875 0.8448662109375 0.024182291666666668 0.8540478515625 0.024182291666666668 0.84690625 0.035970486111111116 0.8455458984375 0.04836284722222222 0.852517578125 0.048664930555555555
0  0.80322265625 0.10590277777777778 0.0341796875 0.06597222222222222 0.799369140625 0.08926215277777777 0.8118369140625 0.08755729166666666 0.80728125 0.10290277777777777 0.800328125 0.12123263888888888 0.812796875 0.12038020833333334
0  0.9052734375 0.2482638888888889 0.033203125 0.06597222222222222 0.90009375 0.23487152777777778 0.9151611328125 0.23528993055555553 0.910453125 0.24659027777777778 0.903154296875 0.26709722222222226 0.91492578125 0.26667881944444444
0  0.86474609375 0.2803819444444444 0.0419921875 0.07465277777777778 0.852779296875 0.26824479166666665 0.8721923828125 0.27108159722222225 0.8591611328125 0.28006423611111114 0.85118359375 0.3041753472222222 0.867671875 0.3093767361111111
0  0.73583984375 0.11979166666666667 0.0341796875 0.07291666666666667 0.73046875 0.1111111111111111 0.744140625 0.109375 0.73828125 0.12152777777777778 0.7314453125 0.140625 0.74609375 0.1388888888888889
0  0.7490234375 0.08854166666666667 0.025390625 0.05555555555555555 -0.0009765625 -0.001736111111111111 -0.0009765625 -0.001736111111111111 -0.0009765625 -0.001736111111111111 -0.0009765625 -0.001736111111111111 -0.0009765625 -0.001736111111111111
0  0.6962890625 0.1545138888888889 0.03125 0.06944444444444445 0.6905908203125 0.143484375 0.70376171875 0.146578125 0.698791015625 0.15673784722222223 0.6915849609375 0.17308333333333334 0.7020224609375 0.1726423611111111
0  0.77197265625 0.2578125 0.0380859375 0.06770833333333333 0.763802734375 0.24715625 0.7798681640625 0.2458767361111111 0.773154296875 0.260796875 0.765001953125 0.27827430555555555 0.7808271484375 0.2795520833333333
0  0.72265625 0.28125 0.041015625 0.0798611111111111 0.709419921875 0.2720416666666667 0.72697265625 0.2648802083333333 0.7174765625 0.2817621527777778 0.7151748046875 0.302734375 0.725533203125 0.2991527777777778
0  0.65380859375 0.21006944444444445 0.0302734375 0.05555555555555555 0.644810546875 0.1950954861111111 0.6594501953125 0.19580902777777778 0.651427734375 0.21256597222222223 0.646615234375 0.22219097222222223 0.65583984375 0.22290451388888888
0  0.630859375 0.059027777777777776 0.03125 0.0625 0.6232080078125 0.045836805555555554 0.6393828125 0.04172916666666667 0.6317578125 0.056517361111111115 0.628060546875 0.0704826388888889 0.637302734375 0.07007291666666667
0  0.59716796875 0.04079861111111111 0.0283203125 0.050347222222222224 0.5897216796875 0.024088541666666668 0.601806640625 0.020182291666666668 0.5966796875 0.038411458333333336 0.591552734375 0.051432291666666664 0.60272265625 0.04915277777777778
0  0.60107421875 0.11805555555555555 0.0283203125 0.059027777777777776 0.59326171875 0.103515625 0.603515625 0.10389583333333334 0.5966796875 0.11566840277777778 0.594330078125 0.1285798611111111 0.6003115234375 0.13351736111111112
0  0.5791015625 0.1623263888888889 0.03515625 0.06770833333333333 0.572021484375 0.14539930555555555 0.588623046875 0.1423611111111111 0.58154296875 0.16319444444444445 0.576171875 0.1779513888888889 0.5888671875 0.17664930555555555
0  0.58935546875 0.2864583333333333 0.0341796875 0.06597222222222222 0.5820400390625 0.27515798611111114 0.5978134765625 0.2722291666666667 0.5912216796875 0.2856215277777778 0.584865234375 0.30110763888888886 0.59687109375 0.2973402777777778
0  0.4833984375 0.2170138888888889 0.033203125 0.07291666666666667 0.479796875 0.205171875 0.496259765625 0.20471354166666667 0.489314453125 0.22300520833333332 0.4828837890625 0.23489409722222224 0.494458984375 0.23397916666666665
0  0.51806640625 0.059895833333333336 0.0341796875 0.06770833333333333 0.5107421875 0.04383680555555555 0.526123046875 0.04470486111111111 0.51953125 0.05381944444444445 0.51123046875 0.07335069444444445 0.52490234375 0.0720486111111111
0  0.55810546875 0.06684027777777778 0.0283203125 0.06076388888888889 0.5452265625 0.05734548611111111 0.5561220703125 0.059244791666666664 0.546294921875 0.07139756944444445 0.54672265625 0.08317013888888888 0.5544130859375 0.08506944444444445
0  0.490234375 0.03732638888888889 0.0234375 0.046875 0.487025390625 0.023723958333333333 0.495697265625 0.023723958333333333 0.492296875 0.038838541666666664 0.48685546875 0.050020833333333334 0.4958671875 0.05032465277777778
0  0.4931640625 0.1623263888888889 0.0234375 0.046875 -0.0009765625 -0.001736111111111111 -0.0009765625 -0.001736111111111111 -0.0009765625 -0.001736111111111111 -0.0009765625 -0.001736111111111111 -0.0009765625 -0.001736111111111111
0  0.44091796875 0.0859375 0.0302734375 0.06076388888888889 0.4360703125 0.07228125 0.4467509765625 0.07034375 0.4428271484375 0.08313194444444444 0.436505859375 0.10057118055555556 0.448712890625 0.09747048611111112
0  0.416015625 0.1371527777777778 0.03125 0.05555555555555555 0.41015625 0.1284722222222222 0.4267578125 0.1267361111111111 0.4189453125 0.13194444444444445 0.4150390625 0.15104166666666666 0.4267578125 0.14756944444444445
0  0.39794921875 0.10416666666666667 0.0341796875 0.04861111111111111 0.3933193359375 0.09128472222222223 0.4037822265625 0.087796875 0.4005126953125 0.10097395833333334 0.3976787109375 0.11453645833333333 0.40508984375 0.11066145833333334
0  0.3916015625 0.028645833333333332 0.025390625 0.050347222222222224 0.3846435546875 0.017996527777777778 0.39607421875 0.017996527777777778 0.3901103515625 0.030661458333333336 0.386134765625 0.04126388888888889 0.395412109375 0.04126388888888889
0  0.341796875 0.044270833333333336 0.03515625 0.06076388888888889 0.3354404296875 0.03075347222222222 0.350115234375 0.028777777777777777 0.3436669921875 0.043006944444444445 0.3376640625 0.05368055555555556 0.3492255859375 0.05368055555555556
0  0.29443359375 0.043402777777777776 0.0322265625 0.0625 0.2924326171875 0.032017361111111114 0.303771484375 0.030435763888888887 0.2995478515625 0.04743229166666667 0.2953232421875 0.060871527777777774 0.30555078125 0.05968576388888888
0  0.3134765625 0.1111111111111111 0.03125 0.05555555555555555 0.3058818359375 0.10402777777777777 0.3203212890625 0.0993923611111111 0.3127001953125 0.11187152777777779 0.3096923828125 0.12684375 0.31951953125 0.12292361111111111
0  0.36572265625 0.15364583333333334 0.0361328125 0.06076388888888889 0.361048828125 0.14784895833333334 0.3765302734375 0.14250868055555554 0.3705224609375 0.15770659722222222 0.3661328125 0.1712621527777778 0.3758369140625 0.16961979166666666
0  0.294921875 0.16145833333333334 0.03125 0.0625 0.29127734375 0.1526840277777778 0.3030615234375 0.1514982638888889 0.301060546875 0.1637517361111111 0.295501953125 0.17995833333333333 0.3046181640625 0.17916840277777776
0  0.353515625 0.21614583333333334 0.033203125 0.057291666666666664 0.3501669921875 0.20610069444444445 0.3623046875 0.203125 0.3587470703125 0.21763368055555554 0.3545615234375 0.22916666666666666 0.365443359375 0.2287951388888889
0  0.31689453125 0.2152777777777778 0.0322265625 0.05555555555555555 0.3145224609375 0.20957291666666666 0.32666015625 0.20882986111111113 0.322265625 0.2188732638888889 0.31787109375 0.2326388888888889 0.327916015625 0.2300347222222222
0  0.189453125 0.0703125 0.029296875 0.057291666666666664 0.1832275390625 0.06084201388888889 0.1944970703125 0.05719791666666666 0.1899892578125 0.06958333333333333 0.18712109375 0.08488368055555556 0.1951123046875 0.08160416666666666
0  0.06103515625 0.06684027777777778 0.0302734375 0.06076388888888889 0.0553671875 0.054734375 0.066703125 0.055121527777777776 0.0640869140625 0.06287152777777777 0.0584189453125 0.07333506944444444 0.0680107421875 0.072171875
0  0.1416015625 0.08506944444444445 0.03515625 0.06597222222222222 0.13510546875 0.07762847222222222 0.147814453125 0.07516493055555556 0.14434765625 0.09118402777777777 0.1360302734375 0.10268576388888889 0.1473515625 0.10227604166666666
0  0.115234375 0.0876736111111111 0.02734375 0.06076388888888889 0.109375 0.0763888888888889 0.12109375 0.07291666666666667 0.1171875 0.0920138888888889 0.1123046875 0.10590277777777778 0.123046875 0.10069444444444445
0  0.2265625 0.1328125 0.033203125 0.0642361111111111 0.220703125 0.1232638888888889 0.2353515625 0.12152777777777778 0.228515625 0.13368055555555555 0.2216796875 0.14930555555555555 0.234375 0.14930555555555555
0  0.232421875 0.0859375 0.029296875 0.05381944444444445 -0.0009765625 -0.001736111111111111 -0.0009765625 -0.001736111111111111 -0.0009765625 -0.001736111111111111 -0.0009765625 -0.001736111111111111 -0.0009765625 -0.001736111111111111
0  0.2431640625 0.06076388888888889 0.02734375 0.052083333333333336 -0.0009765625 -0.001736111111111111 -0.0009765625 -0.001736111111111111 -0.0009765625 -0.001736111111111111 -0.0009765625 -0.001736111111111111 -0.0009765625 -0.001736111111111111
0  0.03857421875 0.10503472222222222 0.0302734375 0.05381944444444445 0.0307314453125 0.09388194444444445 0.0434833984375 0.09318402777777778 0.0364208984375 0.10260069444444445 0.0324970703125 0.11864409722222222 0.0405400390625 0.1182951388888889
0  0.025390625 0.025173611111111112 0.021484375 0.046875 0.0234375 0.017361111111111112 0.03515625 0.015625 0.03515625 0.024305555555555556 0.0244140625 0.03993055555555555 0.03515625 0.041666666666666664
0  0.087890625 0.13194444444444445 0.03125 0.06597222222222222 0.0888408203125 0.12297743055555554 0.1015498046875 0.12212499999999998 0.0991513671875 0.13064930555555557 0.091478515625 0.14897916666666666 0.1034677734375 0.14983333333333335
0  0.16552734375 0.12760416666666666 0.0322265625 0.06076388888888889 0.1614814453125 0.11851215277777778 0.1752666015625 0.11930381944444443 0.1688193359375 0.13551041666666666 0.1630380859375 0.14855381944444443 0.171708984375 0.14855381944444443
0  0.17578125 0.1996527777777778 0.04296875 0.0763888888888889 0.171447265625 0.1847326388888889 0.186828125 0.1871736111111111 0.180236328125 0.19791666666666666 0.1697998046875 0.21696006944444443 0.187103515625 0.21696006944444443
0  0.1513671875 0.1953125 0.03515625 0.07118055555555555 -0.0009765625 -0.001736111111111111 -0.0009765625 -0.001736111111111111 -0.0009765625 -0.001736111111111111 -0.0009765625 -0.001736111111111111 -0.0009765625 -0.001736111111111111
0  0.0537109375 0.18489583333333334 0.033203125 0.07465277777777778 0.0473720703125 0.17638541666666666 0.063328125 0.17591319444444442 0.0569453125 0.19624305555555555 0.048435546875 0.20522569444444444 0.061466796875 0.20475347222222223
0  0.24853515625 0.22395833333333334 0.0380859375 0.0763888888888889 -0.0009765625 -0.001736111111111111 -0.0009765625 -0.001736111111111111 -0.0009765625 -0.001736111111111111 -0.0009765625 -0.001736111111111111 -0.0009765625 -0.001736111111111111
0  0.826171875 0.4149305555555556 0.048828125 0.08680555555555555 0.8170166015625 0.4003055555555555 0.837755859375 0.39810416666666665 0.828779296875 0.419015625 0.8179453125 0.43882465277777777 0.8374462890625 0.43882465277777777
0  0.7568359375 0.4270833333333333 0.044921875 0.08333333333333333 0.75319140625 0.42323958333333334 0.768607421875 0.4253472222222222 0.760009765625 0.4358871527777778 0.75319140625 0.4485364583333334 0.76416015625 0.4501180555555555
0  0.75390625 0.5546875 0.04296875 0.109375 0.75574609375 0.5315677083333333 0.772818359375 0.5294982638888889 0.772818359375 0.5550208333333333 0.758849609375 0.5819236111111111 0.7724306640625 0.5819236111111111
0  0.818359375 0.5347222222222222 0.044921875 0.10416666666666667 0.8095703125 0.5208333333333334 0.830078125 0.5190972222222222 0.8193359375 0.5399305555555556 0.8115234375 0.5642361111111112 0.8291015625 0.5642361111111112
0  0.8701171875 0.375 0.037109375 0.07291666666666667 0.8620078125 0.3601197916666667 0.8800576171875 0.35779340277777777 0.87037890625 0.3684895833333333 0.8612236328125 0.39453125 0.87744140625 0.3931354166666667
0  0.78759765625 0.3255208333333333 0.0341796875 0.057291666666666664 0.78144140625 0.3192274305555556 0.796046875 0.31767708333333333 0.7890712890625 0.32852777777777775 0.7834033203125 0.3440295138888889 0.7956103515625 0.341703125
0  0.7177734375 0.3940972222222222 0.0390625 0.09027777777777778 0.7092197265625 0.38261111111111107 0.7188984375 0.376875 0.720833984375 0.39350868055555555 0.7092197265625 0.4193177083333333 0.7163173828125 0.41415625
0  0.677734375 0.3350694444444444 0.037109375 0.08680555555555555 0.6739326171875 0.3204982638888889 0.68994140625 0.31938194444444445 0.6871162109375 0.33500694444444445 0.6739326171875 0.3567708333333333 0.6893134765625 0.361234375
0  0.609375 0.3654513888888889 0.03515625 0.07118055555555555 0.6030712890625 0.3533454861111111 0.6184951171875 0.35873958333333333 0.60888671875 0.3681788194444444 0.6038291015625 0.3758211805555556 0.614197265625 0.37672048611111114
0  0.59765625 0.4565972222222222 0.044921875 0.09027777777777778 0.5880869140625 0.45403125 0.614501953125 0.4398871527777778 0.6043173828125 0.47043923611111116 0.5934970703125 0.48401909722222225 0.6119560546875 0.47949305555555555
0  0.990234375 0.4227430555555556 0.017578125 0.08506944444444445 0.991515625 0.4077690972222222 0.9991455078125 0.4066840277777778 0.99853515625 0.42784374999999997 0.99334765625 0.4430347222222222 0.9991455078125 0.4430347222222222
0  0.91552734375 0.4869791666666667 0.0458984375 0.0954861111111111 0.9077060546875 0.4716024305555555 0.931169921875 0.47039236111111116 0.9202880859375 0.4951788194444445 0.90940625 0.5108975694444444 0.9287890625 0.5115017361111112
0  0.9248046875 0.6380208333333334 0.05078125 0.10243055555555555 0.91650390625 0.6117621527777778 0.9381103515625 0.6111111111111112 0.930419921875 0.6345486111111112 0.9212646484375 0.6599392361111112 0.936279296875 0.6592881944444444
0  0.6103515625 0.6336805555555556 0.046875 0.10069444444444445 0.59765625 0.6076388888888888 0.6083984375 0.6215277777777778 0.58984375 0.6354166666666666 0.591796875 0.6527777777777778 0.599609375 0.6649305555555556
0  0.5361328125 0.4227430555555556 0.03125 0.07465277777777778 -0.0009765625 -0.001736111111111111 -0.0009765625 -0.001736111111111111 -0.0009765625 -0.001736111111111111 -0.0009765625 -0.001736111111111111 -0.0009765625 -0.001736111111111111
0  0.42626953125 0.5 0.0537109375 0.09375 0.4189453125 0.4826388888888889 0.4423828125 0.4791666666666667 0.4345703125 0.5052083333333334 0.427734375 0.5225694444444444 0.4423828125 0.5208333333333334
0  0.4677734375 0.5095486111111112 0.041015625 0.08854166666666667 0.45804296875 0.49472916666666666 0.475306640625 0.4969618055555556 0.4652626953125 0.5086805555555556 0.45804296875 0.5349079861111111 0.47216796875 0.5337916666666667
0  0.42236328125 0.3220486111111111 0.0400390625 0.08506944444444445 0.4168701171875 0.30110763888888886 0.4339599609375 0.3016493055555556 0.4254150390625 0.3179253472222222 0.41748046875 0.34125347222222224 0.43182421875 0.3407118055555556
0  0.5029296875 0.8914930555555556 0.044921875 0.1371527777777778 0.51123046875 0.8671875 0.51611328125 0.8654513888888888 0.52197265625 0.9036458333333334 0.5068359375 0.9401041666666666 0.50927734375 0.9392361111111112
0  0.30712890625 0.8177083333333334 0.0615234375 0.13194444444444445 0.3192138671875 0.8052291666666667 0.3304091796875 0.7977656249999999 0.3360068359375 0.8301093749999999 0.3136162109375 0.8525 0.325744140625 0.8458663194444445
0  0.396484375 0.6006944444444444 0.05078125 0.10416666666666667 0.38623046875 0.5891927083333334 0.408935546875 0.5911458333333334 0.3968505859375 0.6171875 0.38330078125 0.642578125 0.406005859375 0.6458333333333334
0  0.361328125 0.5355902777777778 0.041015625 0.08506944444444445 0.3533935546875 0.5260416666666666 0.3717041015625 0.5244131944444445 0.3662109375 0.5412326388888888 0.35675 0.55859375 0.3704833984375 0.5553385416666666
0  0.36474609375 0.4644097222222222 0.0341796875 0.0642361111111111 -0.0009765625 -0.001736111111111111 -0.0009765625 -0.001736111111111111 -0.0009765625 -0.001736111111111111 -0.0009765625 -0.001736111111111111 -0.0009765625 -0.001736111111111111
0  0.32763671875 0.2907986111111111 0.0439453125 0.08506944444444445 0.3190263671875 0.2784982638888889 0.3361728515625 0.27475520833333333 0.33015625 0.2924027777777778 0.3217333984375 0.31326041666666665 0.3385791015625 0.3089809027777778
0  0.2626953125 0.2847222222222222 0.03515625 0.06597222222222222 0.2587890625 0.2725694444444444 0.2744140625 0.2725694444444444 0.2685546875 0.2916666666666667 0.26171875 0.3072916666666667 0.2763671875 0.3072916666666667
0  0.25244140625 0.3515625 0.0380859375 0.078125 -0.0009765625 -0.001736111111111111 -0.0009765625 -0.001736111111111111 -0.0009765625 -0.001736111111111111 -0.0009765625 -0.001736111111111111 -0.0009765625 -0.001736111111111111
0  0.25146484375 0.4166666666666667 0.0478515625 0.08333333333333333 0.2457890625 0.39377083333333335 0.264099609375 0.3850902777777778 0.257080078125 0.41113194444444445 0.2509765625 0.4322916666666667 0.266845703125 0.4268663194444444
0  0.13623046875 0.3159722222222222 0.0341796875 0.06597222222222222 0.1303447265625 0.30293576388888893 0.146353515625 0.30335416666666665 0.140232421875 0.31716666666666665 0.1303447265625 0.33265104166666665 0.1470595703125 0.3330694444444445
0  0.1552734375 0.3932291666666667 0.0390625 0.07118055555555555 0.1479580078125 0.3833697916666667 0.163634765625 0.3793246527777778 0.1578193359375 0.3973055555555556 0.152509765625 0.4134895833333333 0.165658203125 0.40989236111111116
0  0.078125 0.4505208333333333 0.033203125 0.06076388888888889 -0.0009765625 -0.001736111111111111 -0.0009765625 -0.001736111111111111 -0.0009765625 -0.001736111111111111 -0.0009765625 -0.001736111111111111 -0.0009765625 -0.001736111111111111
0  0.22607421875 0.6128472222222222 0.0595703125 0.11805555555555555 0.2196572265625 0.5992065972222221 0.24267578125 0.6006944444444444 0.2330498046875 0.6148315972222221 0.2242607421875 0.6356649305555555 0.241419921875 0.6349201388888889
0  0.2001953125 0.5043402777777778 0.044921875 0.0920138888888889 -0.0009765625 -0.001736111111111111 -0.0009765625 -0.001736111111111111 -0.0009765625 -0.001736111111111111 -0.0009765625 -0.001736111111111111 -0.0009765625 -0.001736111111111111
0  0.142578125 0.7378472222222222 0.0546875 0.11458333333333333 0.133169921875 0.7247256944444445 0.1493876953125 0.716796875 0.1424951171875 0.7492326388888889 0.1335751953125 0.7694149305555555 0.1554697265625 0.7643697916666666
0  0.03515625 0.6762152777777778 0.03515625 0.10243055555555555 0.026611328125 0.6519097222222222 0.044921875 0.6473524305555556 0.044189453125 0.6707899305555556 0.03173828125 0.7026909722222222 0.0474853515625 0.6974826388888888
0  0.0576171875 0.8585069444444444 0.044921875 0.11284722222222222 0.048828125 0.8472222222222222 0.068359375 0.8506944444444444 0.0576171875 0.8715277777777778 0.048828125 0.8888888888888888 0.0673828125 0.8923611111111112
0  0.38623046875 0.2230902777777778 0.0185546875 0.046875 -0.0009765625 -0.001736111111111111 -0.0009765625 -0.001736111111111111 -0.0009765625 -0.001736111111111111 -0.0009765625 -0.001736111111111111 -0.0009765625 -0.001736111111111111
0  0.94482421875 0.3871527777777778 0.0322265625 0.06944444444444445 0.9366416015625 0.3792170138888889 0.9458359375 0.37568229166666667 0.9431025390625 0.38716840277777775 0.9371376953125 0.3990954861111111 0.9478232421875 0.39688715277777775
0  0.013671875 0.4340277777777778 0.02734375 0.08333333333333333 -0.0044296875 0.4129079861111111 0.0084228515625 0.4123888888888889 0.000244140625 0.42640972222222223 -0.00296875 0.457046875 0.007546875 0.45496875000000003
0  0.0107421875 0.2690972222222222 0.021484375 0.0625 -0.0009765625 -0.001736111111111111 -0.0009765625 -0.001736111111111111 -0.0009765625 -0.001736111111111111 -0.0009765625 -0.001736111111111111 -0.0009765625 -0.001736111111111111
0  0.0078125 0.16145833333333334 0.015625 0.07291666666666667 0.0009765625 0.15625 0.0087890625 0.15625 0.0009765625 0.1701388888888889 0.0009765625 0.1857638888888889 0.009765625 0.18229166666666666
0  0.75244140625 0.043402777777777776 0.0244140625 0.07291666666666667 -0.0009765625 -0.001736111111111111 -0.0009765625 -0.001736111111111111 -0.0009765625 -0.001736111111111111 -0.0009765625 -0.001736111111111111 -0.0009765625 -0.001736111111111111
0  0.67919921875 0.013020833333333334 0.0283203125 0.026041666666666668 0.6748046875 0.001736111111111111 0.6884765625 0.001736111111111111 0.6826171875 0.001736111111111111 0.6767578125 0.013888888888888888 0.6884765625 0.012152777777777778
