0  0.69775390625 0.211340206185567 0.0576171875 0.0898379970544919 0.7097822265625 0.1953240058910162 0.7173681640625 0.19761266568483063 0.7257119140625 0.217060382916053 0.7063681640625 0.23250515463917526 0.7101611328125 0.23422091310751106
0  0.5537109375 0.21649484536082475 0.0 0.0 -0.0009765625 -0.0014727540500736377 -0.0009765625 -0.0014727540500736377 -0.0009765625 -0.0014727540500736377 -0.0009765625 -0.0014727540500736377 -0.0009765625 -0.0014727540500736377
0  0.576171875 0.26804123711340205 0.044921875 0.08541973490427099 0.5595703125 0.2621502209131075 0.5732421875 0.25625920471281294 0.564453125 0.2768777614138439 0.5654296875 0.29013254786450665 0.5751953125 0.28718703976435933
0  0.8564453125 0.25846833578792344 0.0546875 0.09572901325478646 0.8631767578125 0.2547069219440353 0.8788193359375 0.261360824742268 0.8724013671875 0.2776936671575847 0.85836328125 0.2843460972017673 0.863978515625 0.2891855670103093
0  0.27685546875 0.6192930780559647 0.1943359375 0.3225331369661267 0.318359375 0.5537555228276878 0.3544921875 0.5640648011782032 0.3701171875 0.6421207658321061 0.32421875 0.695139911634757 0.34765625 0.7025036818851251
0  0.52197265625 0.9705449189985272 0.0244140625 0.023564064801178203 0.5244140625 0.9690721649484536 0.5283203125 0.9690721649484536 0.5322265625 0.9749631811487481 0.52734375 0.979381443298969 0.5302734375 0.979381443298969
0  0.4150390625 0.6929307805596465 0.029296875 0.060382916053019146 0.416015625 0.6833578792341679 0.4228515625 0.6759941089837997 0.423828125 0.6921944035346097 0.419921875 0.7039764359351989 0.423828125 0.6995581737849779
0  0.03466796875 0.5773195876288659 0.0498046875 0.14138438880706922 0.05232421875 0.5401914580265096 0.05408984375 0.5401914580265096 0.0564443359375 0.5748085419734904 0.0529130859375 0.6103122238586156 0.055267578125 0.6085360824742269
0  0.84814453125 0.8770250368188512 0.0419921875 0.07511045655375552 -0.0009765625 -0.0014727540500736377 -0.0009765625 -0.0014727540500736377 -0.0009765625 -0.0014727540500736377 -0.0009765625 -0.0014727540500736377 -0.0009765625 -0.0014727540500736377
0  0.90771484375 0.8836524300441826 0.0263671875 0.06480117820324006 -0.0009765625 -0.0014727540500736377 -0.0009765625 -0.0014727540500736377 -0.0009765625 -0.0014727540500736377 -0.0009765625 -0.0014727540500736377 -0.0009765625 -0.0014727540500736377
