0  0.2255859375 0.8670411985018727 0.046875 0.08863920099875156 -0.0009765625 -0.0012484394506866417 -0.0009765625 -0.0012484394506866417 -0.0009765625 -0.0012484394506866417 -0.0009765625 -0.0012484394506866417 -0.0009765625 -0.0012484394506866417
0  0.10888671875 0.7965043695380774 0.0517578125 0.08489388264669163 0.114318359375 0.7872297128589264 0.1325029296875 0.7834456928838951 0.1358857421875 0.799123595505618 0.1274287109375 0.8180449438202247 0.135462890625 0.8164232209737828
0  0.13916015625 0.797752808988764 0.0380859375 0.08239700374531835 0.146541015625 0.7883171036204745 0.146541015625 0.7883171036204745 0.158298828125 0.804903870162297 0.1481630859375 0.8188988764044943 0.1489736328125 0.8188988764044943
0  0.1767578125 0.7434456928838952 0.041015625 0.06367041198501873 -0.0009765625 -0.0012484394506866417 -0.0009765625 -0.0012484394506866417 -0.0009765625 -0.0012484394506866417 -0.0009765625 -0.0012484394506866417 -0.0009765625 -0.0012484394506866417
0  0.25927734375 0.7209737827715356 0.0419921875 0.08114856429463171 0.2627998046875 0.7111198501872659 0.275634765625 0.7116329588014981 0.2804482421875 0.7270149812734084 0.2648056640625 0.7434232209737828 0.2740302734375 0.7429101123595506
0  0.3212890625 0.7016229712858927 0.046875 0.07240948813982521 0.3143662109375 0.6897403245942572 0.3358154296875 0.6847128589263421 0.3343857421875 0.7029937578027465 0.322587890625 0.721274656679151 0.3372451171875 0.7185330836454431
0  0.30859375 0.7908863920099876 0.046875 0.0686641697877653 0.3075732421875 0.7741772784019975 0.3079140625 0.7741772784019975 0.324236328125 0.7841760299625468 0.3208359375 0.8046079900124844 0.321515625 0.8046079900124844
0  0.40185546875 0.7952559300873908 0.0439453125 0.06491885143570537 0.4042314453125 0.7783570536828964 0.402640625 0.779578027465668 0.418552734375 0.7897490636704121 0.417916015625 0.8072446941323346 0.4163251953125 0.8088714107365792
0  0.02783203125 0.6098626716604245 0.0361328125 0.056179775280898875 0.0232978515625 0.5997191011235955 0.0383173828125 0.597183520599251 0.0335 0.6105867665418228 0.0261318359375 0.6250786516853932 0.0391669921875 0.623629213483146
0  0.109375 0.5973782771535581 0.029296875 0.05368289637952559 -0.0009765625 -0.0012484394506866417 -0.0009765625 -0.0012484394506866417 -0.0009765625 -0.0012484394506866417 -0.0009765625 -0.0012484394506866417 -0.0009765625 -0.0012484394506866417
0  0.16162109375 0.6004993757802747 0.0341796875 0.06741573033707865 -0.0009765625 -0.0012484394506866417 -0.0009765625 -0.0012484394506866417 -0.0009765625 -0.0012484394506866417 -0.0009765625 -0.0012484394506866417 -0.0009765625 -0.0012484394506866417
0  0.1943359375 0.6198501872659176 0.029296875 0.06117353308364544 0.19264453125 0.6151410736579276 0.2052783203125 0.6159101123595505 0.2028720703125 0.6293695380774033 0.1884326171875 0.6374456928838951 0.2013681640625 0.6393682896379526
0  0.26513671875 0.616729088639201 0.0283203125 0.0599250936329588 -0.0009765625 -0.0012484394506866417 -0.0009765625 -0.0012484394506866417 -0.0009765625 -0.0012484394506866417 -0.0009765625 -0.0012484394506866417 -0.0009765625 -0.0012484394506866417
0  0.33935546875 0.6192259675405742 0.0400390625 0.06491885143570537 0.3324150390625 0.6113782771535581 0.351126953125 0.6089038701622972 0.344029296875 0.6183895131086142 0.338544921875 0.6336504369538077 0.350158203125 0.6328252184769039
0  0.35009765625 0.5468164794007491 0.0322265625 0.05493133583021224 0.347900390625 0.5388189762796505 0.3635556640625 0.5412759051186018 0.3591611328125 0.5493520599250936 0.3492734375 0.56129088639201 0.361083984375 0.5626953807740325
0  0.419921875 0.6061173533083646 0.033203125 0.05867665418227216 0.41251953125 0.5977740324594257 0.4285849609375 0.5992671660424469 0.4206982421875 0.6093495630461923 0.4136875 0.6205518102372035 0.426248046875 0.6220461922596754
0  0.4404296875 0.5986267166042447 0.017578125 0.05867665418227216 0.4385771484375 0.5922784019975031 0.436240234375 0.5922784019975031 0.43302734375 0.6004943820224719 0.4429580078125 0.6150574282147316 0.441498046875 0.6154307116104869
0  0.42822265625 0.49250936329588013 0.0341796875 0.06117353308364544 0.43085546875 0.4839538077403246 0.441986328125 0.48164669163545565 0.444994140625 0.49241448189762793 0.4359697265625 0.5062584269662921 0.441685546875 0.5054893882646692
0  0.4013671875 0.7084893882646691 0.048828125 0.06367041198501873 -0.0009765625 -0.0012484394506866417 -0.0009765625 -0.0012484394506866417 -0.0009765625 -0.0012484394506866417 -0.0009765625 -0.0012484394506866417 -0.0009765625 -0.0012484394506866417
0  0.43017578125 0.7034956304619226 0.0302734375 0.0686641697877653 0.4288330078125 0.6983845193508115 0.4291689453125 0.6979550561797753 0.4422607421875 0.7061098626716605 0.4345400390625 0.7262796504369539 0.434875 0.7254207240948815
0  0.4970703125 0.6985018726591761 0.056640625 0.08114856429463171 0.48617578125 0.6858227215980026 0.50958203125 0.6858227215980026 0.49609375 0.6959662921348315 0.48696875 0.7177752808988764 0.504822265625 0.7177752808988764
0  0.44921875 0.5012484394506866 0.021484375 0.05368289637952559 0.4466025390625 0.4898002496878901 0.4588359375 0.4921810237203496 0.460166015625 0.5003395755305867 0.44873046875 0.5125792759051186 0.4564423828125 0.5112197253433208
0  0.46240234375 0.5187265917602997 0.0166015625 0.03870162297128589 -0.0009765625 -0.0012484394506866417 -0.0009765625 -0.0012484394506866417 -0.0009765625 -0.0012484394506866417 -0.0009765625 -0.0012484394506866417 -0.0009765625 -0.0012484394506866417
0  0.5478515625 0.5337078651685393 0.037109375 0.056179775280898875 0.541783203125 0.524880149812734 0.55712890625 0.5230961298377028 0.551548828125 0.5377203495630462 0.54345703125 0.5502047440699126 0.5596396484375 0.5484219725343321
0  0.486328125 0.4225967540574282 0.02734375 0.046192259675405745 0.48170703125 0.4163932584269663 0.4937216796875 0.41491635455680403 0.4904873046875 0.422892634207241 0.484017578125 0.4335255930087391 0.4937216796875 0.4329350811485643
0  0.39453125 0.3757802746566791 0.017578125 0.03245942571785269 -0.0009765625 -0.0012484394506866417 -0.0009765625 -0.0012484394506866417 -0.0009765625 -0.0012484394506866417 -0.0009765625 -0.0012484394506866417 -0.0009765625 -0.0012484394506866417
0  0.5478515625 0.4051186017478152 0.025390625 0.03620474406991261 0.5404052734375 0.40074906367041196 0.5506591796875 0.4012172284644195 0.54425 0.40870786516853935 0.540587890625 0.4140923845193508 0.546447265625 0.4150287141073658
0  0.541015625 0.6622971285892634 0.0390625 0.066167290886392 -0.0009765625 -0.0012484394506866417 -0.0009765625 -0.0012484394506866417 -0.0009765625 -0.0012484394506866417 -0.0009765625 -0.0012484394506866417 -0.0009765625 -0.0012484394506866417
0  0.47509765625 0.9238451935081149 0.0556640625 0.07240948813982521 0.4744833984375 0.887601747815231 0.4998125 0.8848264669163546 0.5001748046875 0.9121186017478152 0.490404296875 0.9255343320848938 0.506326171875 0.924609238451935
0  0.46923828125 0.3439450686641698 0.0146484375 0.02372034956304619 -0.0009765625 -0.0012484394506866417 -0.0009765625 -0.0012484394506866417 -0.0009765625 -0.0012484394506866417 -0.0009765625 -0.0012484394506866417 -0.0009765625 -0.0012484394506866417
0  0.5166015625 0.3470661672908864 0.015625 0.024968789013732832 -0.0009765625 -0.0012484394506866417 -0.0009765625 -0.0012484394506866417 -0.0009765625 -0.0012484394506866417 -0.0009765625 -0.0012484394506866417 -0.0009765625 -0.0012484394506866417
0  0.423828125 0.3283395755305868 0.009765625 0.019975031210986267 -0.0009765625 -0.0012484394506866417 -0.0009765625 -0.0012484394506866417 -0.0009765625 -0.0012484394506866417 -0.0009765625 -0.0012484394506866417 -0.0009765625 -0.0012484394506866417
0  0.39404296875 0.3283395755305868 0.0107421875 0.019975031210986267 -0.0009765625 -0.0012484394506866417 -0.0009765625 -0.0012484394506866417 -0.0009765625 -0.0012484394506866417 -0.0009765625 -0.0012484394506866417 -0.0009765625 -0.0012484394506866417
0  0.5986328125 0.43757802746566793 0.01953125 0.04369538077403246 -0.0009765625 -0.0012484394506866417 -0.0009765625 -0.0012484394506866417 -0.0009765625 -0.0012484394506866417 -0.0009765625 -0.0012484394506866417 -0.0009765625 -0.0012484394506866417
0  0.576171875 0.35081148564294634 0.021484375 0.0299625468164794 -0.0009765625 -0.0012484394506866417 -0.0009765625 -0.0012484394506866417 -0.0009765625 -0.0012484394506866417 -0.0009765625 -0.0012484394506866417 -0.0009765625 -0.0012484394506866417
0  0.712890625 0.4781523096129838 0.03515625 0.049937578027465665 0.7141416015625 0.4740337078651686 0.7233359375 0.47339825218476905 0.7255732421875 0.4810224719101123 0.7206025390625 0.4924594257178527 0.7270634765625 0.4918239700374532
0  0.72265625 0.43008739076154806 0.01953125 0.03620474406991261 0.7250283203125 0.42609737827715355 0.7319990234375 0.42678277153558053 0.730033203125 0.4324956304619226 0.7250283203125 0.4400362047440699 0.730033203125 0.44072159800249683
0  0.7421875 0.4556803995006242 0.0234375 0.0449438202247191 0.7354736328125 0.4519300873907615 0.7463681640625 0.4513607990012485 0.7412548828125 0.4618776529338327 0.73925390625 0.46756304619225963 0.7463681640625 0.4661410736579276
0  0.77880859375 0.4700374531835206 0.0322265625 0.04868913857677903 0.779052734375 0.46285892634207243 0.7900390625 0.46285892634207243 0.79248046875 0.4712858926342072 0.78271484375 0.48064918851435706 0.7900390625 0.48002496878901374
0  0.74853515625 0.37203495630461925 0.0166015625 0.02746566791510612 -0.0009765625 -0.0012484394506866417 -0.0009765625 -0.0012484394506866417 -0.0009765625 -0.0012484394506866417 -0.0009765625 -0.0012484394506866417 -0.0009765625 -0.0012484394506866417
0  0.61669921875 0.6841448189762797 0.0498046875 0.06741573033707865 0.6031142578125 0.6693196004993758 0.623326171875 0.6722846441947565 0.60543359375 0.6790624219725343 0.5994697265625 0.6981223470661673 0.614048828125 0.6989700374531835
0  0.69287109375 0.7028714107365793 0.0400390625 0.06741573033707865 -0.0009765625 -0.0012484394506866417 -0.0009765625 -0.0012484394506866417 -0.0009765625 -0.0012484394506866417 -0.0009765625 -0.0012484394506866417 -0.0009765625 -0.0012484394506866417
0  0.755859375 0.7109862671660424 0.0390625 0.06117353308364544 0.770224609375 0.6901248439450686 0.7795498046875 0.6862796504369538 0.7807529296875 0.6997390761548065 0.772630859375 0.7151210986267166 0.7816552734375 0.7128139825218478
0  0.77392578125 0.6972534332084894 0.0341796875 0.06367041198501873 0.7511513671875 0.6986354556803994 0.7671591796875 0.6950237203495632 0.7681015625 0.7046554307116104 0.7583701171875 0.7259225967540575 0.77249609375 0.7239163545568039
0  0.5908203125 0.83458177278402 0.041015625 0.06367041198501873 -0.0009765625 -0.0012484394506866417 -0.0009765625 -0.0012484394506866417 -0.0009765625 -0.0012484394506866417 -0.0009765625 -0.0012484394506866417 -0.0009765625 -0.0012484394506866417
0  0.5712890625 0.8295880149812734 0.0390625 0.0686641697877653 0.5845947265625 0.8237465667915106 0.5849345703125 0.8237465667915106 0.5975166015625 0.8450486891385768 0.5818740234375 0.8572209737827715 0.5825546875 0.8572209737827715
0  0.65185546875 0.8414481897627965 0.0419921875 0.07240948813982521 0.6561455078125 0.8400774032459426 0.6679423828125 0.8377915106117354 0.6672275390625 0.8528739076154807 0.6590048828125 0.8652134831460674 0.66973046875 0.862470661672909
0  0.716796875 0.898876404494382 0.06640625 0.07240948813982521 0.7188896484375 0.9014619225967541 0.741490234375 0.9009275905118602 0.733119140625 0.9126978776529339 0.7188896484375 0.9250049937578028 0.740234375 0.9239338327091137
0  0.81787109375 0.8907615480649188 0.0419921875 0.07116104868913857 -0.0009765625 -0.0012484394506866417 -0.0009765625 -0.0012484394506866417 -0.0009765625 -0.0012484394506866417 -0.0009765625 -0.0012484394506866417 -0.0009765625 -0.0012484394506866417
0  0.86376953125 0.8857677902621723 0.0537109375 0.08863920099875156 0.84307421875 0.8846416978776529 0.8620078125 0.8818277153558053 0.840873046875 0.9054694132334581 0.84615625 0.9195430711610486 0.8602470703125 0.9178539325842697
0  0.78369140625 0.8333333333333334 0.0498046875 0.07116104868913857 0.7985234375 0.7991298377028714 0.814060546875 0.7946154806491885 0.8094697265625 0.8049987515605492 0.8041728515625 0.8207990012484395 0.8172392578125 0.8217016229712859
0  0.80712890625 0.8008739076154806 0.0361328125 0.066167290886392 0.7913994140625 0.8197340823970037 0.8043212890625 0.8171922596754058 0.8053154296875 0.8248177278401997 0.79736328125 0.8315942571785268 0.805646484375 0.8307478152309613
0  0.85498046875 0.7784019975031211 0.0361328125 0.06367041198501873 0.8533671875 0.7637553058676655 0.8686435546875 0.7625343320848939 0.8686435546875 0.7739263420724094 0.8555947265625 0.7902009987515606 0.8680068359375 0.7881660424469413
0  0.63134765625 0.6385767790262172 0.0380859375 0.06367041198501873 -0.0009765625 -0.0012484394506866417 -0.0009765625 -0.0012484394506866417 -0.0009765625 -0.0012484394506866417 -0.0009765625 -0.0012484394506866417 -0.0009765625 -0.0012484394506866417
0  0.95166015625 0.8764044943820225 0.0576171875 0.09238451935081149 0.9398369140625 0.860665418227216 0.9715751953125 0.8624044943820224 0.954345703125 0.8879076154806492 0.942103515625 0.9006604244694132 0.9643203125 0.9000799001248441
0  0.87744140625 0.517478152309613 0.0224609375 0.03870162297128589 0.8797431640625 0.5097428214731585 0.8849228515625 0.5094968789013733 0.8860732421875 0.5200424469413233 0.8776328125 0.5259275905118601 0.8807021484375 0.5271535580524345
0  0.75830078125 0.5168539325842697 0.0302734375 0.0449438202247191 0.7542548828125 0.5102609238451935 0.7582568359375 0.5085555555555555 0.7602578125 0.5176504369538077 0.7569228515625 0.5250411985018727 0.7602578125 0.5230511860174781
0  0.86962890625 0.47752808988764045 0.0283203125 0.04119850187265917 -0.0009765625 -0.0012484394506866417 -0.0009765625 -0.0012484394506866417 -0.0009765625 -0.0012484394506866417 -0.0009765625 -0.0012484394506866417 -0.0009765625 -0.0012484394506866417
0  0.6171875 0.5493133583021224 0.04296875 0.062421972534332085 -0.0009765625 -0.0012484394506866417 -0.0009765625 -0.0012484394506866417 -0.0009765625 -0.0012484394506866417 -0.0009765625 -0.0012484394506866417 -0.0009765625 -0.0012484394506866417
0  0.70166015625 0.3982521847690387 0.0205078125 0.0299625468164794 -0.0009765625 -0.0012484394506866417 -0.0009765625 -0.0012484394506866417 -0.0009765625 -0.0012484394506866417 -0.0009765625 -0.0012484394506866417 -0.0009765625 -0.0012484394506866417
0  0.85791015625 0.40262172284644193 0.0224609375 0.031210986267166042 0.85693359375 0.3945742821473158 0.8624267578125 0.39397128589263425 0.8665078125 0.4003920099875156 0.85866015625 0.40621098626716606 0.862583984375 0.40600998751560546
0  0.42431640625 0.36891385767790263 0.0224609375 0.02871410736579276 -0.0009765625 -0.0012484394506866417 -0.0009765625 -0.0012484394506866417 -0.0009765625 -0.0012484394506866417 -0.0009765625 -0.0012484394506866417 -0.0009765625 -0.0012484394506866417
0  0.435546875 0.3495630461922597 0.017578125 0.024968789013732832 -0.0009765625 -0.0012484394506866417 -0.0009765625 -0.0012484394506866417 -0.0009765625 -0.0012484394506866417 -0.0009765625 -0.0012484394506866417 -0.0009765625 -0.0012484394506866417
