0  0.5107421875 0.49558823529411766 0.03515625 0.061764705882352944 0.499791015625 0.4837705882352941 0.5186240234375 0.48140735294117654 0.507376953125 0.49519411764705884 0.5016220703125 0.5089808823529413 0.5120849609375 0.5077999999999999
0  0.5966796875 0.42720588235294116 0.0234375 0.054411764705882354 -0.0009765625 -0.0014705882352941176 -0.0009765625 -0.0014705882352941176 -0.0009765625 -0.0014705882352941176 -0.0009765625 -0.0014705882352941176 -0.0009765625 -0.0014705882352941176
0  0.77490234375 0.3720588235294118 0.0224609375 0.04411764705882353 0.7669150390625 0.36567794117647057 0.7806005859375 0.3679352941176471 0.7744140625 0.37527647058823527 0.7706650390625 0.3809220588235294 0.7781630859375 0.3809220588235294
0  0.8779296875 0.4294117647058823 0.025390625 0.05 -0.0009765625 -0.0014705882352941176 -0.0009765625 -0.0014705882352941176 -0.0009765625 -0.0014705882352941176 -0.0009765625 -0.0014705882352941176 -0.0009765625 -0.0014705882352941176
0  0.90771484375 0.43676470588235294 0.0263671875 0.052941176470588235 -0.0009765625 -0.0014705882352941176 -0.0009765625 -0.0014705882352941176 -0.0009765625 -0.0014705882352941176 -0.0009765625 -0.0014705882352941176 -0.0009765625 -0.0014705882352941176
0  0.6875 0.75 0.046875 0.07647058823529412 0.681693359375 0.7305676470588235 0.7010498046875 0.7417411764705882 0.6849189453125 0.7543720588235293 0.6739501953125 0.7621455882352941 0.687822265625 0.7713764705882352
0  0.04541015625 0.6154411764705883 0.0244140625 0.045588235294117645 0.0401259765625 0.6071955882352941 0.051060546875 0.606039705882353 0.0454970703125 0.61875 0.0407021484375 0.6245279411764706 0.050484375 0.6242382352941177
0  0.18115234375 0.43014705882352944 0.0302734375 0.060294117647058824 0.171578125 0.4191308823529412 0.184474609375 0.4195117647058823 0.17739453125 0.42826911764705883 0.1736015625 0.4381691176470588 0.18295703125 0.4377882352941177
0  0.3603515625 0.3845588235294118 0.029296875 0.054411764705882354 0.3480791015625 0.3727279411764706 0.35547265625 0.3720323529411765 0.3473857421875 0.3821235294117647 0.348541015625 0.392910294117647 0.3533935546875 0.392910294117647
0  0.306640625 0.31029411764705883 0.01953125 0.03529411764705882 -0.0009765625 -0.0014705882352941176 -0.0009765625 -0.0014705882352941176 -0.0009765625 -0.0014705882352941176 -0.0009765625 -0.0014705882352941176 -0.0009765625 -0.0014705882352941176
0  0.23486328125 0.3779411764705882 0.0185546875 0.03823529411764706 -0.0009765625 -0.0014705882352941176 -0.0009765625 -0.0014705882352941176 -0.0009765625 -0.0014705882352941176 -0.0009765625 -0.0014705882352941176 -0.0009765625 -0.0014705882352941176
0  0.064453125 0.3683823529411765 0.015625 0.030882352941176472 -0.0009765625 -0.0014705882352941176 -0.0009765625 -0.0014705882352941176 -0.0009765625 -0.0014705882352941176 -0.0009765625 -0.0014705882352941176 -0.0009765625 -0.0014705882352941176
0  0.49609375 0.3382352941176471 0.021484375 0.03823529411764706 0.4906357421875 0.3330220588235294 0.50123828125 0.3325235294117647 0.4961025390625 0.3395088235294118 0.4932861328125 0.34699264705882354 0.499083984375 0.3467441176470588
0  0.53564453125 0.33308823529411763 0.0185546875 0.033823529411764704 -0.0009765625 -0.0014705882352941176 -0.0009765625 -0.0014705882352941176 -0.0009765625 -0.0014705882352941176 -0.0009765625 -0.0014705882352941176 -0.0009765625 -0.0014705882352941176
0  0.54736328125 0.3205882352941177 0.0185546875 0.03235294117647059 -0.0009765625 -0.0014705882352941176 -0.0009765625 -0.0014705882352941176 -0.0009765625 -0.0014705882352941176 -0.0009765625 -0.0014705882352941176 -0.0009765625 -0.0014705882352941176
0  0.52197265625 0.27941176470588236 0.0126953125 0.026470588235294117 -0.0009765625 -0.0014705882352941176 -0.0009765625 -0.0014705882352941176 -0.0009765625 -0.0014705882352941176 -0.0009765625 -0.0014705882352941176 -0.0009765625 -0.0014705882352941176
0  0.884765625 0.3095588235294118 0.017578125 0.033823529411764704 -0.0009765625 -0.0014705882352941176 -0.0009765625 -0.0014705882352941176 -0.0009765625 -0.0014705882352941176 -0.0009765625 -0.0014705882352941176 -0.0009765625 -0.0014705882352941176
0  0.05517578125 0.3205882352941177 0.0166015625 0.03529411764705882 -0.0009765625 -0.0014705882352941176 -0.0009765625 -0.0014705882352941176 -0.0009765625 -0.0014705882352941176 -0.0009765625 -0.0014705882352941176 -0.0009765625 -0.0014705882352941176
0  0.0625 0.31323529411764706 0.021484375 0.047058823529411764 -0.0009765625 -0.0014705882352941176 -0.0009765625 -0.0014705882352941176 -0.0009765625 -0.0014705882352941176 -0.0009765625 -0.0014705882352941176 -0.0009765625 -0.0014705882352941176
0  0.74072265625 0.44338235294117645 0.0322265625 0.06323529411764706 0.7323955078125 0.4279941176470588 0.7461806640625 0.42758676470588236 0.738072265625 0.4414264705882353 0.731314453125 0.4540441176470588 0.742396484375 0.4548588235294117
0  0.62646484375 0.3352941176470588 0.0146484375 0.03529411764705882 -0.0009765625 -0.0014705882352941176 -0.0009765625 -0.0014705882352941176 -0.0009765625 -0.0014705882352941176 -0.0009765625 -0.0014705882352941176 -0.0009765625 -0.0014705882352941176
0  0.60546875 0.32132352941176473 0.015625 0.033823529411764704 0.6029052734375 0.31478529411764705 0.609130859375 0.31322205882352944 0.6070556640625 0.32081176470588235 0.60512890625 0.3281779411764706 0.6098720703125 0.32706176470588233
