0  0.43994140625 0.3486238532110092 0.0166015625 0.03669724770642202 0.436095703125 0.3447538226299694 0.4437255859375 0.3447538226299694 0.440826171875 0.3531162079510703 0.4374697265625 0.359565749235474 0.44403125 0.35932721712538224
0  0.49853515625 0.386085626911315 0.0322265625 0.07492354740061162 -0.0009765625 -0.0015290519877675841 -0.0009765625 -0.0015290519877675841 -0.0009765625 -0.0015290519877675841 -0.0009765625 -0.0015290519877675841 -0.0009765625 -0.0015290519877675841
0  0.55908203125 0.3409785932721712 0.0185546875 0.039755351681957186 0.556265625 0.33734709480122327 0.565708984375 0.3386437308868502 0.55991015625 0.34720336391437306 0.5565966796875 0.35316972477064223 0.5623955078125 0.3534296636085627
0  0.38037109375 0.34480122324159024 0.0205078125 0.04434250764525994 0.374939453125 0.3418379204892967 0.382080078125 0.34327217125382264 0.3753046875 0.35129969418960244 0.373291015625 0.35789296636085627 0.37841796875 0.35789296636085627
0  0.279296875 0.3302752293577982 0.009765625 0.027522935779816515 -0.0009765625 -0.0015290519877675841 -0.0009765625 -0.0015290519877675841 -0.0009765625 -0.0015290519877675841 -0.0009765625 -0.0015290519877675841 -0.0009765625 -0.0015290519877675841
0  0.2529296875 0.3256880733944954 0.015625 0.03669724770642202 0.255951171875 0.32420642201834865 0.2603759765625 0.3244464831804281 0.258392578125 0.3328073394495413 0.253814453125 0.3371085626911315 0.2594609375 0.336868501529052
0  0.34912109375 0.3425076452599388 0.0107421875 0.01834862385321101 -0.0009765625 -0.0015290519877675841 -0.0009765625 -0.0015290519877675841 -0.0009765625 -0.0015290519877675841 -0.0009765625 -0.0015290519877675841 -0.0009765625 -0.0015290519877675841
0  0.326171875 0.4418960244648318 0.009765625 0.024464831804281346 -0.0009765625 -0.0015290519877675841 -0.0009765625 -0.0015290519877675841 -0.0009765625 -0.0015290519877675841 -0.0009765625 -0.0015290519877675841 -0.0009765625 -0.0015290519877675841
0  0.02587890625 0.3570336391437309 0.0283203125 0.0779816513761468 -0.0009765625 -0.0015290519877675841 -0.0009765625 -0.0015290519877675841 -0.0009765625 -0.0015290519877675841 -0.0009765625 -0.0015290519877675841 -0.0009765625 -0.0015290519877675841
0  0.05712890625 0.37844036697247707 0.0205078125 0.05657492354740061 0.05866796875 0.36750458715596335 0.059361328125 0.36750458715596335 0.06467578125 0.3794434250764526 0.0588984375 0.3913822629969419 0.059591796875 0.39102140672782876
0  0.1201171875 0.30963302752293576 0.0234375 0.06574923547400612 0.1236181640625 0.30435626911314984 0.1273408203125 0.30269113149847093 0.1318623046875 0.31351681957186545 0.1222880859375 0.3272584097859327 0.1233515625 0.3285076452599388
0  0.1826171875 0.33715596330275227 0.01953125 0.047400611620795105 -0.0009765625 -0.0015290519877675841 -0.0009765625 -0.0015290519877675841 -0.0009765625 -0.0015290519877675841 -0.0009765625 -0.0015290519877675841 -0.0009765625 -0.0015290519877675841
0  0.71337890625 0.345565749235474 0.0146484375 0.03669724770642202 -0.0009765625 -0.0015290519877675841 -0.0009765625 -0.0015290519877675841 -0.0009765625 -0.0015290519877675841 -0.0009765625 -0.0015290519877675841 -0.0009765625 -0.0015290519877675841
0  0.63525390625 0.3547400611620795 0.0068359375 0.01529051987767584 -0.0009765625 -0.0015290519877675841 -0.0009765625 -0.0015290519877675841 -0.0009765625 -0.0015290519877675841 -0.0009765625 -0.0015290519877675841 -0.0009765625 -0.0015290519877675841
0  0.61669921875 0.3394495412844037 0.0048828125 0.012232415902140673 -0.0009765625 -0.0015290519877675841 -0.0009765625 -0.0015290519877675841 -0.0009765625 -0.0015290519877675841 -0.0009765625 -0.0015290519877675841 -0.0009765625 -0.0015290519877675841
0  0.76708984375 0.3730886850152905 0.0205078125 0.04281345565749235 0.7645087890625 0.3648975535168196 0.767822265625 0.36680886850152905 0.7608466796875 0.3709036697247706 0.7618935546875 0.3815535168195719 0.76416015625 0.38346483180428137
0  0.8291015625 0.37232415902140675 0.021484375 0.05657492354740061 0.8248642578125 0.36013302752293574 0.826982421875 0.3630810397553517 0.8196845703125 0.36861009174311926 0.8243935546875 0.38188073394495414 0.8255703125 0.384091743119266
0  0.81640625 0.34785932721712537 0.01171875 0.035168195718654434 -0.0009765625 -0.0015290519877675841 -0.0009765625 -0.0015290519877675841 -0.0009765625 -0.0015290519877675841 -0.0009765625 -0.0015290519877675841 -0.0009765625 -0.0015290519877675841
0  0.85546875 0.3769113149847095 0.025390625 0.06574923547400612 -0.0009765625 -0.0015290519877675841 -0.0009765625 -0.0015290519877675841 -0.0009765625 -0.0015290519877675841 -0.0009765625 -0.0015290519877675841 -0.0009765625 -0.0015290519877675841
0  0.86962890625 0.4059633027522936 0.0302734375 0.0779816513761468 -0.0009765625 -0.0015290519877675841 -0.0009765625 -0.0015290519877675841 -0.0009765625 -0.0015290519877675841 -0.0009765625 -0.0015290519877675841 -0.0009765625 -0.0015290519877675841
0  0.9853515625 0.3562691131498471 0.029296875 0.06422018348623854 -0.0009765625 -0.0015290519877675841 -0.0009765625 -0.0015290519877675841 -0.0009765625 -0.0015290519877675841 -0.0009765625 -0.0015290519877675841 -0.0009765625 -0.0015290519877675841
0  0.91259765625 0.32339449541284404 0.0185546875 0.05045871559633028 -0.0009765625 -0.0015290519877675841 -0.0009765625 -0.0015290519877675841 -0.0009765625 -0.0015290519877675841 -0.0009765625 -0.0015290519877675841 -0.0009765625 -0.0015290519877675841
0  0.74365234375 0.33562691131498473 0.0146484375 0.03211009174311927 -0.0009765625 -0.0015290519877675841 -0.0009765625 -0.0015290519877675841 -0.0009765625 -0.0015290519877675841 -0.0009765625 -0.0015290519877675841 -0.0009765625 -0.0015290519877675841
0  0.59814453125 0.3646788990825688 0.0087890625 0.022935779816513763 -0.0009765625 -0.0015290519877675841 -0.0009765625 -0.0015290519877675841 -0.0009765625 -0.0015290519877675841 -0.0009765625 -0.0015290519877675841 -0.0009765625 -0.0015290519877675841
