0  0.0205078125 0.5239327296248383 0.03125 0.04915912031047866 0.0166796875 0.5226507115135834 0.0277099609375 0.5220155239327295 0.0224345703125 0.5305912031047866 0.018837890625 0.5388499353169469 0.0277099609375 0.5385329883570504
0  0.0458984375 0.5239327296248383 0.021484375 0.03363518758085381 -0.0009765625 -0.00129366106080207 -0.0009765625 -0.00129366106080207 -0.0009765625 -0.00129366106080207 -0.0009765625 -0.00129366106080207 -0.0009765625 -0.00129366106080207
0  0.21630859375 0.42108667529107374 0.0322265625 0.055627425614489 -0.0009765625 -0.00129366106080207 -0.0009765625 -0.00129366106080207 -0.0009765625 -0.00129366106080207 -0.0009765625 -0.00129366106080207 -0.0009765625 -0.00129366106080207
0  0.3603515625 0.4592496765847348 0.08984375 0.19922380336351875 -0.0009765625 -0.00129366106080207 -0.0009765625 -0.00129366106080207 -0.0009765625 -0.00129366106080207 -0.0009765625 -0.00129366106080207 -0.0009765625 -0.00129366106080207
0  0.431640625 0.5517464424320828 0.029296875 0.037516170763260026 0.420841796875 0.5416623544631306 0.43133984375 0.5453880983182406 0.421591796875 0.5510996119016818 0.420091796875 0.5580530401034929 0.4251533203125 0.5595433376455369
0  0.50927734375 0.5226390685640362 0.0126953125 0.015523932729624839 -0.0009765625 -0.00129366106080207 -0.0009765625 -0.00129366106080207 -0.0009765625 -0.00129366106080207 -0.0009765625 -0.00129366106080207 -0.0009765625 -0.00129366106080207
0  0.53271484375 0.5291073738680466 0.0146484375 0.028460543337645538 -0.0009765625 -0.00129366106080207 -0.0009765625 -0.00129366106080207 -0.0009765625 -0.00129366106080207 -0.0009765625 -0.00129366106080207 -0.0009765625 -0.00129366106080207
0  0.57861328125 0.5310478654592496 0.0107421875 0.02457956015523933 -0.0009765625 -0.00129366106080207 -0.0009765625 -0.00129366106080207 -0.0009765625 -0.00129366106080207 -0.0009765625 -0.00129366106080207 -0.0009765625 -0.00129366106080207
0  0.59375 0.5278137128072445 0.0078125 0.015523932729624839 -0.0009765625 -0.00129366106080207 -0.0009765625 -0.00129366106080207 -0.0009765625 -0.00129366106080207 -0.0009765625 -0.00129366106080207 -0.0009765625 -0.00129366106080207
0  0.64453125 0.5530401034928849 0.021484375 0.03492884864165589 -0.0009765625 -0.00129366106080207 -0.0009765625 -0.00129366106080207 -0.0009765625 -0.00129366106080207 -0.0009765625 -0.00129366106080207 -0.0009765625 -0.00129366106080207
0  0.6279296875 0.6901681759379042 0.046875 0.08667529107373868 0.6314609375 0.6737774902975421 0.647853515625 0.6770349288486416 0.6503125 0.6927787839586029 0.6331005859375 0.7101500646830531 0.64539453125 0.7123221216041398
0  0.46630859375 0.6733505821474773 0.0400390625 0.06597671410090557 0.465650390625 0.6649184993531694 0.482517578125 0.6636532988357051 0.47742578125 0.6771448900388098 0.465650390625 0.6919003880983183 0.47869921875 0.6919003880983183
0  0.51123046875 0.7554980595084088 0.0302734375 0.04657179818887452 0.50807421875 0.7486662354463132 0.5198583984375 0.749549805950841 0.5145224609375 0.7619197930142303 0.5089638671875 0.7713454075032341 0.517412109375 0.7716403622250969
0  0.67138671875 0.556921086675291 0.0146484375 0.029754204398447608 -0.0009765625 -0.00129366106080207 -0.0009765625 -0.00129366106080207 -0.0009765625 -0.00129366106080207 -0.0009765625 -0.00129366106080207 -0.0009765625 -0.00129366106080207
0  0.69580078125 0.5407503234152652 0.0146484375 0.02328589909443726 -0.0009765625 -0.00129366106080207 -0.0009765625 -0.00129366106080207 -0.0009765625 -0.00129366106080207 -0.0009765625 -0.00129366106080207 -0.0009765625 -0.00129366106080207
0  0.70703125 0.592496765847348 0.025390625 0.04398447606727038 -0.0009765625 -0.00129366106080207 -0.0009765625 -0.00129366106080207 -0.0009765625 -0.00129366106080207 -0.0009765625 -0.00129366106080207 -0.0009765625 -0.00129366106080207
0  0.6884765625 0.6558861578266494 0.01953125 0.054333764553686936 -0.0009765625 -0.00129366106080207 -0.0009765625 -0.00129366106080207 -0.0009765625 -0.00129366106080207 -0.0009765625 -0.00129366106080207 -0.0009765625 -0.00129366106080207
0  0.77001953125 0.5278137128072445 0.0185546875 0.031047865459249677 -0.0009765625 -0.00129366106080207 -0.0009765625 -0.00129366106080207 -0.0009765625 -0.00129366106080207 -0.0009765625 -0.00129366106080207 -0.0009765625 -0.00129366106080207
0  0.80859375 0.538163001293661 0.01171875 0.031047865459249677 -0.0009765625 -0.00129366106080207 -0.0009765625 -0.00129366106080207 -0.0009765625 -0.00129366106080207 -0.0009765625 -0.00129366106080207 -0.0009765625 -0.00129366106080207
0  0.822265625 0.5304010349288486 0.01171875 0.02328589909443726 -0.0009765625 -0.00129366106080207 -0.0009765625 -0.00129366106080207 -0.0009765625 -0.00129366106080207 -0.0009765625 -0.00129366106080207 -0.0009765625 -0.00129366106080207
0  0.8369140625 0.5316946959896507 0.009765625 0.018111254851228976 -0.0009765625 -0.00129366106080207 -0.0009765625 -0.00129366106080207 -0.0009765625 -0.00129366106080207 -0.0009765625 -0.00129366106080207 -0.0009765625 -0.00129366106080207
0  0.87646484375 0.5446313065976714 0.0263671875 0.03622250970245795 -0.0009765625 -0.00129366106080207 -0.0009765625 -0.00129366106080207 -0.0009765625 -0.00129366106080207 -0.0009765625 -0.00129366106080207 -0.0009765625 -0.00129366106080207
0  0.94873046875 0.5653298835705045 0.0224609375 0.04398447606727038 0.9503349609375 0.5634812419146185 0.958287109375 0.562372574385511 0.955775390625 0.5698576972833118 0.952427734375 0.5790051746442433 0.9589150390625 0.5790051746442433
0  0.55859375 0.9773609314359638 0.0546875 0.045278137128072445 -0.0009765625 -0.00129366106080207 -0.0009765625 -0.00129366106080207 -0.0009765625 -0.00129366106080207 -0.0009765625 -0.00129366106080207 -0.0009765625 -0.00129366106080207
0  0.85888671875 0.8835705045278137 0.0673828125 0.1371280724450194 0.8655439453125 0.8639922380336351 0.8746376953125 0.865712807244502 0.8908779296875 0.8915291073738681 0.868142578125 0.9190659767141008 0.8798349609375 0.9199262613195343
