0  0.078125 0.915944540727903 0.0390625 0.09185441941074524 0.072732421875 0.9147920277296361 0.089408203125 0.9147920277296361 0.0831953125 0.9304592720970537 0.07534765625 0.9449670710571924 0.0877724609375 0.9449670710571924
0  0.4423828125 0.9566724436741768 0.06640625 0.0831889081455806 0.42540234375 0.9607660311958405 0.4562724609375 0.9570121317157713 0.4414716796875 0.999790294627383 0.4308994140625 1.017051993067591 0.4537353515625 1.017051993067591
0  0.53271484375 0.9306759098786829 0.0751953125 0.1317157712305026 0.505859375 0.9302426343154246 0.539759765625 0.9260641247833623 0.5218681640625 0.9427764298093587 0.512921875 0.9720225303292894 0.527046875 0.9711871750433275
0  0.8759765625 0.8102253032928943 0.03515625 0.08145580589254767 0.8678935546875 0.799161178509532 0.886587890625 0.8038266897746967 0.8763642578125 0.8173050259965338 0.8699384765625 0.8318197573656846 0.8816220703125 0.837003466204506
0  0.90625 0.91421143847487 0.046875 0.1195840554592721 0.89337109375 0.901213171577123 0.9104609375 0.8936308492201039 0.904052734375 0.9163778162911612 0.90020703125 0.9398821490467938 0.910888671875 0.9323015597920277
0  0.927734375 0.9445407279029463 0.052734375 0.11091854419410745 -0.0009765625 -0.0017331022530329288 -0.0009765625 -0.0017331022530329288 -0.0009765625 -0.0017331022530329288 -0.0009765625 -0.0017331022530329288 -0.0009765625 -0.0017331022530329288
0  0.97900390625 0.9679376083188909 0.0400390625 0.06412478336221837 -0.0009765625 -0.0017331022530329288 -0.0009765625 -0.0017331022530329288 -0.0009765625 -0.0017331022530329288 -0.0009765625 -0.0017331022530329288 -0.0009765625 -0.0017331022530329288
0  0.55029296875 0.9792027729636048 0.0634765625 0.0415944540727903 -0.0009765625 -0.0017331022530329288 -0.0009765625 -0.0017331022530329288 -0.0009765625 -0.0017331022530329288 -0.0009765625 -0.0017331022530329288 -0.0009765625 -0.0017331022530329288
0  0.41552734375 0.40814558058925476 0.0576171875 0.1265164644714038 0.4005302734375 0.37992027729636046 0.4295478515625 0.37831195840554593 0.4141318359375 0.38233448873483533 0.4064248046875 0.42659098786828425 0.425013671875 0.42578682842287696
0  0.79052734375 0.8388214904679376 0.0419921875 0.10051993067590988 0.77122265625 0.8216915077989602 0.7851650390625 0.82105719237435 0.7740830078125 0.8388214904679376 0.7755126953125 0.8521455805892547 0.780517578125 0.8527798960138647
0  0.7080078125 0.8188908145580589 0.037109375 0.08838821490467938 -0.0009765625 -0.0017331022530329288 -0.0009765625 -0.0017331022530329288 -0.0009765625 -0.0017331022530329288 -0.0009765625 -0.0017331022530329288 -0.0009765625 -0.0017331022530329288
0  0.74609375 0.8708838821490468 0.048828125 0.1022530329289428 -0.0009765625 -0.0017331022530329288 -0.0009765625 -0.0017331022530329288 -0.0009765625 -0.0017331022530329288 -0.0009765625 -0.0017331022530329288 -0.0009765625 -0.0017331022530329288
0  0.701171875 0.9679376083188909 0.060546875 0.06412478336221837 0.68408203125 0.9785216637781629 0.7105537109375 0.9785216637781629 0.69290625 1.0064367417677644 0.6829306640625 1.0289064124783363 0.7067177734375 1.0302668977469671
0  0.6328125 0.9818024263431543 0.046875 0.036395147313691506 -0.0009765625 -0.0017331022530329288 -0.0009765625 -0.0017331022530329288 -0.0009765625 -0.0017331022530329288 -0.0009765625 -0.0017331022530329288 -0.0009765625 -0.0017331022530329288
0  0.634765625 0.9220103986135182 0.048828125 0.10051993067590988 0.62654296875 0.9164714038128249 0.644775390625 0.9152010398613518 0.6376259765625 0.9234488734835355 0.6333359375 0.9494610051993069 0.646919921875 0.9450207972270365
0  0.7470703125 0.9653379549393414 0.048828125 0.06932409012131716 -0.0009765625 -0.0017331022530329288 -0.0009765625 -0.0017331022530329288 -0.0009765625 -0.0017331022530329288 -0.0009765625 -0.0017331022530329288 -0.0009765625 -0.0017331022530329288
0  0.29541015625 0.8821490467937608 0.0654296875 0.14211438474870017 0.28591015625 0.8652668977469671 0.315490234375 0.8608180242634316 0.3049619140625 0.893740034662045 0.292427734375 0.9239913344887349 0.312984375 0.9204315424610053
0  0.09423828125 0.8440207972270364 0.0244140625 0.0658578856152513 -0.0009765625 -0.0017331022530329288 -0.0009765625 -0.0017331022530329288 -0.0009765625 -0.0017331022530329288 -0.0009765625 -0.0017331022530329288 -0.0009765625 -0.0017331022530329288
0  0.10888671875 0.8379549393414212 0.0302734375 0.0779896013864818 -0.0009765625 -0.0017331022530329288 -0.0009765625 -0.0017331022530329288 -0.0009765625 -0.0017331022530329288 -0.0009765625 -0.0017331022530329288 -0.0009765625 -0.0017331022530329288
0  0.015625 0.91421143847487 0.029296875 0.07452339688041594 -0.0009765625 -0.0017331022530329288 -0.0009765625 -0.0017331022530329288 -0.0009765625 -0.0017331022530329288 -0.0009765625 -0.0017331022530329288 -0.0009765625 -0.0017331022530329288
