0  0.80322265625 0.7909356725146199 0.0712890625 0.11988304093567251 0.7911025390625 0.7750891812865496 0.8204345703125 0.7644897660818712 0.810826171875 0.7978011695906433 0.7976767578125 0.8197573099415205 0.8254921875 0.8076447368421052
0  0.974609375 0.7068713450292398 0.044921875 0.09210526315789473 0.984619140625 0.699248538011696 0.9861533203125 0.699248538011696 0.9965126953125 0.7147558479532163 0.9830849609375 0.7354327485380117 0.9842353515625 0.7354327485380117
0  0.943359375 0.21198830409356725 0.0234375 0.04093567251461988 0.9364189453125 0.2046783625730994 0.9479287109375 0.20285087719298245 0.941650390625 0.21642690058479533 0.9413017578125 0.2219093567251462 0.9491494140625 0.22112573099415206
0  0.8857421875 0.15716374269005848 0.015625 0.03070175438596491 -0.0009765625 -0.0014619883040935672 -0.0009765625 -0.0014619883040935672 -0.0009765625 -0.0014619883040935672 -0.0009765625 -0.0014619883040935672 -0.0009765625 -0.0014619883040935672
0  0.951171875 0.125 0.009765625 0.027777777777777776 -0.0009765625 -0.0014619883040935672 -0.0009765625 -0.0014619883040935672 -0.0009765625 -0.0014619883040935672 -0.0009765625 -0.0014619883040935672 -0.0009765625 -0.0014619883040935672
0  0.8818359375 0.1286549707602339 0.009765625 0.02046783625730994 -0.0009765625 -0.0014619883040935672 -0.0009765625 -0.0014619883040935672 -0.0009765625 -0.0014619883040935672 -0.0009765625 -0.0014619883040935672 -0.0009765625 -0.0014619883040935672
0  0.9443359375 0.056286549707602336 0.009765625 0.019005847953216373 -0.0009765625 -0.0014619883040935672 -0.0009765625 -0.0014619883040935672 -0.0009765625 -0.0014619883040935672 -0.0009765625 -0.0014619883040935672 -0.0009765625 -0.0014619883040935672
0  0.73779296875 0.09210526315789473 0.0087890625 0.017543859649122806 0.73689453125 0.09010818713450293 0.7396416015625 0.08834649122807017 0.7405048828125 0.09386695906432749 0.7383076171875 0.09703947368421052 0.7405830078125 0.09574707602339182
0  0.71337890625 0.09429824561403509 0.0107421875 0.019005847953216373 -0.0009765625 -0.0014619883040935672 -0.0009765625 -0.0014619883040935672 -0.0009765625 -0.0014619883040935672 -0.0009765625 -0.0014619883040935672 -0.0009765625 -0.0014619883040935672
0  0.7177734375 0.29605263157894735 0.025390625 0.04239766081871345 0.7139892578125 0.2923070175438596 0.72479296875 0.2909356725146199 0.7198486328125 0.30327192982456136 0.715087890625 0.3090277777777778 0.724060546875 0.3090277777777778
0  0.59228515625 0.3530701754385965 0.0263671875 0.04532163742690058 0.5968974609375 0.3492514619883041 0.59964453125 0.35189473684210526 0.6012138671875 0.3648187134502924 0.592189453125 0.36658040935672515 0.59454296875 0.3686359649122807
0  0.6337890625 0.09283625730994152 0.009765625 0.019005847953216373 0.6322236328125 0.09196783625730993 0.63653125 0.08998391812865497 0.636365234375 0.0950687134502924 0.634708984375 0.09829239766081871 0.6376083984375 0.09717690058479532
0  0.56298828125 0.12134502923976608 0.0087890625 0.017543859649122806 -0.0009765625 -0.0014619883040935672 -0.0009765625 -0.0014619883040935672 -0.0009765625 -0.0014619883040935672 -0.0009765625 -0.0014619883040935672 -0.0009765625 -0.0014619883040935672
0  0.5498046875 0.16885964912280702 0.01171875 0.024853801169590642 0.5484443359375 0.16706432748538014 0.5507333984375 0.1660862573099415 0.5518232421875 0.17065497076023392 0.5495341796875 0.17603947368421052 0.5500791015625 0.17603947368421052
0  0.5185546875 0.1915204678362573 0.01171875 0.02631578947368421 -0.0009765625 -0.0014619883040935672 -0.0009765625 -0.0014619883040935672 -0.0009765625 -0.0014619883040935672 -0.0009765625 -0.0014619883040935672 -0.0009765625 -0.0014619883040935672
0  0.53662109375 0.18494152046783627 0.0087890625 0.019005847953216373 -0.0009765625 -0.0014619883040935672 -0.0009765625 -0.0014619883040935672 -0.0009765625 -0.0014619883040935672 -0.0009765625 -0.0014619883040935672 -0.0009765625 -0.0014619883040935672
0  0.63427734375 0.11695906432748537 0.0068359375 0.02046783625730994 -0.0009765625 -0.0014619883040935672 -0.0009765625 -0.0014619883040935672 -0.0009765625 -0.0014619883040935672 -0.0009765625 -0.0014619883040935672 -0.0009765625 -0.0014619883040935672
0  0.60205078125 0.11038011695906433 0.0126953125 0.021929824561403508 -0.0009765625 -0.0014619883040935672 -0.0009765625 -0.0014619883040935672 -0.0009765625 -0.0014619883040935672 -0.0009765625 -0.0014619883040935672 -0.0009765625 -0.0014619883040935672
0  0.44482421875 0.12719298245614036 0.0068359375 0.014619883040935672 -0.0009765625 -0.0014619883040935672 -0.0009765625 -0.0014619883040935672 -0.0009765625 -0.0014619883040935672 -0.0009765625 -0.0014619883040935672 -0.0009765625 -0.0014619883040935672
0  0.42138671875 0.16228070175438597 0.0087890625 0.02046783625730994 -0.0009765625 -0.0014619883040935672 -0.0009765625 -0.0014619883040935672 -0.0009765625 -0.0014619883040935672 -0.0009765625 -0.0014619883040935672 -0.0009765625 -0.0014619883040935672
0  0.3193359375 0.20760233918128654 0.009765625 0.017543859649122806 -0.0009765625 -0.0014619883040935672 -0.0009765625 -0.0014619883040935672 -0.0009765625 -0.0014619883040935672 -0.0009765625 -0.0014619883040935672 -0.0009765625 -0.0014619883040935672
0  0.30810546875 0.18128654970760233 0.0087890625 0.017543859649122806 -0.0009765625 -0.0014619883040935672 -0.0009765625 -0.0014619883040935672 -0.0009765625 -0.0014619883040935672 -0.0009765625 -0.0014619883040935672 -0.0009765625 -0.0014619883040935672
0  0.314453125 0.15789473684210525 0.005859375 0.011695906432748537 -0.0009765625 -0.0014619883040935672 -0.0009765625 -0.0014619883040935672 -0.0009765625 -0.0014619883040935672 -0.0009765625 -0.0014619883040935672 -0.0009765625 -0.0014619883040935672
0  0.01708984375 0.28289473684210525 0.0126953125 0.021929824561403508 -0.0009765625 -0.0014619883040935672 -0.0009765625 -0.0014619883040935672 -0.0009765625 -0.0014619883040935672 -0.0009765625 -0.0014619883040935672 -0.0009765625 -0.0014619883040935672
0  0.107421875 0.47076023391812866 0.033203125 0.05847953216374269 -0.0009765625 -0.0014619883040935672 -0.0009765625 -0.0014619883040935672 -0.0009765625 -0.0014619883040935672 -0.0009765625 -0.0014619883040935672 -0.0009765625 -0.0014619883040935672
0  0.17529296875 0.41228070175438597 0.0244140625 0.04678362573099415 0.169677734375 0.41051900584795326 0.17830078125 0.40541520467836256 0.172685546875 0.41832456140350877 0.17529296875 0.4264312865497076 0.180306640625 0.42282748538011694
