0  0.27392578125 0.19380403458213258 0.1123046875 0.17146974063400577 0.2690693359375 0.16013544668587895 0.30547265625 0.1633587896253602 0.304015625 0.1741008645533141 0.28654296875 0.22996253602305475 0.3193056640625 0.23103602305475504
0  0.09765625 0.3285302593659942 0.02734375 0.05475504322766571 0.0990859375 0.3229207492795389 0.1080322265625 0.32153170028818445 0.107326171875 0.33195244956772335 0.103794921875 0.3427204610951009 0.1106220703125 0.3427204610951009
0  0.12060546875 0.3234870317002882 0.0224609375 0.04755043227665706 -0.0009765625 -0.001440922190201729 -0.0009765625 -0.001440922190201729 -0.0009765625 -0.001440922190201729 -0.0009765625 -0.001440922190201729 -0.0009765625 -0.001440922190201729
0  0.41943359375 0.2219020172910663 0.0830078125 0.12968299711815562 0.423375 0.18687031700288181 0.45105859375 0.1893198847262248 0.4482900390625 0.21464553314121038 0.430572265625 0.2456902017291066 0.44884375 0.2481412103746398
0  0.4873046875 0.38256484149855907 0.083984375 0.15706051873198848 0.47051953125 0.33231268011527376 0.4725341796875 0.33330259365994236 0.447021484375 0.37193804034582134 0.4658203125 0.4095821325648415 0.4671630859375 0.4095821325648415
0  0.6455078125 0.25936599423631124 0.033203125 0.07780979827089338 -0.0009765625 -0.001440922190201729 -0.0009765625 -0.001440922190201729 -0.0009765625 -0.001440922190201729 -0.0009765625 -0.001440922190201729 -0.0009765625 -0.001440922190201729
0  0.7421875 0.3249279538904899 0.03515625 0.08789625360230548 0.7559462890625 0.3114841498559078 0.7604453125 0.3153559077809798 0.7604453125 0.3341657060518732 0.7480732421875 0.34578242074927956 0.753322265625 0.3496556195965418
0  0.77734375 0.34942363112391933 0.0234375 0.05043227665706052 0.7680966796875 0.34357060518731986 0.777283203125 0.34357060518731986 0.7678828125 0.35271037463976945 0.7685244140625 0.3602752161383285 0.7749326171875 0.36122190201729104
0  0.77685546875 0.27593659942363113 0.0244140625 0.05043227665706052 0.7720078125 0.2649236311239193 0.78181640625 0.26685302593659943 0.7744052734375 0.2771455331412104 0.7717890625 0.2855086455331412 0.7787646484375 0.2864726224783862
0  0.85888671875 0.2723342939481268 0.0380859375 0.06628242074927954 0.8486328125 0.26348270893371756 0.8637001953125 0.2638948126801153 0.8536552734375 0.2750100864553314 0.846400390625 0.2873616714697406 0.860072265625 0.29065417867435156
0  0.93359375 0.3270893371757925 0.0546875 0.0893371757925072 0.933873046875 0.30897550432276655 0.95458984375 0.30614409221902017 0.949986328125 0.3321844380403458 0.9334892578125 0.34576945244956775 0.9488349609375 0.34520317002881845
