0  0.0205078125 0.980327868852459 0.021484375 0.03934426229508197 0.0167412109375 0.9747065573770493 0.0279013671875 0.9749409836065575 0.0216240234375 0.9843098360655738 0.0171591796875 0.9903983606557377 0.0248330078125 0.9903983606557377
0  0.12744140625 0.9352459016393443 0.0185546875 0.03770491803278689 0.123701171875 0.926360655737705 0.132189453125 0.9287770491803278 0.1264345703125 0.9360213114754098 0.12240625 0.9439918032786886 0.129599609375 0.9451983606557377
0  0.15673828125 0.9631147540983607 0.0263671875 0.054098360655737705 0.151126953125 0.9570032786885246 0.16116796875 0.955283606557377 0.15666015625 0.9662918032786885 0.15440625 0.9731704918032787 0.16034765625 0.9714508196721312
0  0.1884765625 0.9639344262295082 0.021484375 0.04590163934426229 -0.0009765625 -0.001639344262295082 -0.0009765625 -0.001639344262295082 -0.0009765625 -0.001639344262295082 -0.0009765625 -0.001639344262295082 -0.0009765625 -0.001639344262295082
0  0.1845703125 0.9172131147540984 0.021484375 0.040983606557377046 0.1800009765625 0.9119147540983608 0.1883193359375 0.9105967213114755 0.1843955078125 0.920872131147541 0.18047265625 0.9287770491803278 0.1881630859375 0.9282491803278689
0  0.22900390625 0.9114754098360656 0.0205078125 0.04262295081967213 0.21931640625 0.9041573770491802 0.2259306640625 0.9063229508196721 0.2191552734375 0.9141754098360656 0.2199619140625 0.9241950819672131 0.2251240234375 0.9250065573770492
0  0.24951171875 0.9188524590163935 0.0185546875 0.040983606557377046 0.246826171875 0.9138180327868852 0.2557724609375 0.9146081967213114 0.25169140625 0.9233016393442623 0.24635546875 0.9283081967213115 0.2523193359375 0.9301524590163935
0  0.25048828125 0.8647540983606558 0.0166015625 0.03114754098360656 0.2479814453125 0.8606049180327869 0.2563388671875 0.8604065573770491 0.2523369140625 0.8667295081967213 0.2501005859375 0.874239344262295 0.25480859375 0.874239344262295
0  0.0771484375 0.8877049180327868 0.01953125 0.040983606557377046 0.070068359375 0.8824065573770492 0.077916015625 0.8826704918032786 0.0719521484375 0.8900475409836065 0.070068359375 0.897160655737705 0.07571875 0.897160655737705
0  0.09765625 0.8819672131147541 0.013671875 0.029508196721311476 0.097734375 0.8715754098360655 0.1015888671875 0.8689114754098359 0.1044228515625 0.8770934426229509 0.0987548828125 0.8867967213114755 0.1020419921875 0.8850852459016394
0  0.03271484375 0.9131147540983606 0.0185546875 0.036065573770491806 0.0258095703125 0.906088524590164 0.0308310546875 0.9072606557377049 0.0259482421875 0.9145196721311475 0.0267861328125 0.9220147540983606 0.0311103515625 0.9236540983606557
0  0.04296875 0.8754098360655738 0.015625 0.029508196721311476 -0.0009765625 -0.001639344262295082 -0.0009765625 -0.001639344262295082 -0.0009765625 -0.001639344262295082 -0.0009765625 -0.001639344262295082 -0.0009765625 -0.001639344262295082
0  0.03662109375 0.8172131147540984 0.0146484375 0.027868852459016394 0.0348427734375 0.813583606557377 0.0407021484375 0.8132311475409837 0.0381904296875 0.8192032786885246 0.0348427734375 0.8237704918032787 0.0399697265625 0.8230672131147542
0  0.0546875 0.7852459016393443 0.013671875 0.029508196721311476 0.0501181640625 0.7829622950819672 0.057259765625 0.782772131147541 0.05374609375 0.7900032786885246 0.051025390625 0.7926672131147541 0.058166015625 0.7926672131147541
0  0.021484375 0.7909836065573771 0.013671875 0.02459016393442623 -0.0009765625 -0.001639344262295082 -0.0009765625 -0.001639344262295082 -0.0009765625 -0.001639344262295082 -0.0009765625 -0.001639344262295082 -0.0009765625 -0.001639344262295082
0  0.0107421875 0.8270491803278689 0.013671875 0.03114754098360656 0.009900390625 0.8236901639344263 0.0157861328125 0.8227016393442623 0.0148447265625 0.8298163934426229 0.01201953125 0.8359409836065573 0.015197265625 0.8353475409836065
0  0.03369140625 0.7795081967213114 0.0126953125 0.027868852459016394 -0.0009765625 -0.001639344262295082 -0.0009765625 -0.001639344262295082 -0.0009765625 -0.001639344262295082 -0.0009765625 -0.001639344262295082 -0.0009765625 -0.001639344262295082
0  0.169921875 0.8909836065573771 0.017578125 0.040983606557377046 0.1634521484375 0.8866295081967214 0.1706240234375 0.8876540983606558 0.165130859375 0.8966196721311476 0.162841796875 0.9017409836065574 0.16879296875 0.902767213114754
0  0.1552734375 0.8614754098360655 0.015625 0.03770491803278689 0.149173828125 0.8537475409836065 0.1559365234375 0.8542295081967214 0.15133203125 0.8629245901639344 0.14975 0.869927868852459 0.1550732421875 0.869927868852459
0  0.14892578125 0.8426229508196721 0.0166015625 0.03934426229508197 -0.0009765625 -0.001639344262295082 -0.0009765625 -0.001639344262295082 -0.0009765625 -0.001639344262295082 -0.0009765625 -0.001639344262295082 -0.0009765625 -0.001639344262295082
0  0.1220703125 0.8204918032786885 0.015625 0.03442622950819672 -0.0009765625 -0.001639344262295082 -0.0009765625 -0.001639344262295082 -0.0009765625 -0.001639344262295082 -0.0009765625 -0.001639344262295082 -0.0009765625 -0.001639344262295082
0  0.18359375 0.7885245901639344 0.013671875 0.03278688524590164 -0.0009765625 -0.001639344262295082 -0.0009765625 -0.001639344262295082 -0.0009765625 -0.001639344262295082 -0.0009765625 -0.001639344262295082 -0.0009765625 -0.001639344262295082
0  0.224609375 0.7868852459016393 0.015625 0.03278688524590164 0.2219892578125 0.7843672131147541 0.227046875 0.784155737704918 0.224138671875 0.7917967213114754 0.222748046875 0.7951918032786885 0.226541015625 0.7943426229508196
0  0.2138671875 0.8245901639344262 0.015625 0.03934426229508197 0.217224609375 0.8209524590163935 0.21859765625 0.8206967213114754 0.2204287109375 0.8291491803278689 0.2158505859375 0.8347852459016394 0.2164609375 0.834527868852459
0  0.2509765625 0.8295081967213115 0.015625 0.03278688524590164 -0.0009765625 -0.001639344262295082 -0.0009765625 -0.001639344262295082 -0.0009765625 -0.001639344262295082 -0.0009765625 -0.001639344262295082 -0.0009765625 -0.001639344262295082
0  0.07958984375 0.8188524590163935 0.0146484375 0.03114754098360656 -0.0009765625 -0.001639344262295082 -0.0009765625 -0.001639344262295082 -0.0009765625 -0.001639344262295082 -0.0009765625 -0.001639344262295082 -0.0009765625 -0.001639344262295082
0  0.16015625 0.7672131147540984 0.01171875 0.02622950819672131 0.15775 0.764344262295082 0.1637138671875 0.7627639344262295 0.160888671875 0.7687360655737705 0.1593193359375 0.7745311475409836 0.1631904296875 0.7741803278688525
0  0.14599609375 0.7762295081967213 0.0126953125 0.03114754098360656 0.1435546875 0.7721311475409836 0.1485595703125 0.7739754098360656 0.1446533203125 0.7797131147540983 0.1427001953125 0.7823770491803279 0.147216796875 0.7829918032786886
0  0.11376953125 0.7352459016393442 0.0087890625 0.021311475409836064 -0.0009765625 -0.001639344262295082 -0.0009765625 -0.001639344262295082 -0.0009765625 -0.001639344262295082 -0.0009765625 -0.001639344262295082 -0.0009765625 -0.001639344262295082
0  0.11865234375 0.7081967213114754 0.0126953125 0.022950819672131147 -0.0009765625 -0.001639344262295082 -0.0009765625 -0.001639344262295082 -0.0009765625 -0.001639344262295082 -0.0009765625 -0.001639344262295082 -0.0009765625 -0.001639344262295082
0  0.00927734375 0.7516393442622951 0.0126953125 0.02459016393442623 0.00619921875 0.7467950819672131 0.011474609375 0.746955737704918 0.0085009765625 0.7532344262295082 0.0066787109375 0.7582262295081966 0.011474609375 0.7583868852459016
0  0.03564453125 0.7262295081967213 0.0107421875 0.022950819672131147 -0.0009765625 -0.001639344262295082 -0.0009765625 -0.001639344262295082 -0.0009765625 -0.001639344262295082 -0.0009765625 -0.001639344262295082 -0.0009765625 -0.001639344262295082
0  0.20458984375 0.7180327868852459 0.0107421875 0.022950819672131147 -0.0009765625 -0.001639344262295082 -0.0009765625 -0.001639344262295082 -0.0009765625 -0.001639344262295082 -0.0009765625 -0.001639344262295082 -0.0009765625 -0.001639344262295082
0  0.20703125 0.7516393442622951 0.013671875 0.027868852459016394 0.2041708984375 0.746427868852459 0.2101357421875 0.746427868852459 0.2071005859375 0.7522245901639345 0.205322265625 0.7597770491803278 0.2090888671875 0.7594262295081967
0  0.18798828125 0.7581967213114754 0.0126953125 0.021311475409836064 -0.0009765625 -0.001639344262295082 -0.0009765625 -0.001639344262295082 -0.0009765625 -0.001639344262295082 -0.0009765625 -0.001639344262295082 -0.0009765625 -0.001639344262295082
0  0.1748046875 0.7459016393442623 0.01171875 0.022950819672131147 0.1731259765625 0.7440065573770491 0.1775205078125 0.7432377049180328 0.1755068359375 0.7469262295081968 0.1745 0.7510754098360656 0.1775205078125 0.7509213114754099
0  0.16455078125 0.7090163934426229 0.0107421875 0.02459016393442623 -0.0009765625 -0.001639344262295082 -0.0009765625 -0.001639344262295082 -0.0009765625 -0.001639344262295082 -0.0009765625 -0.001639344262295082 -0.0009765625 -0.001639344262295082
0  0.2763671875 0.8098360655737705 0.017578125 0.036065573770491806 0.272181640625 0.8072606557377049 0.279576171875 0.8065573770491803 0.2759482421875 0.8138180327868852 0.273716796875 0.819672131147541 0.2788779296875 0.8192032786885246
0  0.27099609375 0.8647540983606558 0.0146484375 0.03114754098360656 0.2668583984375 0.8581754098360656 0.272744140625 0.8575819672131147 0.2675654296875 0.8644983606557378 0.26791796875 0.8712163934426229 0.27133203125 0.8702278688524591
0  0.26708984375 0.9426229508196722 0.0263671875 0.05573770491803279 0.2612001953125 0.936783606557377 0.2714541015625 0.9378590163934427 0.2652587890625 0.9479000000000001 0.260986328125 0.957222950819672 0.269958984375 0.9575819672131147
0  0.056640625 0.719672131147541 0.009765625 0.019672131147540985 -0.0009765625 -0.001639344262295082 -0.0009765625 -0.001639344262295082 -0.0009765625 -0.001639344262295082 -0.0009765625 -0.001639344262295082 -0.0009765625 -0.001639344262295082
0  0.07421875 0.7770491803278688 0.009765625 0.019672131147540985 -0.0009765625 -0.001639344262295082 -0.0009765625 -0.001639344262295082 -0.0009765625 -0.001639344262295082 -0.0009765625 -0.001639344262295082 -0.0009765625 -0.001639344262295082
0  0.314453125 0.9565573770491803 0.01953125 0.040983606557377046 0.3105771484375 0.9495163934426231 0.3173525390625 0.9514131147540983 0.3123515625 0.9584524590163933 0.3099326171875 0.9635983606557377 0.315900390625 0.965222950819672
0  0.32373046875 0.8901639344262295 0.0205078125 0.036065573770491806 0.3179189453125 0.8843524590163935 0.3260283203125 0.8843524590163935 0.3200810546875 0.8897983606557378 0.3171083984375 0.8961508196721312 0.32508203125 0.8970573770491804
0  0.31298828125 0.8795081967213115 0.0146484375 0.03442622950819672 -0.0009765625 -0.001639344262295082 -0.0009765625 -0.001639344262295082 -0.0009765625 -0.001639344262295082 -0.0009765625 -0.001639344262295082 -0.0009765625 -0.001639344262295082
0  0.29052734375 0.8909836065573771 0.0166015625 0.03442622950819672 -0.0009765625 -0.001639344262295082 -0.0009765625 -0.001639344262295082 -0.0009765625 -0.001639344262295082 -0.0009765625 -0.001639344262295082 -0.0009765625 -0.001639344262295082
0  0.32666015625 0.8163934426229508 0.0146484375 0.036065573770491806 0.3256142578125 0.8128803278688526 0.3311943359375 0.8131147540983606 0.3286826171875 0.8213114754098361 0.3260322265625 0.8250590163934426 0.330357421875 0.8248245901639344
0  0.30908203125 0.8180327868852459 0.0126953125 0.02622950819672131 0.3092216796875 0.8139344262295082 0.3148720703125 0.8134081967213115 0.31298828125 0.8192032786885246 0.31005859375 0.8255262295081968 0.314244140625 0.8244737704918033
0  0.27685546875 0.7524590163934426 0.0126953125 0.02622950819672131 -0.0009765625 -0.001639344262295082 -0.0009765625 -0.001639344262295082 -0.0009765625 -0.001639344262295082 -0.0009765625 -0.001639344262295082 -0.0009765625 -0.001639344262295082
0  0.39013671875 0.7811475409836065 0.0146484375 0.03114754098360656 0.388671875 0.7807377049180327 0.3955078125 0.7809426229508196 0.392333984375 0.7854508196721312 0.3892822265625 0.791188524590164 0.3939208984375 0.791188524590164
0  0.3486328125 0.8106557377049181 0.015625 0.027868852459016394 0.347107421875 0.8075459016393443 0.35430078125 0.8073622950819672 0.3516845703125 0.8141327868852458 0.3486328125 0.8221819672131148 0.35626171875 0.8201704918032786
0  0.3515625 0.8524590163934426 0.017578125 0.036065573770491806 0.349330078125 0.8515229508196721 0.3570029296875 0.8482442622950819 0.354771484375 0.8576114754098361 0.3521201171875 0.8660426229508196 0.357701171875 0.8632311475409836
0  0.353515625 0.8959016393442623 0.01953125 0.03770491803278689 0.3489990234375 0.8930032786885246 0.3561923828125 0.8874491803278689 0.3541787109375 0.8966262295081967 0.3531708984375 0.9050786885245901 0.3580625 0.901939344262295
0  0.3623046875 0.9434426229508197 0.021484375 0.047540983606557376 -0.0009765625 -0.001639344262295082 -0.0009765625 -0.001639344262295082 -0.0009765625 -0.001639344262295082 -0.0009765625 -0.001639344262295082 -0.0009765625 -0.001639344262295082
0  0.3837890625 0.8836065573770492 0.01953125 0.04262295081967213 0.3783310546875 0.8808262295081967 0.386283203125 0.8811032786885246 0.3811474609375 0.8869442622950818 0.37965625 0.8969557377049181 0.38412890625 0.8972327868852459
0  0.3671875 0.8581967213114754 0.013671875 0.03442622950819672 -0.0009765625 -0.001639344262295082 -0.0009765625 -0.001639344262295082 -0.0009765625 -0.001639344262295082 -0.0009765625 -0.001639344262295082 -0.0009765625 -0.001639344262295082
0  0.39404296875 0.8336065573770491 0.0146484375 0.03114754098360656 -0.0009765625 -0.001639344262295082 -0.0009765625 -0.001639344262295082 -0.0009765625 -0.001639344262295082 -0.0009765625 -0.001639344262295082 -0.0009765625 -0.001639344262295082
0  0.4296875 0.8655737704918033 0.017578125 0.03934426229508197 0.4241328125 0.8534836065573771 0.43344140625 0.8550196721311476 0.4287109375 0.860655737704918 0.425048828125 0.8701327868852459 0.431 0.8711573770491803
0  0.41650390625 0.9442622950819672 0.0185546875 0.04590163934426229 0.420166015625 0.9392852459016394 0.4217353515625 0.9389934426229507 0.4271416015625 0.9463114754098361 0.423130859375 0.9571426229508196 0.4247001953125 0.9568508196721311
0  0.42333984375 0.9221311475409836 0.0205078125 0.040983606557377046 -0.0009765625 -0.001639344262295082 -0.0009765625 -0.001639344262295082 -0.0009765625 -0.001639344262295082 -0.0009765625 -0.001639344262295082 -0.0009765625 -0.001639344262295082
0  0.43896484375 0.9450819672131148 0.0244140625 0.05737704918032787 0.43280859375 0.9376754098360656 0.44174609375 0.9402377049180327 0.432373046875 0.9482868852459017 0.431283203125 0.9603622950819672 0.436296875 0.9621934426229508
0  0.49755859375 0.9254098360655738 0.0224609375 0.04426229508196721 0.4922880859375 0.9186327868852459 0.5023193359375 0.9200606557377049 0.4953486328125 0.9246262295081968 0.4922880859375 0.9343311475409836 0.4987490234375 0.9351868852459018
0  0.4697265625 0.840983606557377 0.017578125 0.036065573770491806 0.4661298828125 0.8363065573770492 0.473427734375 0.8367606557377049 0.470048828125 0.8435672131147541 0.467076171875 0.8508262295081968 0.47329296875 0.8508262295081968
0  0.50390625 0.8704918032786885 0.01953125 0.03934426229508197 -0.0009765625 -0.001639344262295082 -0.0009765625 -0.001639344262295082 -0.0009765625 -0.001639344262295082 -0.0009765625 -0.001639344262295082 -0.0009765625 -0.001639344262295082
0  0.515625 0.8237704918032787 0.017578125 0.040983606557377046 -0.0009765625 -0.001639344262295082 -0.0009765625 -0.001639344262295082 -0.0009765625 -0.001639344262295082 -0.0009765625 -0.001639344262295082 -0.0009765625 -0.001639344262295082
0  0.4931640625 0.8049180327868852 0.017578125 0.03278688524590164 0.4882685546875 0.8013393442622951 0.494083984375 0.801127868852459 0.49041796875 0.8083426229508197 0.488015625 0.8144983606557377 0.4948427734375 0.8123754098360655
0  0.4765625 0.7827868852459017 0.017578125 0.03442622950819672 -0.0009765625 -0.001639344262295082 -0.0009765625 -0.001639344262295082 -0.0009765625 -0.001639344262295082 -0.0009765625 -0.001639344262295082 -0.0009765625 -0.001639344262295082
0  0.447265625 0.7680327868852459 0.013671875 0.03114754098360656 0.44291015625 0.7640229508196721 0.448677734375 0.7665918032786885 0.445029296875 0.7709377049180328 0.4434990234375 0.775483606557377 0.4473837890625 0.7770639344262296
0  0.4384765625 0.7672131147540984 0.009765625 0.019672131147540985 0.4375869140625 0.767139344262295 0.4435166015625 0.7644032786885246 0.441515625 0.7717426229508196 0.43869921875 0.7792081967213115 0.44418359375 0.7774655737704919
0  0.37109375 0.7467213114754099 0.013671875 0.02459016393442623 0.3688359375 0.7433918032786885 0.374419921875 0.7423147540983607 0.371490234375 0.747232786885246 0.369568359375 0.7509213114754099 0.3747861328125 0.7495393442622951
0  0.35205078125 0.7836065573770492 0.0126953125 0.022950819672131147 -0.0009765625 -0.001639344262295082 -0.0009765625 -0.001639344262295082 -0.0009765625 -0.001639344262295082 -0.0009765625 -0.001639344262295082 -0.0009765625 -0.001639344262295082
0  0.2939453125 0.7090163934426229 0.009765625 0.021311475409836064 -0.0009765625 -0.001639344262295082 -0.0009765625 -0.001639344262295082 -0.0009765625 -0.001639344262295082 -0.0009765625 -0.001639344262295082 -0.0009765625 -0.001639344262295082
0  0.28173828125 0.7032786885245902 0.0107421875 0.019672131147540985 -0.0009765625 -0.001639344262295082 -0.0009765625 -0.001639344262295082 -0.0009765625 -0.001639344262295082 -0.0009765625 -0.001639344262295082 -0.0009765625 -0.001639344262295082
0  0.24755859375 0.7090163934426229 0.0107421875 0.021311475409836064 -0.0009765625 -0.001639344262295082 -0.0009765625 -0.001639344262295082 -0.0009765625 -0.001639344262295082 -0.0009765625 -0.001639344262295082 -0.0009765625 -0.001639344262295082
0  0.28759765625 0.7336065573770492 0.0107421875 0.02459016393442623 -0.0009765625 -0.001639344262295082 -0.0009765625 -0.001639344262295082 -0.0009765625 -0.001639344262295082 -0.0009765625 -0.001639344262295082 -0.0009765625 -0.001639344262295082
0  0.4453125 0.7360655737704918 0.01171875 0.019672131147540985 -0.0009765625 -0.001639344262295082 -0.0009765625 -0.001639344262295082 -0.0009765625 -0.001639344262295082 -0.0009765625 -0.001639344262295082 -0.0009765625 -0.001639344262295082
0  0.431640625 0.75 0.013671875 0.02459016393442623 -0.0009765625 -0.001639344262295082 -0.0009765625 -0.001639344262295082 -0.0009765625 -0.001639344262295082 -0.0009765625 -0.001639344262295082 -0.0009765625 -0.001639344262295082
0  0.5009765625 0.759016393442623 0.01171875 0.022950819672131147 -0.0009765625 -0.001639344262295082 -0.0009765625 -0.001639344262295082 -0.0009765625 -0.001639344262295082 -0.0009765625 -0.001639344262295082 -0.0009765625 -0.001639344262295082
0  0.50927734375 0.7311475409836066 0.0107421875 0.022950819672131147 -0.0009765625 -0.001639344262295082 -0.0009765625 -0.001639344262295082 -0.0009765625 -0.001639344262295082 -0.0009765625 -0.001639344262295082 -0.0009765625 -0.001639344262295082
0  0.49267578125 0.7352459016393442 0.0126953125 0.021311475409836064 -0.0009765625 -0.001639344262295082 -0.0009765625 -0.001639344262295082 -0.0009765625 -0.001639344262295082 -0.0009765625 -0.001639344262295082 -0.0009765625 -0.001639344262295082
0  0.46435546875 0.7270491803278688 0.0126953125 0.02459016393442623 -0.0009765625 -0.001639344262295082 -0.0009765625 -0.001639344262295082 -0.0009765625 -0.001639344262295082 -0.0009765625 -0.001639344262295082 -0.0009765625 -0.001639344262295082
0  0.53125 0.7401639344262295 0.01171875 0.021311475409836064 -0.0009765625 -0.001639344262295082 -0.0009765625 -0.001639344262295082 -0.0009765625 -0.001639344262295082 -0.0009765625 -0.001639344262295082 -0.0009765625 -0.001639344262295082
0  0.5322265625 0.7836065573770492 0.017578125 0.029508196721311476 -0.0009765625 -0.001639344262295082 -0.0009765625 -0.001639344262295082 -0.0009765625 -0.001639344262295082 -0.0009765625 -0.001639344262295082 -0.0009765625 -0.001639344262295082
0  0.533203125 0.8147540983606557 0.013671875 0.03278688524590164 0.5305654296875 0.8107508196721311 0.53688671875 0.8107508196721311 0.5339794921875 0.8145704918032787 0.5305654296875 0.8209377049180328 0.53688671875 0.8209377049180328
0  0.533203125 0.9073770491803279 0.01953125 0.03770491803278689 0.5298984375 0.907055737704918 0.53834765625 0.9082983606557378 0.5344931640625 0.9175065573770491 0.5281201171875 0.9180032786885245 0.5350869140625 0.9219852459016392
0  0.62109375 0.9401639344262295 0.01953125 0.040983606557377046 0.618591796875 0.9369868852459017 0.6272890625 0.9375 0.623779296875 0.9487704918032787 0.619048828125 0.9523573770491803 0.62774609375 0.9528688524590164
0  0.58447265625 0.9221311475409836 0.0224609375 0.047540983606557376 0.575173828125 0.9158377049180327 0.581921875 0.9177245901639345 0.575361328125 0.9268508196721312 0.5770478515625 0.9372360655737706 0.5809853515625 0.9378655737704917
0  0.5615234375 0.839344262295082 0.013671875 0.029508196721311476 0.559875 0.834572131147541 0.5668203125 0.8349672131147541 0.563171875 0.8416868852459016 0.560111328125 0.8476147540983606 0.56599609375 0.8476147540983606
0  0.61865234375 0.9016393442622951 0.0205078125 0.03934426229508197 -0.0009765625 -0.001639344262295082 -0.0009765625 -0.001639344262295082 -0.0009765625 -0.001639344262295082 -0.0009765625 -0.001639344262295082 -0.0009765625 -0.001639344262295082
0  0.55419921875 0.9827868852459016 0.0244140625 0.03114754098360656 0.547423828125 0.9818655737704918 0.5564267578125 0.9823770491803279 0.5503232421875 0.9926229508196721 0.5484921875 1.0026131147540984 0.5539853515625 1.0026131147540984
0  0.67724609375 0.9016393442622951 0.0224609375 0.03934426229508197 -0.0009765625 -0.001639344262295082 -0.0009765625 -0.001639344262295082 -0.0009765625 -0.001639344262295082 -0.0009765625 -0.001639344262295082 -0.0009765625 -0.001639344262295082
0  0.65087890625 0.9098360655737705 0.0166015625 0.03278688524590164 0.65178125 0.9071065573770493 0.6577236328125 0.9058327868852459 0.655701171875 0.9145344262295082 0.6535517578125 0.9200524590163934 0.6579765625 0.919416393442623
0  0.8037109375 0.9360655737704918 0.029296875 0.05901639344262295 0.7996650390625 0.9307672131147542 0.810115234375 0.9352459016393443 0.8025556640625 0.9434573770491803 0.7972197265625 0.949055737704918 0.8067802734375 0.9539081967213116
0  0.75439453125 0.9229508196721311 0.0205078125 0.04262295081967213 -0.0009765625 -0.001639344262295082 -0.0009765625 -0.001639344262295082 -0.0009765625 -0.001639344262295082 -0.0009765625 -0.001639344262295082 -0.0009765625 -0.001639344262295082
0  0.77001953125 0.8532786885245902 0.0166015625 0.03770491803278689 0.773904296875 0.851588524590164 0.7773564453125 0.851588524590164 0.7783642578125 0.858832786885246 0.774623046875 0.867044262295082 0.774623046875 0.867044262295082
0  0.763671875 0.7909836065573771 0.013671875 0.027868852459016394 0.759970703125 0.7876901639344263 0.7671640625 0.7876901639344263 0.7640029296875 0.7942770491803279 0.7612783203125 0.7981196721311475 0.7661826171875 0.7979360655737705
0  0.669921875 0.7991803278688525 0.015625 0.03442622950819672 0.670056640625 0.796632786885246 0.67559765625 0.7950459016393443 0.674111328125 0.8020786885245901 0.6708681640625 0.8070688524590164 0.6751923828125 0.8059360655737705
0  0.70703125 0.8262295081967214 0.015625 0.03934426229508197 0.7093203125 0.8223360655737705 0.713287109375 0.8225918032786885 0.71221875 0.830788524590164 0.709625 0.8374491803278689 0.7126767578125 0.8374491803278689
0  0.609375 0.7926229508196722 0.017578125 0.03442622950819672 0.6074521484375 0.7896229508196722 0.61475 0.7873540983606557 0.6121826171875 0.7941606557377049 0.6093447265625 0.8025540983606557 0.61407421875 0.8018737704918032
0  0.580078125 0.7983606557377049 0.013671875 0.029508196721311476 -0.0009765625 -0.001639344262295082 -0.0009765625 -0.001639344262295082 -0.0009765625 -0.001639344262295082 -0.0009765625 -0.001639344262295082 -0.0009765625 -0.001639344262295082
0  0.54931640625 0.7483606557377049 0.0146484375 0.03114754098360656 0.54736328125 0.7459016393442623 0.5531005859375 0.7459016393442623 0.5511474609375 0.7520491803278688 0.548828125 0.7581967213114754 0.5531005859375 0.7579918032786885
0  0.58740234375 0.7426229508196721 0.0126953125 0.022950819672131147 0.584869140625 0.7402655737704918 0.58999609375 0.7401131147540984 0.5881650390625 0.7453377049180328 0.5862421875 0.7484114754098361 0.589904296875 0.7482590163934426
0  0.6044921875 0.7598360655737705 0.013671875 0.02459016393442623 -0.0009765625 -0.001639344262295082 -0.0009765625 -0.001639344262295082 -0.0009765625 -0.001639344262295082 -0.0009765625 -0.001639344262295082 -0.0009765625 -0.001639344262295082
0  0.6220703125 0.7721311475409836 0.017578125 0.03278688524590164 0.6203701171875 0.7712524590163934 0.626125 0.7710327868852459 0.6231162109375 0.7774 0.6201083984375 0.7817918032786885 0.6256015625 0.7813524590163935
0  0.6513671875 0.7434426229508196 0.01171875 0.021311475409836064 -0.0009765625 -0.001639344262295082 -0.0009765625 -0.001639344262295082 -0.0009765625 -0.001639344262295082 -0.0009765625 -0.001639344262295082 -0.0009765625 -0.001639344262295082
0  0.6669921875 0.7729508196721312 0.013671875 0.02459016393442623 0.663626953125 0.769232786885246 0.6696689453125 0.7698770491803278 0.6663125 0.776155737704918 0.6639140625 0.7800196721311475 0.668517578125 0.7808262295081967
0  0.6240234375 0.8295081967213115 0.01171875 0.02622950819672131 -0.0009765625 -0.001639344262295082 -0.0009765625 -0.001639344262295082 -0.0009765625 -0.001639344262295082 -0.0009765625 -0.001639344262295082 -0.0009765625 -0.001639344262295082
0  0.6376953125 0.8319672131147541 0.017578125 0.03770491803278689 -0.0009765625 -0.001639344262295082 -0.0009765625 -0.001639344262295082 -0.0009765625 -0.001639344262295082 -0.0009765625 -0.001639344262295082 -0.0009765625 -0.001639344262295082
0  0.60986328125 0.851639344262295 0.0146484375 0.03114754098360656 0.613037109375 0.8524590163934426 0.61669921875 0.8528688524590164 0.61669921875 0.8598360655737705 0.6151123046875 0.8672131147540983 0.6170654296875 0.8663934426229508
0  0.73193359375 0.7729508196721312 0.0126953125 0.02459016393442623 -0.0009765625 -0.001639344262295082 -0.0009765625 -0.001639344262295082 -0.0009765625 -0.001639344262295082 -0.0009765625 -0.001639344262295082 -0.0009765625 -0.001639344262295082
0  0.72607421875 0.8098360655737705 0.0126953125 0.029508196721311476 -0.0009765625 -0.001639344262295082 -0.0009765625 -0.001639344262295082 -0.0009765625 -0.001639344262295082 -0.0009765625 -0.001639344262295082 -0.0009765625 -0.001639344262295082
0  0.796875 0.8114754098360656 0.015625 0.036065573770491806 -0.0009765625 -0.001639344262295082 -0.0009765625 -0.001639344262295082 -0.0009765625 -0.001639344262295082 -0.0009765625 -0.001639344262295082 -0.0009765625 -0.001639344262295082
0  0.67578125 0.9491803278688524 0.017578125 0.03934426229508197 -0.0009765625 -0.001639344262295082 -0.0009765625 -0.001639344262295082 -0.0009765625 -0.001639344262295082 -0.0009765625 -0.001639344262295082 -0.0009765625 -0.001639344262295082
0  0.64990234375 0.769672131147541 0.0126953125 0.02459016393442623 -0.0009765625 -0.001639344262295082 -0.0009765625 -0.001639344262295082 -0.0009765625 -0.001639344262295082 -0.0009765625 -0.001639344262295082 -0.0009765625 -0.001639344262295082
0  0.3779296875 0.8098360655737705 0.01171875 0.02622950819672131 -0.0009765625 -0.001639344262295082 -0.0009765625 -0.001639344262295082 -0.0009765625 -0.001639344262295082 -0.0009765625 -0.001639344262295082 -0.0009765625 -0.001639344262295082
0  0.11669921875 0.769672131147541 0.0107421875 0.021311475409836064 -0.0009765625 -0.001639344262295082 -0.0009765625 -0.001639344262295082 -0.0009765625 -0.001639344262295082 -0.0009765625 -0.001639344262295082 -0.0009765625 -0.001639344262295082
0  0.126953125 0.7655737704918033 0.009765625 0.022950819672131147 -0.0009765625 -0.001639344262295082 -0.0009765625 -0.001639344262295082 -0.0009765625 -0.001639344262295082 -0.0009765625 -0.001639344262295082 -0.0009765625 -0.001639344262295082
0  0.017578125 0.7204918032786886 0.009765625 0.018032786885245903 -0.0009765625 -0.001639344262295082 -0.0009765625 -0.001639344262295082 -0.0009765625 -0.001639344262295082 -0.0009765625 -0.001639344262295082 -0.0009765625 -0.001639344262295082
0  0.22705078125 0.7426229508196721 0.0107421875 0.02622950819672131 -0.0009765625 -0.001639344262295082 -0.0009765625 -0.001639344262295082 -0.0009765625 -0.001639344262295082 -0.0009765625 -0.001639344262295082 -0.0009765625 -0.001639344262295082
0  0.66162109375 0.7344262295081967 0.0107421875 0.022950819672131147 -0.0009765625 -0.001639344262295082 -0.0009765625 -0.001639344262295082 -0.0009765625 -0.001639344262295082 -0.0009765625 -0.001639344262295082 -0.0009765625 -0.001639344262295082
0  0.48291015625 0.9147540983606557 0.0205078125 0.03934426229508197 -0.0009765625 -0.001639344262295082 -0.0009765625 -0.001639344262295082 -0.0009765625 -0.001639344262295082 -0.0009765625 -0.001639344262295082 -0.0009765625 -0.001639344262295082
0  0.55810546875 0.9049180327868852 0.0205078125 0.03278688524590164 0.5540859375 0.8976721311475411 0.561671875 0.8961360655737706 0.5564404296875 0.9031622950819672 0.5555244140625 0.9117245901639345 0.560755859375 0.9115049180327869
0  0.103515625 0.8565573770491803 0.015625 0.03114754098360656 -0.0009765625 -0.001639344262295082 -0.0009765625 -0.001639344262295082 -0.0009765625 -0.001639344262295082 -0.0009765625 -0.001639344262295082 -0.0009765625 -0.001639344262295082
0  0.81591796875 0.8557377049180328 0.0185546875 0.036065573770491806 0.80938671875 0.8500885245901639 0.8164365234375 0.8498459016393441 0.810681640625 0.8582983606557377 0.8088115234375 0.8650622950819672 0.8151416015625 0.8643377049180327
0  0.9873046875 0.8163934426229508 0.015625 0.029508196721311476 0.9862275390625 0.8112262295081968 0.9928193359375 0.8110295081967214 0.99034765625 0.8187360655737704 0.9870517578125 0.8234770491803279 0.991171875 0.8234770491803279
0  0.97998046875 0.8704918032786885 0.0185546875 0.04262295081967213 -0.0009765625 -0.001639344262295082 -0.0009765625 -0.001639344262295082 -0.0009765625 -0.001639344262295082 -0.0009765625 -0.001639344262295082 -0.0009765625 -0.001639344262295082
0  0.99560546875 0.9385245901639344 0.0087890625 0.047540983606557376 -0.0009765625 -0.001639344262295082 -0.0009765625 -0.001639344262295082 -0.0009765625 -0.001639344262295082 -0.0009765625 -0.001639344262295082 -0.0009765625 -0.001639344262295082
