0  0.92529296875 0.3712737127371274 0.0166015625 0.05962059620596206 0.92818359375 0.3571680216802168 0.9321025390625 0.35679132791327917 0.933048828125 0.36954471544715445 0.9291298828125 0.3849214092140921 0.9314267578125 0.383420054200542
0  0.85888671875 0.43089430894308944 0.0185546875 0.05962059620596206 0.8563759765625 0.42392682926829267 0.8643271484375 0.42044173441734417 0.861537109375 0.4316693766937669 0.858189453125 0.4456070460704607 0.8653037109375 0.44173441734417346
0  0.861328125 0.32926829268292684 0.015625 0.056910569105691054 0.8600546875 0.3239214092140921 0.8664638671875 0.32174254742547426 0.864501953125 0.3300921409214092 0.8620166015625 0.34352032520325204 0.8667255859375 0.3420677506775068
0  0.8095703125 0.37669376693766937 0.01953125 0.05962059620596206 0.800837890625 0.3573360433604336 0.808271484375 0.35883739837398376 0.8032705078125 0.37233875338753386 0.801513671875 0.3847154471544716 0.807189453125 0.38696476964769644
0  0.7900390625 0.3617886178861789 0.013671875 0.04607046070460705 -0.0009765625 -0.0027100271002710027 -0.0009765625 -0.0027100271002710027 -0.0009765625 -0.0027100271002710027 -0.0009765625 -0.0027100271002710027 -0.0009765625 -0.0027100271002710027
0  0.7294921875 0.45934959349593496 0.01953125 0.056910569105691054 0.7232841796875 0.4445663956639566 0.729431640625 0.4467425474254743 0.7255078125 0.45835772357723575 0.72419921875 0.46997289972899725 0.7298232421875 0.47105962059620593
0  0.7529296875 0.4078590785907859 0.015625 0.056910569105691054 0.7489453125 0.4006964769647696 0.756400390625 0.401059620596206 0.752607421875 0.4130379403794038 0.7507763671875 0.42211111111111105 0.755876953125 0.4224742547425474
0  0.689453125 0.4051490514905149 0.017578125 0.06233062330623306 0.685568359375 0.3992439024390244 0.694201171875 0.39804607046070456 0.689021484375 0.4128184281842819 0.685568359375 0.42399728997289976 0.6939130859375 0.42200271002710027
0  0.67041015625 0.3130081300813008 0.0107421875 0.04065040650406504 -0.0009765625 -0.0027100271002710027 -0.0009765625 -0.0027100271002710027 -0.0009765625 -0.0027100271002710027 -0.0009765625 -0.0027100271002710027 -0.0009765625 -0.0027100271002710027
0  0.63671875 0.3888888888888889 0.017578125 0.051490514905149054 0.63134765625 0.37601626016260165 0.637451171875 0.38109756097560976 0.6314697265625 0.391260162601626 0.632568359375 0.40210027100271 0.63671875 0.4054878048780488
0  0.56982421875 0.35636856368563685 0.0166015625 0.056910569105691054 0.5644970703125 0.34194850948509486 0.568681640625 0.3448509485094851 0.56175 0.35610298102981025 0.5638427734375 0.3677181571815718 0.565935546875 0.37025745257452575
0  0.556640625 0.37262872628726285 0.013671875 0.051490514905149054 -0.0009765625 -0.0027100271002710027 -0.0009765625 -0.0027100271002710027 -0.0009765625 -0.0027100271002710027 -0.0009765625 -0.0027100271002710027 -0.0009765625 -0.0027100271002710027
0  0.52978515625 0.4241192411924119 0.0146484375 0.051490514905149054 0.5264892578125 0.4186991869918699 0.532958984375 0.4190379403794038 0.5299072265625 0.4312330623306233 0.5279541015625 0.4400406504065041 0.531494140625 0.4400406504065041
0  0.52294921875 0.3238482384823848 0.0166015625 0.056910569105691054 0.51791796875 0.3174715447154472 0.52332421875 0.3185962059620596 0.520080078125 0.32572357723577233 0.5181884765625 0.33434959349593496 0.521162109375 0.33434959349593496
0  0.49609375 0.3509485094850949 0.017578125 0.056910569105691054 0.49560546875 0.3468238482384824 0.5014169921875 0.34832249322493225 0.497498046875 0.35844986449864497 0.49425390625 0.36332520325203255 0.4976328125 0.3640758807588076
0  0.4599609375 0.3712737127371274 0.017578125 0.05420054200542006 0.4616396484375 0.3632520325203252 0.4639150390625 0.35728726287262874 0.46897265625 0.3702682926829268 0.462650390625 0.3874607046070461 0.464546875 0.3839539295392954
0  0.43408203125 0.33875338753387535 0.0166015625 0.05420054200542006 0.4276689453125 0.329680216802168 0.43449609375 0.3265230352303523 0.43032421875 0.3395040650406504 0.4291865234375 0.35423848238482386 0.4338642578125 0.35248509485094853
0  0.697265625 0.31842818428184283 0.01171875 0.051490514905149054 -0.0009765625 -0.0027100271002710027 -0.0009765625 -0.0027100271002710027 -0.0009765625 -0.0027100271002710027 -0.0009765625 -0.0027100271002710027 -0.0009765625 -0.0027100271002710027
0  0.3828125 0.3604336043360434 0.01953125 0.05962059620596206 0.378697265625 0.34959349593495936 0.3873466796875 0.34920596205962057 0.383580078125 0.3627560975609756 0.3799521484375 0.3755311653116531 0.3873466796875 0.3755311653116531
0  0.40185546875 0.34688346883468835 0.0146484375 0.04878048780487805 -0.0009765625 -0.0027100271002710027 -0.0009765625 -0.0027100271002710027 -0.0009765625 -0.0027100271002710027 -0.0009765625 -0.0027100271002710027 -0.0009765625 -0.0027100271002710027
0  0.369140625 0.3902439024390244 0.013671875 0.04878048780487805 -0.0009765625 -0.0027100271002710027 -0.0009765625 -0.0027100271002710027 -0.0009765625 -0.0027100271002710027 -0.0009765625 -0.0027100271002710027 -0.0009765625 -0.0027100271002710027
0  0.29443359375 0.3902439024390244 0.0166015625 0.04878048780487805 0.292314453125 0.3846422764227642 0.29961328125 0.38202981029810296 0.2969052734375 0.3973821138211382 0.293609375 0.4042411924119241 0.2994951171875 0.4032628726287263
0  0.34130859375 0.3346883468834688 0.0126953125 0.04607046070460705 -0.0009765625 -0.0027100271002710027 -0.0009765625 -0.0027100271002710027 -0.0009765625 -0.0027100271002710027 -0.0009765625 -0.0027100271002710027 -0.0009765625 -0.0027100271002710027
0  0.27783203125 0.3861788617886179 0.0146484375 0.051490514905149054 -0.0009765625 -0.0027100271002710027 -0.0009765625 -0.0027100271002710027 -0.0009765625 -0.0027100271002710027 -0.0009765625 -0.0027100271002710027 -0.0009765625 -0.0027100271002710027
0  0.24072265625 0.4078590785907859 0.0146484375 0.051490514905149054 -0.0009765625 -0.0027100271002710027 -0.0009765625 -0.0027100271002710027 -0.0009765625 -0.0027100271002710027 -0.0009765625 -0.0027100271002710027 -0.0009765625 -0.0027100271002710027
0  0.21533203125 0.37262872628726285 0.0166015625 0.056910569105691054 0.2118359375 0.3665555555555555 0.218505859375 0.36256368563685637 0.21510546875 0.37562872628726285 0.2130126953125 0.38651761517615174 0.218244140625 0.3850650406504065
0  0.26171875 0.36720867208672087 0.01171875 0.04607046070460705 -0.0009765625 -0.0027100271002710027 -0.0009765625 -0.0027100271002710027 -0.0009765625 -0.0027100271002710027 -0.0009765625 -0.0027100271002710027 -0.0009765625 -0.0027100271002710027
0  0.166015625 0.34688346883468835 0.015625 0.05420054200542006 0.1633955078125 0.3392140921409214 0.1699697265625 0.33991598915989163 0.16680859375 0.35043902439024394 0.1639013671875 0.3616666666666667 0.168453125 0.3627208672086721
0  0.12939453125 0.35772357723577236 0.0166015625 0.05420054200542006 -0.0009765625 -0.0027100271002710027 -0.0009765625 -0.0027100271002710027 -0.0009765625 -0.0027100271002710027 -0.0009765625 -0.0027100271002710027 -0.0009765625 -0.0027100271002710027
0  0.06884765625 0.35907859078590787 0.0166015625 0.051490514905149054 0.063720703125 0.3516260162601626 0.0704345703125 0.35128726287262874 0.0662841796875 0.3628048780487805 0.0634765625 0.37601626016260165 0.070068359375 0.37601626016260165
0  0.0732421875 0.3130081300813008 0.015625 0.051490514905149054 -0.0009765625 -0.0027100271002710027 -0.0009765625 -0.0027100271002710027 -0.0009765625 -0.0027100271002710027 -0.0009765625 -0.0027100271002710027 -0.0009765625 -0.0027100271002710027
0  0.01513671875 0.32791327913279134 0.0166015625 0.05420054200542006 -0.0009765625 -0.0027100271002710027 -0.0009765625 -0.0027100271002710027 -0.0009765625 -0.0027100271002710027 -0.0009765625 -0.0027100271002710027 -0.0009765625 -0.0027100271002710027
0  0.34375 0.39295392953929537 0.017578125 0.05962059620596206 -0.0009765625 -0.0027100271002710027 -0.0009765625 -0.0027100271002710027 -0.0009765625 -0.0027100271002710027 -0.0009765625 -0.0027100271002710027 -0.0009765625 -0.0027100271002710027
0  0.4794921875 0.3035230352303523 0.013671875 0.04878048780487805 -0.0009765625 -0.0027100271002710027 -0.0009765625 -0.0027100271002710027 -0.0009765625 -0.0027100271002710027 -0.0009765625 -0.0027100271002710027 -0.0009765625 -0.0027100271002710027
0  0.6572265625 0.3915989159891599 0.013671875 0.051490514905149054 -0.0009765625 -0.0027100271002710027 -0.0009765625 -0.0027100271002710027 -0.0009765625 -0.0027100271002710027 -0.0009765625 -0.0027100271002710027 -0.0009765625 -0.0027100271002710027
0  0.76171875 0.38346883468834686 0.017578125 0.056910569105691054 -0.0009765625 -0.0027100271002710027 -0.0009765625 -0.0027100271002710027 -0.0009765625 -0.0027100271002710027 -0.0009765625 -0.0027100271002710027 -0.0009765625 -0.0027100271002710027
0  0.82763671875 0.3712737127371274 0.0166015625 0.05962059620596206 0.8275673828125 0.3646910569105691 0.8344033203125 0.36972628726287265 0.8306357421875 0.3794037940379404 0.8267294921875 0.3879214092140921 0.8310546875 0.3921788617886179
0  0.9931640625 0.3970189701897019 0.013671875 0.051490514905149054 -0.0009765625 -0.0027100271002710027 -0.0009765625 -0.0027100271002710027 -0.0009765625 -0.0027100271002710027 -0.0009765625 -0.0027100271002710027 -0.0009765625 -0.0027100271002710027
0  0.64404296875 0.3265582655826558 0.0146484375 0.051490514905149054 -0.0009765625 -0.0027100271002710027 -0.0009765625 -0.0027100271002710027 -0.0009765625 -0.0027100271002710027 -0.0009765625 -0.0027100271002710027 -0.0009765625 -0.0027100271002710027
