0  0.361328125 0.314526588845655 0.00390625 0.009079118028534372 -0.0009765625 -0.0012970168612191958 -0.0009765625 -0.0012970168612191958 -0.0009765625 -0.0012970168612191958 -0.0009765625 -0.0012970168612191958 -0.0009765625 -0.0012970168612191958
0  0.3837890625 0.3138780804150454 0.00390625 0.007782101167315175 -0.0009765625 -0.0012970168612191958 -0.0009765625 -0.0012970168612191958 -0.0009765625 -0.0012970168612191958 -0.0009765625 -0.0012970168612191958 -0.0009765625 -0.0012970168612191958
0  0.3974609375 0.33009079118028534 0.00390625 0.009079118028534372 -0.0009765625 -0.0012970168612191958 -0.0009765625 -0.0012970168612191958 -0.0009765625 -0.0012970168612191958 -0.0009765625 -0.0012970168612191958 -0.0009765625 -0.0012970168612191958
0  0.361328125 0.32749675745784695 0.00390625 0.009079118028534372 -0.0009765625 -0.0012970168612191958 -0.0009765625 -0.0012970168612191958 -0.0009765625 -0.0012970168612191958 -0.0009765625 -0.0012970168612191958 -0.0009765625 -0.0012970168612191958
0  0.37353515625 0.36121919584954604 0.0068359375 0.011673151750972763 -0.0009765625 -0.0012970168612191958 -0.0009765625 -0.0012970168612191958 -0.0009765625 -0.0012970168612191958 -0.0009765625 -0.0012970168612191958 -0.0009765625 -0.0012970168612191958
0  0.3857421875 0.33787289234760054 0.00390625 0.00648508430609598 -0.0009765625 -0.0012970168612191958 -0.0009765625 -0.0012970168612191958 -0.0009765625 -0.0012970168612191958 -0.0009765625 -0.0012970168612191958 -0.0009765625 -0.0012970168612191958
0  0.3828125 0.3521400778210117 0.0078125 0.011673151750972763 -0.0009765625 -0.0012970168612191958 -0.0009765625 -0.0012970168612191958 -0.0009765625 -0.0012970168612191958 -0.0009765625 -0.0012970168612191958 -0.0009765625 -0.0012970168612191958
0  0.3974609375 0.35862516212710766 0.005859375 0.009079118028534372 -0.0009765625 -0.0012970168612191958 -0.0009765625 -0.0012970168612191958 -0.0009765625 -0.0012970168612191958 -0.0009765625 -0.0012970168612191958 -0.0009765625 -0.0012970168612191958
0  0.41455078125 0.3527885862516213 0.0068359375 0.01556420233463035 -0.0009765625 -0.0012970168612191958 -0.0009765625 -0.0012970168612191958 -0.0009765625 -0.0012970168612191958 -0.0009765625 -0.0012970168612191958 -0.0009765625 -0.0012970168612191958
0  0.419921875 0.3754863813229572 0.0078125 0.011673151750972763 -0.0009765625 -0.0012970168612191958 -0.0009765625 -0.0012970168612191958 -0.0009765625 -0.0012970168612191958 -0.0009765625 -0.0012970168612191958 -0.0009765625 -0.0012970168612191958
0  0.44091796875 0.32749675745784695 0.0048828125 0.009079118028534372 -0.0009765625 -0.0012970168612191958 -0.0009765625 -0.0012970168612191958 -0.0009765625 -0.0012970168612191958 -0.0009765625 -0.0012970168612191958 -0.0009765625 -0.0012970168612191958
0  0.45068359375 0.3424124513618677 0.0068359375 0.007782101167315175 -0.0009765625 -0.0012970168612191958 -0.0009765625 -0.0012970168612191958 -0.0009765625 -0.0012970168612191958 -0.0009765625 -0.0012970168612191958 -0.0009765625 -0.0012970168612191958
0  0.4375 0.39299610894941633 0.009765625 0.01556420233463035 -0.0009765625 -0.0012970168612191958 -0.0009765625 -0.0012970168612191958 -0.0009765625 -0.0012970168612191958 -0.0009765625 -0.0012970168612191958 -0.0009765625 -0.0012970168612191958
0  0.4501953125 0.3560311284046693 0.005859375 0.009079118028534372 -0.0009765625 -0.0012970168612191958 -0.0009765625 -0.0012970168612191958 -0.0009765625 -0.0012970168612191958 -0.0009765625 -0.0012970168612191958 -0.0009765625 -0.0012970168612191958
0  0.427734375 0.33787289234760054 0.00390625 0.00648508430609598 -0.0009765625 -0.0012970168612191958 -0.0009765625 -0.0012970168612191958 -0.0009765625 -0.0012970168612191958 -0.0009765625 -0.0012970168612191958 -0.0009765625 -0.0012970168612191958
0  0.4580078125 0.35927367055771725 0.005859375 0.010376134889753566 -0.0009765625 -0.0012970168612191958 -0.0009765625 -0.0012970168612191958 -0.0009765625 -0.0012970168612191958 -0.0009765625 -0.0012970168612191958 -0.0009765625 -0.0012970168612191958
0  0.47216796875 0.3236057068741894 0.0029296875 0.00648508430609598 -0.0009765625 -0.0012970168612191958 -0.0009765625 -0.0012970168612191958 -0.0009765625 -0.0012970168612191958 -0.0009765625 -0.0012970168612191958 -0.0009765625 -0.0012970168612191958
0  0.4716796875 0.3728923476005188 0.005859375 0.009079118028534372 -0.0009765625 -0.0012970168612191958 -0.0009765625 -0.0012970168612191958 -0.0009765625 -0.0012970168612191958 -0.0009765625 -0.0012970168612191958 -0.0009765625 -0.0012970168612191958
0  0.4892578125 0.33916990920881973 0.0078125 0.009079118028534372 -0.0009765625 -0.0012970168612191958 -0.0009765625 -0.0012970168612191958 -0.0009765625 -0.0012970168612191958 -0.0009765625 -0.0012970168612191958 -0.0009765625 -0.0012970168612191958
0  0.49462890625 0.36121919584954604 0.0087890625 0.011673151750972763 0.4942626953125 0.36113878080415046 0.49725390625 0.36138132295719844 0.49591015625 0.36454215304798965 0.4947509765625 0.36713618677042803 0.496765625 0.36713618677042803
0  0.49755859375 0.34954604409857326 0.0048828125 0.009079118028534372 -0.0009765625 -0.0012970168612191958 -0.0009765625 -0.0012970168612191958 -0.0009765625 -0.0012970168612191958 -0.0009765625 -0.0012970168612191958 -0.0009765625 -0.0012970168612191958
0  0.505859375 0.36186770428015563 0.005859375 0.01297016861219196 -0.0009765625 -0.0012970168612191958 -0.0009765625 -0.0012970168612191958 -0.0009765625 -0.0012970168612191958 -0.0009765625 -0.0012970168612191958 -0.0009765625 -0.0012970168612191958
0  0.484375 0.31971465629053175 0.00390625 0.00648508430609598 -0.0009765625 -0.0012970168612191958 -0.0009765625 -0.0012970168612191958 -0.0009765625 -0.0012970168612191958 -0.0009765625 -0.0012970168612191958 -0.0009765625 -0.0012970168612191958
0  0.50244140625 0.3236057068741894 0.0048828125 0.00648508430609598 -0.0009765625 -0.0012970168612191958 -0.0009765625 -0.0012970168612191958 -0.0009765625 -0.0012970168612191958 -0.0009765625 -0.0012970168612191958 -0.0009765625 -0.0012970168612191958
0  0.38134765625 0.4156939040207523 0.0068359375 0.014267185473411154 -0.0009765625 -0.0012970168612191958 -0.0009765625 -0.0012970168612191958 -0.0009765625 -0.0012970168612191958 -0.0009765625 -0.0012970168612191958 -0.0009765625 -0.0012970168612191958
0  0.3984375 0.4072632944228275 0.0078125 0.018158236057068743 -0.0009765625 -0.0012970168612191958 -0.0009765625 -0.0012970168612191958 -0.0009765625 -0.0012970168612191958 -0.0009765625 -0.0012970168612191958 -0.0009765625 -0.0012970168612191958
0  0.45654296875 0.4079118028534371 0.0068359375 0.009079118028534372 -0.0009765625 -0.0012970168612191958 -0.0009765625 -0.0012970168612191958 -0.0009765625 -0.0012970168612191958 -0.0009765625 -0.0012970168612191958 -0.0009765625 -0.0012970168612191958
0  0.4833984375 0.41245136186770426 0.005859375 0.01297016861219196 -0.0009765625 -0.0012970168612191958 -0.0009765625 -0.0012970168612191958 -0.0009765625 -0.0012970168612191958 -0.0009765625 -0.0012970168612191958 -0.0009765625 -0.0012970168612191958
0  0.4755859375 0.4079118028534371 0.005859375 0.014267185473411154 -0.0009765625 -0.0012970168612191958 -0.0009765625 -0.0012970168612191958 -0.0009765625 -0.0012970168612191958 -0.0009765625 -0.0012970168612191958 -0.0009765625 -0.0012970168612191958
0  0.4921875 0.3748378728923476 0.005859375 0.01297016861219196 -0.0009765625 -0.0012970168612191958 -0.0009765625 -0.0012970168612191958 -0.0009765625 -0.0012970168612191958 -0.0009765625 -0.0012970168612191958 -0.0009765625 -0.0012970168612191958
0  0.51806640625 0.36251621271076523 0.0068359375 0.011673151750972763 -0.0009765625 -0.0012970168612191958 -0.0009765625 -0.0012970168612191958 -0.0009765625 -0.0012970168612191958 -0.0009765625 -0.0012970168612191958 -0.0009765625 -0.0012970168612191958
0  0.49658203125 0.41245136186770426 0.0068359375 0.01556420233463035 -0.0009765625 -0.0012970168612191958 -0.0009765625 -0.0012970168612191958 -0.0009765625 -0.0012970168612191958 -0.0009765625 -0.0012970168612191958 -0.0009765625 -0.0012970168612191958
0  0.49951171875 0.39299610894941633 0.0068359375 0.010376134889753566 -0.0009765625 -0.0012970168612191958 -0.0009765625 -0.0012970168612191958 -0.0009765625 -0.0012970168612191958 -0.0009765625 -0.0012970168612191958 -0.0009765625 -0.0012970168612191958
0  0.513671875 0.38910505836575876 0.0078125 0.01297016861219196 0.51396875 0.3889779507133593 0.5163876953125 0.3889779507133593 0.5152763671875 0.39184435797665373 0.5140341796875 0.3935810635538262 0.516453125 0.3935810635538262
0  0.52294921875 0.34954604409857326 0.0048828125 0.009079118028534372 -0.0009765625 -0.0012970168612191958 -0.0009765625 -0.0012970168612191958 -0.0009765625 -0.0012970168612191958 -0.0009765625 -0.0012970168612191958 -0.0009765625 -0.0012970168612191958
0  0.53759765625 0.3664072632944228 0.0068359375 0.009079118028534372 -0.0009765625 -0.0012970168612191958 -0.0009765625 -0.0012970168612191958 -0.0009765625 -0.0012970168612191958 -0.0009765625 -0.0012970168612191958 -0.0009765625 -0.0012970168612191958
0  0.5390625 0.3560311284046693 0.00390625 0.009079118028534372 -0.0009765625 -0.0012970168612191958 -0.0009765625 -0.0012970168612191958 -0.0009765625 -0.0012970168612191958 -0.0009765625 -0.0012970168612191958 -0.0009765625 -0.0012970168612191958
0  0.53466796875 0.38715953307393 0.0068359375 0.011673151750972763 -0.0009765625 -0.0012970168612191958 -0.0009765625 -0.0012970168612191958 -0.0009765625 -0.0012970168612191958 -0.0009765625 -0.0012970168612191958 -0.0009765625 -0.0012970168612191958
0  0.552734375 0.36057068741893644 0.00390625 0.007782101167315175 -0.0009765625 -0.0012970168612191958 -0.0009765625 -0.0012970168612191958 -0.0009765625 -0.0012970168612191958 -0.0009765625 -0.0012970168612191958 -0.0009765625 -0.0012970168612191958
0  0.50927734375 0.41958495460440987 0.0068359375 0.011673151750972763 -0.0009765625 -0.0012970168612191958 -0.0009765625 -0.0012970168612191958 -0.0009765625 -0.0012970168612191958 -0.0009765625 -0.0012970168612191958 -0.0009765625 -0.0012970168612191958
0  0.53515625 0.4182879377431907 0.0078125 0.016861219195849545 -0.0009765625 -0.0012970168612191958 -0.0009765625 -0.0012970168612191958 -0.0009765625 -0.0012970168612191958 -0.0009765625 -0.0012970168612191958 -0.0009765625 -0.0012970168612191958
0  0.55029296875 0.3767833981841764 0.0068359375 0.011673151750972763 -0.0009765625 -0.0012970168612191958 -0.0009765625 -0.0012970168612191958 -0.0009765625 -0.0012970168612191958 -0.0009765625 -0.0012970168612191958 -0.0009765625 -0.0012970168612191958
0  0.55517578125 0.39948119325551235 0.0107421875 0.01556420233463035 -0.0009765625 -0.0012970168612191958 -0.0009765625 -0.0012970168612191958 -0.0009765625 -0.0012970168612191958 -0.0009765625 -0.0012970168612191958 -0.0009765625 -0.0012970168612191958
0  0.55615234375 0.4267185473411154 0.0087890625 0.01297016861219196 -0.0009765625 -0.0012970168612191958 -0.0009765625 -0.0012970168612191958 -0.0009765625 -0.0012970168612191958 -0.0009765625 -0.0012970168612191958 -0.0009765625 -0.0012970168612191958
0  0.57177734375 0.3715953307392996 0.0048828125 0.009079118028534372 -0.0009765625 -0.0012970168612191958 -0.0009765625 -0.0012970168612191958 -0.0009765625 -0.0012970168612191958 -0.0009765625 -0.0012970168612191958 -0.0009765625 -0.0012970168612191958
0  0.5888671875 0.37094682230869 0.0078125 0.007782101167315175 -0.0009765625 -0.0012970168612191958 -0.0009765625 -0.0012970168612191958 -0.0009765625 -0.0012970168612191958 -0.0009765625 -0.0012970168612191958 -0.0009765625 -0.0012970168612191958
0  0.607421875 0.4267185473411154 0.0078125 0.01556420233463035 -0.0009765625 -0.0012970168612191958 -0.0009765625 -0.0012970168612191958 -0.0009765625 -0.0012970168612191958 -0.0009765625 -0.0012970168612191958 -0.0009765625 -0.0012970168612191958
0  0.60009765625 0.36900129701686124 0.0068359375 0.014267185473411154 -0.0009765625 -0.0012970168612191958 -0.0009765625 -0.0012970168612191958 -0.0009765625 -0.0012970168612191958 -0.0009765625 -0.0012970168612191958 -0.0009765625 -0.0012970168612191958
0  0.52001953125 0.4487678339818418 0.0107421875 0.01556420233463035 0.519923828125 0.4470998702983139 0.5229052734375 0.4470998702983139 0.5215712890625 0.45001815823605706 0.520080078125 0.45231128404669263 0.5224345703125 0.45283268482490274
0  0.568359375 0.42347600518806744 0.005859375 0.014267185473411154 -0.0009765625 -0.0012970168612191958 -0.0009765625 -0.0012970168612191958 -0.0009765625 -0.0012970168612191958 -0.0009765625 -0.0012970168612191958 -0.0009765625 -0.0012970168612191958
0  0.6123046875 0.3540856031128405 0.005859375 0.01297016861219196 -0.0009765625 -0.0012970168612191958 -0.0009765625 -0.0012970168612191958 -0.0009765625 -0.0012970168612191958 -0.0009765625 -0.0012970168612191958 -0.0009765625 -0.0012970168612191958
0  0.6123046875 0.37029831387808043 0.005859375 0.011673151750972763 -0.0009765625 -0.0012970168612191958 -0.0009765625 -0.0012970168612191958 -0.0009765625 -0.0012970168612191958 -0.0009765625 -0.0012970168612191958 -0.0009765625 -0.0012970168612191958
0  0.62841796875 0.3858625162127108 0.0068359375 0.016861219195849545 -0.0009765625 -0.0012970168612191958 -0.0009765625 -0.0012970168612191958 -0.0009765625 -0.0012970168612191958 -0.0009765625 -0.0012970168612191958 -0.0009765625 -0.0012970168612191958
0  0.65087890625 0.38845654993514916 0.0087890625 0.011673151750972763 -0.0009765625 -0.0012970168612191958 -0.0009765625 -0.0012970168612191958 -0.0009765625 -0.0012970168612191958 -0.0009765625 -0.0012970168612191958 -0.0009765625 -0.0012970168612191958
0  0.65869140625 0.35797665369649806 0.0048828125 0.010376134889753566 -0.0009765625 -0.0012970168612191958 -0.0009765625 -0.0012970168612191958 -0.0009765625 -0.0012970168612191958 -0.0009765625 -0.0012970168612191958 -0.0009765625 -0.0012970168612191958
0  0.62646484375 0.3670557717250324 0.0048828125 0.010376134889753566 -0.0009765625 -0.0012970168612191958 -0.0009765625 -0.0012970168612191958 -0.0009765625 -0.0012970168612191958 -0.0009765625 -0.0012970168612191958 -0.0009765625 -0.0012970168612191958
0  0.65380859375 0.3437094682230869 0.0048828125 0.010376134889753566 -0.0009765625 -0.0012970168612191958 -0.0009765625 -0.0012970168612191958 -0.0009765625 -0.0012970168612191958 -0.0009765625 -0.0012970168612191958 -0.0009765625 -0.0012970168612191958
0  0.67431640625 0.37094682230869 0.0068359375 0.010376134889753566 -0.0009765625 -0.0012970168612191958 -0.0009765625 -0.0012970168612191958 -0.0009765625 -0.0012970168612191958 -0.0009765625 -0.0012970168612191958 -0.0009765625 -0.0012970168612191958
0  0.69189453125 0.377431906614786 0.0068359375 0.010376134889753566 -0.0009765625 -0.0012970168612191958 -0.0009765625 -0.0012970168612191958 -0.0009765625 -0.0012970168612191958 -0.0009765625 -0.0012970168612191958 -0.0009765625 -0.0012970168612191958
0  0.69970703125 0.3547341115434501 0.0048828125 0.009079118028534372 -0.0009765625 -0.0012970168612191958 -0.0009765625 -0.0012970168612191958 -0.0009765625 -0.0012970168612191958 -0.0009765625 -0.0012970168612191958 -0.0009765625 -0.0012970168612191958
0  0.7099609375 0.3631647211413748 0.0078125 0.010376134889753566 -0.0009765625 -0.0012970168612191958 -0.0009765625 -0.0012970168612191958 -0.0009765625 -0.0012970168612191958 -0.0009765625 -0.0012970168612191958 -0.0009765625 -0.0012970168612191958
0  0.71728515625 0.3981841763942931 0.0068359375 0.010376134889753566 -0.0009765625 -0.0012970168612191958 -0.0009765625 -0.0012970168612191958 -0.0009765625 -0.0012970168612191958 -0.0009765625 -0.0012970168612191958 -0.0009765625 -0.0012970168612191958
0  0.736328125 0.4150453955901427 0.0078125 0.01297016861219196 -0.0009765625 -0.0012970168612191958 -0.0009765625 -0.0012970168612191958 -0.0009765625 -0.0012970168612191958 -0.0009765625 -0.0012970168612191958 -0.0009765625 -0.0012970168612191958
0  0.70849609375 0.37937743190661477 0.0068359375 0.014267185473411154 -0.0009765625 -0.0012970168612191958 -0.0009765625 -0.0012970168612191958 -0.0009765625 -0.0012970168612191958 -0.0009765625 -0.0012970168612191958 -0.0009765625 -0.0012970168612191958
0  0.7236328125 0.3865110246433204 0.0078125 0.01556420233463035 -0.0009765625 -0.0012970168612191958 -0.0009765625 -0.0012970168612191958 -0.0009765625 -0.0012970168612191958 -0.0009765625 -0.0012970168612191958 -0.0009765625 -0.0012970168612191958
0  0.73291015625 0.3553826199740597 0.0068359375 0.010376134889753566 -0.0009765625 -0.0012970168612191958 -0.0009765625 -0.0012970168612191958 -0.0009765625 -0.0012970168612191958 -0.0009765625 -0.0012970168612191958 -0.0009765625 -0.0012970168612191958
0  0.732421875 0.33852140077821014 0.005859375 0.010376134889753566 -0.0009765625 -0.0012970168612191958 -0.0009765625 -0.0012970168612191958 -0.0009765625 -0.0012970168612191958 -0.0009765625 -0.0012970168612191958 -0.0009765625 -0.0012970168612191958
0  0.81591796875 0.3411154345006485 0.0048828125 0.010376134889753566 -0.0009765625 -0.0012970168612191958 -0.0009765625 -0.0012970168612191958 -0.0009765625 -0.0012970168612191958 -0.0009765625 -0.0012970168612191958 -0.0009765625 -0.0012970168612191958
0  0.77099609375 0.38715953307393 0.0068359375 0.011673151750972763 -0.0009765625 -0.0012970168612191958 -0.0009765625 -0.0012970168612191958 -0.0009765625 -0.0012970168612191958 -0.0009765625 -0.0012970168612191958 -0.0009765625 -0.0012970168612191958
0  0.77734375 0.36770428015564205 0.005859375 0.009079118028534372 -0.0009765625 -0.0012970168612191958 -0.0009765625 -0.0012970168612191958 -0.0009765625 -0.0012970168612191958 -0.0009765625 -0.0012970168612191958 -0.0009765625 -0.0012970168612191958
0  0.7607421875 0.38067444876783396 0.0078125 0.014267185473411154 -0.0009765625 -0.0012970168612191958 -0.0009765625 -0.0012970168612191958 -0.0009765625 -0.0012970168612191958 -0.0009765625 -0.0012970168612191958 -0.0009765625 -0.0012970168612191958
0  0.78125 0.4072632944228275 0.0078125 0.01297016861219196 0.781189453125 0.40637094682230873 0.7845458984375 0.40669520103761353 0.782775390625 0.4101011673151751 0.7801513671875 0.41099221789883267 0.783630859375 0.41180285343709466
0  0.7880859375 0.4176394293125811 0.0078125 0.01297016861219196 -0.0009765625 -0.0012970168612191958 -0.0009765625 -0.0012970168612191958 -0.0009765625 -0.0012970168612191958 -0.0009765625 -0.0012970168612191958 -0.0009765625 -0.0012970168612191958
0  0.794921875 0.4085603112840467 0.0078125 0.010376134889753566 -0.0009765625 -0.0012970168612191958 -0.0009765625 -0.0012970168612191958 -0.0009765625 -0.0012970168612191958 -0.0009765625 -0.0012970168612191958 -0.0009765625 -0.0012970168612191958
0  0.80224609375 0.38910505836575876 0.0107421875 0.018158236057068743 -0.0009765625 -0.0012970168612191958 -0.0009765625 -0.0012970168612191958 -0.0009765625 -0.0012970168612191958 -0.0009765625 -0.0012970168612191958 -0.0009765625 -0.0012970168612191958
0  0.80419921875 0.4383916990920882 0.0087890625 0.01556420233463035 -0.0009765625 -0.0012970168612191958 -0.0009765625 -0.0012970168612191958 -0.0009765625 -0.0012970168612191958 -0.0009765625 -0.0012970168612191958 -0.0009765625 -0.0012970168612191958
0  0.814453125 0.4182879377431907 0.009765625 0.011673151750972763 -0.0009765625 -0.0012970168612191958 -0.0009765625 -0.0012970168612191958 -0.0009765625 -0.0012970168612191958 -0.0009765625 -0.0012970168612191958 -0.0009765625 -0.0012970168612191958
0  0.8232421875 0.42282749675745784 0.0078125 0.01297016861219196 -0.0009765625 -0.0012970168612191958 -0.0009765625 -0.0012970168612191958 -0.0009765625 -0.0012970168612191958 -0.0009765625 -0.0012970168612191958 -0.0009765625 -0.0012970168612191958
0  0.84912109375 0.4455252918287938 0.0107421875 0.014267185473411154 -0.0009765625 -0.0012970168612191958 -0.0009765625 -0.0012970168612191958 -0.0009765625 -0.0012970168612191958 -0.0009765625 -0.0012970168612191958 -0.0009765625 -0.0012970168612191958
0  0.828125 0.40012970168612194 0.005859375 0.011673151750972763 -0.0009765625 -0.0012970168612191958 -0.0009765625 -0.0012970168612191958 -0.0009765625 -0.0012970168612191958 -0.0009765625 -0.0012970168612191958 -0.0009765625 -0.0012970168612191958
0  0.84619140625 0.4027237354085603 0.0087890625 0.014267185473411154 -0.0009765625 -0.0012970168612191958 -0.0009765625 -0.0012970168612191958 -0.0009765625 -0.0012970168612191958 -0.0009765625 -0.0012970168612191958 -0.0009765625 -0.0012970168612191958
0  0.80517578125 0.3437094682230869 0.0048828125 0.010376134889753566 -0.0009765625 -0.0012970168612191958 -0.0009765625 -0.0012970168612191958 -0.0009765625 -0.0012970168612191958 -0.0009765625 -0.0012970168612191958 -0.0009765625 -0.0012970168612191958
0  0.82177734375 0.3845654993514916 0.0068359375 0.011673151750972763 -0.0009765625 -0.0012970168612191958 -0.0009765625 -0.0012970168612191958 -0.0009765625 -0.0012970168612191958 -0.0009765625 -0.0012970168612191958 -0.0009765625 -0.0012970168612191958
0  0.8359375 0.3735408560311284 0.0078125 0.010376134889753566 -0.0009765625 -0.0012970168612191958 -0.0009765625 -0.0012970168612191958 -0.0009765625 -0.0012970168612191958 -0.0009765625 -0.0012970168612191958 -0.0009765625 -0.0012970168612191958
0  0.86669921875 0.35927367055771725 0.0048828125 0.007782101167315175 -0.0009765625 -0.0012970168612191958 -0.0009765625 -0.0012970168612191958 -0.0009765625 -0.0012970168612191958 -0.0009765625 -0.0012970168612191958 -0.0009765625 -0.0012970168612191958
0  0.892578125 0.3553826199740597 0.005859375 0.010376134889753566 -0.0009765625 -0.0012970168612191958 -0.0009765625 -0.0012970168612191958 -0.0009765625 -0.0012970168612191958 -0.0009765625 -0.0012970168612191958 -0.0009765625 -0.0012970168612191958
0  0.888671875 0.38780804150453957 0.0078125 0.01556420233463035 -0.0009765625 -0.0012970168612191958 -0.0009765625 -0.0012970168612191958 -0.0009765625 -0.0012970168612191958 -0.0009765625 -0.0012970168612191958 -0.0009765625 -0.0012970168612191958
0  0.865234375 0.3942931258106355 0.0078125 0.01297016861219196 -0.0009765625 -0.0012970168612191958 -0.0009765625 -0.0012970168612191958 -0.0009765625 -0.0012970168612191958 -0.0009765625 -0.0012970168612191958 -0.0009765625 -0.0012970168612191958
0  0.89794921875 0.3787289234760052 0.0068359375 0.010376134889753566 -0.0009765625 -0.0012970168612191958 -0.0009765625 -0.0012970168612191958 -0.0009765625 -0.0012970168612191958 -0.0009765625 -0.0012970168612191958 -0.0009765625 -0.0012970168612191958
0  0.89306640625 0.42282749675745784 0.0087890625 0.01297016861219196 0.890681640625 0.42235278858625164 0.894736328125 0.42287418936446175 0.8923818359375 0.42600000000000005 0.8911396484375 0.42817250324254214 0.8936240234375 0.42851880674448767
0  0.8837890625 0.45071335927367057 0.009765625 0.014267185473411154 -0.0009765625 -0.0012970168612191958 -0.0009765625 -0.0012970168612191958 -0.0009765625 -0.0012970168612191958 -0.0009765625 -0.0012970168612191958 -0.0009765625 -0.0012970168612191958
0  0.87158203125 0.4357976653696498 0.0087890625 0.018158236057068743 -0.0009765625 -0.0012970168612191958 -0.0009765625 -0.0012970168612191958 -0.0009765625 -0.0012970168612191958 -0.0009765625 -0.0012970168612191958 -0.0009765625 -0.0012970168612191958
0  0.91552734375 0.4092088197146563 0.0107421875 0.014267185473411154 -0.0009765625 -0.0012970168612191958 -0.0009765625 -0.0012970168612191958 -0.0009765625 -0.0012970168612191958 -0.0009765625 -0.0012970168612191958 -0.0009765625 -0.0012970168612191958
0  0.92724609375 0.3722438391699092 0.0087890625 0.01297016861219196 0.9264306640625 0.3716822308690013 0.9295693359375 0.3718560311284047 0.9279345703125 0.3737665369649805 0.9260380859375 0.3757639429312581 0.9284580078125 0.3759377431906615
0  0.94580078125 0.39040207522697795 0.0087890625 0.01297016861219196 -0.0009765625 -0.0012970168612191958 -0.0009765625 -0.0012970168612191958 -0.0009765625 -0.0012970168612191958 -0.0009765625 -0.0012970168612191958 -0.0009765625 -0.0012970168612191958
0  0.9384765625 0.4260700389105058 0.0078125 0.014267185473411154 -0.0009765625 -0.0012970168612191958 -0.0009765625 -0.0012970168612191958 -0.0009765625 -0.0012970168612191958 -0.0009765625 -0.0012970168612191958 -0.0009765625 -0.0012970168612191958
0  0.958984375 0.4474708171206226 0.01171875 0.01556420233463035 0.95684765625 0.44642801556420236 0.9612421875 0.4469494163424125 0.958025390625 0.44945136186770424 0.9566123046875 0.45289105058365753 0.959908203125 0.45341115434500645
0  0.93701171875 0.46108949416342415 0.0087890625 0.011673151750972763 -0.0009765625 -0.0012970168612191958 -0.0009765625 -0.0012970168612191958 -0.0009765625 -0.0012970168612191958 -0.0009765625 -0.0012970168612191958 -0.0009765625 -0.0012970168612191958
0  0.91845703125 0.45006485084306097 0.0087890625 0.010376134889753566 -0.0009765625 -0.0012970168612191958 -0.0009765625 -0.0012970168612191958 -0.0009765625 -0.0012970168612191958 -0.0009765625 -0.0012970168612191958 -0.0009765625 -0.0012970168612191958
0  0.91943359375 0.4714656290531777 0.0107421875 0.014267185473411154 -0.0009765625 -0.0012970168612191958 -0.0009765625 -0.0012970168612191958 -0.0009765625 -0.0012970168612191958 -0.0009765625 -0.0012970168612191958 -0.0009765625 -0.0012970168612191958
0  0.8837890625 0.4773022049286641 0.01171875 0.018158236057068743 0.8801962890625 0.47568093385214005 0.8849921875 0.4757963683527886 0.882115234375 0.4797341115434501 0.88089453125 0.48239818417639424 0.8842080078125 0.48239818417639424
0  0.89501953125 0.46303501945525294 0.0107421875 0.01556420233463035 -0.0009765625 -0.0012970168612191958 -0.0009765625 -0.0012970168612191958 -0.0009765625 -0.0012970168612191958 -0.0009765625 -0.0012970168612191958 -0.0009765625 -0.0012970168612191958
0  0.50634765625 0.4714656290531777 0.0107421875 0.016861219195849545 0.504203125 0.4691789883268483 0.5085927734375 0.46840856031128403 0.5063564453125 0.47192866407263295 0.505611328125 0.47588975356679636 0.50826171875 0.4755590142671855
0  0.53271484375 0.5006485084306096 0.0107421875 0.01556420233463035 -0.0009765625 -0.0012970168612191958 -0.0009765625 -0.0012970168612191958 -0.0009765625 -0.0012970168612191958 -0.0009765625 -0.0012970168612191958 -0.0009765625 -0.0012970168612191958
0  0.54052734375 0.4727626459143969 0.0087890625 0.014267185473411154 -0.0009765625 -0.0012970168612191958 -0.0009765625 -0.0012970168612191958 -0.0009765625 -0.0012970168612191958 -0.0009765625 -0.0012970168612191958 -0.0009765625 -0.0012970168612191958
0  0.55859375 0.4584954604409857 0.009765625 0.014267185473411154 0.5558515625 0.4569027237354085 0.559779296875 0.45680415045395595 0.557111328125 0.46093904020752274 0.5578525390625 0.4628093385214008 0.5594091796875 0.4628093385214008
0  0.552734375 0.543450064850843 0.01171875 0.020752269779507133 -0.0009765625 -0.0012970168612191958 -0.0009765625 -0.0012970168612191958 -0.0009765625 -0.0012970168612191958 -0.0009765625 -0.0012970168612191958 -0.0009765625 -0.0012970168612191958
0  0.5927734375 0.4909208819714656 0.009765625 0.011673151750972763 -0.0009765625 -0.0012970168612191958 -0.0009765625 -0.0012970168612191958 -0.0009765625 -0.0012970168612191958 -0.0009765625 -0.0012970168612191958 -0.0009765625 -0.0012970168612191958
0  0.5517578125 0.4915693904020752 0.0078125 0.01297016861219196 -0.0009765625 -0.0012970168612191958 -0.0009765625 -0.0012970168612191958 -0.0009765625 -0.0012970168612191958 -0.0009765625 -0.0012970168612191958 -0.0009765625 -0.0012970168612191958
0  0.595703125 0.44487678339818415 0.005859375 0.01556420233463035 -0.0009765625 -0.0012970168612191958 -0.0009765625 -0.0012970168612191958 -0.0009765625 -0.0012970168612191958 -0.0009765625 -0.0012970168612191958 -0.0009765625 -0.0012970168612191958
0  0.609375 0.4565499351491569 0.009765625 0.018158236057068743 -0.0009765625 -0.0012970168612191958 -0.0009765625 -0.0012970168612191958 -0.0009765625 -0.0012970168612191958 -0.0009765625 -0.0012970168612191958 -0.0009765625 -0.0012970168612191958
0  0.640625 0.4409857328145266 0.0078125 0.01297016861219196 -0.0009765625 -0.0012970168612191958 -0.0009765625 -0.0012970168612191958 -0.0009765625 -0.0012970168612191958 -0.0009765625 -0.0012970168612191958 -0.0009765625 -0.0012970168612191958
0  0.64501953125 0.4675745784695201 0.0087890625 0.011673151750972763 -0.0009765625 -0.0012970168612191958 -0.0009765625 -0.0012970168612191958 -0.0009765625 -0.0012970168612191958 -0.0009765625 -0.0012970168612191958 -0.0009765625 -0.0012970168612191958
0  0.6455078125 0.48573281452658884 0.01171875 0.016861219195849545 -0.0009765625 -0.0012970168612191958 -0.0009765625 -0.0012970168612191958 -0.0009765625 -0.0012970168612191958 -0.0009765625 -0.0012970168612191958 -0.0009765625 -0.0012970168612191958
0  0.66455078125 0.47535667963683526 0.0068359375 0.016861219195849545 -0.0009765625 -0.0012970168612191958 -0.0009765625 -0.0012970168612191958 -0.0009765625 -0.0012970168612191958 -0.0009765625 -0.0012970168612191958 -0.0009765625 -0.0012970168612191958
0  0.67236328125 0.48508430609597925 0.0107421875 0.01297016861219196 -0.0009765625 -0.0012970168612191958 -0.0009765625 -0.0012970168612191958 -0.0009765625 -0.0012970168612191958 -0.0009765625 -0.0012970168612191958 -0.0009765625 -0.0012970168612191958
0  0.6962890625 0.49351491569390404 0.009765625 0.016861219195849545 -0.0009765625 -0.0012970168612191958 -0.0009765625 -0.0012970168612191958 -0.0009765625 -0.0012970168612191958 -0.0009765625 -0.0012970168612191958 -0.0009765625 -0.0012970168612191958
0  0.7001953125 0.47470817120622566 0.009765625 0.01556420233463035 -0.0009765625 -0.0012970168612191958 -0.0009765625 -0.0012970168612191958 -0.0009765625 -0.0012970168612191958 -0.0009765625 -0.0012970168612191958 -0.0009765625 -0.0012970168612191958
0  0.71240234375 0.4773022049286641 0.0107421875 0.01556420233463035 -0.0009765625 -0.0012970168612191958 -0.0009765625 -0.0012970168612191958 -0.0009765625 -0.0012970168612191958 -0.0009765625 -0.0012970168612191958 -0.0009765625 -0.0012970168612191958
0  0.728515625 0.46303501945525294 0.009765625 0.01556420233463035 -0.0009765625 -0.0012970168612191958 -0.0009765625 -0.0012970168612191958 -0.0009765625 -0.0012970168612191958 -0.0009765625 -0.0012970168612191958 -0.0009765625 -0.0012970168612191958
0  0.70361328125 0.5453955901426718 0.0126953125 0.02204928664072633 0.7005615234375 0.5422166018158235 0.706337890625 0.5422166018158235 0.7024140625 0.5462697795071335 0.700888671875 0.5491647211413748 0.704267578125 0.5493099870298314
0  0.73046875 0.5045395590142672 0.009765625 0.018158236057068743 -0.0009765625 -0.0012970168612191958 -0.0009765625 -0.0012970168612191958 -0.0009765625 -0.0012970168612191958 -0.0009765625 -0.0012970168612191958 -0.0009765625 -0.0012970168612191958
0  0.736328125 0.5415045395590142 0.01171875 0.016861219195849545 -0.0009765625 -0.0012970168612191958 -0.0009765625 -0.0012970168612191958 -0.0009765625 -0.0012970168612191958 -0.0009765625 -0.0012970168612191958 -0.0009765625 -0.0012970168612191958
0  0.7177734375 0.5616083009079118 0.01171875 0.01556420233463035 -0.0009765625 -0.0012970168612191958 -0.0009765625 -0.0012970168612191958 -0.0009765625 -0.0012970168612191958 -0.0009765625 -0.0012970168612191958 -0.0009765625 -0.0012970168612191958
0  0.73095703125 0.5674448767833982 0.0146484375 0.02204928664072633 0.7278525390625 0.5646939040207523 0.7334111328125 0.5648391699092088 0.729923828125 0.5688923476005188 0.72708984375 0.5729455252918287 0.7323212890625 0.5735252918287937
0  0.74755859375 0.48184176394293127 0.0087890625 0.016861219195849545 -0.0009765625 -0.0012970168612191958 -0.0009765625 -0.0012970168612191958 -0.0009765625 -0.0012970168612191958 -0.0009765625 -0.0012970168612191958 -0.0009765625 -0.0012970168612191958
0  0.759765625 0.48313878080415046 0.009765625 0.014267185473411154 -0.0009765625 -0.0012970168612191958 -0.0009765625 -0.0012970168612191958 -0.0009765625 -0.0012970168612191958 -0.0009765625 -0.0012970168612191958 -0.0009765625 -0.0012970168612191958
0  0.7509765625 0.46238651102464334 0.009765625 0.014267185473411154 -0.0009765625 -0.0012970168612191958 -0.0009765625 -0.0012970168612191958 -0.0009765625 -0.0012970168612191958 -0.0009765625 -0.0012970168612191958 -0.0009765625 -0.0012970168612191958
0  0.74951171875 0.5551232166018158 0.0107421875 0.020752269779507133 -0.0009765625 -0.0012970168612191958 -0.0009765625 -0.0012970168612191958 -0.0009765625 -0.0012970168612191958 -0.0009765625 -0.0012970168612191958 -0.0009765625 -0.0012970168612191958
0  0.76123046875 0.5616083009079118 0.0087890625 0.020752269779507133 -0.0009765625 -0.0012970168612191958 -0.0009765625 -0.0012970168612191958 -0.0009765625 -0.0012970168612191958 -0.0009765625 -0.0012970168612191958 -0.0009765625 -0.0012970168612191958
0  0.68212890625 0.5700389105058365 0.0107421875 0.02204928664072633 0.6768447265625 0.566136186770428 0.6818583984375 0.5670051880674449 0.6773896484375 0.5714928664072633 0.6768447265625 0.5749662775616082 0.6793515625 0.5755460440985732
0  0.6318359375 0.5460440985732814 0.009765625 0.018158236057068743 -0.0009765625 -0.0012970168612191958 -0.0009765625 -0.0012970168612191958 -0.0009765625 -0.0012970168612191958 -0.0009765625 -0.0012970168612191958 -0.0009765625 -0.0012970168612191958
0  0.64404296875 0.559662775616083 0.0107421875 0.016861219195849545 -0.0009765625 -0.0012970168612191958 -0.0009765625 -0.0012970168612191958 -0.0009765625 -0.0012970168612191958 -0.0009765625 -0.0012970168612191958 -0.0009765625 -0.0012970168612191958
0  0.60498046875 0.5311284046692607 0.0087890625 0.016861219195849545 0.6028359375 0.5287081712062257 0.6039951171875 0.5287081712062257 0.6027529296875 0.5327782101167315 0.6035810546875 0.5350894941634241 0.6045751953125 0.5348690012970169
0  0.6162109375 0.543450064850843 0.009765625 0.01556420233463035 -0.0009765625 -0.0012970168612191958 -0.0009765625 -0.0012970168612191958 -0.0009765625 -0.0012970168612191958 -0.0009765625 -0.0012970168612191958 -0.0009765625 -0.0012970168612191958
0  0.587890625 0.5687418936446174 0.013671875 0.019455252918287938 -0.0009765625 -0.0012970168612191958 -0.0009765625 -0.0012970168612191958 -0.0009765625 -0.0012970168612191958 -0.0009765625 -0.0012970168612191958 -0.0009765625 -0.0012970168612191958
0  0.40234375 0.5395590142671854 0.009765625 0.01556420233463035 0.3999716796875 0.5387833981841764 0.4044453125 0.5385745784695201 0.402326171875 0.5411802853437094 0.4012275390625 0.5438897535667964 0.403111328125 0.5437859922178988
0  0.40576171875 0.5901426718547341 0.0126953125 0.020752269779507133 -0.0009765625 -0.0012970168612191958 -0.0009765625 -0.0012970168612191958 -0.0009765625 -0.0012970168612191958 -0.0009765625 -0.0012970168612191958 -0.0009765625 -0.0012970168612191958
0  0.40185546875 0.6433203631647212 0.0126953125 0.023346303501945526 0.3977744140625 0.6398573281452659 0.40253515625 0.6400077821011674 0.398455078125 0.6442230869001297 0.397888671875 0.6493424124513618 0.4006083984375 0.6493424124513618
0  0.453125 0.6381322957198443 0.013671875 0.023346303501945526 0.4489873046875 0.6354513618677042 0.45428515625 0.6354513618677042 0.45098828125 0.6404539559014267 0.4507529296875 0.6451439688715953 0.4532255859375 0.6451439688715953
0  0.45263671875 0.5953307392996109 0.0107421875 0.023346303501945526 -0.0009765625 -0.0012970168612191958 -0.0009765625 -0.0012970168612191958 -0.0009765625 -0.0012970168612191958 -0.0009765625 -0.0012970168612191958 -0.0009765625 -0.0012970168612191958
0  0.4658203125 0.6141374837872893 0.013671875 0.019455252918287938 -0.0009765625 -0.0012970168612191958 -0.0009765625 -0.0012970168612191958 -0.0009765625 -0.0012970168612191958 -0.0009765625 -0.0012970168612191958 -0.0009765625 -0.0012970168612191958
0  0.48046875 0.5881971465629053 0.01171875 0.016861219195849545 -0.0009765625 -0.0012970168612191958 -0.0009765625 -0.0012970168612191958 -0.0009765625 -0.0012970168612191958 -0.0009765625 -0.0012970168612191958 -0.0009765625 -0.0012970168612191958
0  0.47998046875 0.6264591439688716 0.0126953125 0.01556420233463035 -0.0009765625 -0.0012970168612191958 -0.0009765625 -0.0012970168612191958 -0.0009765625 -0.0012970168612191958 -0.0009765625 -0.0012970168612191958 -0.0009765625 -0.0012970168612191958
0  0.50927734375 0.5622568093385214 0.0107421875 0.019455252918287938 -0.0009765625 -0.0012970168612191958 -0.0009765625 -0.0012970168612191958 -0.0009765625 -0.0012970168612191958 -0.0009765625 -0.0012970168612191958 -0.0009765625 -0.0012970168612191958
0  0.5361328125 0.6037613488975356 0.015625 0.019455252918287938 -0.0009765625 -0.0012970168612191958 -0.0009765625 -0.0012970168612191958 -0.0009765625 -0.0012970168612191958 -0.0009765625 -0.0012970168612191958 -0.0009765625 -0.0012970168612191958
0  0.4970703125 0.5311284046692607 0.01171875 0.014267185473411154 -0.0009765625 -0.0012970168612191958 -0.0009765625 -0.0012970168612191958 -0.0009765625 -0.0012970168612191958 -0.0009765625 -0.0012970168612191958 -0.0009765625 -0.0012970168612191958
0  0.4853515625 0.5557717250324254 0.009765625 0.019455252918287938 -0.0009765625 -0.0012970168612191958 -0.0009765625 -0.0012970168612191958 -0.0009765625 -0.0012970168612191958 -0.0009765625 -0.0012970168612191958 -0.0009765625 -0.0012970168612191958
0  0.5498046875 0.5739299610894941 0.01171875 0.02204928664072633 -0.0009765625 -0.0012970168612191958 -0.0009765625 -0.0012970168612191958 -0.0009765625 -0.0012970168612191958 -0.0009765625 -0.0012970168612191958 -0.0009765625 -0.0012970168612191958
0  0.4990234375 0.6640726329442282 0.013671875 0.020752269779507133 -0.0009765625 -0.0012970168612191958 -0.0009765625 -0.0012970168612191958 -0.0009765625 -0.0012970168612191958 -0.0009765625 -0.0012970168612191958 -0.0009765625 -0.0012970168612191958
0  0.51025390625 0.642023346303502 0.0107421875 0.018158236057068743 -0.0009765625 -0.0012970168612191958 -0.0009765625 -0.0012970168612191958 -0.0009765625 -0.0012970168612191958 -0.0009765625 -0.0012970168612191958 -0.0009765625 -0.0012970168612191958
0  0.55810546875 0.6523994811932555 0.0126953125 0.020752269779507133 -0.0009765625 -0.0012970168612191958 -0.0009765625 -0.0012970168612191958 -0.0009765625 -0.0012970168612191958 -0.0009765625 -0.0012970168612191958 -0.0009765625 -0.0012970168612191958
0  0.56103515625 0.5946822308690013 0.0087890625 0.016861219195849545 -0.0009765625 -0.0012970168612191958 -0.0009765625 -0.0012970168612191958 -0.0009765625 -0.0012970168612191958 -0.0009765625 -0.0012970168612191958 -0.0009765625 -0.0012970168612191958
0  0.52587890625 0.6342412451361867 0.0087890625 0.018158236057068743 -0.0009765625 -0.0012970168612191958 -0.0009765625 -0.0012970168612191958 -0.0009765625 -0.0012970168612191958 -0.0009765625 -0.0012970168612191958 -0.0009765625 -0.0012970168612191958
0  0.3046875 0.6770428015564203 0.015625 0.023346303501945526 0.2995517578125 0.6741828793774318 0.306580078125 0.6729779507133593 0.3030654296875 0.679 0.301705078125 0.6845706874189365 0.3057861328125 0.6836666666666666
0  0.271484375 0.666018158236057 0.013671875 0.02204928664072633 -0.0009765625 -0.0012970168612191958 -0.0009765625 -0.0012970168612191958 -0.0009765625 -0.0012970168612191958 -0.0009765625 -0.0012970168612191958 -0.0009765625 -0.0012970168612191958
0  0.29541015625 0.642023346303502 0.0087890625 0.018158236057068743 -0.0009765625 -0.0012970168612191958 -0.0009765625 -0.0012970168612191958 -0.0009765625 -0.0012970168612191958 -0.0009765625 -0.0012970168612191958 -0.0009765625 -0.0012970168612191958
0  0.33349609375 0.6608300907911803 0.0146484375 0.019455252918287938 0.3291708984375 0.6578884565499352 0.33492578125 0.6585252918287938 0.330130859375 0.6632386511024644 0.3298427734375 0.668207522697795 0.333775390625 0.6688443579766536
0  0.2666015625 0.7308690012970168 0.015625 0.02464332036316472 0.260498046875 0.7294098573281452 0.266845703125 0.7300583657587548 0.2620849609375 0.7354085603112841 0.2607421875 0.7396238651102465 0.264404296875 0.7399481193255513
0  0.29736328125 0.7347600518806745 0.0146484375 0.027237354085603113 0.2931171875 0.7282049286640727 0.29638671875 0.728900129701686 0.2907626953125 0.7346329442282751 0.2941630859375 0.742450064850843 0.2948173828125 0.7422762645914396
0  0.36572265625 0.7276264591439688 0.0166015625 0.0311284046692607 0.3597412109375 0.7223164721141374 0.3670654296875 0.7219118028534371 0.36279296875 0.7308287937743191 0.361724609375 0.7356926070038912 0.36737109375 0.7352866407263293
0  0.38671875 0.7509727626459144 0.015625 0.02594033722438392 0.3811904296875 0.7456225680933852 0.389029296875 0.7466303501945526 0.382455078125 0.754018158236057 0.3813173828125 0.7582166018158236 0.3857421875 0.758383916990921
0  0.3798828125 0.6699092088197146 0.013671875 0.027237354085603113 -0.0009765625 -0.0012970168612191958 -0.0009765625 -0.0012970168612191958 -0.0009765625 -0.0012970168612191958 -0.0009765625 -0.0012970168612191958 -0.0009765625 -0.0012970168612191958
0  0.353515625 0.6342412451361867 0.01171875 0.023346303501945526 -0.0009765625 -0.0012970168612191958 -0.0009765625 -0.0012970168612191958 -0.0009765625 -0.0012970168612191958 -0.0009765625 -0.0012970168612191958 -0.0009765625 -0.0012970168612191958
0  0.34228515625 0.6277561608300908 0.0107421875 0.020752269779507133 0.338587890625 0.6249766536964981 0.343501953125 0.623644617380026 0.3409951171875 0.6300376134889754 0.3401923828125 0.634166018158236 0.3443037109375 0.633367055771725
0  0.37890625 0.5985732814526589 0.0078125 0.016861219195849545 -0.0009765625 -0.0012970168612191958 -0.0009765625 -0.0012970168612191958 -0.0009765625 -0.0012970168612191958 -0.0009765625 -0.0012970168612191958 -0.0009765625 -0.0012970168612191958
0  0.33203125 0.7509727626459144 0.009765625 0.018158236057068743 -0.0009765625 -0.0012970168612191958 -0.0009765625 -0.0012970168612191958 -0.0009765625 -0.0012970168612191958 -0.0009765625 -0.0012970168612191958 -0.0009765625 -0.0012970168612191958
0  0.228515625 0.6666666666666666 0.01171875 0.023346303501945526 -0.0009765625 -0.0012970168612191958 -0.0009765625 -0.0012970168612191958 -0.0009765625 -0.0012970168612191958 -0.0009765625 -0.0012970168612191958 -0.0009765625 -0.0012970168612191958
0  0.201171875 0.7094682230869002 0.015625 0.02594033722438392 0.1962587890625 0.7044539559014268 0.2030859375 0.7029429312581065 0.1985341796875 0.7101634241245135 0.202453125 0.7140246433203632 0.2028330078125 0.7141932555123217
0  0.21240234375 0.6316472114137484 0.0107421875 0.020752269779507133 0.2106103515625 0.6276692607003891 0.216125 0.6268702983138781 0.2143203125 0.6324630350194553 0.2127158203125 0.6375239948119326 0.2159248046875 0.636325551232166
0  0.0126953125 0.6783398184176395 0.015625 0.02594033722438392 0.0073330078125 0.6745188067444876 0.013611328125 0.6738236057068743 0.009818359375 0.6799027237354086 0.0106025390625 0.6856355382619974 0.0141337890625 0.685461738002594
0  0.0205078125 0.7425421530479897 0.017578125 0.027237354085603113 0.0151015625 0.7358599221789883 0.02253515625 0.7340648508430611 0.018345703125 0.739988326848249 0.0178046875 0.7473476005188068 0.021724609375 0.7471686121919585
0  0.041015625 0.7425421530479897 0.01171875 0.02204928664072633 -0.0009765625 -0.0012970168612191958 -0.0009765625 -0.0012970168612191958 -0.0009765625 -0.0012970168612191958 -0.0009765625 -0.0012970168612191958 -0.0009765625 -0.0012970168612191958
0  0.05615234375 0.7762645914396887 0.0166015625 0.027237354085603113 0.0525595703125 0.771099870298314 0.0602763671875 0.771099870298314 0.0564833984375 0.7771789883268483 0.0534755859375 0.7830856031128405 0.058837890625 0.7830856031128405
0  0.0595703125 0.6595330739299611 0.009765625 0.016861219195849545 -0.0009765625 -0.0012970168612191958 -0.0009765625 -0.0012970168612191958 -0.0009765625 -0.0012970168612191958 -0.0009765625 -0.0012970168612191958 -0.0009765625 -0.0012970168612191958
0  0.07470703125 0.6861219195849546 0.0146484375 0.018158236057068743 -0.0009765625 -0.0012970168612191958 -0.0009765625 -0.0012970168612191958 -0.0009765625 -0.0012970168612191958 -0.0009765625 -0.0012970168612191958 -0.0009765625 -0.0012970168612191958
0  0.07373046875 0.7172503242542153 0.0126953125 0.018158236057068743 -0.0009765625 -0.0012970168612191958 -0.0009765625 -0.0012970168612191958 -0.0009765625 -0.0012970168612191958 -0.0009765625 -0.0012970168612191958 -0.0009765625 -0.0012970168612191958
0  0.10107421875 0.77431906614786 0.0166015625 0.028534370946822308 -0.0009765625 -0.0012970168612191958 -0.0009765625 -0.0012970168612191958 -0.0009765625 -0.0012970168612191958 -0.0009765625 -0.0012970168612191958 -0.0009765625 -0.0012970168612191958
0  0.087890625 0.7859922178988327 0.01171875 0.023346303501945526 -0.0009765625 -0.0012970168612191958 -0.0009765625 -0.0012970168612191958 -0.0009765625 -0.0012970168612191958 -0.0009765625 -0.0012970168612191958 -0.0009765625 -0.0012970168612191958
0  0.15380859375 0.6932555123216602 0.0126953125 0.027237354085603113 0.14982421875 0.6898274967574578 0.152701171875 0.6896536964980544 0.149955078125 0.6950389105058365 0.149955078125 0.6988599221789884 0.152701171875 0.6992075226977952
0  0.1318359375 0.7600518806744487 0.009765625 0.018158236057068743 -0.0009765625 -0.0012970168612191958 -0.0009765625 -0.0012970168612191958 -0.0009765625 -0.0012970168612191958 -0.0009765625 -0.0012970168612191958 -0.0009765625 -0.0012970168612191958
0  0.1708984375 0.6926070038910506 0.013671875 0.023346303501945526 -0.0009765625 -0.0012970168612191958 -0.0009765625 -0.0012970168612191958 -0.0009765625 -0.0012970168612191958 -0.0009765625 -0.0012970168612191958 -0.0009765625 -0.0012970168612191958
0  0.1669921875 0.7405966277561609 0.013671875 0.020752269779507133 -0.0009765625 -0.0012970168612191958 -0.0009765625 -0.0012970168612191958 -0.0009765625 -0.0012970168612191958 -0.0009765625 -0.0012970168612191958 -0.0009765625 -0.0012970168612191958
0  0.17919921875 0.8184176394293126 0.0146484375 0.02594033722438392 -0.0009765625 -0.0012970168612191958 -0.0009765625 -0.0012970168612191958 -0.0009765625 -0.0012970168612191958 -0.0009765625 -0.0012970168612191958 -0.0009765625 -0.0012970168612191958
0  0.197265625 0.7639429312581063 0.01171875 0.018158236057068743 -0.0009765625 -0.0012970168612191958 -0.0009765625 -0.0012970168612191958 -0.0009765625 -0.0012970168612191958 -0.0009765625 -0.0012970168612191958 -0.0009765625 -0.0012970168612191958
0  0.03369140625 0.8476005188067445 0.0166015625 0.0324254215304799 -0.0009765625 -0.0012970168612191958 -0.0009765625 -0.0012970168612191958 -0.0009765625 -0.0012970168612191958 -0.0009765625 -0.0012970168612191958 -0.0009765625 -0.0012970168612191958
0  0.037109375 0.8164721141374838 0.015625 0.011673151750972763 -0.0009765625 -0.0012970168612191958 -0.0009765625 -0.0012970168612191958 -0.0009765625 -0.0012970168612191958 -0.0009765625 -0.0012970168612191958 -0.0009765625 -0.0012970168612191958
0  0.09765625 0.9280155642023347 0.01953125 0.03501945525291829 0.0907158203125 0.9211141374837872 0.0999580078125 0.9211141374837872 0.09228515625 0.9317678339818418 0.09176171875 0.9375577172503242 0.0985634765625 0.9382529182879378
0  0.09130859375 0.8949416342412452 0.0185546875 0.02594033722438392 0.087681640625 0.8903437094682232 0.0959208984375 0.8889546044098573 0.0921279296875 0.8964241245136187 0.0896435546875 0.9009403372243839 0.0953984375 0.8997250324254216
0  0.0703125 0.8326848249027238 0.015625 0.028534370946822308 0.0672431640625 0.8267561608300907 0.0698935546875 0.8282373540856032 0.0648720703125 0.8345382619974059 0.0679404296875 0.8413929961089495 0.0679404296875 0.8413929961089495
0  0.1357421875 0.8553826199740596 0.01953125 0.029831387808041506 -0.0009765625 -0.0012970168612191958 -0.0009765625 -0.0012970168612191958 -0.0009765625 -0.0012970168612191958 -0.0009765625 -0.0012970168612191958 -0.0009765625 -0.0012970168612191958
0  0.22021484375 0.9014267185473411 0.0205078125 0.0311284046692607 0.2160947265625 0.8932801556420235 0.22540234375 0.8928741893644617 0.22051953125 0.8993592736705577 0.2170107421875 0.9086822308690014 0.223724609375 0.9088845654993515
0  0.0068359375 0.9811932555123216 0.013671875 0.0324254215304799 -0.0009765625 -0.0012970168612191958 -0.0009765625 -0.0012970168612191958 -0.0009765625 -0.0012970168612191958 -0.0009765625 -0.0012970168612191958 -0.0009765625 -0.0012970168612191958
0  0.03662109375 0.9883268482490273 0.0205078125 0.020752269779507133 -0.0009765625 -0.0012970168612191958 -0.0009765625 -0.0012970168612191958 -0.0009765625 -0.0012970168612191958 -0.0009765625 -0.0012970168612191958 -0.0009765625 -0.0012970168612191958
0  0.1630859375 0.6478599221789884 0.01171875 0.02464332036316472 -0.0009765625 -0.0012970168612191958 -0.0009765625 -0.0012970168612191958 -0.0009765625 -0.0012970168612191958 -0.0009765625 -0.0012970168612191958 -0.0009765625 -0.0012970168612191958
0  0.2431640625 0.7879377431906615 0.01953125 0.027237354085603113 0.2374052734375 0.783988326848249 0.244703125 0.7836303501945525 0.2395673828125 0.7899118028534372 0.2379453125 0.7963735408560312 0.2449736328125 0.7967328145265887
0  0.26416015625 0.7821011673151751 0.0146484375 0.028534370946822308 0.2586708984375 0.776964980544747 0.2654287109375 0.7758884565499352 0.2605634765625 0.7821712062256809 0.260158203125 0.788094682230869 0.2639423828125 0.7873761348897536
0  0.2900390625 0.8216601815823605 0.017578125 0.027237354085603113 0.2844677734375 0.8171725032425421 0.2928466796875 0.8184293125810636 0.2879814453125 0.8248910505836575 0.2839267578125 0.8265071335927366 0.29108984375 0.827762645914397
0  0.24755859375 0.8638132295719845 0.0205078125 0.0311284046692607 0.2417294921875 0.8576926070038909 0.2499697265625 0.8576926070038909 0.24493359375 0.8639753566796369 0.24203515625 0.8688391699092088 0.247986328125 0.869041504539559
0  0.3203125 0.8670557717250325 0.01953125 0.0324254215304799 0.3133671875 0.8612710765239948 0.32094921875 0.8595577172503244 0.316916015625 0.8679130998702982 0.3153037109375 0.8747678339818418 0.32046484375 0.8739118028534371
0  0.3359375 0.8210116731517509 0.01953125 0.028534370946822308 0.329310546875 0.8173060959792477 0.336705078125 0.8163800259403372 0.331263671875 0.8236057068741893 0.3311240234375 0.8300907911802854 0.336146484375 0.8297198443579767
0  0.33251953125 0.7957198443579766 0.0146484375 0.016861219195849545 -0.0009765625 -0.0012970168612191958 -0.0009765625 -0.0012970168612191958 -0.0009765625 -0.0012970168612191958 -0.0009765625 -0.0012970168612191958 -0.0009765625 -0.0012970168612191958
0  0.3427734375 0.8722438391699092 0.01953125 0.0324254215304799 0.33477734375 0.8662853437094682 0.3425595703125 0.8683125810635539 0.3363037109375 0.8737846952010376 0.3369140625 0.8808767833981841 0.3410341796875 0.8816874189364461
0  0.33837890625 0.9857328145265889 0.0166015625 0.028534370946822308 0.335990234375 0.9792075226977951 0.3358720703125 0.9788949416342412 0.3323408203125 0.9834280155642022 0.335283203125 0.9917146562905317 0.335283203125 0.9921828793774319
0  0.41748046875 0.9046692607003891 0.0166015625 0.029831387808041506 0.41132421875 0.8995097276264592 0.4173671875 0.9004656290531777 0.4129072265625 0.9071530479896238 0.411037109375 0.9128858625162127 0.41650390625 0.912503242542153
0  0.4482421875 0.7762645914396887 0.015625 0.027237354085603113 0.4431591796875 0.7695823605706874 0.449240234375 0.7704798962386511 0.444375 0.7767626459143969 0.444240234375 0.782686121919585 0.4474833984375 0.7823268482490272
0  0.49755859375 0.9247730220492867 0.0185546875 0.0311284046692607 -0.0009765625 -0.0012970168612191958 -0.0009765625 -0.0012970168612191958 -0.0009765625 -0.0012970168612191958 -0.0009765625 -0.0012970168612191958 -0.0009765625 -0.0012970168612191958
0  0.396484375 0.6219195849546044 0.009765625 0.019455252918287938 -0.0009765625 -0.0012970168612191958 -0.0009765625 -0.0012970168612191958 -0.0009765625 -0.0012970168612191958 -0.0009765625 -0.0012970168612191958 -0.0009765625 -0.0012970168612191958
0  0.43505859375 0.7153047989623865 0.0166015625 0.027237354085603113 0.430158203125 0.7110090791180285 0.4361748046875 0.7111815823605707 0.4325126953125 0.7155252918287938 0.430681640625 0.7226472114137483 0.4365673828125 0.7222996108949417
0  0.45361328125 0.7016861219195849 0.0166015625 0.02594033722438392 -0.0009765625 -0.0012970168612191958 -0.0009765625 -0.0012970168612191958 -0.0009765625 -0.0012970168612191958 -0.0009765625 -0.0012970168612191958 -0.0009765625 -0.0012970168612191958
0  0.4521484375 0.6738002594033723 0.013671875 0.019455252918287938 0.446533203125 0.6704357976653695 0.45101953125 0.6711660181582362 0.4462587890625 0.6749351491569391 0.446625 0.6794345006485085 0.44937109375 0.679556420233463
0  0.47021484375 0.7172503242542153 0.0146484375 0.02594033722438392 0.46593359375 0.7115642023346304 0.472634765625 0.7115642023346304 0.46871484375 0.7171050583657588 0.4665654296875 0.7231504539559014 0.471244140625 0.7229831387808041
0  0.50830078125 0.7431906614785992 0.0166015625 0.028534370946822308 0.502947265625 0.7393112840466927 0.5103798828125 0.738413748378729 0.506326171875 0.7446964980544747 0.5074072265625 0.751875486381323 0.510515625 0.7506199740596627
0  0.5185546875 0.6738002594033723 0.013671875 0.02204928664072633 0.5135673828125 0.6692140077821013 0.5172294921875 0.6699092088197146 0.51220703125 0.6757457846952011 0.513462890625 0.6782477302204928 0.5162880859375 0.6790804150453956
0  0.53466796875 0.6945525291828794 0.0146484375 0.02464332036316472 0.5303955078125 0.6908236057068742 0.5372314453125 0.691147859922179 0.532958984375 0.6960116731517509 0.532470703125 0.7013618677042801 0.5357666015625 0.7020103761348897
0  0.59130859375 0.6913099870298314 0.0146484375 0.02594033722438392 0.585509765625 0.6846160830090792 0.5919580078125 0.6847846952010377 0.5882919921875 0.6899896238651102 0.5866484375 0.6963709468223087 0.59119921875 0.6965382619974059
0  0.50634765625 0.8313878080415046 0.0185546875 0.028534370946822308 0.4996513671875 0.8256433203631648 0.5064873046875 0.8260142671854733 0.502162109375 0.8321284046692607 0.501185546875 0.8375019455252919 0.50537109375 0.8378728923476005
0  0.595703125 0.7684824902723736 0.015625 0.027237354085603113 0.591517578125 0.7649740596627755 0.5981884765625 0.7646264591439689 0.5932177734375 0.7712269779507134 0.5946572265625 0.7760907911802853 0.5981884765625 0.7762645914396887
0  0.61376953125 0.6705577172503242 0.0126953125 0.023346303501945526 -0.0009765625 -0.0012970168612191958 -0.0009765625 -0.0012970168612191958 -0.0009765625 -0.0012970168612191958 -0.0009765625 -0.0012970168612191958 -0.0009765625 -0.0012970168612191958
0  0.58056640625 0.603112840466926 0.0107421875 0.01556420233463035 0.5784169921875 0.6016770428015564 0.5838271484375 0.6016770428015564 0.5813818359375 0.6056147859922179 0.579083984375 0.6083709468223086 0.583234375 0.6082723735408561
0  0.57666015625 0.5343709468223087 0.0087890625 0.01297016861219196 -0.0009765625 -0.0012970168612191958 -0.0009765625 -0.0012970168612191958 -0.0009765625 -0.0012970168612191958 -0.0009765625 -0.0012970168612191958 -0.0009765625 -0.0012970168612191958
0  0.57373046875 0.5609597924773022 0.0107421875 0.016861219195849545 -0.0009765625 -0.0012970168612191958 -0.0009765625 -0.0012970168612191958 -0.0009765625 -0.0012970168612191958 -0.0009765625 -0.0012970168612191958 -0.0009765625 -0.0012970168612191958
0  0.6015625 0.5830090791180286 0.01171875 0.019455252918287938 0.6000283203125 0.5793035019455253 0.605111328125 0.5794306095979248 0.60242578125 0.582870298313878 0.600890625 0.5861815823605707 0.60434375 0.5860544747081712
0  0.62255859375 0.6076523994811932 0.0068359375 0.02204928664072633 -0.0009765625 -0.0012970168612191958 -0.0009765625 -0.0012970168612191958 -0.0009765625 -0.0012970168612191958 -0.0009765625 -0.0012970168612191958 -0.0009765625 -0.0012970168612191958
0  0.65234375 0.5862516212710766 0.01171875 0.020752269779507133 0.64805859375 0.5826731517509728 0.6544755859375 0.5840051880674448 0.6509658203125 0.5898651102464332 0.6485595703125 0.5930609597924773 0.6535732421875 0.5935940337224384
0  0.68505859375 0.6141374837872893 0.0126953125 0.02204928664072633 -0.0009765625 -0.0012970168612191958 -0.0009765625 -0.0012970168612191958 -0.0009765625 -0.0012970168612191958 -0.0009765625 -0.0012970168612191958 -0.0009765625 -0.0012970168612191958
0  0.70068359375 0.7859922178988327 0.0166015625 0.028534370946822308 0.695521484375 0.7821011673151751 0.701380859375 0.7821011673151751 0.698033203125 0.785621271076524 0.694544921875 0.7928482490272373 0.6995673828125 0.7928482490272373
0  0.65087890625 0.7555123216601816 0.0166015625 0.02464332036316472 0.6453857421875 0.750810635538262 0.6519775390625 0.7504863813229572 0.6475830078125 0.7576199740596627 0.644775390625 0.7615110246433203 0.6510009765625 0.7613488975356679
0  0.64697265625 0.7140077821011673 0.0126953125 0.02204928664072633 0.6428876953125 0.7108287937743191 0.6501904296875 0.7106848249027237 0.6472470703125 0.7179221789883269 0.6443046875 0.7196588845654993 0.650298828125 0.719224383916991
0  0.69873046875 0.7191958495460441 0.0166015625 0.027237354085603113 0.69080859375 0.7147081712062257 0.696349609375 0.714348897535668 0.691890625 0.7208119325551232 0.6956748046875 0.7245810635538262 0.69891796875 0.7238625162127107
0  0.642578125 0.6718547341115434 0.009765625 0.018158236057068743 -0.0009765625 -0.0012970168612191958 -0.0009765625 -0.0012970168612191958 -0.0009765625 -0.0012970168612191958 -0.0009765625 -0.0012970168612191958 -0.0009765625 -0.0012970168612191958
0  0.73046875 0.6939040207522698 0.01171875 0.023346303501945526 0.7254111328125 0.6899896238651102 0.731873046875 0.69089364461738 0.727111328125 0.6964630350194552 0.725525390625 0.7015823605706873 0.7309658203125 0.7020337224383917
0  0.82470703125 0.7944228274967574 0.0146484375 0.02204928664072633 0.819990234375 0.7913657587548638 0.826111328125 0.7930220492866407 0.8220302734375 0.7961828793774318 0.819990234375 0.8000972762645915 0.8240703125 0.8000972762645915
0  0.796875 0.6789883268482491 0.013671875 0.02464332036316472 0.7937138671875 0.6766381322957198 0.7994033203125 0.6764695201037614 0.7967490234375 0.6799961089494164 0.79510546875 0.686041504539559 0.7988974609375 0.6857055771725032
0  0.865234375 0.6725032425421531 0.015625 0.02464332036316472 0.86076171875 0.6685486381322957 0.8658232421875 0.666828793774319 0.8632333984375 0.6724565499351493 0.863939453125 0.679023346303502 0.8685302734375 0.6774591439688716
0  0.6669921875 0.6828793774319066 0.01171875 0.027237354085603113 -0.0009765625 -0.0012970168612191958 -0.0009765625 -0.0012970168612191958 -0.0009765625 -0.0012970168612191958 -0.0009765625 -0.0012970168612191958 -0.0009765625 -0.0012970168612191958
0  0.68359375 0.6647211413748378 0.01171875 0.02464332036316472 -0.0009765625 -0.0012970168612191958 -0.0009765625 -0.0012970168612191958 -0.0009765625 -0.0012970168612191958 -0.0009765625 -0.0012970168612191958 -0.0009765625 -0.0012970168612191958
0  0.84375 0.6582360570687419 0.01171875 0.016861219195849545 -0.0009765625 -0.0012970168612191958 -0.0009765625 -0.0012970168612191958 -0.0009765625 -0.0012970168612191958 -0.0009765625 -0.0012970168612191958 -0.0009765625 -0.0012970168612191958
0  0.88134765625 0.648508430609598 0.0126953125 0.018158236057068743 -0.0009765625 -0.0012970168612191958 -0.0009765625 -0.0012970168612191958 -0.0009765625 -0.0012970168612191958 -0.0009765625 -0.0012970168612191958 -0.0009765625 -0.0012970168612191958
0  0.67333984375 0.5317769130998703 0.0087890625 0.01297016861219196 -0.0009765625 -0.0012970168612191958 -0.0009765625 -0.0012970168612191958 -0.0009765625 -0.0012970168612191958 -0.0009765625 -0.0012970168612191958 -0.0009765625 -0.0012970168612191958
0  0.671875 0.556420233463035 0.009765625 0.01556420233463035 -0.0009765625 -0.0012970168612191958 -0.0009765625 -0.0012970168612191958 -0.0009765625 -0.0012970168612191958 -0.0009765625 -0.0012970168612191958 -0.0009765625 -0.0012970168612191958
0  0.6923828125 0.6400778210116731 0.015625 0.02204928664072633 0.68731640625 0.6361750972762645 0.69309375 0.6355966277561609 0.6898232421875 0.6403735408560312 0.68742578125 0.6445706874189364 0.69200390625 0.6451504539559014
0  0.73291015625 0.6180285343709468 0.0126953125 0.016861219195849545 -0.0009765625 -0.0012970168612191958 -0.0009765625 -0.0012970168612191958 -0.0009765625 -0.0012970168612191958 -0.0009765625 -0.0012970168612191958 -0.0009765625 -0.0012970168612191958
0  0.74951171875 0.5985732814526589 0.0146484375 0.02464332036316472 0.7449033203125 0.5922736705577172 0.750435546875 0.5921167315175098 0.7474931640625 0.5979014267185474 0.745845703125 0.6008715953307393 0.7497294921875 0.6008715953307393
0  0.7763671875 0.5836575875486382 0.01171875 0.020752269779507133 0.7735595703125 0.5806121919584954 0.77907421875 0.5803450064850844 0.7763671875 0.584473411154345 0.774662109375 0.589402075226978 0.778673828125 0.589402075226978
0  0.806640625 0.6381322957198443 0.01171875 0.018158236057068743 0.8033974609375 0.6348664072632945 0.808802734375 0.634981841763943 0.8055771484375 0.6389195849546044 0.8045302734375 0.6426251621271076 0.8069716796875 0.6426251621271076
0  0.75537109375 0.6387808041504539 0.0126953125 0.02204928664072633 -0.0009765625 -0.0012970168612191958 -0.0009765625 -0.0012970168612191958 -0.0009765625 -0.0012970168612191958 -0.0009765625 -0.0012970168612191958 -0.0009765625 -0.0012970168612191958
0  0.857421875 0.4669260700389105 0.009765625 0.018158236057068743 -0.0009765625 -0.0012970168612191958 -0.0009765625 -0.0012970168612191958 -0.0009765625 -0.0012970168612191958 -0.0009765625 -0.0012970168612191958 -0.0009765625 -0.0012970168612191958
0  0.787109375 0.4915693904020752 0.01171875 0.01556420233463035 -0.0009765625 -0.0012970168612191958 -0.0009765625 -0.0012970168612191958 -0.0009765625 -0.0012970168612191958 -0.0009765625 -0.0012970168612191958 -0.0009765625 -0.0012970168612191958
0  0.78076171875 0.5201037613488976 0.0068359375 0.01297016861219196 -0.0009765625 -0.0012970168612191958 -0.0009765625 -0.0012970168612191958 -0.0009765625 -0.0012970168612191958 -0.0009765625 -0.0012970168612191958 -0.0009765625 -0.0012970168612191958
0  0.7783203125 0.4721141374837873 0.0078125 0.01297016861219196 -0.0009765625 -0.0012970168612191958 -0.0009765625 -0.0012970168612191958 -0.0009765625 -0.0012970168612191958 -0.0009765625 -0.0012970168612191958 -0.0009765625 -0.0012970168612191958
0  0.8154296875 0.5252918287937743 0.01171875 0.01556420233463035 0.81329296875 0.5233112840466926 0.818001953125 0.5237289234760052 0.8160400390625 0.5266472114137484 0.814470703125 0.5289390402075227 0.8173740234375 0.5295654993514916
0  0.8251953125 0.5175097276264592 0.01171875 0.020752269779507133 0.822998046875 0.5130622568093386 0.8285439453125 0.5120894941634242 0.8272880859375 0.5165369649805448 0.8267646484375 0.5219571984435797 0.83053125 0.5211232166018158
0  0.845703125 0.519455252918288 0.0078125 0.014267185473411154 -0.0009765625 -0.0012970168612191958 -0.0009765625 -0.0012970168612191958 -0.0009765625 -0.0012970168612191958 -0.0009765625 -0.0012970168612191958 -0.0009765625 -0.0012970168612191958
0  0.85986328125 0.5239948119325551 0.0107421875 0.020752269779507133 0.8575703125 0.5181530479896238 0.86087890625 0.5184189364461739 0.8568681640625 0.5230804150453956 0.8565673828125 0.5280077821011673 0.85907421875 0.5282736705577172
0  0.7919921875 0.5486381322957199 0.009765625 0.010376134889753566 -0.0009765625 -0.0012970168612191958 -0.0009765625 -0.0012970168612191958 -0.0009765625 -0.0012970168612191958 -0.0009765625 -0.0012970168612191958 -0.0009765625 -0.0012970168612191958
0  0.81591796875 0.5505836575875487 0.0126953125 0.02204928664072633 0.81265234375 0.545378728923476 0.818755859375 0.5465356679636836 0.8147236328125 0.5500103761348898 0.8130888671875 0.5553670557717251 0.81712109375 0.5558002594033722
0  0.775390625 0.6530479896238651 0.0078125 0.016861219195849545 -0.0009765625 -0.0012970168612191958 -0.0009765625 -0.0012970168612191958 -0.0009765625 -0.0012970168612191958 -0.0009765625 -0.0012970168612191958 -0.0009765625 -0.0012970168612191958
0  0.828125 0.582360570687419 0.01171875 0.020752269779507133 0.8252998046875 0.5784695201037614 0.8307412109375 0.5788858625162128 0.8277060546875 0.5840285343709468 0.8255087890625 0.5868080415045396 0.82958984375 0.5872243839169909
0  0.82861328125 0.6381322957198443 0.0146484375 0.018158236057068743 0.82305859375 0.6360246433203631 0.828369140625 0.6334708171206226 0.82553125 0.6389429312581063 0.825623046875 0.6434422827496757 0.82891796875 0.6419831387808042
0  0.85107421875 0.585603112840467 0.0126953125 0.019455252918287938 0.8489638671875 0.5826614785992218 0.853951171875 0.581514915693904 0.8516494140625 0.5859740596627756 0.8504990234375 0.5895408560311284 0.8532802734375 0.5890311284046692
0  0.86328125 0.5583657587548638 0.013671875 0.019455252918287938 0.8588955078125 0.5562347600518807 0.865212890625 0.5562347600518807 0.8619033203125 0.5604967574578469 0.8597978515625 0.5640920881971466 0.8642099609375 0.5640920881971466
0  0.87451171875 0.5875486381322957 0.0126953125 0.020752269779507133 0.8704306640625 0.583935149156939 0.8760810546875 0.5836575875486382 0.8731513671875 0.588798962386511 0.8712685546875 0.5926900129701687 0.8751396484375 0.5924124513618677
0  0.90966796875 0.6303501945525292 0.0146484375 0.020752269779507133 0.905181640625 0.6281037613488974 0.910697265625 0.627970168612192 0.9075888671875 0.6335642023346304 0.906083984375 0.6371595330739299 0.9097939453125 0.6370259403372244
0  0.92236328125 0.6089494163424124 0.0126953125 0.019455252918287938 -0.0009765625 -0.0012970168612191958 -0.0009765625 -0.0012970168612191958 -0.0009765625 -0.0012970168612191958 -0.0009765625 -0.0012970168612191958 -0.0009765625 -0.0012970168612191958
0  0.9208984375 0.5667963683527886 0.009765625 0.018158236057068743 -0.0009765625 -0.0012970168612191958 -0.0009765625 -0.0012970168612191958 -0.0009765625 -0.0012970168612191958 -0.0009765625 -0.0012970168612191958 -0.0009765625 -0.0012970168612191958
0  0.939453125 0.582360570687419 0.01171875 0.020752269779507133 0.9366630859375 0.5784695201037614 0.942103515625 0.5791647211413748 0.9378134765625 0.5831945525291828 0.9364541015625 0.5870856031128404 0.939697265625 0.5876407263294423
0  0.93701171875 0.6556420233463035 0.0126953125 0.02464332036316472 -0.0009765625 -0.0012970168612191958 -0.0009765625 -0.0012970168612191958 -0.0009765625 -0.0012970168612191958 -0.0009765625 -0.0012970168612191958 -0.0009765625 -0.0012970168612191958
0  0.96337890625 0.5635538261997406 0.0126953125 0.019455252918287938 -0.0009765625 -0.0012970168612191958 -0.0009765625 -0.0012970168612191958 -0.0009765625 -0.0012970168612191958 -0.0009765625 -0.0012970168612191958 -0.0009765625 -0.0012970168612191958
0  0.978515625 0.5862516212710766 0.009765625 0.01556420233463035 -0.0009765625 -0.0012970168612191958 -0.0009765625 -0.0012970168612191958 -0.0009765625 -0.0012970168612191958 -0.0009765625 -0.0012970168612191958 -0.0009765625 -0.0012970168612191958
0  0.94482421875 0.5453955901426718 0.0126953125 0.016861219195849545 -0.0009765625 -0.0012970168612191958 -0.0009765625 -0.0012970168612191958 -0.0009765625 -0.0012970168612191958 -0.0009765625 -0.0012970168612191958 -0.0009765625 -0.0012970168612191958
0  0.87939453125 0.5330739299610895 0.0107421875 0.01297016861219196 -0.0009765625 -0.0012970168612191958 -0.0009765625 -0.0012970168612191958 -0.0009765625 -0.0012970168612191958 -0.0009765625 -0.0012970168612191958 -0.0009765625 -0.0012970168612191958
0  0.9013671875 0.5272373540856031 0.01171875 0.02204928664072633 0.8971123046875 0.5240869001297017 0.90380859375 0.5239481193255512 0.9005654296875 0.5282568093385214 0.8983681640625 0.532147859922179 0.9029716796875 0.5320090791180285
0  0.98828125 0.6095979247730221 0.0078125 0.018158236057068743 0.9874267578125 0.6044500648508431 0.9924619140625 0.6054228274967575 0.9895322265625 0.6089494163424124 0.987609375 0.6132049286640726 0.9911806640625 0.6140570687418936
0  0.99462890625 0.6141374837872893 0.0068359375 0.014267185473411154 -0.0009765625 -0.0012970168612191958 -0.0009765625 -0.0012970168612191958 -0.0009765625 -0.0012970168612191958 -0.0009765625 -0.0012970168612191958 -0.0009765625 -0.0012970168612191958
0  0.96875 0.5233463035019456 0.01171875 0.019455252918287938 -0.0009765625 -0.0012970168612191958 -0.0009765625 -0.0012970168612191958 -0.0009765625 -0.0012970168612191958 -0.0009765625 -0.0012970168612191958 -0.0009765625 -0.0012970168612191958
0  0.982421875 0.5505836575875487 0.009765625 0.014267185473411154 -0.0009765625 -0.0012970168612191958 -0.0009765625 -0.0012970168612191958 -0.0009765625 -0.0012970168612191958 -0.0009765625 -0.0012970168612191958 -0.0009765625 -0.0012970168612191958
0  0.921875 0.5090791180285343 0.009765625 0.016861219195849545 -0.0009765625 -0.0012970168612191958 -0.0009765625 -0.0012970168612191958 -0.0009765625 -0.0012970168612191958 -0.0009765625 -0.0012970168612191958 -0.0009765625 -0.0012970168612191958
0  0.9755859375 0.5006485084306096 0.013671875 0.01556420233463035 0.9740166015625 0.4973826199740597 0.97802734375 0.4974980544747082 0.976021484375 0.4993514915693904 0.97480078125 0.5021309987029831 0.977330078125 0.5021309987029831
0  0.98095703125 0.522697795071336 0.0068359375 0.01556420233463035 -0.0009765625 -0.0012970168612191958 -0.0009765625 -0.0012970168612191958 -0.0009765625 -0.0012970168612191958 -0.0009765625 -0.0012970168612191958 -0.0009765625 -0.0012970168612191958
0  0.98828125 0.3858625162127108 0.0078125 0.011673151750972763 -0.0009765625 -0.0012970168612191958 -0.0009765625 -0.0012970168612191958 -0.0009765625 -0.0012970168612191958 -0.0009765625 -0.0012970168612191958 -0.0009765625 -0.0012970168612191958
0  0.99169921875 0.36900129701686124 0.0068359375 0.011673151750972763 -0.0009765625 -0.0012970168612191958 -0.0009765625 -0.0012970168612191958 -0.0009765625 -0.0012970168612191958 -0.0009765625 -0.0012970168612191958 -0.0009765625 -0.0012970168612191958
0  0.94189453125 0.5006485084306096 0.0087890625 0.018158236057068743 -0.0009765625 -0.0012970168612191958 -0.0009765625 -0.0012970168612191958 -0.0009765625 -0.0012970168612191958 -0.0009765625 -0.0012970168612191958 -0.0009765625 -0.0012970168612191958
0  0.1337890625 0.8203631647211413 0.01953125 0.027237354085603113 -0.0009765625 -0.0012970168612191958 -0.0009765625 -0.0012970168612191958 -0.0009765625 -0.0012970168612191958 -0.0009765625 -0.0012970168612191958 -0.0009765625 -0.0012970168612191958
0  0.53125 0.5460440985732814 0.01171875 0.018158236057068743 -0.0009765625 -0.0012970168612191958 -0.0009765625 -0.0012970168612191958 -0.0009765625 -0.0012970168612191958 -0.0009765625 -0.0012970168612191958 -0.0009765625 -0.0012970168612191958
0  0.6689453125 0.7166018158236057 0.015625 0.02464332036316472 -0.0009765625 -0.0012970168612191958 -0.0009765625 -0.0012970168612191958 -0.0009765625 -0.0012970168612191958 -0.0009765625 -0.0012970168612191958 -0.0009765625 -0.0012970168612191958
0  0.6787109375 0.4987029831387808 0.009765625 0.011673151750972763 -0.0009765625 -0.0012970168612191958 -0.0009765625 -0.0012970168612191958 -0.0009765625 -0.0012970168612191958 -0.0009765625 -0.0012970168612191958 -0.0009765625 -0.0012970168612191958
0  0.62255859375 0.49416342412451364 0.0126953125 0.018158236057068743 -0.0009765625 -0.0012970168612191958 -0.0009765625 -0.0012970168612191958 -0.0009765625 -0.0012970168612191958 -0.0009765625 -0.0012970168612191958 -0.0009765625 -0.0012970168612191958
0  0.6748046875 0.4656290531776913 0.0078125 0.01297016861219196 -0.0009765625 -0.0012970168612191958 -0.0009765625 -0.0012970168612191958 -0.0009765625 -0.0012970168612191958 -0.0009765625 -0.0012970168612191958 -0.0009765625 -0.0012970168612191958
0  0.43701171875 0.35732814526588846 0.0068359375 0.011673151750972763 -0.0009765625 -0.0012970168612191958 -0.0009765625 -0.0012970168612191958 -0.0009765625 -0.0012970168612191958 -0.0009765625 -0.0012970168612191958 -0.0009765625 -0.0012970168612191958
0  0.5048828125 0.45460440985732814 0.009765625 0.016861219195849545 -0.0009765625 -0.0012970168612191958 -0.0009765625 -0.0012970168612191958 -0.0009765625 -0.0012970168612191958 -0.0009765625 -0.0012970168612191958 -0.0009765625 -0.0012970168612191958
0  0.63330078125 0.36770428015564205 0.0068359375 0.014267185473411154 -0.0009765625 -0.0012970168612191958 -0.0009765625 -0.0012970168612191958 -0.0009765625 -0.0012970168612191958 -0.0009765625 -0.0012970168612191958 -0.0009765625 -0.0012970168612191958
0  0.7490234375 0.41309987029831385 0.009765625 0.016861219195849545 -0.0009765625 -0.0012970168612191958 -0.0009765625 -0.0012970168612191958 -0.0009765625 -0.0012970168612191958 -0.0009765625 -0.0012970168612191958 -0.0009765625 -0.0012970168612191958
0  0.74267578125 0.39299610894941633 0.0068359375 0.010376134889753566 -0.0009765625 -0.0012970168612191958 -0.0009765625 -0.0012970168612191958 -0.0009765625 -0.0012970168612191958 -0.0009765625 -0.0012970168612191958 -0.0009765625 -0.0012970168612191958
0  0.75732421875 0.4357976653696498 0.0087890625 0.01297016861219196 -0.0009765625 -0.0012970168612191958 -0.0009765625 -0.0012970168612191958 -0.0009765625 -0.0012970168612191958 -0.0009765625 -0.0012970168612191958 -0.0009765625 -0.0012970168612191958
0  0.7841796875 0.44357976653696496 0.0078125 0.01297016861219196 -0.0009765625 -0.0012970168612191958 -0.0009765625 -0.0012970168612191958 -0.0009765625 -0.0012970168612191958 -0.0009765625 -0.0012970168612191958 -0.0009765625 -0.0012970168612191958
0  0.8359375 0.46173800259403375 0.005859375 0.018158236057068743 -0.0009765625 -0.0012970168612191958 -0.0009765625 -0.0012970168612191958 -0.0009765625 -0.0012970168612191958 -0.0009765625 -0.0012970168612191958 -0.0009765625 -0.0012970168612191958
0  0.81884765625 0.44357976653696496 0.0068359375 0.01297016861219196 -0.0009765625 -0.0012970168612191958 -0.0009765625 -0.0012970168612191958 -0.0009765625 -0.0012970168612191958 -0.0009765625 -0.0012970168612191958 -0.0009765625 -0.0012970168612191958
0  0.751953125 0.5129701686121919 0.01171875 0.016861219195849545 -0.0009765625 -0.0012970168612191958 -0.0009765625 -0.0012970168612191958 -0.0009765625 -0.0012970168612191958 -0.0009765625 -0.0012970168612191958 -0.0009765625 -0.0012970168612191958
0  0.697265625 0.5142671854734111 0.009765625 0.014267185473411154 -0.0009765625 -0.0012970168612191958 -0.0009765625 -0.0012970168612191958 -0.0009765625 -0.0012970168612191958 -0.0009765625 -0.0012970168612191958 -0.0009765625 -0.0012970168612191958
0  0.7109375 0.5201037613488976 0.0078125 0.01556420233463035 -0.0009765625 -0.0012970168612191958 -0.0009765625 -0.0012970168612191958 -0.0009765625 -0.0012970168612191958 -0.0009765625 -0.0012970168612191958 -0.0009765625 -0.0012970168612191958
0  0.7060546875 0.6102464332036317 0.009765625 0.014267185473411154 -0.0009765625 -0.0012970168612191958 -0.0009765625 -0.0012970168612191958 -0.0009765625 -0.0012970168612191958 -0.0009765625 -0.0012970168612191958 -0.0009765625 -0.0012970168612191958
0  0.68896484375 0.4040207522697795 0.0068359375 0.009079118028534372 -0.0009765625 -0.0012970168612191958 -0.0009765625 -0.0012970168612191958 -0.0009765625 -0.0012970168612191958 -0.0009765625 -0.0012970168612191958 -0.0009765625 -0.0012970168612191958
0  0.6796875 0.3975356679636835 0.009765625 0.011673151750972763 -0.0009765625 -0.0012970168612191958 -0.0009765625 -0.0012970168612191958 -0.0009765625 -0.0012970168612191958 -0.0009765625 -0.0012970168612191958 -0.0009765625 -0.0012970168612191958
0  0.97412109375 0.433852140077821 0.0107421875 0.016861219195849545 -0.0009765625 -0.0012970168612191958 -0.0009765625 -0.0012970168612191958 -0.0009765625 -0.0012970168612191958 -0.0009765625 -0.0012970168612191958 -0.0009765625 -0.0012970168612191958
0  0.96240234375 0.3845654993514916 0.0087890625 0.011673151750972763 -0.0009765625 -0.0012970168612191958 -0.0009765625 -0.0012970168612191958 -0.0009765625 -0.0012970168612191958 -0.0009765625 -0.0012970168612191958 -0.0009765625 -0.0012970168612191958
0  0.95458984375 0.42412451361867703 0.0068359375 0.010376134889753566 -0.0009765625 -0.0012970168612191958 -0.0009765625 -0.0012970168612191958 -0.0009765625 -0.0012970168612191958 -0.0009765625 -0.0012970168612191958 -0.0009765625 -0.0012970168612191958
0  0.33154296875 0.4169909208819715 0.0107421875 0.016861219195849545 -0.0009765625 -0.0012970168612191958 -0.0009765625 -0.0012970168612191958 -0.0009765625 -0.0012970168612191958 -0.0009765625 -0.0012970168612191958 -0.0009765625 -0.0012970168612191958
