0  0.11767578125 0.39285714285714285 0.0283203125 0.05393586005830904 0.1104609375 0.3831997084548105 0.1222451171875 0.3831997084548105 0.1162373046875 0.39492711370262396 0.1109228515625 0.4018250728862974 0.1194716796875 0.4014795918367347
0  0.1318359375 0.48104956268221577 0.029296875 0.04956268221574344 0.1236044921875 0.472094752186589 0.135533203125 0.4714708454810495 0.1292548828125 0.4802172011661807 0.1248603515625 0.4905247813411079 0.1336494140625 0.489899416909621
0  0.208984375 0.37244897959183676 0.02734375 0.048104956268221574 0.20263671875 0.36422303206997086 0.2151923828125 0.36422303206997086 0.2080771484375 0.37328134110787176 0.2036826171875 0.3810918367346938 0.2120537109375 0.3810918367346938
0  0.248046875 0.3104956268221574 0.025390625 0.043731778425655975 0.2426845703125 0.3033309037900875 0.2531826171875 0.3033309037900875 0.24737109375 0.31368513119533525 0.2439970703125 0.32012099125364435 0.2524326171875 0.3206807580174927
0  0.2431640625 0.4970845481049563 0.029296875 0.052478134110787174 0.2372001953125 0.4847973760932945 0.24808203125 0.4868279883381924 0.2406005859375 0.4956268221574344 0.23516015625 0.5054402332361516 0.245361328125 0.5057784256559766
0  0.341796875 0.4803206997084548 0.02734375 0.048104956268221574 0.3375419921875 0.46961516034985423 0.3479921875 0.46961516034985423 0.3418447265625 0.479097667638484 0.33672265625 0.4888848396501458 0.345123046875 0.4888848396501458
0  0.3037109375 0.3469387755102041 0.025390625 0.052478134110787174 0.29815234375 0.33758017492711373 0.310603515625 0.33791253644314867 0.3019326171875 0.34720553935860055 0.2979296875 0.3564985422740525 0.307935546875 0.35616618075801754
0  0.3466796875 0.2784256559766764 0.025390625 0.04664723032069971 0.340501953125 0.26974489795918366 0.3532060546875 0.2694387755102041 0.3458291015625 0.27861370262390667 0.3415263671875 0.28687317784256555 0.350337890625 0.286567055393586
0  0.400390625 0.3564139941690962 0.025390625 0.04518950437317784 0.3929794921875 0.34649562682215745 0.4065986328125 0.3479285714285714 0.4000771484375 0.3556588921282799 0.396048828125 0.3651078717201166 0.403337890625 0.3651078717201166
0  0.44189453125 0.48615160349854225 0.0283203125 0.05393586005830904 0.4351416015625 0.4768396501457726 0.449236328125 0.4761486880466472 0.441611328125 0.4885655976676385 0.437220703125 0.4951195335276968 0.4466943359375 0.49546355685131194
0  0.46044921875 0.2696793002915452 0.0244140625 0.04956268221574344 -0.0009765625 -0.0014577259475218659 -0.0009765625 -0.0014577259475218659 -0.0009765625 -0.0014577259475218659 -0.0009765625 -0.0014577259475218659 -0.0009765625 -0.0014577259475218659
0  0.49169921875 0.34402332361516036 0.0263671875 0.04956268221574344 0.4872353515625 0.3372551020408163 0.4989541015625 0.337567055393586 0.492884765625 0.3478760932944606 0.4872353515625 0.3550597667638484 0.4989541015625 0.35599708454810497
0  0.5703125 0.2660349854227405 0.025390625 0.04518950437317784 0.5655166015625 0.25728862973760935 0.5777939453125 0.25728862973760935 0.571080078125 0.26330174927113703 0.5662841796875 0.27246501457725947 0.5772177734375 0.2730379008746356
0  0.583984375 0.35714285714285715 0.025390625 0.04664723032069971 0.5783955078125 0.3488002915451895 0.5896259765625 0.3490991253644315 0.5842109375 0.35748104956268223 0.5795986328125 0.3664620991253644 0.5876201171875 0.36706122448979595
0  0.54736328125 0.49271137026239065 0.0283203125 0.04956268221574344 0.5419619140625 0.48177842565597667 0.5552060546875 0.48177842565597667 0.54901171875 0.49198250728862974 0.542388671875 0.5021865889212828 0.553283203125 0.5025058309037901
0  0.677734375 0.27769679300291544 0.0234375 0.04518950437317784 0.672083984375 0.2660874635568513 0.68378515625 0.2660874635568513 0.6778388671875 0.272100583090379 0.6728515625 0.28097667638483964 0.682826171875 0.28154956268221576
0  0.79638671875 0.2631195335276968 0.0244140625 0.048104956268221574 0.7903662109375 0.2560845481049563 0.802455078125 0.2545553935860058 0.7969228515625 0.2609781341107872 0.79180078125 0.272600583090379 0.8012255859375 0.272600583090379
0  0.6865234375 0.3688046647230321 0.029296875 0.04956268221574344 0.6820595703125 0.35787172011661805 0.694615234375 0.3575597667638484 0.687708984375 0.3663061224489796 0.68310546875 0.37755102040816324 0.69189453125 0.37661370262390675
0  0.7734375 0.37099125364431484 0.02734375 0.048104956268221574 0.766470703125 0.36096938775510207 0.780609375 0.3597463556851312 0.77384765625 0.36892128279883385 0.769134765625 0.3796268221574344 0.7767158203125 0.3796268221574344
0  0.87060546875 0.4001457725947522 0.0302734375 0.04227405247813411 0.8643271484375 0.39063119533527696 0.8774716796875 0.38975364431486875 0.8698203125 0.3956093294460641 0.8658974609375 0.40908017492711374 0.8766875 0.40937317784256555
0  0.65478515625 0.5029154518950437 0.0283203125 0.04956268221574344 0.6494833984375 0.49146209912536437 0.6630859375 0.4911501457725947 0.6561806640625 0.500832361516035 0.6509482421875 0.5095787172011662 0.6605751953125 0.5092667638483965
0  0.76025390625 0.49416909620991256 0.0263671875 0.04081632653061224 0.754673828125 0.48453790087463555 0.7670546875 0.4834970845481049 0.761474609375 0.49286734693877554 0.756591796875 0.5019781341107872 0.7654853515625 0.5017186588921282
0  0.8583984375 0.48760932944606417 0.025390625 0.04518950437317784 0.8518759765625 0.47657288629737604 0.866455078125 0.476 0.859166015625 0.4845903790087463 0.853794921875 0.49776093294460644 0.8653037109375 0.49690233236151604
