0  0.94140625 0.18374816983894582 0.060546875 0.11273792093704246 0.915021484375 0.16395607613469984 0.9362099609375 0.16325036603221083 0.9126669921875 0.18089897510980968 0.9121962890625 0.21266471449487556 0.9258505859375 0.2105475841874085
0  0.69091796875 0.14494875549048317 0.0634765625 0.1171303074670571 0.667275390625 0.12870571010248902 0.683533203125 0.1257510980966325 0.66037890625 0.15308052708638362 0.66973828125 0.17597657393850658 0.679591796875 0.17597657393850658
0  0.60107421875 0.2430453879941435 0.0673828125 0.12884333821376281 0.571158203125 0.22433821376281116 0.5891416015625 0.22678916544655928 0.568978515625 0.25130014641288434 0.5782431640625 0.27499414348462664 0.5918662109375 0.2741771595900439
0  0.50439453125 0.246705710102489 0.0673828125 0.10688140556368961 0.4774130859375 0.24266617862371892 0.5021103515625 0.23189458272327962 0.4841484375 0.2541112737920937 0.4823525390625 0.284407027818448 0.5016611328125 0.2776749633967789
0  0.8623046875 0.04758418740849195 0.052734375 0.0951683748169839 0.8410732421875 0.036197657393850655 0.865556640625 0.03772767203513909 0.846173828125 0.050982430453879936 0.8407333984375 0.06984626647144948 0.85467578125 0.07188579795021961
0  0.7666015625 0.04904831625183016 0.046875 0.09224011713030747 0.7470703125 0.033648609077598826 0.768833984375 0.029060029282576866 0.7548916015625 0.04843338213762811 0.750470703125 0.07698389458272328 0.7650927734375 0.07545534407027818
0  0.62548828125 0.12518301610541727 0.0595703125 0.10688140556368961 0.60641015625 0.11357393850658858 0.628626953125 0.10473792093704246 0.6163857421875 0.12853001464128844 0.6163857421875 0.14348462664714495 0.63180078125 0.14008638360175696
0  0.533203125 0.13030746705710103 0.0625 0.10834553440702782 0.5102841796875 0.10280966325036603 0.536376953125 0.09937774524158126 0.5208125 0.11996778916544656 0.5139462890625 0.1343792093704246 0.53271484375 0.13369253294289898
0  0.564453125 0.08125915080527087 0.0390625 0.08345534407027819 -0.0009765625 -0.0014641288433382138 -0.0009765625 -0.0014641288433382138 -0.0009765625 -0.0014641288433382138 -0.0009765625 -0.0014641288433382138 -0.0009765625 -0.0014641288433382138
0  0.31298828125 0.26281112737920936 0.0673828125 0.11566617862371889 0.28759765625 0.25036603221083453 0.3056640625 0.24743777452415813 0.2900390625 0.27159590043923865 0.2958984375 0.2913616398243045 0.31103515625 0.28989751098096633
0  0.19091796875 0.31551976573938506 0.0673828125 0.12152269399707175 0.1647080078125 0.300904831625183 0.1873427734375 0.29473499267935577 0.1739677734375 0.33021376281112735 0.1713955078125 0.34949487554904834 0.1909443359375 0.34409663250366035
0  0.109375 0.3206442166910688 0.0703125 0.1054172767203514 0.0895126953125 0.30934992679355783 0.11373046875 0.2941654465592972 0.103162109375 0.3311346998535871 0.1014013671875 0.3496193265007321 0.1212158203125 0.3383967789165447
0  0.248046875 0.20131771595900438 0.052734375 0.10688140556368961 0.225794921875 0.19922547584187408 0.244837890625 0.19174816983894583 0.231689453125 0.21350073206442166 0.232142578125 0.2345739385065886 0.2461982421875 0.22777598828696924
0  0.39599609375 0.24231332357247437 0.0556640625 0.10395314787701318 0.3857421875 0.24158125915080528 0.41015625 0.23572474377745242 0.3984375 0.26500732064421667 0.39453125 0.2796486090775988 0.4150390625 0.26500732064421667
0  0.35205078125 0.15080527086383602 0.0400390625 0.08784773060029283 0.3430390625 0.12896046852122986 0.36230859375 0.13507174231332358 0.3493388671875 0.1395168374816984 0.338962890625 0.15562957540263544 0.3534150390625 0.16062957540263542
0  0.33056640625 0.09882869692532943 0.0439453125 0.09224011713030747 0.341064453125 0.1263338213762811 0.359505859375 0.13280380673499267 0.3504814453125 0.1416281112737921 0.34145703125 0.15456954612005855 0.3571513671875 0.1604524158125915
0  0.435546875 0.030014641288433383 0.0390625 0.060029282576866766 0.421390625 0.008660322108345534 0.4358037109375 0.007169838945827233 0.4261123046875 0.024308931185944366 0.42337890625 0.04442752562225476 0.4335673828125 0.042191800878477306
0  0.232421875 0.04978038067349927 0.05078125 0.08784773060029283 0.216361328125 0.036263543191800876 0.23358984375 0.03278623718887262 0.225306640625 0.051165446559297216 0.2233193359375 0.0700424597364568 0.2378974609375 0.0715329428989751
0  0.1943359375 0.14275256222547583 0.044921875 0.09224011713030747 0.178544921875 0.12731332357247438 0.20091015625 0.12731332357247438 0.18953125 0.13966764275256222 0.182076171875 0.16084480234260615 0.1981640625 0.16084480234260615
0  0.0849609375 0.17276720351390923 0.048828125 0.0849194729136164 0.06963671875 0.16226939970717422 0.0902626953125 0.16064275256222546 0.0783212890625 0.17854465592972182 0.0736171875 0.19265007320644217 0.08447265625 0.19156515373352856
0  0.068359375 0.032210834553440704 0.044921875 0.06442166910688141 0.048884765625 0.012033674963396778 0.0653203125 0.006509516837481698 0.0596533203125 0.02817862371888726 0.0602197265625 0.048571010248901904 0.073822265625 0.043048316251830164
0  0.0693359375 0.1171303074670571 0.041015625 0.08199121522693997 -0.0009765625 -0.0014641288433382138 -0.0009765625 -0.0014641288433382138 -0.0009765625 -0.0014641288433382138 -0.0009765625 -0.0014641288433382138 -0.0009765625 -0.0014641288433382138
0  0.044921875 0.05124450951683748 0.03515625 0.07320644216691069 0.0302734375 0.04538799414348463 0.0419921875 0.03953147877013177 0.0361328125 0.055636896046852125 0.0361328125 0.07613469985358712 0.044921875 0.07320644216691069
0  0.01416015625 0.13543191800878476 0.0283203125 0.09224011713030747 -0.0009765625 -0.0014641288433382138 -0.0009765625 -0.0014641288433382138 -0.0009765625 -0.0014641288433382138 -0.0009765625 -0.0014641288433382138 -0.0009765625 -0.0014641288433382138
0  0.69189453125 0.053440702781844804 0.0517578125 0.08052708638360176 -0.0009765625 -0.0014641288433382138 -0.0009765625 -0.0014641288433382138 -0.0009765625 -0.0014641288433382138 -0.0009765625 -0.0014641288433382138 -0.0009765625 -0.0014641288433382138
0  0.01513671875 0.3052708638360176 0.0302734375 0.10395314787701318 -0.0009765625 -0.0014641288433382138 -0.0009765625 -0.0014641288433382138 -0.0009765625 -0.0014641288433382138 -0.0009765625 -0.0014641288433382138 -0.0009765625 -0.0014641288433382138
