0  0.05859375 0.7363636363636363 0.02734375 0.05454545454545454 -0.0009765625 -0.0015151515151515152 -0.0009765625 -0.0015151515151515152 -0.0009765625 -0.0015151515151515152 -0.0009765625 -0.0015151515151515152 -0.0009765625 -0.0015151515151515152
0  0.099609375 0.47424242424242424 0.025390625 0.048484848484848485 0.0965703125 0.46709242424242425 0.1063798828125 0.46678787878787875 0.10265234375 0.4768333333333333 0.0979443359375 0.48626969696969696 0.1050068359375 0.48566060606060607
0  0.17333984375 0.5068181818181818 0.0224609375 0.04696969696969697 0.1678642578125 0.5024893939393938 0.177263671875 0.5024893939393938 0.17266015625 0.509930303030303 0.168439453125 0.5200484848484849 0.1766884765625 0.5200484848484849
0  0.1748046875 0.38106060606060604 0.021484375 0.04393939393939394 0.1710205078125 0.3740530303030303 0.1798095703125 0.373769696969697 0.17578125 0.38115454545454547 0.172119140625 0.3913818181818182 0.1790771484375 0.390530303030303
0  0.04345703125 0.3560606060606061 0.0224609375 0.03939393939393939 0.0376455078125 0.3472939393939394 0.0474853515625 0.3472939393939394 0.043291015625 0.3585560606060606 0.0403876953125 0.3658151515151515 0.0463564453125 0.36531363636363634
0  0.0859375 0.3393939393939394 0.01953125 0.03939393939393939 0.0826328125 0.3322242424242424 0.090087890625 0.3319666666666667 0.0874375 0.3394212121212121 0.08379296875 0.34738939393939394 0.0894248046875 0.34764545454545454
0  0.0537109375 0.23787878787878788 0.0234375 0.03636363636363636 0.0498046875 0.22727272727272727 0.0595703125 0.22727272727272727 0.0546875 0.23333333333333334 0.05078125 0.24393939393939393 0.0576171875 0.24393939393939393
0  0.10595703125 0.1696969696969697 0.0185546875 0.051515151515151514 0.1031669921875 0.16331212121212121 0.111119140625 0.16396060606060606 0.1073525390625 0.17370151515151516 0.1044228515625 0.1814939393939394 0.1102822265625 0.1808439393939394
0  0.08544921875 0.12651515151515152 0.0185546875 0.04090909090909091 0.0810546875 0.11969696969696969 0.0888671875 0.11969696969696969 0.083984375 0.12878787878787878 0.08203125 0.13787878787878788 0.0888671875 0.13787878787878788
0  0.09765625 0.04318181818181818 0.01953125 0.03484848484848485 0.09386328125 0.03667424242424242 0.1026083984375 0.03736515151515152 0.098013671875 0.04334393939393939 0.0946044921875 0.05116363636363636 0.100978515625 0.05162272727272727
0  0.03125 0.021212121212121213 0.013671875 0.03636363636363636 0.027060546875 0.014259090909090909 0.03462890625 0.015725757575757573 0.030439453125 0.021596969696969698 0.0266552734375 0.028936363636363635 0.03192578125 0.029565151515151517
0  0.150390625 0.00909090909090909 0.015625 0.01818181818181818 0.1474609375 0.0030303030303030303 0.15625 0.0030303030303030303 0.1513671875 0.004545454545454545 0.1484375 0.013636363636363636 0.1533203125 0.015151515151515152
0  0.265625 0.3287878787878788 0.033203125 0.06060606060606061 0.263671875 0.3140151515151515 0.2685546875 0.31325757575757573 0.27099609375 0.3231060606060606 0.271728515625 0.3390151515151515 0.276611328125 0.3386363636363636
0  0.32373046875 0.04090909090909091 0.0185546875 0.030303030303030304 0.3203125 0.03484848484848485 0.330078125 0.03484848484848485 0.326171875 0.03939393939393939 0.3232421875 0.048484848484848485 0.330078125 0.04696969696969697
0  0.3857421875 0.05075757575757576 0.015625 0.03484848484848485 0.3798828125 0.04696969696969697 0.38671875 0.04696969696969697 0.3837890625 0.05454545454545454 0.3798828125 0.06060606060606061 0.38671875 0.06060606060606061
0  0.4072265625 0.014393939393939395 0.013671875 0.022727272727272728 -0.0009765625 -0.0015151515151515152 -0.0009765625 -0.0015151515151515152 -0.0009765625 -0.0015151515151515152 -0.0009765625 -0.0015151515151515152 -0.0009765625 -0.0015151515151515152
0  0.419921875 0.058333333333333334 0.017578125 0.04090909090909091 0.417541015625 0.051806060606060605 0.4251923828125 0.051806060606060605 0.4216220703125 0.05866515151515152 0.4189013671875 0.0671060606060606 0.4234921875 0.0671060606060606
0  0.3291015625 0.07954545454545454 0.017578125 0.03787878787878788 0.3243759765625 0.07343030303030303 0.3323798828125 0.07416060606060605 0.327671875 0.08244090909090909 0.3245322265625 0.09096363636363637 0.330810546875 0.09071969696969696
0  0.35302734375 0.10833333333333334 0.0185546875 0.04393939393939394 0.348328125 0.10303030303030303 0.35693359375 0.10331515151515151 0.3525390625 0.11098484848484849 0.347595703125 0.1180878787878788 0.35565234375 0.11837121212121213
0  0.416015625 0.11287878787878788 0.01953125 0.04090909090909091 0.411787109375 0.10865757575757576 0.4187578125 0.10733939393939393 0.4163779296875 0.11683636363636363 0.41195703125 0.12105606060606061 0.4206279296875 0.1197378787878788
0  0.31005859375 0.13106060606060607 0.0205078125 0.04393939393939394 0.306580078125 0.12433636363636363 0.315185546875 0.12462121212121212 0.31133984375 0.13342727272727273 0.3067626953125 0.1413818181818182 0.313537109375 0.14166666666666666
0  0.37353515625 0.1765151515151515 0.0224609375 0.03787878787878788 0.369890625 0.16869545454545454 0.37789453125 0.1684530303030303 0.373029296875 0.17551363636363637 0.37083203125 0.1837939393939394 0.3763251953125 0.1837939393939394
0  0.423828125 0.17727272727272728 0.01953125 0.03939393939393939 0.41796875 0.1696969696969697 0.4287109375 0.1712121212121212 0.421875 0.17727272727272728 0.4189453125 0.18636363636363637 0.4267578125 0.18484848484848485
0  0.34228515625 0.22045454545454546 0.0205078125 0.03787878787878788 0.3377158203125 0.2160439393939394 0.345720703125 0.21531363636363637 0.3419541015625 0.22432424242424243 0.3397568359375 0.23065454545454545 0.3441513671875 0.23016818181818183
0  0.41552734375 0.23030303030303031 0.0205078125 0.03333333333333333 0.410435546875 0.22396515151515153 0.418779296875 0.2224030303030303 0.414607421875 0.2284287878787879 0.411154296875 0.23802727272727275 0.4184921875 0.23802727272727275
0  0.35400390625 0.27121212121212124 0.0185546875 0.03939393939393939 0.3506123046875 0.26194545454545454 0.3585166015625 0.2616954545454545 0.3549677734375 0.2689530303030303 0.3520634765625 0.27846363636363636 0.359 0.2777121212121212
0  0.3408203125 0.30833333333333335 0.017578125 0.03787878787878788 0.3382919921875 0.29759242424242427 0.346453125 0.3014878787878788 0.341744140625 0.30684545454545453 0.337193359375 0.3119590909090909 0.343 0.314880303030303
0  0.4072265625 0.31287878787878787 0.021484375 0.03787878787878788 0.402640625 0.3055469696969697 0.411115234375 0.3053030303030303 0.4068779296875 0.31212121212121213 0.40358203125 0.3204 0.411115234375 0.32015757575757575
0  0.326171875 0.3416666666666667 0.0234375 0.04090909090909091 0.322265625 0.33181818181818185 0.3330078125 0.33181818181818185 0.328125 0.3409090909090909 0.3232421875 0.35454545454545455 0.3310546875 0.35454545454545455
0  0.34619140625 0.4022727272727273 0.0244140625 0.04393939393939394 0.3416748046875 0.39782121212121213 0.350830078125 0.3983909090909091 0.3460693359375 0.4052090909090909 0.341857421875 0.4134469696969697 0.349181640625 0.4143
0  0.3974609375 0.37575757575757573 0.021484375 0.03636363636363636 0.3916015625 0.36666666666666664 0.40234375 0.36515151515151517 0.3955078125 0.37272727272727274 0.3935546875 0.38333333333333336 0.400390625 0.38333333333333336
0  0.42626953125 0.4128787878787879 0.0224609375 0.04696969696969697 0.42281640625 0.4103348484848485 0.4320244140625 0.40974090909090904 0.4274208984375 0.41777575757575763 0.4224326171875 0.42819242424242426 0.4327919921875 0.4278954545454545
0  0.29931640625 0.4340909090909091 0.0224609375 0.04090909090909091 -0.0009765625 -0.0015151515151515152 -0.0009765625 -0.0015151515151515152 -0.0009765625 -0.0015151515151515152 -0.0009765625 -0.0015151515151515152 -0.0009765625 -0.0015151515151515152
0  0.3125 0.45151515151515154 0.025390625 0.05454545454545454 0.30596484375 0.43971818181818184 0.3173046875 0.4414439393939394 0.3115234375 0.4479984848484848 0.307076171875 0.46145151515151517 0.3144140625 0.4628318181818182
0  0.43798828125 0.4681818181818182 0.0263671875 0.051515151515151514 0.43621875 0.4581439393939394 0.446685546875 0.4598015151515151 0.4428408203125 0.4680878787878788 0.4360048828125 0.48068181818181815 0.4441220703125 0.48266969696969697
0  0.4423828125 0.2628787878787879 0.021484375 0.04090909090909091 0.43708984375 0.2556954545454545 0.445373046875 0.2564666666666667 0.44023828125 0.2646909090909091 0.438083984375 0.2718878787878788 0.4433857421875 0.2721454545454546
0  0.4404296875 0.3787878787878788 0.021484375 0.04242424242424243 0.4345703125 0.36818181818181817 0.4453125 0.36818181818181817 0.4384765625 0.3787878787878788 0.435546875 0.3878787878787879 0.443359375 0.38636363636363635
0  0.4853515625 0.3196969696969697 0.01953125 0.04242424242424243 0.4791083984375 0.3119590909090909 0.4876533203125 0.3111469696969697 0.4825966796875 0.3189939393939394 0.4810263671875 0.327380303030303 0.4864326171875 0.32765151515151514
0  0.50048828125 0.5189393939393939 0.0224609375 0.04393939393939394 0.49591015625 0.5096590909090909 0.496642578125 0.5096590909090909 0.49627734375 0.5196030303030302 0.4920654296875 0.5261363636363636 0.492615234375 0.5264212121212121
0  0.5341796875 0.22575757575757577 0.017578125 0.05757575757575758 -0.0009765625 -0.0015151515151515152 -0.0009765625 -0.0015151515151515152 -0.0009765625 -0.0015151515151515152 -0.0009765625 -0.0015151515151515152 -0.0009765625 -0.0015151515151515152
0  0.56884765625 0.29924242424242425 0.0185546875 0.04393939393939394 0.5615234375 0.29393939393939394 0.5712890625 0.29393939393939394 0.5654296875 0.3015151515151515 0.5615234375 0.3090909090909091 0.5693359375 0.3090909090909091
0  0.607421875 0.23333333333333334 0.01953125 0.04242424242424243 0.6025390625 0.23030303030303031 0.611328125 0.23030303030303031 0.6064453125 0.23636363636363636 0.6044921875 0.24696969696969698 0.6103515625 0.24545454545454545
0  0.619140625 0.26666666666666666 0.017578125 0.03939393939393939 0.615103515625 0.25915151515151513 0.623330078125 0.25915151515151513 0.61816796875 0.26741060606060607 0.61591015625 0.27441818181818184 0.622201171875 0.27491818181818184
0  0.57373046875 0.3878787878787879 0.0166015625 0.03939393939393939 0.5695361328125 0.38036363636363635 0.5763115234375 0.3793621212121212 0.5727626953125 0.3873712121212121 0.5703427734375 0.39613030303030305 0.5755048828125 0.39613030303030305
0  0.59228515625 0.40984848484848485 0.0205078125 0.04393939393939394 0.586669921875 0.4028409090909091 0.5958251953125 0.4022727272727273 0.59033203125 0.40937575757575756 0.586486328125 0.41875 0.5950927734375 0.41875
0  0.6328125 0.4954545454545455 0.01953125 0.03636363636363636 0.626556640625 0.48925151515151516 0.636626953125 0.48925151515151516 0.629455078125 0.49256666666666665 0.62548828125 0.5036939393939394 0.6335751953125 0.5032196969696969
0  0.6630859375 0.47575757575757577 0.021484375 0.045454545454545456 0.6560361328125 0.464819696969697 0.6670966796875 0.46511060606060606 0.6592236328125 0.47383636363636367 0.653974609375 0.48459848484848483 0.66484765625 0.485180303030303
0  0.70654296875 0.5083333333333333 0.0185546875 0.03787878787878788 0.6992880859375 0.5017318181818181 0.7058798828125 0.5019757575757575 0.701642578125 0.5087939393939394 0.6994453125 0.5190212121212121 0.7071357421875 0.5190212121212121
0  0.7353515625 0.5045454545454545 0.025390625 0.048484848484848485 0.730939453125 0.4949409090909091 0.740365234375 0.49556212121212123 0.7331455078125 0.5020969696969697 0.729134765625 0.5120530303030303 0.738359375 0.5145424242424242
0  0.6904296875 0.4393939393939394 0.017578125 0.03939393939393939 0.6863974609375 0.42862575757575755 0.6949462890625 0.4311287878787879 0.690107421875 0.4371348484848485 0.6854287109375 0.44564393939393937 0.6930107421875 0.44764545454545457
0  0.67138671875 0.37424242424242427 0.0224609375 0.04242424242424243 0.6642890625 0.36425151515151516 0.673130859375 0.3653075757575758 0.6683701171875 0.3732212121212121 0.664119140625 0.3816621212121212 0.6729609375 0.3819257575757576
0  0.66552734375 0.31742424242424244 0.0205078125 0.04090909090909091 0.6601083984375 0.3110924242424242 0.6672490234375 0.3126757575757576 0.6628291015625 0.3211181818181818 0.6609580078125 0.3274484848484849 0.6667392578125 0.3279757575757576
0  0.6845703125 0.2287878787878788 0.015625 0.03333333333333333 0.680568359375 0.22404696969696972 0.6885419921875 0.22614242424242423 0.6824599609375 0.23033636363636362 0.6797568359375 0.2374666666666667 0.685298828125 0.23830454545454546
0  0.736328125 0.2696969696969697 0.01953125 0.04242424242424243 0.7318291015625 0.2643939393939394 0.739501953125 0.2646651515151515 0.7344443359375 0.2727818181818182 0.7320029296875 0.27981666666666666 0.7391533203125 0.28035757575757575
0  0.7421875 0.3424242424242424 0.0234375 0.04242424242424243 0.736328125 0.3378787878787879 0.7451171875 0.33636363636363636 0.740234375 0.34545454545454546 0.7353515625 0.35454545454545455 0.744140625 0.353030303030303
0  0.47509765625 0.023484848484848483 0.0166015625 0.031818181818181815 0.4697265625 0.019696969696969695 0.4794921875 0.019696969696969695 0.474609375 0.02727272727272727 0.47265625 0.03333333333333333 0.4775390625 0.031818181818181815
0  0.52587890625 0.023484848484848483 0.0146484375 0.031818181818181815 0.520525390625 0.015936363636363637 0.5284990234375 0.016984848484848485 0.52336328125 0.02558181818181818 0.521876953125 0.03061363636363636 0.5256611328125 0.03061363636363636
0  0.53955078125 0.04015151515151515 0.0166015625 0.031818181818181815 0.5349248046875 0.033184848484848484 0.5428994140625 0.033184848484848484 0.5381689453125 0.038636363636363635 0.53384375 0.04408787878787879 0.541953125 0.044298484848484844
0  0.4716796875 0.08636363636363636 0.013671875 0.02727272727272727 0.46875 0.08333333333333333 0.4765625 0.08484848484848485 0.4716796875 0.09090909090909091 0.4697265625 0.09848484848484848 0.4755859375 0.09848484848484848
0  0.5732421875 0.09166666666666666 0.013671875 0.03484848484848485 0.570103515625 0.0876621212121212 0.576939453125 0.08917727272727273 0.572474609375 0.09220757575757575 0.5699638671875 0.10021666666666666 0.575404296875 0.10108181818181818
0  0.59033203125 0.13712121212121212 0.0166015625 0.02878787878787879 0.5869140625 0.1303030303030303 0.59375 0.1303030303030303 0.5908203125 0.13787878787878788 0.5869140625 0.14545454545454545 0.5947265625 0.14393939393939395
0  0.57177734375 0.1856060606060606 0.0185546875 0.031818181818181815 0.56801953125 0.17724545454545454 0.5765205078125 0.17785454545454546 0.5723349609375 0.1849560606060606 0.568412109375 0.18901515151515152 0.5759970703125 0.18962424242424242
0  0.6357421875 0.16136363636363638 0.01953125 0.03787878787878788 0.631744140625 0.14895757575757576 0.6396787109375 0.15156212121212123 0.63494921875 0.15653333333333333 0.631287109375 0.1634 0.636322265625 0.16458333333333333
0  0.634765625 0.10378787878787879 0.015625 0.03484848484848485 0.63044921875 0.10244848484848484 0.63735546875 0.10311818181818183 0.633470703125 0.10936818181818182 0.6316005859375 0.11472575757575756 0.6357724609375 0.11494848484848484
0  0.6220703125 0.03106060606060606 0.015625 0.03484848484848485 0.61850390625 0.022848484848484847 0.625697265625 0.022848484848484847 0.622388671875 0.028875757575757575 0.6193671875 0.034903030303030304 0.624833984375 0.034903030303030304
0  0.68505859375 0.04318181818181818 0.0166015625 0.031818181818181815 0.6787109375 0.03939393939393939 0.6884765625 0.03787878787878788 0.68359375 0.04393939393939394 0.6806640625 0.051515151515151514 0.6875 0.05
0  0.701171875 0.075 0.013671875 0.02878787878787879 0.6982421875 0.06666666666666667 0.70703125 0.06666666666666667 0.7021484375 0.07272727272727272 0.6982421875 0.08181818181818182 0.705078125 0.08181818181818182
0  0.6689453125 0.13106060606060607 0.017578125 0.04393939393939394 0.66748046875 0.12319999999999999 0.67498828125 0.12462121212121212 0.672607421875 0.13257575757575757 0.666015625 0.1413818181818182 0.672791015625 0.14251818181818182
0  0.701171875 0.11893939393939394 0.01953125 0.03484848484848485 0.693228515625 0.11473181818181818 0.701380859375 0.1122030303030303 0.6969345703125 0.11818181818181818 0.696044921875 0.12692121212121213 0.7010849609375 0.12623030303030303
0  0.70654296875 0.1590909090909091 0.0166015625 0.051515151515151514 0.700962890625 0.15562727272727273 0.7089150390625 0.1546530303030303 0.7041015625 0.16244545454545453 0.700962890625 0.16958939393939393 0.7089150390625 0.16991363636363638
0  0.73583984375 0.18636363636363637 0.0185546875 0.04242424242424243 0.732443359375 0.17950454545454544 0.7410234375 0.18033636363636366 0.7370908203125 0.18699242424242427 0.734052734375 0.19669848484848484 0.7381630859375 0.19669848484848484
0  0.76416015625 0.18257575757575759 0.0185546875 0.04090909090909091 0.7587890625 0.1787878787878788 0.767578125 0.1787878787878788 0.7626953125 0.18484848484848485 0.759765625 0.19242424242424241 0.765625 0.19242424242424241
0  0.78857421875 0.22954545454545455 0.0185546875 0.03787878787878788 0.7822958984375 0.22075151515151514 0.789830078125 0.22099545454545455 0.7835517578125 0.22805757575757576 0.782923828125 0.23609242424242424 0.78684765625 0.2356060606060606
0  0.751953125 0.3212121212121212 0.015625 0.03636363636363636 0.74609375 0.31212121212121213 0.7548828125 0.3106060606060606 0.75 0.3196969696969697 0.7470703125 0.32727272727272727 0.7529296875 0.32727272727272727
0  0.7998046875 0.29545454545454547 0.013671875 0.03333333333333333 0.796875 0.28939393939393937 0.8056640625 0.28939393939393937 0.7998046875 0.29393939393939394 0.7958984375 0.30303030303030304 0.8046875 0.30454545454545456
0  0.8046875 0.3409090909090909 0.013671875 0.04242424242424243 0.8014697265625 0.3290590909090909 0.8093349609375 0.32961363636363633 0.804330078125 0.33488181818181817 0.802005859375 0.3451439393939394 0.8079052734375 0.34597575757575755
0  0.72265625 0.024242424242424242 0.015625 0.02727272727272727 0.716796875 0.016666666666666666 0.7265625 0.015151515151515152 0.7216796875 0.021212121212121213 0.7177734375 0.030303030303030304 0.7236328125 0.030303030303030304
0  0.751953125 0.058333333333333334 0.015625 0.03484848484848485 0.75 0.05303030303030303 0.7587890625 0.05303030303030303 0.75390625 0.05757575757575758 0.7490234375 0.06666666666666667 0.7568359375 0.06666666666666667
0  0.779296875 0.011363636363636364 0.013671875 0.019696969696969695 -0.0009765625 -0.0015151515151515152 -0.0009765625 -0.0015151515151515152 -0.0009765625 -0.0015151515151515152 -0.0009765625 -0.0015151515151515152 -0.0009765625 -0.0015151515151515152
0  0.7919921875 0.02803030303030303 0.013671875 0.031818181818181815 0.787841796875 0.02361969696969697 0.79503515625 0.023822727272727273 0.7896728515625 0.030722727272727273 0.7888876953125 0.03660757575757576 0.7934658203125 0.037215151515151514
0  0.80712890625 0.04696969696969697 0.0185546875 0.045454545454545456 0.80581640625 0.040104545454545455 0.8135029296875 0.040104545454545455 0.80881640625 0.04592121212121212 0.80637890625 0.053483333333333334 0.8123779296875 0.05319242424242424
0  0.7978515625 0.14545454545454545 0.017578125 0.03939393939393939 0.7947822265625 0.13818939393939395 0.802525390625 0.1386909090909091 0.799298828125 0.14619848484848486 0.795427734375 0.15195454545454545 0.8022021484375 0.1527060606060606
0  0.7685546875 0.11969696969696969 0.013671875 0.03333333333333333 0.765625 0.11666666666666667 0.7724609375 0.11515151515151516 0.7685546875 0.12121212121212122 0.765625 0.12878787878787878 0.771484375 0.12727272727272726
0  0.86328125 0.020454545454545454 0.015625 0.031818181818181815 0.861328125 0.01818181818181818 0.87109375 0.019696969696969695 0.8662109375 0.025757575757575757 0.8623046875 0.030303030303030304 0.8681640625 0.030303030303030304
0  0.87939453125 0.029545454545454545 0.0146484375 0.03787878787878788 0.8751396484375 0.02464848484848485 0.8853408203125 0.026109090909090908 0.87890625 0.03122272727272727 0.875296875 0.037066666666666664 0.8822021484375 0.038284848484848484
0  0.95166015625 0.038636363636363635 0.0146484375 0.025757575757575757 0.9482421875 0.03484848484848485 0.955078125 0.03636363636363636 0.94921875 0.03939393939393939 0.947265625 0.04696969696969697 0.951171875 0.04696969696969697
0  0.98681640625 0.013636363636363636 0.0146484375 0.024242424242424242 0.9833984375 0.0030303030303030303 0.9921875 0.004545454545454545 0.986328125 0.006060606060606061 0.9833984375 0.012121212121212121 0.9892578125 0.012121212121212121
0  0.99560546875 0.07954545454545454 0.0087890625 0.03787878787878788 0.9951171875 0.07575757575757576 0.9970703125 0.07575757575757576 0.9990234375 0.08333333333333333 0.99609375 0.08787878787878788 0.9970703125 0.08787878787878788
0  0.99072265625 0.12727272727272726 0.0185546875 0.048484848484848485 0.9847978515625 0.11952121212121213 0.99319921875 0.12079242424242424 0.988076171875 0.12874090909090907 0.98418359375 0.13764242424242423 0.990330078125 0.13859545454545455
0  0.96923828125 0.12424242424242424 0.0166015625 0.030303030303030304 0.9677734375 0.12272727272727273 0.974609375 0.12121212121212122 0.970703125 0.12727272727272726 0.96875 0.13484848484848486 0.9736328125 0.13333333333333333
0  0.94287109375 0.07575757575757576 0.0185546875 0.03636363636363636 0.940751953125 0.06849242424242424 0.948015625 0.0694121212121212 0.9446064453125 0.07516212121212121 0.9416416015625 0.08160151515151515 0.946533203125 0.08367121212121212
0  0.919921875 0.10909090909090909 0.017578125 0.03636363636363636 0.9176552734375 0.10182575757575757 0.92476953125 0.1032060606060606 0.9212119140625 0.10964545454545455 0.9176552734375 0.11677424242424242 0.923880859375 0.11723484848484848
0  0.841796875 0.09166666666666666 0.01953125 0.03787878787878788 0.8376767578125 0.08352272727272728 0.845763671875 0.08375909090909091 0.84164453125 0.09109848484848485 0.8385927734375 0.09914848484848485 0.8446962890625 0.09914848484848485
0  0.85302734375 0.14015151515151514 0.0205078125 0.04393939393939394 0.8480703125 0.12948484848484848 0.8570078125 0.12893030303030303 0.852181640625 0.13863636363636364 0.8495 0.14529242424242425 0.854326171875 0.1450151515151515
0  0.9013671875 0.18106060606060606 0.01953125 0.031818181818181815 0.8974609375 0.17424242424242425 0.90625 0.17424242424242425 0.9013671875 0.1787878787878788 0.8974609375 0.18636363636363637 0.904296875 0.18636363636363637
0  0.9345703125 0.18106060606060606 0.01953125 0.031818181818181815 0.9305859375 0.1738090909090909 0.937255859375 0.1738090909090909 0.932939453125 0.1807090909090909 0.9311083984375 0.18801363636363636 0.9362099609375 0.18760757575757575
0  0.92431640625 0.22121212121212122 0.0244140625 0.03636363636363636 0.91876171875 0.20880606060606063 0.9280703125 0.20880606060606063 0.92303515625 0.21519848484848486 0.9201357421875 0.22490606060606058 0.9250185546875 0.22490606060606058
0  0.97119140625 0.23257575757575757 0.0166015625 0.031818181818181815 0.966796875 0.22575757575757577 0.974609375 0.22424242424242424 0.970703125 0.23030303030303031 0.96875 0.23636363636363636 0.9736328125 0.23636363636363636
0  0.9638671875 0.2787878787878788 0.01953125 0.03939393939393939 0.9585400390625 0.2722742424242424 0.96725 0.2727742424242424 0.9624111328125 0.2787818181818182 0.9593466796875 0.2870393939393939 0.9667666015625 0.2870393939393939
0  0.951171875 0.275 0.009765625 0.031818181818181815 0.94921875 0.2696969696969697 0.95703125 0.2681818181818182 0.9541015625 0.27575757575757576 0.9501953125 0.2818181818181818 0.95703125 0.2818181818181818
0  0.99169921875 0.3515151515151515 0.0166015625 0.051515151515151514 0.986908203125 0.34412878787878787 0.99609375 0.3437969696969697 0.990326171875 0.35175151515151515 0.9879765625 0.36302121212121213 0.9945986328125 0.3620272727272727
0  0.85009765625 0.20909090909090908 0.0205078125 0.04242424242424243 0.845703125 0.20303030303030303 0.8544921875 0.20454545454545456 0.849609375 0.20909090909090908 0.845703125 0.2196969696969697 0.8515625 0.2196969696969697
0  0.87451171875 0.25757575757575757 0.0166015625 0.03333333333333333 0.8709150390625 0.2505681818181818 0.8785400390625 0.25101515151515147 0.8733603515625 0.2552560606060606 0.870626953125 0.26418484848484847 0.877388671875 0.26396060606060606
0  0.89013671875 0.29772727272727273 0.0185546875 0.031818181818181815 0.8846474609375 0.28955000000000003 0.892486328125 0.2899681818181818 0.887486328125 0.2962590909090909 0.884783203125 0.3040181818181818 0.8893779296875 0.30422727272727274
0  0.89306640625 0.3386363636363636 0.0166015625 0.031818181818181815 0.8896484375 0.33636363636363636 0.8974609375 0.33636363636363636 0.8935546875 0.3424242424242424 0.8896484375 0.353030303030303 0.896484375 0.353030303030303
0  0.8935546875 0.3712121212121212 0.021484375 0.04242424242424243 0.8884970703125 0.36645 0.897740234375 0.3653681818181818 0.8919853515625 0.3729439393939394 0.8884970703125 0.38295454545454544 0.8958212890625 0.38187272727272725
0  0.818359375 0.39090909090909093 0.01953125 0.03939393939393939 0.8149677734375 0.37888939393939397 0.8222265625 0.37863939393939394 0.81738671875 0.3861469696969697 0.81561328125 0.3964075757575758 0.8191611328125 0.39740909090909093
0  0.79541015625 0.47424242424242424 0.0224609375 0.03636363636363636 0.788025390625 0.4630681818181818 0.7962646484375 0.4628318181818182 0.7915341796875 0.4715909090909091 0.7903134765625 0.4784560606060606 0.796875 0.4786939393939394
0  0.859375 0.421969696969697 0.0234375 0.04090909090909091 0.854828125 0.41484696969696966 0.86451953125 0.4174848484848485 0.85805859375 0.424080303030303 0.8541474609375 0.4301469696969697 0.861798828125 0.43093939393939396
0  0.76708984375 0.421969696969697 0.0205078125 0.05 0.7625908203125 0.4115666666666667 0.7714150390625 0.4118772727272727 0.767203125 0.4193454545454545 0.763994140625 0.4280575757575757 0.769609375 0.4283681818181818
0  0.794921875 0.5651515151515152 0.021484375 0.04242424242424243 0.7880859375 0.5575757575757576 0.796875 0.5590909090909091 0.791015625 0.5651515151515152 0.787109375 0.5727272727272728 0.794921875 0.5742424242424242
0  0.86865234375 0.6378787878787879 0.0244140625 0.048484848484848485 0.86328125 0.6272727272727273 0.875 0.6287878787878788 0.8681640625 0.6363636363636364 0.8623046875 0.6484848484848484 0.87109375 0.6484848484848484
0  0.96923828125 0.7333333333333333 0.0224609375 0.051515151515151514 0.9622802734375 0.724289393939394 0.9736025390625 0.728930303030303 0.965484375 0.7345636363636364 0.9605712890625 0.7431818181818182 0.969970703125 0.7474909090909091
0  0.87744140625 0.759090909090909 0.0263671875 0.051515151515151514 0.873046875 0.7510424242424242 0.882873046875 0.753030303030303 0.8739013671875 0.7613166666666666 0.871337890625 0.7679454545454545 0.8798828125 0.7699333333333334
0  0.75439453125 0.7575757575757576 0.0263671875 0.05454545454545454 0.748046875 0.7515151515151515 0.7607421875 0.753030303030303 0.7529296875 0.7621212121212121 0.7490234375 0.7712121212121212 0.7578125 0.7712121212121212
0  0.625 0.7704545454545455 0.02734375 0.05606060606060606 0.623046875 0.7636363636363637 0.6328125 0.7621212121212121 0.626953125 0.7696969696969697 0.625 0.7787878787878788 0.6318359375 0.7787878787878788
0  0.01611328125 0.0696969696969697 0.0205078125 0.03939393939393939 0.0146484375 0.06060606060606061 0.0234375 0.06212121212121212 0.0185546875 0.06818181818181818 0.0146484375 0.07727272727272727 0.0205078125 0.07727272727272727
0  0.0087890625 0.15227272727272728 0.017578125 0.03787878787878788 0.00462109375 0.14299242424242425 0.01152734375 0.14396666666666666 0.0065048828125 0.15151515151515152 0.0035224609375 0.15857727272727273 0.0107421875 0.15881969696969697
0  0.47021484375 0.1712121212121212 0.0166015625 0.03333333333333333 -0.0009765625 -0.0015151515151515152 -0.0009765625 -0.0015151515151515152 -0.0009765625 -0.0015151515151515152 -0.0009765625 -0.0015151515151515152 -0.0009765625 -0.0015151515151515152
0  0.49072265625 0.18181818181818182 0.0185546875 0.03333333333333333 0.4859091796875 0.17707727272727272 0.4942890625 0.17623787878787878 0.4898291015625 0.1819 0.4872607421875 0.1911257575757576 0.4934775390625 0.1900772727272727
0  0.50634765625 0.22727272727272727 0.0185546875 0.03636363636363636 -0.0009765625 -0.0015151515151515152 -0.0009765625 -0.0015151515151515152 -0.0009765625 -0.0015151515151515152 -0.0009765625 -0.0015151515151515152 -0.0009765625 -0.0015151515151515152
0  0.58984375 0.5621212121212121 0.01953125 0.03636363636363636 -0.0009765625 -0.0015151515151515152 -0.0009765625 -0.0015151515151515152 -0.0009765625 -0.0015151515151515152 -0.0009765625 -0.0015151515151515152 -0.0009765625 -0.0015151515151515152
0  0.90234375 0.471969696969697 0.0234375 0.05 -0.0009765625 -0.0015151515151515152 -0.0009765625 -0.0015151515151515152 -0.0009765625 -0.0015151515151515152 -0.0009765625 -0.0015151515151515152 -0.0009765625 -0.0015151515151515152
