0  0.94140625 0.7920937042459737 0.025390625 0.06149341142020498 0.936732421875 0.7799355783308931 0.937779296875 0.7822898975109809 0.930455078125 0.7905256222547584 0.9320244140625 0.8038594436310394 0.93385546875 0.8069970717423133
0  0.98876953125 0.5073206442166911 0.0224609375 0.0746705710102489 -0.0009765625 -0.0014641288433382138 -0.0009765625 -0.0014641288433382138 -0.0009765625 -0.0014641288433382138 -0.0009765625 -0.0014641288433382138 -0.0009765625 -0.0014641288433382138
0  0.9423828125 0.43997071742313326 0.04296875 0.08638360175695461 0.932373046875 0.43265007320644217 0.9525146484375 0.43265007320644217 0.942626953125 0.4507686676427526 0.9345703125 0.46284773060029283 0.949951171875 0.46284773060029283
0  0.77587890625 0.5256222547584187 0.0380859375 0.08199121522693997 0.7840009765625 0.5192108345534406 0.78985546875 0.518177159590044 0.7929560546875 0.5274714494875549 0.7829677734375 0.5450278184480235 0.7860673828125 0.5450278184480235
0  0.8583984375 0.4743777452415813 0.046875 0.0849194729136164 0.8541083984375 0.46097803806734994 0.8734130859375 0.4636588579795022 0.8655478515625 0.4824172767203514 0.8523212890625 0.49742459736456807 0.8701953125 0.500103953147877
0  0.83056640625 0.3103953147877013 0.0458984375 0.09370424597364568 0.816048828125 0.3018726207906296 0.8348828125 0.3042254758418741 0.82350390625 0.32187262079062956 0.8172255859375 0.33481551976573937 0.8348828125 0.33775695461200583
0  0.73291015625 0.3389458272327965 0.0498046875 0.08345534407027819 0.715201171875 0.3225329428989751 0.733564453125 0.33153440702781845 0.7173203125 0.3463572474377745 0.715201171875 0.35535871156661786 0.733564453125 0.3601229868228404
0  0.689453125 0.328696925329429 0.041015625 0.0746705710102489 0.6797353515625 0.3176896046852123 0.6985126953125 0.3186442166910688 0.6861005859375 0.33391215226939974 0.6787802734375 0.3477496339677892 0.69628515625 0.3496588579795022
0  0.65185546875 0.4743777452415813 0.0478515625 0.1054172767203514 0.6455078125 0.4538799414348463 0.6669921875 0.4582723279648609 0.6572265625 0.47291361639824303 0.6435546875 0.493411420204978 0.6611328125 0.49633967789165445
0  0.58935546875 0.31259150805270863 0.0478515625 0.08638360175695461 0.573486328125 0.3074670571010249 0.5950927734375 0.30472181551976574 0.583740234375 0.32723279648609077 0.57861328125 0.3387628111273792 0.59619140625 0.3332723279648609
0  0.52099609375 0.31478770131771594 0.0458984375 0.09663250366032211 0.5083447265625 0.2970351390922401 0.53023828125 0.2952108345534407 0.5188857421875 0.3201346998535871 0.5103720703125 0.3347232796486091 0.531455078125 0.3341156661786237
0  0.43994140625 0.3645680819912152 0.0458984375 0.10248901903367497 0.435119140625 0.3607247437774524 0.4552001953125 0.3530380673499268 0.45135546875 0.37481698389458273 0.4423828125 0.3921112737920937 0.457763671875 0.390190336749634
0  0.50927734375 0.4055636896046852 0.0498046875 0.07613469985358712 0.4982998046875 0.3978111273792094 0.5199150390625 0.39539385065885796 0.51152734375 0.4123221083455344 0.501203125 0.4248975109809663 0.518947265625 0.42151244509516833
0  0.50927734375 0.4765739385065886 0.0498046875 0.08345534407027819 0.501673828125 0.4617232796486091 0.5215537109375 0.4612005856515373 0.51318359375 0.479502196193265 0.5055107421875 0.4946661786237189 0.522251953125 0.49362079062957537
0  0.40380859375 0.5219619326500732 0.0380859375 0.0951683748169839 0.3955078125 0.5080527086383602 0.4130859375 0.5051244509516838 0.408203125 0.5212298682284041 0.4013671875 0.541727672035139 0.41796875 0.5358711566617862
0  0.3154296875 0.3191800878477306 0.048828125 0.0849194729136164 0.304931640625 0.30860468521229867 0.3281689453125 0.30538799414348466 0.317443359375 0.3214670571010249 0.30743359375 0.3407628111273792 0.3303134765625 0.33593850658857977
0  0.2646484375 0.3513909224011713 0.044921875 0.0849194729136164 0.263671875 0.3465666178623719 0.281189453125 0.3369194729136164 0.275826171875 0.360502196193265 0.2676044921875 0.3771171303074671 0.28369140625 0.37229428989751095
0  0.357421875 0.5212298682284041 0.044921875 0.08199121522693997 0.3529443359375 0.5075885797950219 0.3722314453125 0.5060395314787701 0.36534375 0.5189487554904831 0.356388671875 0.5401200585651537 0.3711982421875 0.5396032210834553
0  0.25048828125 0.5534407027818448 0.0400390625 0.0849194729136164 0.2502353515625 0.5337203513909224 0.261453125 0.5277525622254758 0.26326171875 0.5413162518301611 0.2513212890625 0.5689838945827232 0.265794921875 0.5657291361639823
0  0.1904296875 0.41800878477306 0.04296875 0.08345534407027819 0.1959443359375 0.40807320644216694 0.2083046875 0.4054260614934114 0.2107763671875 0.42130893118594437 0.2047734375 0.4403689604685212 0.2100703125 0.4387818448023426
0  0.1552734375 0.29282576866764276 0.041015625 0.09663250366032211 0.15883984375 0.28966178623718886 0.171814453125 0.28358418740849195 0.1738408203125 0.30425183016105417 0.161677734375 0.323095168374817 0.1722197265625 0.3170161054172767
0  0.16845703125 0.5490483162518301 0.0458984375 0.08784773060029283 0.1603046875 0.5410937042459737 0.1825390625 0.5410937042459737 0.172533203125 0.5588726207906295 0.1636396484375 0.5727613469985359 0.17957421875 0.5733177159590044
0  0.1279296875 0.4238653001464129 0.041015625 0.06588579795021962 0.1220703125 0.4172767203513909 0.130859375 0.4128843338213763 0.1337890625 0.4216691068814056 0.1328125 0.43484626647144947 0.140625 0.4289897510980966
0  0.0205078125 0.4128843338213763 0.041015625 0.08199121522693997 0.0048828125 0.4039956076134699 0.023716796875 0.41549926793557834 0.0069755859375 0.42857101024890193 0.0010458984375 0.43536896046852125 0.016392578125 0.44216691068814057
0  0.0439453125 0.5988286969253295 0.03515625 0.07320644216691069 0.0412900390625 0.5897437774524158 0.0527431640625 0.5818535871156661 0.0580048828125 0.5990248901903368 0.04995703125 0.6166603221083455 0.0580048828125 0.6106266471449487
0  0.04248046875 0.6771595900439239 0.0458984375 0.08052708638360176 -0.0009765625 -0.0014641288433382138 -0.0009765625 -0.0014641288433382138 -0.0009765625 -0.0014641288433382138 -0.0009765625 -0.0014641288433382138 -0.0009765625 -0.0014641288433382138
0  0.943359375 0.2979502196193265 0.029296875 0.048316251830161056 0.9351279296875 0.2937672035139092 0.9466376953125 0.29094289897510983 0.940150390625 0.303493411420205 0.937220703125 0.31259150805270863 0.9462197265625 0.3107086383601757
0  0.97900390625 0.3323572474377745 0.0361328125 0.08199121522693997 0.9629599609375 0.3203308931185944 0.9779580078125 0.31823865300146414 0.9654013671875 0.3381098096632504 0.968541015625 0.3506588579795022 0.980748046875 0.3496134699853587
