0  0.03955078125 0.24781849912739964 0.0322265625 0.02443280977312391 -0.0009765625 -0.0005817335660267597 -0.0009765625 -0.0005817335660267597 -0.0009765625 -0.0005817335660267597 -0.0009765625 -0.0005817335660267597 -0.0009765625 -0.0005817335660267597
0  0.2060546875 0.26236183827806864 0.0390625 0.03374054682955206 0.194841796875 0.26129726585223967 0.2102138671875 0.2589546247818499 0.20699609375 0.26726003490401395 0.197701171875 0.27343571844095405 0.2116435546875 0.2719447353112275
0  0.251953125 0.3621291448516579 0.033203125 0.03315881326352531 -0.0009765625 -0.0005817335660267597 -0.0009765625 -0.0005817335660267597 -0.0009765625 -0.0005817335660267597 -0.0009765625 -0.0005817335660267597 -0.0009765625 -0.0005817335660267597
0  0.10009765625 0.016288539848749273 0.0283203125 0.02326934264107039 -0.0009765625 -0.0005817335660267597 -0.0009765625 -0.0005817335660267597 -0.0009765625 -0.0005817335660267597 -0.0009765625 -0.0005817335660267597 -0.0009765625 -0.0005817335660267597
0  0.4912109375 0.1460151250727167 0.03515625 0.031413612565445025 0.482439453125 0.13951192553810354 0.500994140625 0.13951192553810354 0.4910537109375 0.14602559627690517 0.4837646484375 0.1523414776032577 0.495361328125 0.1523414776032577
0  0.3251953125 0.21000581733566026 0.03515625 0.030250145433391506 -0.0009765625 -0.0005817335660267597 -0.0009765625 -0.0005817335660267597 -0.0009765625 -0.0005817335660267597 -0.0009765625 -0.0005817335660267597 -0.0009765625 -0.0005817335660267597
0  0.47900390625 0.24781849912739964 0.0361328125 0.030250145433391506 0.4718974609375 0.24339325189063407 0.488673828125 0.24512274578243165 0.479640625 0.2505037812681792 0.4680263671875 0.25780686445607914 0.484802734375 0.2585753344968005
0  0.37841796875 0.25945317044793487 0.0361328125 0.027923211169284468 0.366263671875 0.25657591623036646 0.387015625 0.25657591623036646 0.3748603515625 0.2595776614310646 0.3677451171875 0.26752472367655616 0.3801962890625 0.267347876672484
0  0.30712890625 0.23618382780686445 0.0400390625 0.031413612565445025 0.2986884765625 0.23520709714950555 0.316912109375 0.2346154741128563 0.306640625 0.23994415357766144 0.300013671875 0.2450762070971495 0.3139296875 0.24547062245491566
0  0.322265625 0.2990110529377545 0.046875 0.03606748109365911 0.3140830078125 0.2945235602094241 0.3303916015625 0.2940715532286213 0.3201513671875 0.3003979057591623 0.3125654296875 0.3078539848749273 0.331150390625 0.30672425828970334
0  0.56005859375 0.04741128563118092 0.0361328125 0.02385107620709715 0.5513388671875 0.04495986038394415 0.5675439453125 0.04434671320535195 0.560341796875 0.053693426410703904 0.558798828125 0.0593630017452007 0.5678017578125 0.059056428155904596
0  0.68212890625 0.08493310063990692 0.0361328125 0.027923211169284468 -0.0009765625 -0.0005817335660267597 -0.0009765625 -0.0005817335660267597 -0.0009765625 -0.0005817335660267597 -0.0009765625 -0.0005817335660267597 -0.0009765625 -0.0005817335660267597
0  0.55908203125 0.09045956951716114 0.0380859375 0.02617801047120419 0.550501953125 0.08734322280395579 0.568080078125 0.0866783013379872 0.560267578125 0.09183071553228621 0.5552451171875 0.09897789412449098 0.5658486328125 0.09847934845840606
0  0.61669921875 0.13932518906340896 0.0380859375 0.028504944735311226 0.609375 0.13594415357766143 0.62646484375 0.13594415357766143 0.6188359375 0.14212449098312974 0.6112060546875 0.14685165794066318 0.6240234375 0.14685165794066318
0  0.56982421875 0.20680628272251309 0.0361328125 0.030831878999418267 -0.0009765625 -0.0005817335660267597 -0.0009765625 -0.0005817335660267597 -0.0009765625 -0.0005817335660267597 -0.0009765625 -0.0005817335660267597 -0.0009765625 -0.0005817335660267597
0  0.97802734375 0.3068644560791158 0.0419921875 0.031995346131471786 0.9704287109375 0.304065154159395 0.990234375 0.3032646887725422 0.9808349609375 0.30766433973240254 0.9700927734375 0.3186625945317044 0.993591796875 0.3156631762652705
0  0.94775390625 0.3539848749272833 0.0439453125 0.031995346131471786 -0.0009765625 -0.0005817335660267597 -0.0009765625 -0.0005817335660267597 -0.0009765625 -0.0005817335660267597 -0.0009765625 -0.0005817335660267597 -0.0009765625 -0.0005817335660267597
0  0.8212890625 0.3589296102385108 0.048828125 0.03374054682955206 0.8117548828125 0.35303432228039555 0.8323798828125 0.35238743455497384 0.82188671875 0.35820767888307153 0.8150107421875 0.36876963350785336 0.834189453125 0.36769168121000584
0  0.9111328125 0.41244909831297266 0.048828125 0.04304828388598022 -0.0009765625 -0.0005817335660267597 -0.0009765625 -0.0005817335660267597 -0.0009765625 -0.0005817335660267597 -0.0009765625 -0.0005817335660267597 -0.0009765625 -0.0005817335660267597
0  0.9462890625 0.44415357766143104 0.041015625 0.03315881326352531 0.936130859375 0.4399959278650378 0.9587314453125 0.4408371146015125 0.9481376953125 0.44420302501454334 0.940369140625 0.451565445026178 0.9530810546875 0.45219662594531707
0  0.91943359375 0.4723676556137289 0.0537109375 0.030250145433391506 0.90869140625 0.4651687027341478 0.932525390625 0.4669685863874346 0.91976953125 0.4719674229203025 0.9070126953125 0.47956660849331006 0.9264833984375 0.48196625945317045
0  0.41943359375 0.5346131471785922 0.0576171875 0.04304828388598022 0.41162109375 0.5299592786503782 0.434509765625 0.5315951134380453 0.42169140625 0.5381396160558465 0.4084169921875 0.5455026178010471 0.427185546875 0.5468656195462478
0  0.12939453125 0.5945317044793484 0.0556640625 0.03606748109365911 0.121337890625 0.5892751599767307 0.142822265625 0.5881326352530541 0.134765625 0.5961314717859221 0.126708984375 0.603216404886562 0.1416708984375 0.6025305410122164
0  0.24365234375 0.6768470040721349 0.0693359375 0.04013961605584642 0.2344443359375 0.6729203025014543 0.26321875 0.669543920884235 0.254935546875 0.6768155904595695 0.249267578125 0.688762070971495 0.26321875 0.6869441535776614
0  0.76416015625 0.41361256544502617 0.0517578125 0.031413612565445025 0.7555458984375 0.40828330424665504 0.77542578125 0.40907271669575335 0.7634970703125 0.41282315299592787 0.75687109375 0.4193362420011635 0.7711181640625 0.42052065154159396
0  0.73583984375 0.439499709133217 0.0537109375 0.0447934845840605 0.7225078125 0.4372350203606748 0.74294140625 0.4372350203606748 0.7305869140625 0.44289645142524725 0.7234580078125 0.4545026178010471 0.7443671875 0.4542198952879581
0  0.8564453125 0.5005817335660268 0.052734375 0.03664921465968586 0.84596875 0.49745724258289703 0.8673095703125 0.4979197207678883 0.85528125 0.5039290285049447 0.8467451171875 0.5101698662012798 0.864205078125 0.5104008144269925
0  0.931640625 0.5878417684700408 0.05078125 0.04013961605584642 0.9238154296875 0.5870703897614892 0.9445322265625 0.5857847585805701 0.934173828125 0.5937550901687028 0.9268359375 0.6004397905759162 0.9371953125 0.6001826643397323
0  0.798828125 0.5567190226876091 0.04296875 0.03723094822571262 -0.0009765625 -0.0005817335660267597 -0.0009765625 -0.0005817335660267597 -0.0009765625 -0.0005817335660267597 -0.0009765625 -0.0005817335660267597 -0.0009765625 -0.0005817335660267597
0  0.802734375 0.6340895869691682 0.029296875 0.02675974403723095 0.7977294921875 0.6311756835369401 0.8092392578125 0.6308330424665504 0.8031962890625 0.6382030250145433 0.79571484375 0.6433455497382199 0.8092392578125 0.6433455497382199
0  0.89306640625 0.6864456079115765 0.0595703125 0.04304828388598022 0.8807900390625 0.6812722513089005 0.9061806640625 0.6831628853984875 0.8907646484375 0.6912658522396743 0.8807900390625 0.6993682373472949 0.8939384765625 0.7007190226876091
0  0.67822265625 0.4909831297265852 0.0439453125 0.038394415357766144 -0.0009765625 -0.0005817335660267597 -0.0009765625 -0.0005817335660267597 -0.0009765625 -0.0005817335660267597 -0.0009765625 -0.0005817335660267597 -0.0009765625 -0.0005817335660267597
0  0.1357421875 0.358347876672484 0.08984375 0.04421175101803374 0.1285048828125 0.35336707388016286 0.13356640625 0.3506864456079116 0.1521259765625 0.35236183827806866 0.1538125 0.36609714950552646 0.1571875 0.3630820244328098
0  0.01171875 0.47614892379290286 0.0234375 0.035485747527632346 -0.0009765625 -0.0005817335660267597 -0.0009765625 -0.0005817335660267597 -0.0009765625 -0.0005817335660267597 -0.0009765625 -0.0005817335660267597 -0.0009765625 -0.0005817335660267597
