0  0.6025390625 0.4329427083333333 0.009765625 0.009114583333333334 -0.0009765625 -0.0006510416666666666 -0.0009765625 -0.0006510416666666666 -0.0009765625 -0.0006510416666666666 -0.0009765625 -0.0006510416666666666 -0.0009765625 -0.0006510416666666666
0  0.59033203125 0.4840494791666667 0.0126953125 0.011067708333333334 0.5879599609375 0.48051497395833337 0.5939248046875 0.48051497395833337 0.5908896484375 0.48330533854166663 0.5880654296875 0.48539778645833337 0.59371484375 0.48539778645833337
0  0.53173828125 0.4593098958333333 0.0126953125 0.008463541666666666 0.5290703125 0.45610091145833337 0.534388671875 0.45610091145833337 0.53151171875 0.45796158854166663 0.5301162109375 0.46040299479166663 0.53290625 0.4603444010416667
0  0.62890625 0.4986979166666667 0.01171875 0.010416666666666666 -0.0009765625 -0.0006510416666666666 -0.0009765625 -0.0006510416666666666 -0.0009765625 -0.0006510416666666666 -0.0009765625 -0.0006510416666666666 -0.0009765625 -0.0006510416666666666
0  0.66943359375 0.4765625 0.0263671875 0.026041666666666668 0.6617470703125 0.4697760416666667 0.679390625 0.4696100260416667 0.6692021484375 0.474580078125 0.6637353515625 0.4817037760416667 0.6774033203125 0.4808756510416667
0  0.76171875 0.4231770833333333 0.04296875 0.03515625 0.74395703125 0.414794921875 0.761078125 0.41367578125 0.7456357421875 0.42128515625 0.747314453125 0.429341796875 0.7593994140625 0.4284466145833334
0  0.86474609375 0.4446614583333333 0.0146484375 0.009114583333333334 0.8602294921875 0.44222591145833334 0.866080078125 0.44190625 0.861763671875 0.44478385416666666 0.862244140625 0.4477890625 0.8656005859375 0.44766080729166663
0  0.9189453125 0.49609375 0.017578125 0.013020833333333334 -0.0009765625 -0.0006510416666666666 -0.0009765625 -0.0006510416666666666 -0.0009765625 -0.0006510416666666666 -0.0009765625 -0.0006510416666666666 -0.0009765625 -0.0006510416666666666
0  0.96875 0.423828125 0.015625 0.010416666666666666 -0.0009765625 -0.0006510416666666666 -0.0009765625 -0.0006510416666666666 -0.0009765625 -0.0006510416666666666 -0.0009765625 -0.0006510416666666666 -0.0009765625 -0.0006510416666666666
0  0.927734375 0.4309895833333333 0.013671875 0.010416666666666666 0.9240244140625 0.42832421875 0.93134375 0.42832421875 0.92743359375 0.43012955729166663 0.92382421875 0.4336725260416667 0.92803515625 0.43347135416666666
0  0.81298828125 0.4212239583333333 0.0107421875 0.010416666666666666 0.811583984375 0.41875911458333337 0.8178017578125 0.4190266927083333 0.8151943359375 0.4209654947916666 0.8122861328125 0.42317122395833334 0.8163974609375 0.4235052083333333
0  0.83740234375 0.3955078125 0.0107421875 0.008463541666666666 -0.0009765625 -0.0006510416666666666 -0.0009765625 -0.0006510416666666666 -0.0009765625 -0.0006510416666666666 -0.0009765625 -0.0006510416666666666 -0.0009765625 -0.0006510416666666666
0  0.86572265625 0.3899739583333333 0.0107421875 0.009114583333333334 0.864240234375 0.3889856770833333 0.8687744140625 0.3890436197916667 0.86624609375 0.39113671874999995 0.8641533203125 0.39340364583333337 0.86790234375 0.39346158854166663
0  0.73681640625 0.3870442708333333 0.0107421875 0.008463541666666666 -0.0009765625 -0.0006510416666666666 -0.0009765625 -0.0006510416666666666 -0.0009765625 -0.0006510416666666666 -0.0009765625 -0.0006510416666666666 -0.0009765625 -0.0006510416666666666
0  0.689453125 0.3876953125 0.009765625 0.008463541666666666 -0.0009765625 -0.0006510416666666666 -0.0009765625 -0.0006510416666666666 -0.0009765625 -0.0006510416666666666 -0.0009765625 -0.0006510416666666666 -0.0009765625 -0.0006510416666666666
0  0.66943359375 0.4361979166666667 0.0107421875 0.009114583333333334 -0.0009765625 -0.0006510416666666666 -0.0009765625 -0.0006510416666666666 -0.0009765625 -0.0006510416666666666 -0.0009765625 -0.0006510416666666666 -0.0009765625 -0.0006510416666666666
0  0.63720703125 0.4397786458333333 0.0087890625 0.008463541666666666 -0.0009765625 -0.0006510416666666666 -0.0009765625 -0.0006510416666666666 -0.0009765625 -0.0006510416666666666 -0.0009765625 -0.0006510416666666666 -0.0009765625 -0.0006510416666666666
0  0.88134765625 0.4313151041666667 0.0107421875 0.012369791666666666 -0.0009765625 -0.0006510416666666666 -0.0009765625 -0.0006510416666666666 -0.0009765625 -0.0006510416666666666 -0.0009765625 -0.0006510416666666666 -0.0009765625 -0.0006510416666666666
0  0.98974609375 0.51171875 0.0146484375 0.013020833333333334 -0.0009765625 -0.0006510416666666666 -0.0009765625 -0.0006510416666666666 -0.0009765625 -0.0006510416666666666 -0.0009765625 -0.0006510416666666666 -0.0009765625 -0.0006510416666666666
0  0.11083984375 0.4410807291666667 0.0263671875 0.022786458333333332 0.10528515625 0.434361328125 0.119236328125 0.4349420572916667 0.11422265625 0.43828450520833334 0.1079013671875 0.44351627604166666 0.117056640625 0.44351627604166666
0  0.33935546875 0.4524739583333333 0.0166015625 0.015625 -0.0009765625 -0.0006510416666666666 -0.0009765625 -0.0006510416666666666 -0.0009765625 -0.0006510416666666666 -0.0009765625 -0.0006510416666666666 -0.0009765625 -0.0006510416666666666
0  0.17236328125 0.4791666666666667 0.0380859375 0.033854166666666664 0.1725205078125 0.4692734375 0.17348828125 0.4690579427083333 0.1892958984375 0.47744596354166663 0.1851025390625 0.48647916666666663 0.1870380859375 0.4871243489583333
0  0.06103515625 0.4514973958333333 0.0087890625 0.007161458333333333 -0.0009765625 -0.0006510416666666666 -0.0009765625 -0.0006510416666666666 -0.0009765625 -0.0006510416666666666 -0.0009765625 -0.0006510416666666666 -0.0009765625 -0.0006510416666666666
0  0.17529296875 0.4345703125 0.0087890625 0.005859375 -0.0009765625 -0.0006510416666666666 -0.0009765625 -0.0006510416666666666 -0.0009765625 -0.0006510416666666666 -0.0009765625 -0.0006510416666666666 -0.0009765625 -0.0006510416666666666
0  0.14794921875 0.4270833333333333 0.0068359375 0.005208333333333333 -0.0009765625 -0.0006510416666666666 -0.0009765625 -0.0006510416666666666 -0.0009765625 -0.0006510416666666666 -0.0009765625 -0.0006510416666666666 -0.0009765625 -0.0006510416666666666
0  0.40087890625 0.3473307291666667 0.0478515625 0.041015625 0.393232421875 0.33785026041666666 0.4089267578125 0.33549544270833337 0.4163818359375 0.34098893229166666 0.407357421875 0.35302148437499997 0.4195205078125 0.35092903645833334
0  0.50830078125 0.4049479166666667 0.0087890625 0.006510416666666667 -0.0009765625 -0.0006510416666666666 -0.0009765625 -0.0006510416666666666 -0.0009765625 -0.0006510416666666666 -0.0009765625 -0.0006510416666666666 -0.0009765625 -0.0006510416666666666
0  0.13916015625 0.44140625 0.0107421875 0.0078125 -0.0009765625 -0.0006510416666666666 -0.0009765625 -0.0006510416666666666 -0.0009765625 -0.0006510416666666666 -0.0009765625 -0.0006510416666666666 -0.0009765625 -0.0006510416666666666
0  0.3095703125 0.4739583333333333 0.013671875 0.01171875 -0.0009765625 -0.0006510416666666666 -0.0009765625 -0.0006510416666666666 -0.0009765625 -0.0006510416666666666 -0.0009765625 -0.0006510416666666666 -0.0009765625 -0.0006510416666666666
0  0.45166015625 0.4612630208333333 0.0146484375 0.009765625 0.449541015625 0.45965885416666663 0.4550087890625 0.45972265625000003 0.4526103515625 0.46151302083333334 0.4505 0.46317578125 0.454048828125 0.46298372395833337
0  0.85009765625 0.4407552083333333 0.0146484375 0.010416666666666666 0.8469931640625 0.43901106770833337 0.8524345703125 0.43887174479166663 0.848353515625 0.44096419270833337 0.846888671875 0.443126953125 0.851283203125 0.443126953125
0  0.7353515625 0.412109375 0.013671875 0.013020833333333334 -0.0009765625 -0.0006510416666666666 -0.0009765625 -0.0006510416666666666 -0.0009765625 -0.0006510416666666666 -0.0009765625 -0.0006510416666666666 -0.0009765625 -0.0006510416666666666
