0  0.66650390625 0.3056910569105691 0.0380859375 0.07804878048780488 0.6575927734375 0.28634634146341464 0.663609375 0.288349593495935 0.650373046875 0.3003707317073171 0.653080078125 0.32841951219512194 0.6599990234375 0.32641626016260167
0  0.13232421875 0.7317073170731707 0.0107421875 0.022764227642276424 0.1302138671875 0.730110569105691 0.135794921875 0.7293837398373985 0.1336142578125 0.7340308943089431 0.1314345703125 0.7380959349593496 0.1358818359375 0.7379495934959349
0  0.14892578125 0.7048780487804878 0.0087890625 0.02113821138211382 0.148001953125 0.7017414634146342 0.1522744140625 0.6998552845528455 0.151314453125 0.704790243902439 0.1494833984375 0.7092910569105692 0.152884765625 0.7084211382113821
0  0.16796875 0.7357723577235772 0.01171875 0.024390243902439025 0.1669619140625 0.735619512195122 0.172271484375 0.7336390243902439 0.1706240234375 0.7388211382113821 0.1676025390625 0.7450715447154471 0.1735537109375 0.7429365853658537
0  0.1875 0.708130081300813 0.01171875 0.024390243902439025 0.18566015625 0.7084357723577236 0.1915107421875 0.7069983739837398 0.1907431640625 0.711149593495935 0.1876748046875 0.7170585365853658 0.19122265625 0.716739837398374
0  0.22021484375 0.7089430894308943 0.0126953125 0.022764227642276424 -0.0009765625 -0.0016260162601626016 -0.0009765625 -0.0016260162601626016 -0.0009765625 -0.0016260162601626016 -0.0009765625 -0.0016260162601626016 -0.0009765625 -0.0016260162601626016
0  0.2451171875 0.6902439024390243 0.01171875 0.024390243902439025 -0.0009765625 -0.0016260162601626016 -0.0009765625 -0.0016260162601626016 -0.0009765625 -0.0016260162601626016 -0.0009765625 -0.0016260162601626016 -0.0009765625 -0.0016260162601626016
0  0.09765625 0.7569105691056911 0.01171875 0.024390243902439025 0.0965048828125 0.7557788617886179 0.1024521484375 0.7546601626016259 0.1008212890625 0.7599300813008131 0.099669921875 0.7655203252032521 0.1028359375 0.7652
0  0.080078125 0.7284552845528456 0.009765625 0.022764227642276424 -0.0009765625 -0.0016260162601626016 -0.0009765625 -0.0016260162601626016 -0.0009765625 -0.0016260162601626016 -0.0009765625 -0.0016260162601626016 -0.0009765625 -0.0016260162601626016
0  0.09423828125 0.7317073170731707 0.0107421875 0.01951219512195122 -0.0009765625 -0.0016260162601626016 -0.0009765625 -0.0016260162601626016 -0.0009765625 -0.0016260162601626016 -0.0009765625 -0.0016260162601626016 -0.0009765625 -0.0016260162601626016
0  0.04638671875 0.7658536585365854 0.0126953125 0.026016260162601626 -0.0009765625 -0.0016260162601626016 -0.0009765625 -0.0016260162601626016 -0.0009765625 -0.0016260162601626016 -0.0009765625 -0.0016260162601626016 -0.0009765625 -0.0016260162601626016
0  0.03759765625 0.7211382113821139 0.0107421875 0.02113821138211382 -0.0009765625 -0.0016260162601626016 -0.0009765625 -0.0016260162601626016 -0.0009765625 -0.0016260162601626016 -0.0009765625 -0.0016260162601626016 -0.0009765625 -0.0016260162601626016
0  0.00341796875 0.7439024390243902 0.0068359375 0.027642276422764227 0.0001435546875 0.7408243902439025 0.00559375 0.7404617886178863 0.003849609375 0.7457252032520325 0.001560546875 0.7520764227642276 0.005919921875 0.7520764227642276
0  0.41552734375 0.6934959349593496 0.0068359375 0.014634146341463415 -0.0009765625 -0.0016260162601626016 -0.0009765625 -0.0016260162601626016 -0.0009765625 -0.0016260162601626016 -0.0009765625 -0.0016260162601626016 -0.0009765625 -0.0016260162601626016
0  0.44189453125 0.683739837398374 0.0087890625 0.02113821138211382 0.438423828125 0.6840455284552845 0.4447197265625 0.6837691056910569 0.441158203125 0.6888715447154472 0.43983203125 0.6931479674796748 0.44339453125 0.6934227642276423
0  0.423828125 0.6764227642276422 0.0078125 0.013008130081300813 -0.0009765625 -0.0016260162601626016 -0.0009765625 -0.0016260162601626016 -0.0009765625 -0.0016260162601626016 -0.0009765625 -0.0016260162601626016 -0.0009765625 -0.0016260162601626016
0  0.39892578125 0.697560975609756 0.0087890625 0.01951219512195122 -0.0009765625 -0.0016260162601626016 -0.0009765625 -0.0016260162601626016 -0.0009765625 -0.0016260162601626016 -0.0009765625 -0.0016260162601626016 -0.0009765625 -0.0016260162601626016
0  0.4716796875 0.6813008130081301 0.0078125 0.013008130081300813 -0.0009765625 -0.0016260162601626016 -0.0009765625 -0.0016260162601626016 -0.0009765625 -0.0016260162601626016 -0.0009765625 -0.0016260162601626016 -0.0009765625 -0.0016260162601626016
0  0.50634765625 0.6821138211382114 0.0068359375 0.014634146341463415 -0.0009765625 -0.0016260162601626016 -0.0009765625 -0.0016260162601626016 -0.0009765625 -0.0016260162601626016 -0.0009765625 -0.0016260162601626016 -0.0009765625 -0.0016260162601626016
0  0.529296875 0.6772357723577236 0.005859375 0.011382113821138212 -0.0009765625 -0.0016260162601626016 -0.0009765625 -0.0016260162601626016 -0.0009765625 -0.0016260162601626016 -0.0009765625 -0.0016260162601626016 -0.0009765625 -0.0016260162601626016
0  0.5771484375 0.6829268292682927 0.005859375 0.016260162601626018 -0.0009765625 -0.0016260162601626016 -0.0009765625 -0.0016260162601626016 -0.0009765625 -0.0016260162601626016 -0.0009765625 -0.0016260162601626016 -0.0009765625 -0.0016260162601626016
0  0.8681640625 0.6398373983739838 0.0078125 0.01788617886178862 0.8656748046875 0.6372243902439024 0.87026953125 0.6368536585365854 0.867453125 0.6409268292682927 0.8669345703125 0.6452455284552846 0.869306640625 0.6446276422764228
0  0.73974609375 0.667479674796748 0.0068359375 0.014634146341463415 -0.0009765625 -0.0016260162601626016 -0.0009765625 -0.0016260162601626016 -0.0009765625 -0.0016260162601626016 -0.0009765625 -0.0016260162601626016 -0.0009765625 -0.0016260162601626016
0  0.77001953125 0.6902439024390243 0.0087890625 0.014634146341463415 -0.0009765625 -0.0016260162601626016 -0.0009765625 -0.0016260162601626016 -0.0009765625 -0.0016260162601626016 -0.0009765625 -0.0016260162601626016 -0.0009765625 -0.0016260162601626016
0  0.7861328125 0.6414634146341464 0.009765625 0.01788617886178862 -0.0009765625 -0.0016260162601626016 -0.0009765625 -0.0016260162601626016 -0.0009765625 -0.0016260162601626016 -0.0009765625 -0.0016260162601626016 -0.0009765625 -0.0016260162601626016
0  0.06591796875 0.732520325203252 0.0126953125 0.024390243902439025 0.0648544921875 0.7294715447154472 0.070609375 0.7289918699186991 0.0684033203125 0.7336243902439024 0.066484375 0.7384146341463415 0.0696494140625 0.7384146341463415
0  0.31005859375 0.3723577235772358 0.0361328125 0.07479674796747968 -0.0009765625 -0.0016260162601626016 -0.0009765625 -0.0016260162601626016 -0.0009765625 -0.0016260162601626016 -0.0009765625 -0.0016260162601626016 -0.0009765625 -0.0016260162601626016
0  0.3759765625 0.6821138211382114 0.005859375 0.014634146341463415 -0.0009765625 -0.0016260162601626016 -0.0009765625 -0.0016260162601626016 -0.0009765625 -0.0016260162601626016 -0.0009765625 -0.0016260162601626016 -0.0009765625 -0.0016260162601626016
0  0.3837890625 0.667479674796748 0.0078125 0.01788617886178862 -0.0009765625 -0.0016260162601626016 -0.0009765625 -0.0016260162601626016 -0.0009765625 -0.0016260162601626016 -0.0009765625 -0.0016260162601626016 -0.0009765625 -0.0016260162601626016
0  0.19384765625 0.7105691056910569 0.0087890625 0.016260162601626018 -0.0009765625 -0.0016260162601626016 -0.0009765625 -0.0016260162601626016 -0.0009765625 -0.0016260162601626016 -0.0009765625 -0.0016260162601626016 -0.0009765625 -0.0016260162601626016
0  0.10791015625 0.7447154471544716 0.0107421875 0.016260162601626018 -0.0009765625 -0.0016260162601626016 -0.0009765625 -0.0016260162601626016 -0.0009765625 -0.0016260162601626016 -0.0009765625 -0.0016260162601626016 -0.0009765625 -0.0016260162601626016
0  0.5625 0.6861788617886179 0.005859375 0.016260162601626018 -0.0009765625 -0.0016260162601626016 -0.0009765625 -0.0016260162601626016 -0.0009765625 -0.0016260162601626016 -0.0009765625 -0.0016260162601626016 -0.0009765625 -0.0016260162601626016
0  0.5205078125 0.7016260162601626 0.005859375 0.011382113821138212 -0.0009765625 -0.0016260162601626016 -0.0009765625 -0.0016260162601626016 -0.0009765625 -0.0016260162601626016 -0.0009765625 -0.0016260162601626016 -0.0009765625 -0.0016260162601626016
0  0.7958984375 0.6382113821138211 0.0078125 0.014634146341463415 -0.0009765625 -0.0016260162601626016 -0.0009765625 -0.0016260162601626016 -0.0009765625 -0.0016260162601626016 -0.0009765625 -0.0016260162601626016 -0.0009765625 -0.0016260162601626016
