0  0.06640625 0.19833333333333333 0.03125 0.05 0.0692138671875 0.18567 0.0768349609375 0.18019333333333334 0.07763671875 0.19388333333333332 0.075029296875 0.20723166666666668 0.0798427734375 0.203125
0  0.22216796875 0.15916666666666668 0.0224609375 0.045 -0.0009765625 -0.0016666666666666668 -0.0009765625 -0.0016666666666666668 -0.0009765625 -0.0016666666666666668 -0.0009765625 -0.0016666666666666668 -0.0009765625 -0.0016666666666666668
0  0.2607421875 0.13916666666666666 0.029296875 0.04833333333333333 0.2559423828125 0.13244833333333333 0.2677529296875 0.13212833333333335 0.26044140625 0.14236666666666667 0.25762890625 0.148125 0.2640029296875 0.148125
0  0.296875 0.11916666666666667 0.025390625 0.051666666666666666 -0.0009765625 -0.0016666666666666668 -0.0009765625 -0.0016666666666666668 -0.0009765625 -0.0016666666666666668 -0.0009765625 -0.0016666666666666668 -0.0009765625 -0.0016666666666666668
0  0.439453125 0.04416666666666667 0.0234375 0.03833333333333333 -0.0009765625 -0.0016666666666666668 -0.0009765625 -0.0016666666666666668 -0.0009765625 -0.0016666666666666668 -0.0009765625 -0.0016666666666666668 -0.0009765625 -0.0016666666666666668
0  0.56201171875 0.12416666666666666 0.0185546875 0.041666666666666664 -0.0009765625 -0.0016666666666666668 -0.0009765625 -0.0016666666666666668 -0.0009765625 -0.0016666666666666668 -0.0009765625 -0.0016666666666666668 -0.0009765625 -0.0016666666666666668
0  0.65869140625 0.1025 0.0283203125 0.045 -0.0009765625 -0.0016666666666666668 -0.0009765625 -0.0016666666666666668 -0.0009765625 -0.0016666666666666668 -0.0009765625 -0.0016666666666666668 -0.0009765625 -0.0016666666666666668
0  0.70263671875 0.14333333333333334 0.0302734375 0.043333333333333335 -0.0009765625 -0.0016666666666666668 -0.0009765625 -0.0016666666666666668 -0.0009765625 -0.0016666666666666668 -0.0009765625 -0.0016666666666666668 -0.0009765625 -0.0016666666666666668
0  0.833984375 0.19 0.0234375 0.05 -0.0009765625 -0.0016666666666666668 -0.0009765625 -0.0016666666666666668 -0.0009765625 -0.0016666666666666668 -0.0009765625 -0.0016666666666666668 -0.0009765625 -0.0016666666666666668
0  0.39111328125 0.7308333333333333 0.0224609375 0.055 0.3936982421875 0.7269866666666667 0.397181640625 0.72244 0.4004599609375 0.7311833333333333 0.3965673828125 0.7455200000000001 0.39738671875 0.7455200000000001
0  0.43212890625 0.19166666666666668 0.0126953125 0.03666666666666667 -0.0009765625 -0.0016666666666666668 -0.0009765625 -0.0016666666666666668 -0.0009765625 -0.0016666666666666668 -0.0009765625 -0.0016666666666666668 -0.0009765625 -0.0016666666666666668
0  0.1728515625 0.19 0.01953125 0.03666666666666667 -0.0009765625 -0.0016666666666666668 -0.0009765625 -0.0016666666666666668 -0.0009765625 -0.0016666666666666668 -0.0009765625 -0.0016666666666666668 -0.0009765625 -0.0016666666666666668
0  0.3408203125 0.1225 0.0234375 0.041666666666666664 -0.0009765625 -0.0016666666666666668 -0.0009765625 -0.0016666666666666668 -0.0009765625 -0.0016666666666666668 -0.0009765625 -0.0016666666666666668 -0.0009765625 -0.0016666666666666668
0  0.76318359375 0.12833333333333333 0.0283203125 0.056666666666666664 -0.0009765625 -0.0016666666666666668 -0.0009765625 -0.0016666666666666668 -0.0009765625 -0.0016666666666666668 -0.0009765625 -0.0016666666666666668 -0.0009765625 -0.0016666666666666668
