0  0.74609375 0.38671875 0.015625 0.03125 0.7488095703125 0.3849283854166667 0.749115234375 0.38472526041666666 0.7533876953125 0.38960807291666666 0.7500302734375 0.3953046875 0.7503359375 0.3951015625
0  0.68896484375 0.38671875 0.0126953125 0.028645833333333332 0.691197265625 0.3841145833333333 0.6932900390625 0.3846731770833333 0.694544921875 0.3880208333333333 0.6903603515625 0.3941588541666667 0.6924521484375 0.39471744791666663
0  0.10888671875 0.421875 0.0126953125 0.020833333333333332 0.110630859375 0.41973567708333337 0.1124091796875 0.4208515625 0.1124091796875 0.42503776041666663 0.108642578125 0.42699088541666663 0.110107421875 0.4278268229166667
0  0.15087890625 0.4205729166666667 0.0126953125 0.020833333333333332 0.150111328125 0.4186197916666667 0.1549248046875 0.41875911458333337 0.1544013671875 0.4225260416666667 0.1503212890625 0.4264322916666667 0.1541923828125 0.42629296874999995
0  0.29296875 0.4251302083333333 0.015625 0.029947916666666668 0.296220703125 0.4234440104166666 0.2985234375 0.4230611979166667 0.3002490234375 0.42862369791666666 0.296220703125 0.4324596354166667 0.2973720703125 0.4322682291666667
0  0.3310546875 0.4264322916666667 0.013671875 0.024739583333333332 0.333255859375 0.423875 0.3354931640625 0.4232473958333333 0.3352578125 0.42968229166666666 0.3317265625 0.4326640625 0.333255859375 0.4321927083333333
0  0.3193359375 0.4036458333333333 0.009765625 0.020833333333333332 -0.0009765625 -0.0013020833333333333 -0.0009765625 -0.0013020833333333333 -0.0009765625 -0.0013020833333333333 -0.0009765625 -0.0013020833333333333 -0.0009765625 -0.0013020833333333333
0  0.36328125 0.4192708333333333 0.0078125 0.020833333333333332 -0.0009765625 -0.0013020833333333333 -0.0009765625 -0.0013020833333333333 -0.0009765625 -0.0013020833333333333 -0.0009765625 -0.0013020833333333333 -0.0009765625 -0.0013020833333333333
0  0.4375 0.4075520833333333 0.01171875 0.0234375 0.439392578125 0.40640104166666663 0.4413193359375 0.40609895833333337 0.44347265625 0.4100286458333333 0.4392783203125 0.41305078125 0.440751953125 0.4132018229166667
0  0.39599609375 0.41796875 0.0146484375 0.020833333333333332 -0.0009765625 -0.0013020833333333333 -0.0009765625 -0.0013020833333333333 -0.0009765625 -0.0013020833333333333 -0.0009765625 -0.0013020833333333333 -0.0009765625 -0.0013020833333333333
0  0.40625 0.4147135416666667 0.01171875 0.024739583333333332 0.408203125 0.4127604166666667 0.409423828125 0.4127604166666667 0.41064453125 0.41796875 0.4075927734375 0.4210611979166667 0.4090576171875 0.4208984375
0  0.462890625 0.4186197916666667 0.009765625 0.01953125 -0.0009765625 -0.0013020833333333333 -0.0009765625 -0.0013020833333333333 -0.0009765625 -0.0013020833333333333 -0.0009765625 -0.0013020833333333333 -0.0009765625 -0.0013020833333333333
0  0.4912109375 0.4075520833333333 0.01171875 0.020833333333333332 -0.0009765625 -0.0013020833333333333 -0.0009765625 -0.0013020833333333333 -0.0009765625 -0.0013020833333333333 -0.0009765625 -0.0013020833333333333 -0.0009765625 -0.0013020833333333333
0  0.5625 0.41015625 0.017578125 0.033854166666666664 0.5665283203125 0.40412890625 0.5676572265625 0.40412890625 0.570560546875 0.412515625 0.56523828125 0.41875390625000003 0.5665283203125 0.41875390625000003
