0  0.83203125 0.3668596237337192 0.048828125 0.09117221418234443 0.831935546875 0.3562518089725036 0.8488076171875 0.3678798842257598 0.839390625 0.3800911722141823 0.8268349609375 0.3899753979739508 0.8401748046875 0.3981157742402316
0  0.0283203125 0.1512301013024602 0.017578125 0.030390738060781478 0.02512890625 0.14421997105643994 0.0329677734375 0.14402026049204053 0.029048828125 0.15062952243125904 0.0260751953125 0.15623733719247468 0.0321572265625 0.15623733719247468
0  0.0908203125 0.05426917510853835 0.013671875 0.030390738060781478 0.08965625 0.05202026049204052 0.09573828125 0.051018813314037625 0.093169921875 0.056827785817655574 0.0910078125 0.06223444283646888 0.0935751953125 0.061835021707670045
0  0.13916015625 0.1316931982633864 0.0146484375 0.02604920405209841 -0.0009765625 -0.001447178002894356 -0.0009765625 -0.001447178002894356 -0.0009765625 -0.001447178002894356 -0.0009765625 -0.001447178002894356 -0.0009765625 -0.001447178002894356
0  0.20263671875 0.06222865412445731 0.0166015625 0.02894356005788712 -0.0009765625 -0.001447178002894356 -0.0009765625 -0.001447178002894356 -0.0009765625 -0.001447178002894356 -0.0009765625 -0.001447178002894356 -0.0009765625 -0.001447178002894356
0  0.25390625 0.20332850940665703 0.0078125 0.013024602026049204 -0.0009765625 -0.001447178002894356 -0.0009765625 -0.001447178002894356 -0.0009765625 -0.001447178002894356 -0.0009765625 -0.001447178002894356 -0.0009765625 -0.001447178002894356
0  0.330078125 0.21273516642547033 0.009765625 0.020260492040520984 0.32741015625 0.20911722141823444 0.3321181640625 0.20937626628075254 0.32958984375 0.21544862518089725 0.32793359375 0.21790303907380607 0.3309853515625 0.21777424023154848
0  0.30224609375 0.2040520984081042 0.0068359375 0.01447178002894356 -0.0009765625 -0.001447178002894356 -0.0009765625 -0.001447178002894356 -0.0009765625 -0.001447178002894356 -0.0009765625 -0.001447178002894356 -0.0009765625 -0.001447178002894356
0  0.279296875 0.19681620839363242 0.005859375 0.011577424023154847 -0.0009765625 -0.001447178002894356 -0.0009765625 -0.001447178002894356 -0.0009765625 -0.001447178002894356 -0.0009765625 -0.001447178002894356 -0.0009765625 -0.001447178002894356
0  0.31787109375 0.1678726483357453 0.0048828125 0.011577424023154847 -0.0009765625 -0.001447178002894356 -0.0009765625 -0.001447178002894356 -0.0009765625 -0.001447178002894356 -0.0009765625 -0.001447178002894356 -0.0009765625 -0.001447178002894356
0  0.35205078125 0.08610709117221418 0.0068359375 0.013024602026049204 -0.0009765625 -0.001447178002894356 -0.0009765625 -0.001447178002894356 -0.0009765625 -0.001447178002894356 -0.0009765625 -0.001447178002894356 -0.0009765625 -0.001447178002894356
0  0.43115234375 0.07814761215629522 0.0068359375 0.011577424023154847 -0.0009765625 -0.001447178002894356 -0.0009765625 -0.001447178002894356 -0.0009765625 -0.001447178002894356 -0.0009765625 -0.001447178002894356 -0.0009765625 -0.001447178002894356
0  0.3896484375 0.11143270622286541 0.005859375 0.011577424023154847 -0.0009765625 -0.001447178002894356 -0.0009765625 -0.001447178002894356 -0.0009765625 -0.001447178002894356 -0.0009765625 -0.001447178002894356 -0.0009765625 -0.001447178002894356
