0  0.10009765625 0.185546875 0.0498046875 0.10026041666666667 0.09145703125 0.17530468749999997 0.1154345703125 0.17594401041666666 0.1034462890625 0.19576562500000003 0.0928955078125 0.20855468749999997 0.111119140625 0.20919401041666666
0  0.203125 0.15364583333333334 0.046875 0.0859375 0.1940390625 0.14164192708333334 0.21593359375 0.14164192708333334 0.2053916015625 0.16596875 0.1940390625 0.17461848958333334 0.2143115234375 0.17353776041666666
0  0.2470703125 0.42578125 0.048828125 0.08333333333333333 0.252533203125 0.41190625 0.26641796875 0.41137760416666663 0.2640380859375 0.43306510416666666 0.24658203125 0.4462890625 0.261658203125 0.44681770833333334
0  0.416015625 0.14388020833333334 0.048828125 0.08723958333333333 0.407244140625 0.13228385416666666 0.429609375 0.13394010416666666 0.4200830078125 0.15326822916666666 0.409728515625 0.16652083333333334 0.4262958984375 0.16762630208333332
0  0.3994140625 0.3880208333333333 0.05078125 0.09375 0.3945703125 0.37680208333333337 0.416146484375 0.37621484374999997 0.4108623046875 0.3932408854166667 0.397212890625 0.4108541666666667 0.414384765625 0.41144140625000003
0  0.5458984375 0.3723958333333333 0.05078125 0.09635416666666667 0.53857421875 0.3601484375 0.5600888671875 0.3619791666666667 0.554138671875 0.38089973958333334 0.537201171875 0.3961588541666667 0.559630859375 0.39798958333333334
0  0.5966796875 0.11588541666666667 0.048828125 0.08854166666666667 0.5902626953125 0.10342317708333333 0.6103515625 0.10286458333333333 0.603236328125 0.11737369791666667 0.591099609375 0.13523046875 0.6099326171875 0.13523046875
0  0.7529296875 0.11979166666666667 0.05078125 0.08854166666666667 0.7456748046875 0.10448046875 0.7685107421875 0.10504427083333334 0.759630859375 0.12421484375000001 0.745251953125 0.14113020833333334 0.7672421875 0.14056640625
0  0.8564453125 0.099609375 0.05078125 0.09244791666666667 0.84375 0.09375 0.8681640625 0.08984375 0.857421875 0.10807291666666667 0.8486328125 0.12760416666666666 0.8662109375 0.12630208333333334
0  0.88134765625 0.3697916666666667 0.0517578125 0.09635416666666667 0.8772275390625 0.35693359375 0.899658203125 0.35815364583333337 0.8955380859375 0.37768489583333337 0.8772275390625 0.39477604166666663 0.897369140625 0.39477604166666663
0  0.73291015625 0.3802083333333333 0.0517578125 0.09375 0.724818359375 0.3707213541666667 0.747498046875 0.37012890625 0.7381591796875 0.38554427083333337 0.72615234375 0.4039244791666667 0.747498046875 0.4039244791666667
