0  0.08349609375 0.55859375 0.0224609375 0.0234375 -0.0009765625 -0.0013020833333333333 -0.0009765625 -0.0013020833333333333 -0.0009765625 -0.0013020833333333333 -0.0009765625 -0.0013020833333333333 -0.0009765625 -0.0013020833333333333
0  0.169921875 0.5091145833333334 0.017578125 0.033854166666666664 -0.0009765625 -0.0013020833333333333 -0.0009765625 -0.0013020833333333333 -0.0009765625 -0.0013020833333333333 -0.0009765625 -0.0013020833333333333 -0.0009765625 -0.0013020833333333333
0  0.23974609375 0.4954427083333333 0.0166015625 0.02734375 0.238716796875 0.49360026041666666 0.2450693359375 0.49360026041666666 0.2431767578125 0.49882552083333337 0.2402041015625 0.5029700520833333 0.2443935546875 0.5029700520833333
0  0.26611328125 0.4329427083333333 0.0146484375 0.02734375 0.262748046875 0.4314192708333333 0.2682412109375 0.4312447916666667 0.265755859375 0.435953125 0.2637939453125 0.43979036458333337 0.269025390625 0.43979036458333337
0  0.2978515625 0.5266927083333334 0.017578125 0.022135416666666668 -0.0009765625 -0.0013020833333333333 -0.0009765625 -0.0013020833333333333 -0.0009765625 -0.0013020833333333333 -0.0009765625 -0.0013020833333333333 -0.0009765625 -0.0013020833333333333
0  0.37890625 0.4544270833333333 0.017578125 0.0234375 0.375828125 0.45646744791666666 0.38194921875 0.453328125 0.380654296875 0.45944921875000005 0.3792421875 0.4621171875 0.382890625 0.460234375
0  0.31494140625 0.4361979166666667 0.0068359375 0.010416666666666666 -0.0009765625 -0.0013020833333333333 -0.0009765625 -0.0013020833333333333 -0.0009765625 -0.0013020833333333333 -0.0009765625 -0.0013020833333333333 -0.0009765625 -0.0013020833333333333
0  0.4658203125 0.5735677083333334 0.013671875 0.01953125 -0.0009765625 -0.0013020833333333333 -0.0009765625 -0.0013020833333333333 -0.0009765625 -0.0013020833333333333 -0.0009765625 -0.0013020833333333333 -0.0009765625 -0.0013020833333333333
0  0.53369140625 0.5944010416666666 0.0166015625 0.022135416666666668 -0.0009765625 -0.0013020833333333333 -0.0009765625 -0.0013020833333333333 -0.0009765625 -0.0013020833333333333 -0.0009765625 -0.0013020833333333333 -0.0009765625 -0.0013020833333333333
0  0.66552734375 0.6471354166666666 0.0126953125 0.018229166666666668 -0.0009765625 -0.0013020833333333333 -0.0009765625 -0.0013020833333333333 -0.0009765625 -0.0013020833333333333 -0.0009765625 -0.0013020833333333333 -0.0009765625 -0.0013020833333333333
0  0.69775390625 0.623046875 0.0087890625 0.016927083333333332 -0.0009765625 -0.0013020833333333333 -0.0009765625 -0.0013020833333333333 -0.0009765625 -0.0013020833333333333 -0.0009765625 -0.0013020833333333333 -0.0009765625 -0.0013020833333333333
0  0.82177734375 0.6100260416666666 0.0107421875 0.014322916666666666 -0.0009765625 -0.0013020833333333333 -0.0009765625 -0.0013020833333333333 -0.0009765625 -0.0013020833333333333 -0.0009765625 -0.0013020833333333333 -0.0009765625 -0.0013020833333333333
0  0.83056640625 0.6165364583333334 0.0068359375 0.01171875 -0.0009765625 -0.0013020833333333333 -0.0009765625 -0.0013020833333333333 -0.0009765625 -0.0013020833333333333 -0.0009765625 -0.0013020833333333333 -0.0009765625 -0.0013020833333333333
0  0.703125 0.5748697916666666 0.009765625 0.014322916666666666 -0.0009765625 -0.0013020833333333333 -0.0009765625 -0.0013020833333333333 -0.0009765625 -0.0013020833333333333 -0.0009765625 -0.0013020833333333333 -0.0009765625 -0.0013020833333333333
0  0.6787109375 0.5944010416666666 0.0078125 0.014322916666666666 -0.0009765625 -0.0013020833333333333 -0.0009765625 -0.0013020833333333333 -0.0009765625 -0.0013020833333333333 -0.0009765625 -0.0013020833333333333 -0.0009765625 -0.0013020833333333333
0  0.63427734375 0.5598958333333334 0.0068359375 0.010416666666666666 -0.0009765625 -0.0013020833333333333 -0.0009765625 -0.0013020833333333333 -0.0009765625 -0.0013020833333333333 -0.0009765625 -0.0013020833333333333 -0.0009765625 -0.0013020833333333333
0  0.748046875 0.7109375 0.01171875 0.013020833333333334 -0.0009765625 -0.0013020833333333333 -0.0009765625 -0.0013020833333333333 -0.0009765625 -0.0013020833333333333 -0.0009765625 -0.0013020833333333333 -0.0009765625 -0.0013020833333333333
0  0.80126953125 0.6940104166666666 0.0107421875 0.015625 -0.0009765625 -0.0013020833333333333 -0.0009765625 -0.0013020833333333333 -0.0009765625 -0.0013020833333333333 -0.0009765625 -0.0013020833333333333 -0.0009765625 -0.0013020833333333333
0  0.57666015625 0.5169270833333334 0.0068359375 0.013020833333333334 -0.0009765625 -0.0013020833333333333 -0.0009765625 -0.0013020833333333333 -0.0009765625 -0.0013020833333333333 -0.0009765625 -0.0013020833333333333 -0.0009765625 -0.0013020833333333333
0  0.4931640625 0.4791666666666667 0.005859375 0.010416666666666666 -0.0009765625 -0.0013020833333333333 -0.0009765625 -0.0013020833333333333 -0.0009765625 -0.0013020833333333333 -0.0009765625 -0.0013020833333333333 -0.0009765625 -0.0013020833333333333
0  0.41796875 0.4244791666666667 0.00390625 0.0078125 -0.0009765625 -0.0013020833333333333 -0.0009765625 -0.0013020833333333333 -0.0009765625 -0.0013020833333333333 -0.0009765625 -0.0013020833333333333 -0.0009765625 -0.0013020833333333333
0  0.400390625 0.419921875 0.00390625 0.006510416666666667 -0.0009765625 -0.0013020833333333333 -0.0009765625 -0.0013020833333333333 -0.0009765625 -0.0013020833333333333 -0.0009765625 -0.0013020833333333333 -0.0009765625 -0.0013020833333333333
0  0.3896484375 0.4231770833333333 0.00390625 0.0078125 -0.0009765625 -0.0013020833333333333 -0.0009765625 -0.0013020833333333333 -0.0009765625 -0.0013020833333333333 -0.0009765625 -0.0013020833333333333 -0.0009765625 -0.0013020833333333333
0  0.3740234375 0.4095052083333333 0.00390625 0.006510416666666667 -0.0009765625 -0.0013020833333333333 -0.0009765625 -0.0013020833333333333 -0.0009765625 -0.0013020833333333333 -0.0009765625 -0.0013020833333333333 -0.0009765625 -0.0013020833333333333
0  0.11865234375 0.3287760416666667 0.0068359375 0.01171875 -0.0009765625 -0.0013020833333333333 -0.0009765625 -0.0013020833333333333 -0.0009765625 -0.0013020833333333333 -0.0009765625 -0.0013020833333333333 -0.0009765625 -0.0013020833333333333
0  0.21630859375 0.3470052083333333 0.0068359375 0.009114583333333334 -0.0009765625 -0.0013020833333333333 -0.0009765625 -0.0013020833333333333 -0.0009765625 -0.0013020833333333333 -0.0009765625 -0.0013020833333333333 -0.0009765625 -0.0013020833333333333
0  0.23486328125 0.3515625 0.0048828125 0.0078125 -0.0009765625 -0.0013020833333333333 -0.0009765625 -0.0013020833333333333 -0.0009765625 -0.0013020833333333333 -0.0009765625 -0.0013020833333333333 -0.0009765625 -0.0013020833333333333
0  0.263671875 0.333984375 0.00390625 0.006510416666666667 -0.0009765625 -0.0013020833333333333 -0.0009765625 -0.0013020833333333333 -0.0009765625 -0.0013020833333333333 -0.0009765625 -0.0013020833333333333 -0.0009765625 -0.0013020833333333333
0  0.14501953125 0.2936197916666667 0.0048828125 0.009114583333333334 -0.0009765625 -0.0013020833333333333 -0.0009765625 -0.0013020833333333333 -0.0009765625 -0.0013020833333333333 -0.0009765625 -0.0013020833333333333 -0.0009765625 -0.0013020833333333333
0  0.21728515625 0.3307291666666667 0.0048828125 0.0078125 -0.0009765625 -0.0013020833333333333 -0.0009765625 -0.0013020833333333333 -0.0009765625 -0.0013020833333333333 -0.0009765625 -0.0013020833333333333 -0.0009765625 -0.0013020833333333333
0  0.2763671875 0.3385416666666667 0.00390625 0.0078125 -0.0009765625 -0.0013020833333333333 -0.0009765625 -0.0013020833333333333 -0.0009765625 -0.0013020833333333333 -0.0009765625 -0.0013020833333333333 -0.0009765625 -0.0013020833333333333
0  0.24658203125 0.33984375 0.0048828125 0.010416666666666666 -0.0009765625 -0.0013020833333333333 -0.0009765625 -0.0013020833333333333 -0.0009765625 -0.0013020833333333333 -0.0009765625 -0.0013020833333333333 -0.0009765625 -0.0013020833333333333
0  0.43408203125 0.458984375 0.0087890625 0.01171875 -0.0009765625 -0.0013020833333333333 -0.0009765625 -0.0013020833333333333 -0.0009765625 -0.0013020833333333333 -0.0009765625 -0.0013020833333333333 -0.0009765625 -0.0013020833333333333
0  0.9287109375 0.6334635416666666 0.005859375 0.006510416666666667 -0.0009765625 -0.0013020833333333333 -0.0009765625 -0.0013020833333333333 -0.0009765625 -0.0013020833333333333 -0.0009765625 -0.0013020833333333333 -0.0009765625 -0.0013020833333333333
