0  0.58447265625 0.2889374090247453 0.0771484375 0.14992721979621543 0.5751953125 0.264919941775837 0.6103515625 0.28093158660844253 0.591796875 0.29985443959243085 0.5634765625 0.3158660844250364 0.5947265625 0.3304221251819505
0  0.38720703125 0.13682678311499272 0.0283203125 0.05240174672489083 0.3779296875 0.13100436681222707 0.390625 0.1324599708879185 0.3828125 0.14556040756914118 0.3798828125 0.15283842794759825 0.38671875 0.15283842794759825
0  0.7138671875 0.19141193595342068 0.044921875 0.09461426491994178 0.6997421875 0.17812954876273654 0.721 0.17753129548762736 0.7069619140625 0.19486899563318777 0.700142578125 0.21041339155749636 0.7193955078125 0.21340174672489082
0  0.814453125 0.17612809315866085 0.02734375 0.046579330422125184 0.8128486328125 0.16775836972343522 0.8240791015625 0.17044832605531296 0.8180625 0.17881804949053856 0.8136513671875 0.18928093158660844 0.820068359375 0.19017758369723434
0  0.90966796875 0.22707423580786026 0.0322265625 0.06404657933042213 0.901763671875 0.21611208151382824 0.9132998046875 0.2206142649199418 0.900390625 0.22880349344978165 0.8968203125 0.2410844250363901 0.905333984375 0.2443595342066958
0  0.330078125 0.14556040756914118 0.0234375 0.046579330422125184 0.32087890625 0.13629403202328966 0.3282998046875 0.13719068413391558 0.3212802734375 0.14556040756914118 0.321080078125 0.1596098981077147 0.3262939453125 0.15990829694323144
0  0.28662109375 0.12809315866084425 0.0185546875 0.03784570596797671 0.2809755859375 0.12303784570596797 0.28887890625 0.12303784570596797 0.2845244140625 0.13097234352256185 0.2817822265625 0.1369825327510917 0.287427734375 0.13746433770014557
0  0.31396484375 0.11644832605531295 0.0166015625 0.03202328966521106 0.3099892578125 0.11104221251819506 0.317103515625 0.1114570596797671 0.3136162109375 0.1168646288209607 0.3106865234375 0.1260131004366812 0.3169638671875 0.12663755458515283
0  0.04345703125 0.09243085880640466 0.0107421875 0.021834061135371178 0.0383740234375 0.09041630276564774 0.044224609375 0.09070160116448325 0.0408671875 0.09627802037845706 0.0386611328125 0.1027103347889374 0.0430732421875 0.10285443959243086
0  0.1015625 0.10116448326055313 0.015625 0.033478893740902474 0.0966796875 0.09898107714701601 0.1025390625 0.09898107714701601 0.09765625 0.10625909752547306 0.095703125 0.11208151382823872 0.1005859375 0.11208151382823872
0  0.169921875 0.11208151382823872 0.01171875 0.026200873362445413 0.1650390625 0.10771470160116449 0.1689453125 0.10771470160116449 0.1640625 0.11353711790393013 0.1650390625 0.11935953420669577 0.1689453125 0.11790393013100436
0  0.1943359375 0.11644832605531295 0.01171875 0.026200873362445413 0.191162109375 0.11212081513828238 0.1959228515625 0.11195196506550219 0.1928623046875 0.11921688500727802 0.1921826171875 0.12242649199417759 0.1953564453125 0.12225764192139738
0  0.25439453125 0.11572052401746726 0.0087890625 0.024745269286754003 0.2490234375 0.11208151382823872 0.251953125 0.11062590975254731 0.2509765625 0.12081513828238719 0.2529296875 0.12372634643377002 0.255859375 0.1222707423580786
0  0.56787109375 0.15283842794759825 0.0107421875 0.020378457059679767 -0.0009765625 -0.001455604075691412 -0.0009765625 -0.001455604075691412 -0.0009765625 -0.001455604075691412 -0.0009765625 -0.001455604075691412 -0.0009765625 -0.001455604075691412
0  0.623046875 0.16521106259097526 0.03125 0.056768558951965066 0.61177734375 0.15482096069868995 0.6192099609375 0.15660698689956332 0.6134560546875 0.16697234352256185 0.611537109375 0.17412081513828237 0.62112890625 0.17590684133915574
0  0.97314453125 0.16375545851528384 0.0283203125 0.050946142649199416 0.9650966796875 0.15500873362445414 0.97821484375 0.156334788937409 0.96998828125 0.16495050946142648 0.9637626953125 0.1745618631732169 0.973767578125 0.1745618631732169
0  0.89013671875 0.16521106259097526 0.0107421875 0.018922852983988356 -0.0009765625 -0.001455604075691412 -0.0009765625 -0.001455604075691412 -0.0009765625 -0.001455604075691412 -0.0009765625 -0.001455604075691412 -0.0009765625 -0.001455604075691412
0  0.8388671875 0.1579330422125182 0.009765625 0.018922852983988356 -0.0009765625 -0.001455604075691412 -0.0009765625 -0.001455604075691412 -0.0009765625 -0.001455604075691412 -0.0009765625 -0.001455604075691412 -0.0009765625 -0.001455604075691412
0  0.9169921875 0.10698689956331878 0.0078125 0.01601164483260553 -0.0009765625 -0.001455604075691412 -0.0009765625 -0.001455604075691412 -0.0009765625 -0.001455604075691412 -0.0009765625 -0.001455604075691412 -0.0009765625 -0.001455604075691412
0  0.8623046875 0.12736535662299855 0.005859375 0.013100436681222707 -0.0009765625 -0.001455604075691412 -0.0009765625 -0.001455604075691412 -0.0009765625 -0.001455604075691412 -0.0009765625 -0.001455604075691412 -0.0009765625 -0.001455604075691412
0  0.7138671875 0.11572052401746726 0.0234375 0.042212518195050945 0.705078125 0.11062590975254731 0.711669921875 0.11117176128093159 0.707091796875 0.11690247452692867 0.70489453125 0.124 0.7098388671875 0.12481804949053857
0  0.22314453125 0.13027656477438138 0.0087890625 0.018922852983988356 -0.0009765625 -0.001455604075691412 -0.0009765625 -0.001455604075691412 -0.0009765625 -0.001455604075691412 -0.0009765625 -0.001455604075691412 -0.0009765625 -0.001455604075691412
0  0.947265625 0.15356622998544395 0.021484375 0.04512372634643377 0.9404296875 0.14264919941775836 0.951171875 0.14410480349344978 0.9453125 0.14992721979621543 0.943359375 0.1586608442503639 0.94921875 0.1586608442503639
0  0.3681640625 0.1324599708879185 0.009765625 0.020378457059679767 -0.0009765625 -0.001455604075691412 -0.0009765625 -0.001455604075691412 -0.0009765625 -0.001455604075691412 -0.0009765625 -0.001455604075691412 -0.0009765625 -0.001455604075691412
0  0.07275390625 0.09534206695778748 0.0068359375 0.01601164483260553 -0.0009765625 -0.001455604075691412 -0.0009765625 -0.001455604075691412 -0.0009765625 -0.001455604075691412 -0.0009765625 -0.001455604075691412 -0.0009765625 -0.001455604075691412
