0  0.65478515625 0.2698529411764706 0.0458984375 0.07794117647058824 0.641548828125 0.25213382352941177 0.6618212890625 0.25164117647058826 0.6497236328125 0.26444264705882353 0.642857421875 0.28709264705882354 0.659859375 0.28610882352941175
0  0.77392578125 0.3352941176470588 0.0361328125 0.07352941176470588 0.764591796875 0.33129558823529415 0.77944921875 0.32896470588235294 0.773568359375 0.34201617647058824 0.7673779296875 0.3569323529411765 0.7816162109375 0.35506764705882354
0  0.86376953125 0.36470588235294116 0.0263671875 0.052941176470588235 0.8547890625 0.36062205882352943 0.85701171875 0.3612926470588235 0.850564453125 0.36966323529411765 0.853009765625 0.38138088235294115 0.8547890625 0.3820514705882353
0  0.560546875 0.3220588235294118 0.03125 0.058823529411764705 0.550109375 0.31271617647058825 0.564025390625 0.3108455882352941 0.557068359375 0.32394264705882353 0.5506064453125 0.3355441176470588 0.5612919921875 0.3347955882352941
0  0.4345703125 0.30073529411764705 0.037109375 0.06323529411764706 0.42375390625 0.291525 0.4402421875 0.2911235294117647 0.4325302734375 0.2987323529411765 0.4242861328125 0.31675441176470587 0.4375830078125 0.3159529411764706
0  0.38525390625 0.34338235294117647 0.0244140625 0.04852941176470588 0.3763642578125 0.33913529411764703 0.38517578125 0.33944264705882354 0.3794384765625 0.34993382352941177 0.378208984375 0.3567220588235294 0.3841513671875 0.3567220588235294
0  0.27734375 0.32279411764705884 0.03515625 0.06323529411764706 0.2637412109375 0.3133926470588235 0.27734375 0.3133926470588235 0.266619140625 0.3259985294117647 0.26295703125 0.3417544117647059 0.2752509765625 0.3421485294117647
0  0.107421875 0.3301470588235294 0.03125 0.051470588235294115 0.0993564453125 0.316610294117647 0.113525390625 0.3179235294117647 0.1037158203125 0.3264573529411765 0.0976123046875 0.3392588235294118 0.108076171875 0.3405720588235294
0  0.32275390625 0.1713235294117647 0.0126953125 0.01911764705882353 0.322265625 0.1661764705882353 0.328125 0.1661764705882353 0.3251953125 0.17058823529411765 0.3232421875 0.175 0.3271484375 0.175
0  0.42333984375 0.21323529411764705 0.0107421875 0.01764705882352941 0.4208984375 0.21176470588235294 0.423828125 0.21029411764705883 0.421875 0.21470588235294116 0.4208984375 0.21764705882352942 0.423828125 0.2161764705882353
0  0.5263671875 0.3654411764705882 0.025390625 0.045588235294117645 0.5166015625 0.36176470588235293 0.5205078125 0.3602941176470588 0.517578125 0.36764705882352944 0.5205078125 0.375 0.5244140625 0.3735294117647059
