0  0.4140625 0.4670406732117812 0.03125 0.05329593267882188 0.4041572265625 0.46095511921458626 0.4196953125 0.45994109396914445 0.411455078125 0.47380224403927074 0.4062763671875 0.4829312762973352 0.418046875 0.4829312762973352
0  0.40283203125 0.39691444600280507 0.0283203125 0.04207573632538569 0.3961572265625 0.39190603085553993 0.410404296875 0.39002103786816267 0.40440625 0.4029438990182328 0.3985947265625 0.4091360448807854 0.4075927734375 0.4088667601683029
0  0.41650390625 0.35694249649368864 0.0244140625 0.04067321178120617 0.412353515625 0.3500168302945302 0.422423828125 0.3502805049088359 0.4163818359375 0.3605357643758766 0.4112548828125 0.36737447405329593 0.421142578125 0.36658485273492286
0  0.4716796875 0.3807854137447405 0.025390625 0.04067321178120617 0.466248046875 0.37771669004207575 0.477599609375 0.37692847124824685 0.4715576171875 0.3863955119214586 0.4678955078125 0.39218092566619916 0.475037109375 0.39191865357643757
0  0.44189453125 0.3022440392706872 0.0224609375 0.03225806451612903 0.4360703125 0.2958569424964937 0.4470390625 0.294367461430575 0.4412578125 0.3035217391304348 0.4381455078125 0.31054698457223 0.445259765625 0.31033380084151474
0  0.39453125 0.27980364656381485 0.025390625 0.043478260869565216 0.3887763671875 0.2752454417952314 0.4010537109375 0.2741430575035063 0.3949150390625 0.2854389901823282 0.3914619140625 0.29397896213183733 0.399134765625 0.2937040673211781
0  0.3935546875 0.1844319775596073 0.01953125 0.03225806451612903 0.388671875 0.17952314165497896 0.3974609375 0.17812061711079943 0.392578125 0.18653576437587657 0.3876953125 0.19214586255259467 0.3984375 0.19074333800841514
0  0.39208984375 0.11711079943899018 0.0224609375 0.037868162692847124 0.3878388671875 0.11497615708274894 0.398041015625 0.11302244039270687 0.3937900390625 0.12107994389901823 0.3895390625 0.1276732117812062 0.3995712890625 0.12620897615708274
0  0.4560546875 0.10238429172510519 0.021484375 0.03927068723702665 0.4492880859375 0.0996297335203366 0.4595771484375 0.09737587657784011 0.4545205078125 0.10664235624123422 0.4517294921875 0.11290322580645161 0.4602744140625 0.11089901823281907
0  0.5283203125 0.091164095371669 0.021484375 0.04207573632538569 0.5233330078125 0.08588639551192147 0.5355185546875 0.0864249649368864 0.52933203125 0.09557784011220197 0.5248330078125 0.10096353436185132 0.5340185546875 0.1012328190743338
0  0.59521484375 0.09256661991584852 0.0205078125 0.03927068723702665 0.5907158203125 0.08339971949509116 0.5999580078125 0.08339971949509116 0.59525 0.09166479663394109 0.5914130859375 0.09817671809256662 0.598912109375 0.09767601683029453
0  0.67626953125 0.0820476858345021 0.0244140625 0.043478260869565216 0.670091796875 0.07444600280504908 0.6799013671875 0.07472791023842917 0.674408203125 0.08543478260869565 0.6693076171875 0.09135203366058905 0.6795087890625 0.09135203366058905
0  0.7509765625 0.09046283309957924 0.0234375 0.037868162692847124 0.74691796875 0.08264936886395512 0.756779296875 0.08411360448807854 0.75048828125 0.09339270687237027 0.744197265625 0.09559046283309959 0.757119140625 0.09827629733520336
0  0.5009765625 0.2769985974754558 0.025390625 0.04067321178120617 0.495361328125 0.2694600280504909 0.5067138671875 0.2702496493688639 0.50048828125 0.2802412342215989 0.49627734375 0.28786816269284715 0.50341796875 0.28813183730715286
0  0.42578125 0.18373071528751753 0.01953125 0.03927068723702665 0.4225029296875 0.181726507713885 0.431919921875 0.181726507713885 0.4273857421875 0.1909943899018233 0.4225029296875 0.19600280504908835 0.42965234375 0.19600280504908835
0  0.541015625 0.23071528751753156 0.025390625 0.04067321178120617 0.5352041015625 0.22236886395511923 0.5466396484375 0.22236886395511923 0.541390625 0.23233099579242636 0.5353916015625 0.2390617110799439 0.5468271484375 0.2390617110799439
0  0.6025390625 0.2769985974754558 0.025390625 0.043478260869565216 0.59544140625 0.2683085553997195 0.608869140625 0.2683085553997195 0.6021552734375 0.2779509116409537 0.5969765625 0.28786816269284715 0.6075263671875 0.28814305750350633
0  0.62939453125 0.24544179523141654 0.0205078125 0.03927068723702665 0.6234658203125 0.23619354838709677 0.6346875 0.23717110799438992 0.6282265625 0.24522861150070127 0.6239755859375 0.25157784011220197 0.6309462890625 0.2549957924263675
0  0.5380859375 0.3345021037868163 0.02734375 0.04067321178120617 0.5307578125 0.3318162692847125 0.54183984375 0.3300196353436185 0.535583984375 0.3402875175315568 0.5334384765625 0.3467054698457223 0.5413037109375 0.34644880785413745
0  0.517578125 0.40813464235624125 0.025390625 0.04207573632538569 0.5131533203125 0.4033955119214586 0.525150390625 0.40474053295932677 0.51840234375 0.41281767180925666 0.5135283203125 0.4203562412342216 0.5219638671875 0.42116409537166904
0  0.54638671875 0.4474053295932679 0.0263671875 0.04488078541374474 0.541673828125 0.44140673211781206 0.55355859375 0.44405610098176723 0.5459765625 0.4552384291725105 0.541673828125 0.4605357643758766 0.549255859375 0.4623015427769986
0  0.583984375 0.40883590462833097 0.0234375 0.043478260869565216 0.5798515625 0.40482889200561006 0.59078515625 0.4051037868162693 0.5850302734375 0.4144712482468443 0.5794677734375 0.4197054698457223 0.58905859375 0.42108274894810666
0  0.6162109375 0.42005610098176716 0.02734375 0.04067321178120617 0.60791015625 0.4172510518934081 0.619080078125 0.4156732117812062 0.612853515625 0.42487798036465635 0.610107421875 0.4340813464235624 0.617431640625 0.4340813464235624
0  0.6015625 0.5140252454417953 0.03125 0.04628330995792426 0.5952109375 0.504382889200561 0.6091435546875 0.5026171107994389 0.60115234375 0.5173309957924264 0.59480078125 0.5252762973352033 0.6079140625 0.5249817671809257
0  0.66259765625 0.4417952314165498 0.0302734375 0.047685834502103785 0.6544189453125 0.4375876577840112 0.6670224609375 0.4391220196353436 0.659759765625 0.4470981767180926 0.654845703125 0.4544614305750351 0.66680859375 0.45538288920056097
0  0.66748046875 0.3225806451612903 0.0244140625 0.04207573632538569 0.6622314453125 0.31676437587657785 0.6734794921875 0.3170336605890603 0.66729296875 0.3283408134642356 0.6622314453125 0.3331865357643759 0.6732919921875 0.3337251051893408
0  0.7119140625 0.45582047685834504 0.03515625 0.061711079943899017 0.7034609375 0.4488078541374474 0.719390625 0.4515694249649369 0.7103271484375 0.4634025245441795 0.7034609375 0.470109396914446 0.7160947265625 0.47247545582047684
0  0.74072265625 0.3246844319775596 0.0283203125 0.04628330995792426 0.734375 0.317671809256662 0.7481865234375 0.31887377279102386 0.740234375 0.3281907433380084 0.734583984375 0.33570406732117813 0.744837890625 0.33660589060308554
0  0.1640625 0.4158485273492286 0.03125 0.04628330995792426 0.1572958984375 0.4103380084151473 0.17236328125 0.4058302945301543 0.1685966796875 0.419054698457223 0.1629462890625 0.42957363253856945 0.173619140625 0.42656802244039266
0  0.21044921875 0.5280504908835905 0.0341796875 0.05750350631136045 0.2059150390625 0.5229915848527349 0.2215927734375 0.5171809256661991 0.2172939453125 0.5349761570827489 0.2107197265625 0.5458695652173913 0.2228564453125 0.541148667601683
0  0.23779296875 0.3576437587657784 0.0244140625 0.04207573632538569 0.2331806640625 0.3531725105189341 0.2440537109375 0.35236605890603084 0.2393671875 0.3617882187938289 0.2352421875 0.3695960729312763 0.2436787109375 0.36878821879382895
0  0.25390625 0.28401122019635344 0.025390625 0.037868162692847124 0.2503359375 0.2776619915848528 0.2613876953125 0.27790603085553994 0.2561162109375 0.2866970546984572 0.250845703125 0.29475596072931276 0.26002734375 0.295
0  0.29150390625 0.27489481065918653 0.0244140625 0.03927068723702665 0.2870048828125 0.272140252454418 0.29833984375 0.272140252454418 0.292759765625 0.2826591865357644 0.287876953125 0.2879186535764376 0.2962470703125 0.28816830294530155
0  0.33154296875 0.2664796633941094 0.0263671875 0.0364656381486676 0.327166015625 0.2606507713884993 0.3382177734375 0.26040673211781207 0.332947265625 0.2718835904628331 0.327845703125 0.27505750350631136 0.3378779296875 0.2753015427769986
0  0.3046875 0.19144460028050492 0.021484375 0.03225806451612903 0.2986708984375 0.18712482468443195 0.3086025390625 0.18627208976157084 0.303859375 0.19649088359046285 0.30059765625 0.20309116409537167 0.3069716796875 0.2026647966339411
0  0.31494140625 0.36605890603085556 0.0224609375 0.0364656381486676 0.3088203125 0.36130014025245444 0.3214111328125 0.35987237026647967 0.315447265625 0.3717685834502104 0.31163671875 0.3779551192145863 0.3204169921875 0.376765778401122
0  0.32861328125 0.4831697054698457 0.0341796875 0.04908835904628331 0.321943359375 0.4789565217391304 0.335505859375 0.47033380084151477 0.33128125 0.48630014025245444 0.328390625 0.49811500701262273 0.341287109375 0.4904516129032258
0  0.6572265625 0.5932678821879382 0.044921875 0.07012622720897616 0.643689453125 0.5827868162692847 0.6619521484375 0.5903436185133241 0.648642578125 0.6023464235624124 0.64276171875 0.6067924263674614 0.6560712890625 0.6143492286115008
0  0.83154296875 0.5364656381486677 0.0205078125 0.04067321178120617 0.826001953125 0.5222272089761572 0.828861328125 0.5306984572230014 0.821533203125 0.5276185133239831 0.824572265625 0.5437910238429172 0.824572265625 0.5437910238429172
0  0.8505859375 0.3134642356241234 0.029296875 0.04628330995792426 0.8436103515625 0.3061514726507714 0.8582587890625 0.30464796633941094 0.851353515625 0.3139649368863955 0.8467490234375 0.32478401122019634 0.855748046875 0.3241837307152875
0  0.9365234375 0.3267882187938289 0.029296875 0.04488078541374474 0.9300185546875 0.3233688639551192 0.942251953125 0.324234221598878 0.9350322265625 0.3360420757363254 0.9306201171875 0.34180224403927073 0.938642578125 0.34237868162692847
0  0.8857421875 0.45652173913043476 0.029296875 0.04628330995792426 0.8793115234375 0.44835063113604484 0.894064453125 0.4486451612903226 0.8866884765625 0.4610042075736326 0.88074609375 0.46924403927068725 0.8905810546875 0.46953856942496497
0  0.73095703125 0.2868162692847125 0.0263671875 0.043478260869565216 0.72509765625 0.28473772791023844 0.7377578125 0.28225806451612906 0.73046875 0.2913492286115007 0.727974609375 0.29961430575035064 0.7369912109375 0.2971346423562412
0  0.82666015625 0.05960729312762973 0.0263671875 0.04628330995792426 0.820765625 0.05231977559607293 0.833060546875 0.055262272089761574 0.8242490234375 0.06261851332398317 0.8203564453125 0.06997615708274894 0.8295771484375 0.07174193548387096
0  0.67431640625 0.2503506311360449 0.0263671875 0.04628330995792426 0.668626953125 0.24630014025245442 0.6809208984375 0.24688779803646566 0.6739541015625 0.25630575035063113 0.6700615234375 0.2627798036465638 0.6786669921875 0.2627798036465638
