0  0.4970703125 0.2979502196193265 0.029296875 0.060029282576866766 0.4907666015625 0.2911522693997072 0.5056845703125 0.29228989751098094 0.4978466796875 0.3044216691068814 0.49101953125 0.3120029282576867 0.5049267578125 0.3123821376281113
0  0.58935546875 0.2964860907759883 0.0263671875 0.05710102489019034 0.5830078125 0.2913616398243045 0.59619140625 0.29282576866764276 0.589111328125 0.3034407027818448 0.58349609375 0.3118594436310395 0.59619140625 0.3118594436310395
0  0.67333984375 0.33162518301610544 0.0302734375 0.05124450951683748 0.66609375 0.32599121522693997 0.6791728515625 0.3253367496339678 0.6708896484375 0.3380834553440703 0.66718359375 0.3449458272327965 0.6765576171875 0.34461932650073207
0  0.76220703125 0.33162518301610544 0.0322265625 0.05710102489019034 0.755615234375 0.3246705710102489 0.77001953125 0.3246705710102489 0.761962890625 0.3363836017569546 0.755615234375 0.34516837481698387 0.7685546875 0.34553440702781846
0  0.84130859375 0.32210834553440704 0.0283203125 0.055636896046852125 0.8329072265625 0.3152650073206442 0.8470546875 0.31814055636896044 0.83890234375 0.32928550512445093 0.8329072265625 0.3364743777452416 0.844177734375 0.3386325036603221
0  0.93359375 0.4224011713030747 0.033203125 0.05417276720351391 0.923810546875 0.41181259150805266 0.936732421875 0.41113323572474375 0.929931640625 0.42336896046852124 0.924037109375 0.43152562225475843 0.9387734375 0.43152562225475843
0  0.833984375 0.5571010248901903 0.03515625 0.06588579795021962 0.8245673828125 0.5546954612005857 0.8404716796875 0.5538594436310396 0.8323798828125 0.5693367496339679 0.825962890625 0.5751932650073207 0.8407509765625 0.5747745241581259
0  0.72314453125 0.5651537335285505 0.0380859375 0.06734992679355783 0.7144384765625 0.5576237188872621 0.7300244140625 0.5584743777452416 0.7218056640625 0.5720688140556369 0.7144384765625 0.5792913616398243 0.72832421875 0.5805666178623718
0  0.625 0.5592972181551976 0.03515625 0.06149341142020498 0.618595703125 0.5512386530014641 0.63454296875 0.5496954612005857 0.6268271484375 0.5674348462664714 0.6198818359375 0.5747613469985359 0.6342861328125 0.5728345534407028
0  0.521484375 0.5636896046852123 0.033203125 0.05856515373352855 0.514783203125 0.5584860907759883 0.531681640625 0.5569970717423133 0.522984375 0.5737613469985359 0.5160263671875 0.580095168374817 0.530439453125 0.5789780380673499
0  0.419921875 0.5439238653001464 0.033203125 0.06588579795021962 0.411900390625 0.5339882869692533 0.4286416015625 0.5364992679355783 0.41943359375 0.5490483162518301 0.4107841796875 0.5557408491947292 0.4266884765625 0.5578330893118595
0  0.31494140625 0.5571010248901903 0.0361328125 0.06588579795021962 0.306919921875 0.5505124450951684 0.323939453125 0.5496764275256222 0.314732421875 0.5630614934114202 0.3058037109375 0.5718462664714495 0.323939453125 0.5718462664714495
0  0.2041015625 0.5571010248901903 0.033203125 0.06881405563689605 0.195556640625 0.5511918008784773 0.2119580078125 0.5486032210834554 0.2033251953125 0.5645651537335286 0.1969951171875 0.5731932650073206 0.2122451171875 0.5710366032210834
0  0.095703125 0.5512445095168375 0.041015625 0.05710102489019034 0.089298828125 0.5374011713030747 0.108076171875 0.5374011713030747 0.099587890625 0.5535973645680821 0.0898134765625 0.563623718887262 0.1039599609375 0.5643953147877013
0  0.1318359375 0.3074670571010249 0.033203125 0.05856515373352855 0.1263779296875 0.30151976573938505 0.14228125 0.30151976573938505 0.1353232421875 0.3145592972181552 0.1276201171875 0.3223836017569546 0.140044921875 0.3220102489019034
0  0.2236328125 0.3184480234260615 0.03515625 0.06588579795021962 0.2167275390625 0.3118594436310395 0.2320732421875 0.3152064421669107 0.2242607421875 0.3277554904831625 0.2181220703125 0.3357042459736457 0.2278876953125 0.3365402635431918
0  0.31689453125 0.30380673499267935 0.0322265625 0.060029282576866766 0.3118544921875 0.2981464128843338 0.3267734375 0.29662957540263546 0.3204521484375 0.3125519765739385 0.3133720703125 0.3178594436310396 0.326267578125 0.3163426061493412
0  0.40576171875 0.31112737920937045 0.0322265625 0.05710102489019034 0.39990234375 0.3034407027818448 0.41455078125 0.30453879941434847 0.406982421875 0.3184480234260615 0.399169921875 0.3239385065885798 0.41259765625 0.32430453879941434
