0  0.26318359375 0.1171875 0.0498046875 0.07552083333333333 0.250541015625 0.104921875 0.2730625 0.1020625 0.260908203125 0.12255859375 0.2551875 0.13399869791666666 0.27091796875 0.13209114583333334
0  0.35009765625 0.076171875 0.0458984375 0.06901041666666667 0.3396689453125 0.06580208333333333 0.3612060546875 0.06801041666666667 0.3502724609375 0.08303125 0.3416572265625 0.09319140625 0.3582236328125 0.09407552083333333
0  0.4345703125 0.087890625 0.05078125 0.07682291666666667 0.4234619140625 0.07983333333333333 0.446982421875 0.07983333333333333 0.43648828125 0.09141276041666667 0.4259951171875 0.10781770833333333 0.4448115234375 0.10733463541666667
0  0.51025390625 0.07096354166666667 0.0478515625 0.07161458333333333 0.502625 0.060337239583333334 0.52302734375 0.061244791666666666 0.512826171875 0.07620703125 0.5043251953125 0.08663541666666667 0.52166796875 0.08708854166666667
0  0.5908203125 0.0859375 0.048828125 0.078125 0.5723876953125 0.07926432291666667 0.5928955078125 0.08024088541666667 0.5797119140625 0.09440104166666667 0.577880859375 0.10367838541666667 0.595458984375 0.10270182291666667
0  0.6689453125 0.10481770833333333 0.052734375 0.08203125 0.6572265625 0.09114583333333333 0.6806640625 0.09375 0.6689453125 0.10807291666666667 0.65625 0.11979166666666667 0.6796875 0.12239583333333333
0  0.4931640625 0.15559895833333334 0.056640625 0.08984375 0.4791435546875 0.141328125 0.5036708984375 0.13343489583333332 0.4947900390625 0.15373307291666666 0.485486328125 0.17403125 0.5078994140625 0.16895703124999997
0  0.69482421875 0.21744791666666666 0.0498046875 0.078125 0.6839599609375 0.20345572916666665 0.706935546875 0.20246875 0.69730078125 0.2123502604166667 0.68358984375 0.23359635416666666 0.7076767578125 0.231125
0  0.708984375 0.3404947916666667 0.056640625 0.11328125 0.6993798828125 0.3277526041666667 0.7261923828125 0.3248932291666667 0.7165400390625 0.34991796875000003 0.69669921875 0.36278776041666666 0.7261923828125 0.36207161458333337
0  0.50732421875 0.3053385416666667 0.0556640625 0.08984375 0.4945068359375 0.29388671875 0.5207255859375 0.29388671875 0.508884765625 0.31023828125 0.4953525390625 0.32489843749999997 0.5211484375 0.3243346354166667
0  0.3466796875 0.26953125 0.05078125 0.08854166666666667 0.3347734375 0.25591145833333334 0.3580322265625 0.2598580729166667 0.3440771484375 0.27620963541666665 0.3318134765625 0.28523177083333334 0.3546494140625 0.28974218749999997
0  0.3486328125 0.4329427083333333 0.05078125 0.07942708333333333 0.3323974609375 0.4207942708333334 0.357142578125 0.41879427083333337 0.3436455078125 0.43829036458333337 0.338021484375 0.45478776041666663 0.3545185546875 0.4522877604166667
0  0.16650390625 0.3092447916666667 0.0458984375 0.07942708333333333 0.156267578125 0.2945963541666667 0.178013671875 0.29709635416666663 0.166765625 0.3135924479166667 0.157392578125 0.3260911458333333 0.176888671875 0.3260911458333333
0  0.84130859375 0.2864583333333333 0.0537109375 0.078125 0.827732421875 0.2749375 0.84885546875 0.27444270833333334 0.8369970703125 0.29074869791666663 0.8288447265625 0.3016184895833333 0.8507080078125 0.30013541666666665
0  0.78955078125 0.3997395833333333 0.0517578125 0.08333333333333333 0.782392578125 0.3926822916666666 0.8031875 0.39477604166666663 0.792986328125 0.4089010416666667 0.7804306640625 0.4172708333333333 0.800048828125 0.42041015625
0  0.26025390625 0.259765625 0.0498046875 0.07682291666666667 0.250244140625 0.24495442708333334 0.2733154296875 0.24690755208333334 0.2615966796875 0.2649739583333333 0.2491455078125 0.2747395833333333 0.2718505859375 0.2757161458333333
