0  0.22021484375 0.2897135416666667 0.0478515625 0.07421875 0.2134482421875 0.2802265625 0.2333291015625 0.27883203125 0.226353515625 0.2955729166666667 0.216587890625 0.30859375 0.233677734375 0.30719921875
0  0.244140625 0.18033854166666666 0.0390625 0.06380208333333333 0.22900390625 0.17236328125 0.247009765625 0.17277083333333332 0.2344970703125 0.18294270833333334 0.230224609375 0.19718489583333332 0.2457890625 0.19718489583333332
0  0.36767578125 0.12239583333333333 0.0380859375 0.0703125 0.364693359375 0.1122578125 0.3842421875 0.11402473958333333 0.377947265625 0.125953125 0.365025390625 0.13788151041666666 0.379603515625 0.1396484375
0  0.50048828125 0.216796875 0.0400390625 0.06640625 0.491978515625 0.20651953125 0.509556640625 0.2061015625 0.5013955078125 0.22116796875 0.4926064453125 0.23079427083333334 0.5089287109375 0.23037630208333335
0  0.6376953125 0.140625 0.0390625 0.07291666666666667 0.626185546875 0.13170833333333334 0.64547265625 0.1330859375 0.634107421875 0.1496171875 0.6275634765625 0.156046875 0.64340625 0.15696484375
0  0.73876953125 0.16731770833333334 0.0400390625 0.061197916666666664 0.72990625 0.15978385416666666 0.750060546875 0.15900520833333334 0.7395458984375 0.17341536458333331 0.7301982421875 0.18042578125 0.7494765625 0.18003645833333334
0  0.7939453125 0.3255208333333333 0.044921875 0.078125 0.781228515625 0.31449348958333334 0.803091796875 0.31449348958333334 0.789009765625 0.32981119791666663 0.781228515625 0.3436458333333334 0.800126953125 0.3436458333333334
0  0.66845703125 0.5104166666666666 0.0458984375 0.078125 0.6533203125 0.4986979166666667 0.6767578125 0.50390625 0.6611328125 0.5182291666666666 0.650390625 0.53125 0.669921875 0.5338541666666666
0  0.5263671875 0.4791666666666667 0.05078125 0.078125 0.5161259765625 0.47011588541666666 0.537990234375 0.4706106770833333 0.5276142578125 0.4864205729166667 0.518720703125 0.5002552083333334 0.535396484375 0.49926822916666663
0  0.36865234375 0.52734375 0.0458984375 0.078125 0.361328125 0.5182291666666666 0.380859375 0.515625 0.375 0.5364583333333334 0.361328125 0.546875 0.3828125 0.5442708333333334
