0  0.15869140625 0.5851688693098385 0.0693359375 0.11894273127753303 0.171125 0.5612672540381791 0.187029296875 0.5567841409691631 0.1919990234375 0.5866769456681351 0.161681640625 0.606107195301028 0.17957421875 0.6068546255506607
0  0.23291015625 0.5073421439060205 0.0615234375 0.11013215859030837 0.2398154296875 0.4961850220264317 0.2504443359375 0.48993098384728334 0.26153515625 0.5142511013215859 0.2342705078125 0.5371820851688693 0.2425888671875 0.534403817914831
0  0.28759765625 0.3641703377386197 0.0634765625 0.12041116005873716 0.2961337890625 0.3415741556534508 0.3031533203125 0.3408193832599119 0.315185546875 0.37248311306901616 0.2825966796875 0.3913303964757709 0.292123046875 0.39057562408223206
0  0.3798828125 0.302496328928047 0.068359375 0.10572687224669604 0.39040234375 0.27461527165932453 0.3987685546875 0.2779265785609398 0.40625390625 0.3110308370044053 0.3534150390625 0.3123553597650514 0.3551767578125 0.31434214390602055
0  0.47119140625 0.3237885462555066 0.0712890625 0.11600587371512482 0.4736328125 0.3039647577092511 0.49658203125 0.30983847283406757 0.490234375 0.3399412628487518 0.4599609375 0.34948604992657856 0.48046875 0.3575624082232012
0  0.59912109375 0.2790014684287812 0.0517578125 0.10572687224669604 0.604357421875 0.2723083700440529 0.612283203125 0.2637004405286344 0.623291015625 0.27959177679882524 0.6034765625 0.3133582966226138 0.6131630859375 0.30408957415565346
0  0.65869140625 0.2856093979441997 0.0576171875 0.1130690161527166 0.6685615234375 0.2671747430249633 0.683158203125 0.2622187958883994 0.6892783203125 0.2884155653450808 0.6614990234375 0.3110704845814978 0.67656640625 0.30115859030837006
0  0.712890625 0.26945668135095446 0.056640625 0.11013215859030837 0.711015625 0.2548252569750367 0.73366015625 0.24648604992657855 0.72765234375 0.2819251101321586 0.702697265625 0.29512775330396473 0.72303125 0.2923480176211454
0  0.81982421875 0.3252569750367107 0.0634765625 0.1130690161527166 -0.0009765625 -0.0014684287812041115 -0.0009765625 -0.0014684287812041115 -0.0009765625 -0.0014684287812041115 -0.0009765625 -0.0014684287812041115 -0.0009765625 -0.0014684287812041115
0  0.8642578125 0.2988252569750367 0.0390625 0.10425844346549193 -0.0009765625 -0.0014684287812041115 -0.0009765625 -0.0014684287812041115 -0.0009765625 -0.0014684287812041115 -0.0009765625 -0.0014684287812041115 -0.0009765625 -0.0014684287812041115
0  0.89697265625 0.3054331864904552 0.0478515625 0.11747430249632893 0.8979619140625 0.28766079295154184 0.915205078125 0.28543906020558 0.915697265625 0.31358883994126285 0.89254296875 0.33284875183553597 0.904859375 0.3321071953010279
0  0.9267578125 0.2444933920704846 0.052734375 0.11013215859030837 0.9208984375 0.23201174743024963 0.9453125 0.22466960352422907 0.9443359375 0.24816446402349487 0.93359375 0.27606461086637296 0.9501953125 0.27312775330396477
0  0.00439453125 0.45741556534508077 0.0087890625 0.11013215859030837 -0.0009765625 -0.0014684287812041115 -0.0009765625 -0.0014684287812041115 -0.0009765625 -0.0014684287812041115 -0.0009765625 -0.0014684287812041115 -0.0009765625 -0.0014684287812041115
