0  0.044921875 0.2056878306878307 0.041015625 0.03835978835978836 0.0400390625 0.20105820105820105 0.05859375 0.20105820105820105 0.0546875 0.21031746031746032 0.0439453125 0.21891534391534392 0.0546875 0.21891534391534392
0  0.09033203125 0.18386243386243387 0.0556640625 0.056878306878306875 0.083474609375 0.1763862433862434 0.1109052734375 0.17710119047619047 0.097716796875 0.1881759259259259 0.0861123046875 0.19675066137566138 0.1056298828125 0.19603571428571429
0  0.2236328125 0.17493386243386244 0.04296875 0.03902116402116402 0.22265625 0.17195767195767195 0.2421875 0.17328042328042328 0.2353515625 0.17989417989417988 0.2236328125 0.18386243386243387 0.234375 0.1865079365079365
0  0.3916015625 0.14682539682539683 0.05859375 0.062169312169312166 0.380859375 0.1388888888888889 0.41015625 0.13690476190476192 0.3994140625 0.14616402116402116 0.3896484375 0.1593915343915344 0.408203125 0.15873015873015872
0  0.4931640625 0.11474867724867725 0.107421875 0.10251322751322751 0.459564453125 0.10191402116402117 0.510650390625 0.10255423280423281 0.4765927734375 0.12497949735449736 0.4671328125 0.13587169312169312 0.5078125 0.13651190476190478
0  0.96337890625 0.2562830687830688 0.0126953125 0.01521164021164021 0.9619140625 0.2566137566137566 0.96875 0.2566137566137566 0.9658203125 0.25992063492063494 0.962890625 0.26322751322751325 0.9677734375 0.26322751322751325
0  0.9794921875 0.007936507936507936 0.017578125 0.015873015873015872 0.9765625 0.003968253968253968 0.9853515625 0.003968253968253968 0.98046875 0.007936507936507936 0.9775390625 0.011904761904761904 0.982421875 0.011904761904761904
0  0.25341796875 0.09060846560846561 0.0087890625 0.01455026455026455 -0.0009765625 -0.0006613756613756613 -0.0009765625 -0.0006613756613756613 -0.0009765625 -0.0006613756613756613 -0.0009765625 -0.0006613756613756613 -0.0009765625 -0.0006613756613756613
0  0.412109375 0.0710978835978836 0.01171875 0.017857142857142856 0.4068251953125 0.06818650793650793 0.41394921875 0.06784986772486773 0.4096416015625 0.0717771164021164 0.4059970703125 0.07446957671957671 0.413783203125 0.07379629629629629
0  0.33544921875 0.07374338624338625 0.0068359375 0.011243386243386243 -0.0009765625 -0.0006613756613756613 -0.0009765625 -0.0006613756613756613 -0.0009765625 -0.0006613756613756613 -0.0009765625 -0.0006613756613756613 -0.0009765625 -0.0006613756613756613
