0  0.31787109375 0.1514705882352941 0.0048828125 0.011764705882352941 0.31640625 0.15 0.3193359375 0.15 0.3173828125 0.15294117647058825 0.31640625 0.15441176470588236 0.318359375 0.15441176470588236
0  0.3505859375 0.13455882352941176 0.0078125 0.016176470588235296 0.3486328125 0.1323529411764706 0.3525390625 0.1323529411764706 0.349609375 0.13529411764705881 0.3486328125 0.13823529411764707 0.3505859375 0.13823529411764707
0  0.4501953125 0.1860294117647059 0.013671875 0.030882352941176472 0.4508837890625 0.18293088235294117 0.45323828125 0.18076470588235294 0.457423828125 0.1864764705882353 0.4548076171875 0.19415735294117645 0.456638671875 0.19396029411764706
0  0.5234375 0.09264705882352942 0.017578125 0.03529411764705882 0.52099609375 0.08846470588235295 0.528625 0.08662647058823529 0.5264892578125 0.09627794117647058 0.5226748046875 0.10202205882352941 0.5287783203125 0.1008735294117647
0  0.52197265625 0.09338235294117647 0.0166015625 0.03676470588235294 0.5213271484375 0.08839264705882353 0.528861328125 0.08673823529411764 0.5268203125 0.09642794117647059 0.52242578125 0.10186470588235294 0.529802734375 0.10162794117647059
0  0.0380859375 0.18823529411764706 0.009765625 0.020588235294117647 0.0393935546875 0.18728970588235294 0.04296875 0.18715882352941177 0.0415732421875 0.19083529411764705 0.0399169921875 0.19438088235294118 0.04270703125 0.19438088235294118
0  0.16748046875 0.1514705882352941 0.0029296875 0.011764705882352941 -0.0009765625 -0.0014705882352941176 -0.0009765625 -0.0014705882352941176 -0.0009765625 -0.0014705882352941176 -0.0009765625 -0.0014705882352941176 -0.0009765625 -0.0014705882352941176
0  0.23583984375 0.17205882352941176 0.0048828125 0.011764705882352941 -0.0009765625 -0.0014705882352941176 -0.0009765625 -0.0014705882352941176 -0.0009765625 -0.0014705882352941176 -0.0009765625 -0.0014705882352941176 -0.0009765625 -0.0014705882352941176
0  0.26708984375 0.14191176470588235 0.0048828125 0.013235294117647059 0.267578125 0.1411764705882353 0.2685546875 0.1411764705882353 0.26953125 0.14411764705882352 0.2666015625 0.14705882352941177 0.267578125 0.14852941176470588
0  0.8974609375 0.175 0.009765625 0.01764705882352941 0.895638671875 0.17405441176470587 0.900033203125 0.17299117647058823 0.8981494140625 0.17606323529411766 0.8963447265625 0.17960882352941177 0.8995625 0.17960882352941177
0  0.111328125 0.38823529411764707 0.013671875 0.023529411764705882 0.1083330078125 0.3829705882352941 0.1141484375 0.3816117647058823 0.1107392578125 0.39021764705882356 0.1086337890625 0.39278529411764707 0.1151513671875 0.3917279411764706
0  0.13427734375 0.4426470588235294 0.0126953125 0.020588235294117647 0.1297431640625 0.4386823529411764 0.13593359375 0.43828823529411765 0.1321845703125 0.44288382352941175 0.130615234375 0.44721617647058826 0.1353232421875 0.44669117647058826
0  0.12255859375 0.4970588235294118 0.0166015625 0.026470588235294117 0.1218525390625 0.4945176470588235 0.1273017578125 0.4914 0.1274111328125 0.49977058823529413 0.1244677734375 0.5043661764705882 0.129154296875 0.5014117647058823
0  0.14453125 0.4889705882352941 0.013671875 0.022058823529411766 0.1422119140625 0.48592499999999994 0.1483505859375 0.4849132352941176 0.14528125 0.48982352941176466 0.14336328125 0.49444558823529416 0.1476787109375 0.4934352941176471
