0  0.31005859375 0.4147135416666667 0.0107421875 0.022135416666666668 0.30859375 0.4114583333333333 0.314453125 0.41015625 0.3115234375 0.4153645833333333 0.3095703125 0.4192708333333333 0.3125 0.4192708333333333
0  0.32861328125 0.4342447916666667 0.0087890625 0.01953125 -0.0009765625 -0.0013020833333333333 -0.0009765625 -0.0013020833333333333 -0.0009765625 -0.0013020833333333333 -0.0009765625 -0.0013020833333333333 -0.0009765625 -0.0013020833333333333
0  0.33544921875 0.4635416666666667 0.0107421875 0.013020833333333334 0.3310546875 0.4596354166666667 0.3369140625 0.4583333333333333 0.333984375 0.46484375 0.33203125 0.4700520833333333 0.3369140625 0.4700520833333333
0  0.36279296875 0.4661458333333333 0.0146484375 0.020833333333333332 0.3583984375 0.4661458333333333 0.3623046875 0.4674479166666667 0.3603515625 0.4713541666666667 0.3603515625 0.4739583333333333 0.3642578125 0.4739583333333333
0  0.392578125 0.4537760416666667 0.0078125 0.01953125 0.392578125 0.453125 0.3955078125 0.4505208333333333 0.3935546875 0.4557291666666667 0.392578125 0.4596354166666667 0.39453125 0.4583333333333333
0  0.40234375 0.4720052083333333 0.01171875 0.022135416666666668 0.3984375 0.4622395833333333 0.404296875 0.4622395833333333 0.400390625 0.4661458333333333 0.3974609375 0.4700520833333333 0.40234375 0.4700520833333333
0  0.439453125 0.4739583333333333 0.013671875 0.026041666666666668 0.4365625 0.47414973958333334 0.442251953125 0.4712838541666667 0.4401025390625 0.47836458333333337 0.4387119140625 0.4813984375 0.445033203125 0.47886979166666666
0  0.4580078125 0.4635416666666667 0.01171875 0.020833333333333332 0.45703125 0.4622395833333333 0.462890625 0.4622395833333333 0.458984375 0.4661458333333333 0.455078125 0.46875 0.4619140625 0.4700520833333333
0  0.4892578125 0.4622395833333333 0.013671875 0.018229166666666668 0.4873046875 0.4596354166666667 0.4931640625 0.4583333333333333 0.4912109375 0.4635416666666667 0.4873046875 0.4674479166666667 0.4931640625 0.4674479166666667
0  0.513671875 0.4778645833333333 0.015625 0.026041666666666668 0.5105283203125 0.47535937500000003 0.518494140625 0.47552734375 0.5144482421875 0.480921875 0.5110341796875 0.48412499999999997 0.5158388671875 0.48513671875
0  0.56494140625 0.462890625 0.0146484375 0.02734375 0.564453125 0.4631119791666667 0.5707314453125 0.4627630208333333 0.56903125 0.46904036458333337 0.564583984375 0.4732265625 0.56903125 0.4730520833333333
0  0.60107421875 0.4869791666666667 0.0166015625 0.03125 0.6006298828125 0.4864674479166667 0.60655859375 0.48607291666666663 0.6047802734375 0.4918033854166666 0.6006298828125 0.49536197916666663 0.60626171875 0.49536197916666663
0  0.62158203125 0.478515625 0.0146484375 0.024739583333333332 0.6220703125 0.4765625 0.626953125 0.4765625 0.625 0.48046875 0.6220703125 0.484375 0.626953125 0.4856770833333333
0  0.66748046875 0.498046875 0.0166015625 0.029947916666666668 0.6662509765625 0.4981861979166667 0.6735146484375 0.4960130208333333 0.6729208984375 0.50530078125 0.6687705078125 0.5102421874999999 0.6724765625 0.5094518229166667
0  0.693359375 0.486328125 0.013671875 0.024739583333333332 0.6943359375 0.484375 0.69921875 0.4856770833333333 0.69921875 0.4895833333333333 0.6923828125 0.49609375 0.697265625 0.4947916666666667
0  0.79541015625 0.501953125 0.0166015625 0.029947916666666668 0.794921875 0.5 0.8017578125 0.5 0.8017578125 0.5052083333333334 0.7939453125 0.5104166666666666 0.7998046875 0.51171875
