0  0.90673828125 0.5358711566617862 0.0146484375 0.032210834553440704 0.90328515625 0.5340600292825768 0.9052998046875 0.5353543191800878 0.9009833984375 0.537727672035139 0.902853515625 0.5444143484626647 0.9041484375 0.5452767203513909
0  0.79736328125 0.5453879941434846 0.0146484375 0.027818448023426062 0.7950439453125 0.5398975109809663 0.799560546875 0.5437408491947291 0.7939453125 0.5450219619326501 0.7930908203125 0.5499633967789166 0.79541015625 0.5514275256222547
0  0.7763671875 0.5483162518301611 0.009765625 0.01903367496339678 -0.0009765625 -0.0014641288433382138 -0.0009765625 -0.0014641288433382138 -0.0009765625 -0.0014641288433382138 -0.0009765625 -0.0014641288433382138 -0.0009765625 -0.0014641288433382138
0  0.75927734375 0.5797950219619327 0.0107421875 0.029282576866764276 0.7572021484375 0.5757686676427526 0.758544921875 0.5768667642752562 0.7550048828125 0.5818081991215227 0.7572021484375 0.587298682284041 0.7581787109375 0.5878477306002928
0  0.71826171875 0.5351390922401171 0.0107421875 0.021961932650073207 -0.0009765625 -0.0014641288433382138 -0.0009765625 -0.0014641288433382138 -0.0009765625 -0.0014641288433382138 -0.0009765625 -0.0014641288433382138 -0.0009765625 -0.0014641288433382138
0  0.63818359375 0.5256222547584187 0.0107421875 0.02342606149341142 0.6344521484375 0.5230600292825769 0.6383232421875 0.5243147877013178 0.6352890625 0.5287071742313324 0.635498046875 0.5321581259150805 0.63863671875 0.5323147877013178
0  0.69677734375 0.5871156661786238 0.0087890625 0.02342606149341142 -0.0009765625 -0.0014641288433382138 -0.0009765625 -0.0014641288433382138 -0.0009765625 -0.0014641288433382138 -0.0009765625 -0.0014641288433382138 -0.0009765625 -0.0014641288433382138
0  0.62646484375 0.5241581259150805 0.0068359375 0.01171303074670571 -0.0009765625 -0.0014641288433382138 -0.0009765625 -0.0014641288433382138 -0.0009765625 -0.0014641288433382138 -0.0009765625 -0.0014641288433382138 -0.0009765625 -0.0014641288433382138
0  0.52587890625 0.3806734992679356 0.0087890625 0.014641288433382138 -0.0009765625 -0.0014641288433382138 -0.0009765625 -0.0014641288433382138 -0.0009765625 -0.0014641288433382138 -0.0009765625 -0.0014641288433382138 -0.0009765625 -0.0014641288433382138
0  0.4541015625 0.3784773060029283 0.0078125 0.016105417276720352 -0.0009765625 -0.0014641288433382138 -0.0009765625 -0.0014641288433382138 -0.0009765625 -0.0014641288433382138 -0.0009765625 -0.0014641288433382138 -0.0009765625 -0.0014641288433382138
0  0.54541015625 0.6142020497803806 0.0126953125 0.021961932650073207 -0.0009765625 -0.0014641288433382138 -0.0009765625 -0.0014641288433382138 -0.0009765625 -0.0014641288433382138 -0.0009765625 -0.0014641288433382138 -0.0009765625 -0.0014641288433382138
0  0.44775390625 0.5358711566617862 0.0126953125 0.02342606149341142 0.4469169921875 0.5333089311859444 0.4524619140625 0.532524158125915 0.4509970703125 0.5384860907759883 0.4481728515625 0.5427218155197657 0.4522529296875 0.5425636896046853
0  0.35986328125 0.6427525622254758 0.0146484375 0.02635431918008785 0.3580498046875 0.6404392386530015 0.3642841796875 0.6406090775988287 0.3615634765625 0.6448579795021961 0.359296875 0.6513147877013178 0.363603515625 0.6511449487554906
0  0.37744140625 0.5497803806734992 0.0146484375 0.027818448023426062 0.3735224609375 0.5472576866764275 0.37999609375 0.5470805270863837 0.3767001953125 0.5523748169838946 0.375169921875 0.5567877013177159 0.3789365234375 0.5566105417276721
0  0.25537109375 0.6215226939970717 0.0126953125 0.03367496339677892 -0.0009765625 -0.0014641288433382138 -0.0009765625 -0.0014641288433382138 -0.0009765625 -0.0014641288433382138 -0.0009765625 -0.0014641288433382138 -0.0009765625 -0.0014641288433382138
0  0.25146484375 0.5739385065885798 0.0146484375 0.029282576866764276 -0.0009765625 -0.0014641288433382138 -0.0009765625 -0.0014641288433382138 -0.0009765625 -0.0014641288433382138 -0.0009765625 -0.0014641288433382138 -0.0009765625 -0.0014641288433382138
0  0.275390625 0.5783308931185944 0.01171875 0.014641288433382138 0.274056640625 0.5733631039531479 0.2804912109375 0.5728931185944363 0.2769599609375 0.5772459736456809 0.2757041015625 0.5828931185944363 0.2782158203125 0.5830102489019034
0  0.1005859375 0.3594436310395315 0.0078125 0.01903367496339678 -0.0009765625 -0.0014641288433382138 -0.0009765625 -0.0014641288433382138 -0.0009765625 -0.0014641288433382138 -0.0009765625 -0.0014641288433382138 -0.0009765625 -0.0014641288433382138
