0  0.96728515625 0.3763020833333333 0.0205078125 0.033854166666666664 0.9705068359375 0.36962890625 0.97389453125 0.3687682291666667 0.975830078125 0.37414583333333334 0.9713134765625 0.3846848958333333 0.9740556640625 0.38403906250000003
0  0.81494140625 0.3541666666666667 0.0205078125 0.03125 0.813458984375 0.3519921875 0.8211669921875 0.35159765625 0.8186474609375 0.3547591145833333 0.81523828125 0.36128125 0.8211669921875 0.3626653645833333
0  0.7705078125 0.3932291666666667 0.01171875 0.044270833333333336 0.7725302734375 0.39081119791666663 0.77294921875 0.3899739583333333 0.7739951171875 0.3955546875 0.7723212890625 0.4042044270833333 0.77294921875 0.4036458333333333
0  0.9267578125 0.4075520833333333 0.015625 0.044270833333333336 0.929408203125 0.39862369791666663 0.9306640625 0.39890234375000005 0.9312919921875 0.4058776041666667 0.927734375 0.4159231770833333 0.927943359375 0.4156432291666667
0  0.646484375 0.3815104166666667 0.01953125 0.041666666666666664 0.6494052734375 0.3783359375 0.6514111328125 0.37913932291666663 0.655220703125 0.3844869791666667 0.64960546875 0.3914388020833333 0.651009765625 0.3919739583333333
0  0.59912109375 0.404296875 0.0244140625 0.05078125 0.599609375 0.3919270833333333 0.6025390625 0.3893229166666667 0.609375 0.3984375 0.603515625 0.4114583333333333 0.6025390625 0.4114583333333333
0  0.5048828125 0.384765625 0.015625 0.032552083333333336 0.506138671875 0.38055729166666663 0.511474609375 0.3811848958333333 0.510689453125 0.38620703125000005 0.508021484375 0.3910208333333333 0.512259765625 0.3910208333333333
0  0.4306640625 0.408203125 0.04296875 0.10807291666666667 0.436296875 0.39669921875 0.4388466796875 0.39533984375 0.451599609375 0.4137018229166667 0.4413974609375 0.4354661458333333 0.4434375 0.43478515625
0  0.2265625 0.4108072916666667 0.0390625 0.055989583333333336 0.2245400390625 0.3958567708333333 0.2418037109375 0.3986471354166667 0.236048828125 0.4070169270833333 0.2250625 0.41887500000000005 0.2378798828125 0.4206197916666667
0  0.181640625 0.396484375 0.0234375 0.03515625 0.1796435546875 0.39557812499999995 0.1889951171875 0.39557812499999995 0.1855947265625 0.4014713541666666 0.1794736328125 0.40759244791666666 0.187125 0.4073658854166667
0  0.07763671875 0.41015625 0.0126953125 0.020833333333333332 0.07421875 0.40625 0.080078125 0.40625 0.076171875 0.41015625 0.0732421875 0.4140625 0.0791015625 0.4140625
