0  0.609375 0.6002928257686676 0.0390625 0.07906295754026355 0.5934453125 0.5894948755490483 0.6186220703125 0.5899985358711567 0.60888671875 0.6101303074670571 0.59780859375 0.6206998535871157 0.6152646484375 0.6232152269399708
0  0.748046875 0.40483162518301613 0.01953125 0.060029282576866766 0.7447294921875 0.39488286969253295 0.7462724609375 0.39526939970717423 0.74061328125 0.4041390922401171 0.741642578125 0.41532210834553446 0.7429287109375 0.41609370424597364
0  0.6826171875 0.41654465592972184 0.009765625 0.021961932650073207 -0.0009765625 -0.0014641288433382138 -0.0009765625 -0.0014641288433382138 -0.0009765625 -0.0014641288433382138 -0.0009765625 -0.0014641288433382138 -0.0009765625 -0.0014641288433382138
0  0.63525390625 0.39751098096632503 0.0107421875 0.021961932650073207 -0.0009765625 -0.0014641288433382138 -0.0009765625 -0.0014641288433382138 -0.0009765625 -0.0014641288433382138 -0.0009765625 -0.0014641288433382138 -0.0009765625 -0.0014641288433382138
0  0.65966796875 0.41874084919472915 0.0107421875 0.02342606149341142 -0.0009765625 -0.0014641288433382138 -0.0009765625 -0.0014641288433382138 -0.0009765625 -0.0014641288433382138 -0.0009765625 -0.0014641288433382138 -0.0009765625 -0.0014641288433382138
0  0.86181640625 0.40263543191800877 0.0107421875 0.02342606149341142 -0.0009765625 -0.0014641288433382138 -0.0009765625 -0.0014641288433382138 -0.0009765625 -0.0014641288433382138 -0.0009765625 -0.0014641288433382138 -0.0009765625 -0.0014641288433382138
0  0.85107421875 0.40702781844802344 0.0107421875 0.017569546120058566 -0.0009765625 -0.0014641288433382138 -0.0009765625 -0.0014641288433382138 -0.0009765625 -0.0014641288433382138 -0.0009765625 -0.0014641288433382138 -0.0009765625 -0.0014641288433382138
0  0.86962890625 0.424597364568082 0.0107421875 0.029282576866764276 -0.0009765625 -0.0014641288433382138 -0.0009765625 -0.0014641288433382138 -0.0009765625 -0.0014641288433382138 -0.0009765625 -0.0014641288433382138 -0.0009765625 -0.0014641288433382138
0  0.50830078125 0.3857979502196193 0.0126953125 0.024890190336749635 -0.0009765625 -0.0014641288433382138 -0.0009765625 -0.0014641288433382138 -0.0009765625 -0.0014641288433382138 -0.0009765625 -0.0014641288433382138 -0.0009765625 -0.0014641288433382138
0  0.4716796875 0.3923865300146413 0.009765625 0.020497803806734993 -0.0009765625 -0.0014641288433382138 -0.0009765625 -0.0014641288433382138 -0.0009765625 -0.0014641288433382138 -0.0009765625 -0.0014641288433382138 -0.0009765625 -0.0014641288433382138
0  0.42431640625 0.40995607613469986 0.0126953125 0.02342606149341142 0.4263388671875 0.40864860907759887 0.4310478515625 0.4094333821376281 0.4288505859375 0.4163352855051245 0.4241416015625 0.4175900439238653 0.4264443359375 0.41900292825768665
0  0.4345703125 0.40922401171303074 0.0078125 0.01903367496339678 -0.0009765625 -0.0014641288433382138 -0.0009765625 -0.0014641288433382138 -0.0009765625 -0.0014641288433382138 -0.0009765625 -0.0014641288433382138 -0.0009765625 -0.0014641288433382138
0  0.33837890625 0.43191800878477304 0.0146484375 0.032210834553440704 -0.0009765625 -0.0014641288433382138 -0.0009765625 -0.0014641288433382138 -0.0009765625 -0.0014641288433382138 -0.0009765625 -0.0014641288433382138 -0.0009765625 -0.0014641288433382138
0  0.24462890625 0.383601756954612 0.0146484375 0.032210834553440704 0.246791015625 0.37983748169838943 0.2511162109375 0.38046412884333825 0.2513955078125 0.3871581259150805 0.244140625 0.39426939970717423 0.248744140625 0.3938506588579795
0  0.2197265625 0.3733528550512445 0.01171875 0.029282576866764276 0.2228876953125 0.37205270863836015 0.2228876953125 0.3722415812591508 0.2251630859375 0.3773601756954612 0.2228876953125 0.38077159590043924 0.2228876953125 0.3805827232796486
0  0.1474609375 0.40702781844802344 0.01171875 0.02635431918008785 0.1432060546875 0.4045314787701318 0.147326171875 0.4048843338213763 0.1441474609375 0.40982576866764275 0.144265625 0.4140614934114202 0.14697265625 0.4140614934114202
0  0.27978515625 0.40483162518301613 0.0126953125 0.021961932650073207 -0.0009765625 -0.0014641288433382138 -0.0009765625 -0.0014641288433382138 -0.0009765625 -0.0014641288433382138 -0.0009765625 -0.0014641288433382138 -0.0009765625 -0.0014641288433382138
0  0.146484375 0.37042459736456806 0.009765625 0.02635431918008785 -0.0009765625 -0.0014641288433382138 -0.0009765625 -0.0014641288433382138 -0.0009765625 -0.0014641288433382138 -0.0009765625 -0.0014641288433382138 -0.0009765625 -0.0014641288433382138
0  0.109375 0.31771595900439237 0.009765625 0.029282576866764276 -0.0009765625 -0.0014641288433382138 -0.0009765625 -0.0014641288433382138 -0.0009765625 -0.0014641288433382138 -0.0009765625 -0.0014641288433382138 -0.0009765625 -0.0014641288433382138
0  0.05908203125 0.34773060029282576 0.0107421875 0.027818448023426062 -0.0009765625 -0.0014641288433382138 -0.0009765625 -0.0014641288433382138 -0.0009765625 -0.0014641288433382138 -0.0009765625 -0.0014641288433382138 -0.0009765625 -0.0014641288433382138
0  0.10791015625 0.38726207906295756 0.0126953125 0.0424597364568082 -0.0009765625 -0.0014641288433382138 -0.0009765625 -0.0014641288433382138 -0.0009765625 -0.0014641288433382138 -0.0009765625 -0.0014641288433382138 -0.0009765625 -0.0014641288433382138
