0  0.92822265625 0.5828445747800587 0.0263671875 0.045454545454545456 0.920279296875 0.58108357771261 0.9322470703125 0.5819677419354838 0.92596875 0.588741935483871 0.9212607421875 0.5958123167155425 0.93205078125 0.5966950146627567
0  0.98486328125 0.5813782991202346 0.0185546875 0.03372434017595308 0.98170703125 0.5790879765395894 0.9906005859375 0.5790879765395894 0.9861533203125 0.5830938416422288 0.983041015625 0.5908826979472142 0.988673828125 0.5911055718475073
0  0.84814453125 0.5439882697947214 0.0166015625 0.02932551319648094 0.8438984375 0.5390791788856305 0.85122265625 0.5396686217008797 0.84716796875 0.5449706744868036 0.8449443359375 0.5504692082111438 0.8493916015625 0.55066568914956
0  0.76904296875 0.5403225806451613 0.0126953125 0.030791788856304986 0.7646484375 0.5366568914956011 0.767578125 0.5366568914956011 0.763671875 0.5425219941348973 0.7646484375 0.5498533724340176 0.7646484375 0.5513196480938416
0  0.7021484375 0.5300586510263929 0.015625 0.021994134897360705 0.69921875 0.5278592375366569 0.705078125 0.5263929618768328 0.7001953125 0.530791788856305 0.6982421875 0.5381231671554252 0.703125 0.5395894428152492
0  0.6435546875 0.5285923753665689 0.017578125 0.030791788856304986 0.638671875 0.5219941348973607 0.646484375 0.5234604105571847 0.640625 0.5263929618768328 0.6376953125 0.5351906158357771 0.6455078125 0.5366568914956011
0  0.611328125 0.533724340175953 0.03125 0.04985337243401759 0.6048408203125 0.5250307917888564 0.618443359375 0.524717008797654 0.60986328125 0.5325718475073313 0.60546875 0.544825513196481 0.6146767578125 0.5445117302052787
0  0.57763671875 0.5197947214076246 0.0107421875 0.024926686217008796 0.5732421875 0.5146627565982405 0.578125 0.5146627565982405 0.57421875 0.5190615835777126 0.5712890625 0.5249266862170088 0.5771484375 0.5249266862170088
0  0.45458984375 0.49486803519061584 0.0126953125 0.021994134897360705 0.4521484375 0.4941348973607038 0.4580078125 0.49266862170087977 0.455078125 0.4970674486803519 0.4521484375 0.5029325513196481 0.45703125 0.5029325513196481
0  0.40869140625 0.5087976539589443 0.0146484375 0.026392961876832845 0.404296875 0.5058651026392962 0.412109375 0.5058651026392962 0.4072265625 0.5087976539589443 0.4033203125 0.5161290322580645 0.4111328125 0.5161290322580645
0  0.23681640625 0.532991202346041 0.0263671875 0.054252199413489736 0.230115234375 0.5260527859237536 0.2425927734375 0.5281348973607038 0.233119140625 0.5381950146627565 0.22919140625 0.5482565982404692 0.23681640625 0.5486026392961877
