0  0.5498046875 0.07856093979441997 0.017578125 0.03671071953010279 0.5513564453125 0.07523054331864905 0.5574775390625 0.07782672540381791 0.555123046875 0.08490602055800293 0.5468056640625 0.09269456681350954 0.5526123046875 0.0936387665198238
0  0.64892578125 0.14977973568281938 0.0244140625 0.049926578560939794 0.6505302734375 0.14547870778267255 0.65869140625 0.14516446402349487 0.6582724609375 0.15806607929515418 0.64990234375 0.16656240822320117 0.6565986328125 0.16656240822320117
0  0.48046875 0.3399412628487518 0.087890625 0.16886930983847284 0.4771552734375 0.32009104258443466 0.513880859375 0.32327753303964757 0.50116796875 0.3657562408223201 0.4736240234375 0.3763759177679883 0.50116796875 0.3816872246696035
0  0.26123046875 0.2958883994126285 0.0419921875 0.08370044052863436 0.2593466796875 0.28991042584434656 0.275390625 0.28466519823788544 0.2732978515625 0.3066916299559471 0.2617880859375 0.3187533039647577 0.2757392578125 0.31508223201174745
0  0.4677734375 0.1461086637298091 0.029296875 0.0631424375917768 0.4680830078125 0.13784287812041116 0.478455078125 0.14383994126284874 0.4731357421875 0.15343759177679883 0.4651572265625 0.16023641703377386 0.4734013671875 0.16423494860499266
0  0.275390625 0.14390602055800295 0.025390625 0.049926578560939794 0.2767861328125 0.13803230543318648 0.2857841796875 0.14054919236417032 0.28369140625 0.14904552129221732 0.2759482421875 0.15722613803230542 0.283900390625 0.16005873715124816
0  0.25537109375 0.09251101321585903 0.0224609375 0.049926578560939794 0.25439453125 0.08920704845814978 0.261658203125 0.09370337738619676 0.256103515625 0.10173421439060207 0.2503359375 0.10591042584434655 0.2558896484375 0.10976505139500735
0  0.88818359375 0.17474302496328928 0.0322265625 0.055800293685756244 0.884765625 0.17180616740088106 0.8984375 0.17474302496328928 0.8916015625 0.18502202643171806 0.8828125 0.1894273127753304 0.89453125 0.19236417033773862
0  0.74951171875 0.302496328928047 0.0517578125 0.09985315712187959 0.7494423828125 0.29851101321585904 0.7703681640625 0.29976945668135097 0.7628349609375 0.3199074889867841 0.74609375 0.3375286343612335 0.7628349609375 0.3369001468428781
0  0.76123046875 0.0763582966226138 0.0224609375 0.0381791483113069 0.761060546875 0.07174302496328928 0.769609375 0.07125844346549193 0.7671904296875 0.07998972099853156 0.7608994140625 0.08581204111600588 0.7686416015625 0.08556828193832598
0  0.12353515625 0.2011747430249633 0.0302734375 0.06167400881057269 0.1240927734375 0.19094860499265787 0.134294921875 0.19252129221732747 0.133248046875 0.201568281938326 0.12383203125 0.21258149779735683 0.1329873046875 0.21454772393538912
