0  0.4775390625 0.2972181551976574 0.048828125 0.11127379209370425 0.4583916015625 0.29368814055636894 0.4728525390625 0.29368814055636894 0.456525390625 0.31187262079062955 0.462123046875 0.3321551976573938 0.47378515625 0.33285358711566615
0  0.658203125 0.3857979502196193 0.048828125 0.10688140556368961 0.6357119140625 0.37502635431918 0.652326171875 0.37839238653001467 0.63885546875 0.3985900439238653 0.6402021484375 0.41609370424597364 0.651427734375 0.41474670571010247
0  0.80712890625 0.41142020497803805 0.0224609375 0.043923865300146414 0.8026123046875 0.4088579795021962 0.81121875 0.4080351390922401 0.8055419921875 0.4143484626647145 0.80352734375 0.4223103953147877 0.808837890625 0.4223103953147877
0  0.75537109375 0.43923865300146414 0.0185546875 0.03513909224011713 0.7542724609375 0.436904831625183 0.761291015625 0.43667642752562225 0.7580869140625 0.44010834553440703 0.755798828125 0.44445387994143487 0.7603759765625 0.44354026354319176
0  0.92626953125 0.383601756954612 0.0263671875 0.04685212298682284 -0.0009765625 -0.0014641288433382138 -0.0009765625 -0.0014641288433382138 -0.0009765625 -0.0014641288433382138 -0.0009765625 -0.0014641288433382138 -0.0009765625 -0.0014641288433382138
0  0.9609375 0.4011713030746706 0.017578125 0.032210834553440704 -0.0009765625 -0.0014641288433382138 -0.0009765625 -0.0014641288433382138 -0.0009765625 -0.0014641288433382138 -0.0009765625 -0.0014641288433382138 -0.0009765625 -0.0014641288433382138
0  0.859375 0.41800878477306 0.017578125 0.03074670571010249 0.85460546875 0.4141390922401172 0.8619296875 0.4141390922401172 0.857482421875 0.41865007320644215 0.855521484375 0.4257086383601757 0.8602294921875 0.425904831625183
0  0.0185546875 0.3989751098096633 0.015625 0.03953147877013177 0.02137109375 0.3992371888726208 0.0245185546875 0.39849194729136167 0.0263408203125 0.40643923865300147 0.02219921875 0.41289751098096633 0.023359375 0.41289751098096633
0  0.05029296875 0.3923865300146413 0.0166015625 0.032210834553440704 -0.0009765625 -0.0014641288433382138 -0.0009765625 -0.0014641288433382138 -0.0009765625 -0.0014641288433382138 -0.0009765625 -0.0014641288433382138 -0.0009765625 -0.0014641288433382138
0  0.076171875 0.3931185944363104 0.013671875 0.03074670571010249 0.0716552734375 0.3918433382137628 0.07696484375 0.3920336749633968 0.073677734375 0.3960146412884334 0.072919921875 0.4015109809663251 0.07620703125 0.401701317715959
0  0.11572265625 0.3689604685212299 0.0185546875 0.040995607613469986 0.1094794921875 0.3694831625183016 0.1178505859375 0.3702679355783309 0.1129677734375 0.37497364568082 0.111572265625 0.38150951683748174 0.1166298828125 0.382294289897511
0  0.1513671875 0.3828696925329429 0.017578125 0.0424597364568082 -0.0009765625 -0.0014641288433382138 -0.0009765625 -0.0014641288433382138 -0.0009765625 -0.0014641288433382138 -0.0009765625 -0.0014641288433382138 -0.0009765625 -0.0014641288433382138
0  0.22265625 0.4143484626647145 0.017578125 0.029282576866764276 -0.0009765625 -0.0014641288433382138 -0.0009765625 -0.0014641288433382138 -0.0009765625 -0.0014641288433382138 -0.0009765625 -0.0014641288433382138 -0.0009765625 -0.0014641288433382138
0  0.22705078125 0.3806734992679356 0.0166015625 0.029282576866764276 0.224775390625 0.376718887262079 0.23185546875 0.3759604685212299 0.2281884765625 0.3835431918008784 0.226166015625 0.38903953147877013 0.2300849609375 0.38903953147877013
0  0.275390625 0.36530014641288433 0.015625 0.036603221083455345 0.2723740234375 0.3631566617862372 0.27975 0.3631566617862372 0.276140625 0.36927379209370426 0.2723740234375 0.37609809663250365 0.2786513671875 0.37633382137628113
0  0.9912109375 0.40995607613469986 0.017578125 0.040995607613469986 -0.0009765625 -0.0014641288433382138 -0.0009765625 -0.0014641288433382138 -0.0009765625 -0.0014641288433382138 -0.0009765625 -0.0014641288433382138 -0.0009765625 -0.0014641288433382138
0  0.62646484375 0.3923865300146413 0.0146484375 0.029282576866764276 -0.0009765625 -0.0014641288433382138 -0.0009765625 -0.0014641288433382138 -0.0009765625 -0.0014641288433382138 -0.0009765625 -0.0014641288433382138 -0.0009765625 -0.0014641288433382138
0  0.56982421875 0.37920937042459735 0.0166015625 0.03513909224011713 -0.0009765625 -0.0014641288433382138 -0.0009765625 -0.0014641288433382138 -0.0009765625 -0.0014641288433382138 -0.0009765625 -0.0014641288433382138 -0.0009765625 -0.0014641288433382138
0  0.5888671875 0.3916544655929722 0.015625 0.03074670571010249 -0.0009765625 -0.0014641288433382138 -0.0009765625 -0.0014641288433382138 -0.0009765625 -0.0014641288433382138 -0.0009765625 -0.0014641288433382138 -0.0009765625 -0.0014641288433382138
0  0.33935546875 0.3806734992679356 0.0146484375 0.020497803806734993 -0.0009765625 -0.0014641288433382138 -0.0009765625 -0.0014641288433382138 -0.0009765625 -0.0014641288433382138 -0.0009765625 -0.0014641288433382138 -0.0009765625 -0.0014641288433382138
