0  0.87841796875 0.3671303074670571 0.0283203125 0.018301610541727673 -0.0009765625 -0.0007320644216691069 -0.0009765625 -0.0007320644216691069 -0.0009765625 -0.0007320644216691069 -0.0009765625 -0.0007320644216691069 -0.0009765625 -0.0007320644216691069
0  0.7900390625 0.35724743777452417 0.02734375 0.021961932650073207 0.7841796875 0.35212298682284043 0.796875 0.35212298682284043 0.791015625 0.35431918008784774 0.78515625 0.3616398243045388 0.79296875 0.3616398243045388
0  0.78369140625 0.2774524158125915 0.0263671875 0.032210834553440704 -0.0009765625 -0.0007320644216691069 -0.0009765625 -0.0007320644216691069 -0.0009765625 -0.0007320644216691069 -0.0009765625 -0.0007320644216691069 -0.0009765625 -0.0007320644216691069
0  0.634765625 0.3967789165446559 0.060546875 0.05417276720351391 0.611572265625 0.3954194729136164 0.6283486328125 0.39032137628111274 0.6129326171875 0.40323645680819914 0.6229072265625 0.4188718887262079 0.6346962890625 0.4151325036603221
0  0.66064453125 0.29685212298682284 0.0263671875 0.030014641288433383 0.6532109375 0.29106734992679356 0.6637578125 0.2912606149341142 0.6568125 0.2960805270863836 0.6532109375 0.2991661786237189 0.6624716796875 0.2995519765739385
0  0.52197265625 0.34956076134699854 0.0244140625 0.024158125915080528 -0.0009765625 -0.0007320644216691069 -0.0009765625 -0.0007320644216691069 -0.0009765625 -0.0007320644216691069 -0.0009765625 -0.0007320644216691069 -0.0009765625 -0.0007320644216691069
0  0.42578125 0.31551976573938506 0.021484375 0.02342606149341142 0.421875 0.3118594436310395 0.4326171875 0.31112737920937045 0.4287109375 0.31771595900439237 0.4228515625 0.32210834553440704 0.4345703125 0.32210834553440704
0  0.2509765625 0.28733528550512444 0.02734375 0.027086383601756955 -0.0009765625 -0.0007320644216691069 -0.0009765625 -0.0007320644216691069 -0.0009765625 -0.0007320644216691069 -0.0009765625 -0.0007320644216691069 -0.0009765625 -0.0007320644216691069
0  0.25390625 0.3645680819912152 0.029296875 0.021961932650073207 0.2492939453125 0.3598455344070278 0.262228515625 0.359002196193265 0.2571669921875 0.3653265007320644 0.25341796875 0.36883967789165445 0.261478515625 0.3682774524158126
0  0.142578125 0.3726207906295754 0.01953125 0.01903367496339678 0.1416015625 0.369692532942899 0.1513671875 0.3689604685212299 0.1474609375 0.3740849194729136 0.142578125 0.37920937042459735 0.150390625 0.37920937042459735
0  0.0625 0.31771595900439237 0.0234375 0.02342606149341142 -0.0009765625 -0.0007320644216691069 -0.0009765625 -0.0007320644216691069 -0.0009765625 -0.0007320644216691069 -0.0009765625 -0.0007320644216691069 -0.0009765625 -0.0007320644216691069
0  0.01611328125 0.3715226939970717 0.0244140625 0.024158125915080528 0.0149619140625 0.3707547584187409 0.0264365234375 0.3707547584187409 0.0219287109375 0.37459443631039535 0.0178310546875 0.3795102489019033 0.0243876953125 0.37935651537335285
