0  0.91845703125 0.140625 0.0341796875 0.08333333333333333 0.911638671875 0.1480034722222222 0.9220146484375 0.14326041666666667 0.916974609375 0.16065277777777778 0.9154921875 0.17172048611111113 0.9217177734375 0.16803125
0  0.794921875 0.1840277777777778 0.0390625 0.0763888888888889 0.7830634765625 0.16468229166666667 0.8012001953125 0.1587309027777778 0.7911552734375 0.18055555555555555 0.788365234375 0.2048611111111111 0.8006416015625 0.20039756944444445
0  0.98779296875 0.029513888888888888 0.0224609375 0.059027777777777776 -0.0009765625 -0.001736111111111111 -0.0009765625 -0.001736111111111111 -0.0009765625 -0.001736111111111111 -0.0009765625 -0.001736111111111111 -0.0009765625 -0.001736111111111111
0  0.92626953125 0.046875 0.0302734375 0.06944444444444445 -0.0009765625 -0.001736111111111111 -0.0009765625 -0.001736111111111111 -0.0009765625 -0.001736111111111111 -0.0009765625 -0.001736111111111111 -0.0009765625 -0.001736111111111111
0  0.87939453125 0.029513888888888888 0.0302734375 0.059027777777777776 -0.0009765625 -0.001736111111111111 -0.0009765625 -0.001736111111111111 -0.0009765625 -0.001736111111111111 -0.0009765625 -0.001736111111111111 -0.0009765625 -0.001736111111111111
0  0.82080078125 0.034722222222222224 0.0341796875 0.06944444444444445 -0.0009765625 -0.001736111111111111 -0.0009765625 -0.001736111111111111 -0.0009765625 -0.001736111111111111 -0.0009765625 -0.001736111111111111 -0.0009765625 -0.001736111111111111
0  0.7666015625 0.07118055555555555 0.021484375 0.052083333333333336 -0.0009765625 -0.001736111111111111 -0.0009765625 -0.001736111111111111 -0.0009765625 -0.001736111111111111 -0.0009765625 -0.001736111111111111 -0.0009765625 -0.001736111111111111
0  0.69580078125 0.13541666666666666 0.0302734375 0.07291666666666667 0.6895576171875 0.1344861111111111 0.70316015625 0.130765625 0.6968818359375 0.146578125 0.692435546875 0.16145833333333334 0.7013291015625 0.1600625
0  0.634765625 0.1189236111111111 0.03515625 0.078125 -0.0009765625 -0.001736111111111111 -0.0009765625 -0.001736111111111111 -0.0009765625 -0.001736111111111111 -0.0009765625 -0.001736111111111111 -0.0009765625 -0.001736111111111111
0  0.6943359375 0.059895833333333336 0.01953125 0.03993055555555555 -0.0009765625 -0.001736111111111111 -0.0009765625 -0.001736111111111111 -0.0009765625 -0.001736111111111111 -0.0009765625 -0.001736111111111111 -0.0009765625 -0.001736111111111111
0  0.49365234375 0.13194444444444445 0.0322265625 0.0625 -0.0009765625 -0.001736111111111111 -0.0009765625 -0.001736111111111111 -0.0009765625 -0.001736111111111111 -0.0009765625 -0.001736111111111111 -0.0009765625 -0.001736111111111111
0  0.5595703125 0.03732638888888889 0.029296875 0.0642361111111111 -0.0009765625 -0.001736111111111111 -0.0009765625 -0.001736111111111111 -0.0009765625 -0.001736111111111111 -0.0009765625 -0.001736111111111111 -0.0009765625 -0.001736111111111111
0  0.51611328125 0.041666666666666664 0.0283203125 0.06944444444444445 -0.0009765625 -0.001736111111111111 -0.0009765625 -0.001736111111111111 -0.0009765625 -0.001736111111111111 -0.0009765625 -0.001736111111111111 -0.0009765625 -0.001736111111111111
0  0.427734375 0.036458333333333336 0.037109375 0.06597222222222222 -0.0009765625 -0.001736111111111111 -0.0009765625 -0.001736111111111111 -0.0009765625 -0.001736111111111111 -0.0009765625 -0.001736111111111111 -0.0009765625 -0.001736111111111111
0  0.3837890625 0.057291666666666664 0.025390625 0.06597222222222222 0.3778857421875 0.05178819444444444 0.388951171875 0.04969618055555555 0.3830654296875 0.06141493055555555 0.3795341796875 0.0706232638888889 0.388244140625 0.06894791666666666
0  0.345703125 0.1362847222222222 0.025390625 0.07118055555555555 -0.0009765625 -0.001736111111111111 -0.0009765625 -0.001736111111111111 -0.0009765625 -0.001736111111111111 -0.0009765625 -0.001736111111111111 -0.0009765625 -0.001736111111111111
0  0.2666015625 0.04513888888888889 0.02734375 0.06597222222222222 0.2615185546875 0.03820138888888889 0.2730712890625 0.03738020833333333 0.2670634765625 0.051756944444444446 0.2633671875 0.0624375 0.2721474609375 0.06202777777777778
0  0.263671875 0.1484375 0.03515625 0.078125 -0.0009765625 -0.001736111111111111 -0.0009765625 -0.001736111111111111 -0.0009765625 -0.001736111111111111 -0.0009765625 -0.001736111111111111 -0.0009765625 -0.001736111111111111
0  0.20751953125 0.1935763888888889 0.0341796875 0.043402777777777776 -0.0009765625 -0.001736111111111111 -0.0009765625 -0.001736111111111111 -0.0009765625 -0.001736111111111111 -0.0009765625 -0.001736111111111111 -0.0009765625 -0.001736111111111111
0  0.14111328125 0.1284722222222222 0.0263671875 0.06944444444444445 -0.0009765625 -0.001736111111111111 -0.0009765625 -0.001736111111111111 -0.0009765625 -0.001736111111111111 -0.0009765625 -0.001736111111111111 -0.0009765625 -0.001736111111111111
0  0.1259765625 0.050347222222222224 0.029296875 0.059027777777777776 -0.0009765625 -0.001736111111111111 -0.0009765625 -0.001736111111111111 -0.0009765625 -0.001736111111111111 -0.0009765625 -0.001736111111111111 -0.0009765625 -0.001736111111111111
0  0.09375 0.046875 0.021484375 0.04513888888888889 -0.0009765625 -0.001736111111111111 -0.0009765625 -0.001736111111111111 -0.0009765625 -0.001736111111111111 -0.0009765625 -0.001736111111111111 -0.0009765625 -0.001736111111111111
0  0.06640625 0.1467013888888889 0.021484375 0.046875 -0.0009765625 -0.001736111111111111 -0.0009765625 -0.001736111111111111 -0.0009765625 -0.001736111111111111 -0.0009765625 -0.001736111111111111 -0.0009765625 -0.001736111111111111
0  0.02490234375 0.049479166666666664 0.0302734375 0.06770833333333333 -0.0009765625 -0.001736111111111111 -0.0009765625 -0.001736111111111111 -0.0009765625 -0.001736111111111111 -0.0009765625 -0.001736111111111111 -0.0009765625 -0.001736111111111111
