0  0.59814453125 0.6048177083333334 0.0322265625 0.08463541666666667 0.589416015625 0.5992838541666666 0.5929873046875 0.5976966145833333 0.58465625 0.610921875 0.5874326171875 0.6304934895833333 0.589416015625 0.6294348958333333
0  0.50537109375 0.5963541666666666 0.0263671875 0.046875 0.4957666015625 0.5942213541666667 0.5068837890625 0.5906627604166667 0.499546875 0.6010390625 0.4984345703125 0.6108229166666667 0.5048828125 0.6090442708333333
0  0.26904296875 0.7604166666666666 0.0673828125 0.1171875 0.251390625 0.7479544270833333 0.284611328125 0.7494296875 0.2657861328125 0.7723151041666667 0.25360546875 0.7922473958333334 0.2785205078125 0.7922473958333334
0  0.30126953125 0.6171875 0.0244140625 0.049479166666666664 0.296779296875 0.6099218750000001 0.3080791015625 0.6118046874999999 0.3019580078125 0.61965234375 0.2979560546875 0.6262434895833333 0.306431640625 0.6271861979166666
0  0.373046875 0.5865885416666666 0.01953125 0.02734375 -0.0009765625 -0.0013020833333333333 -0.0009765625 -0.0013020833333333333 -0.0009765625 -0.0013020833333333333 -0.0009765625 -0.0013020833333333333 -0.0009765625 -0.0013020833333333333
0  0.4208984375 0.5904947916666666 0.017578125 0.03515625 0.41796875 0.5872395833333334 0.427734375 0.5859375 0.4228515625 0.5911458333333334 0.41796875 0.59765625 0.4267578125 0.5989583333333334
0  0.40087890625 0.5182291666666666 0.0498046875 0.0859375 -0.0009765625 -0.0013020833333333333 -0.0009765625 -0.0013020833333333333 -0.0009765625 -0.0013020833333333333 -0.0009765625 -0.0013020833333333333 -0.0009765625 -0.0013020833333333333
0  0.50244140625 0.18815104166666666 0.0087890625 0.016927083333333332 -0.0009765625 -0.0013020833333333333 -0.0009765625 -0.0013020833333333333 -0.0009765625 -0.0013020833333333333 -0.0009765625 -0.0013020833333333333 -0.0009765625 -0.0013020833333333333
0  0.4921875 0.17447916666666666 0.0078125 0.015625 -0.0009765625 -0.0013020833333333333 -0.0009765625 -0.0013020833333333333 -0.0009765625 -0.0013020833333333333 -0.0009765625 -0.0013020833333333333 -0.0009765625 -0.0013020833333333333
0  0.4609375 0.14778645833333334 0.0078125 0.014322916666666666 -0.0009765625 -0.0013020833333333333 -0.0009765625 -0.0013020833333333333 -0.0009765625 -0.0013020833333333333 -0.0009765625 -0.0013020833333333333 -0.0009765625 -0.0013020833333333333
0  0.44970703125 0.1484375 0.0107421875 0.026041666666666668 -0.0009765625 -0.0013020833333333333 -0.0009765625 -0.0013020833333333333 -0.0009765625 -0.0013020833333333333 -0.0009765625 -0.0013020833333333333 -0.0009765625 -0.0013020833333333333
0  0.482421875 0.150390625 0.01171875 0.01953125 -0.0009765625 -0.0013020833333333333 -0.0009765625 -0.0013020833333333333 -0.0009765625 -0.0013020833333333333 -0.0009765625 -0.0013020833333333333 -0.0009765625 -0.0013020833333333333
0  0.4208984375 0.17317708333333334 0.0078125 0.015625 -0.0009765625 -0.0013020833333333333 -0.0009765625 -0.0013020833333333333 -0.0009765625 -0.0013020833333333333 -0.0009765625 -0.0013020833333333333 -0.0009765625 -0.0013020833333333333
