0  0.97705078125 0.29402985074626864 0.0185546875 0.041791044776119404 -0.0009765625 -0.0014925373134328358 -0.0009765625 -0.0014925373134328358 -0.0009765625 -0.0014925373134328358 -0.0009765625 -0.0014925373134328358 -0.0009765625 -0.0014925373134328358
0  0.9375 0.4208955223880597 0.021484375 0.03880597014925373 -0.0009765625 -0.0014925373134328358 -0.0009765625 -0.0014925373134328358 -0.0009765625 -0.0014925373134328358 -0.0009765625 -0.0014925373134328358 -0.0009765625 -0.0014925373134328358
0  0.9169921875 0.41044776119402987 0.0234375 0.03880597014925373 -0.0009765625 -0.0014925373134328358 -0.0009765625 -0.0014925373134328358 -0.0009765625 -0.0014925373134328358 -0.0009765625 -0.0014925373134328358 -0.0009765625 -0.0014925373134328358
0  0.86474609375 0.3574626865671642 0.0146484375 0.028358208955223882 -0.0009765625 -0.0014925373134328358 -0.0009765625 -0.0014925373134328358 -0.0009765625 -0.0014925373134328358 -0.0009765625 -0.0014925373134328358 -0.0009765625 -0.0014925373134328358
0  0.87548828125 0.41119402985074627 0.0224609375 0.034328358208955224 -0.0009765625 -0.0014925373134328358 -0.0009765625 -0.0014925373134328358 -0.0009765625 -0.0014925373134328358 -0.0009765625 -0.0014925373134328358 -0.0009765625 -0.0014925373134328358
0  0.8369140625 0.4082089552238806 0.017578125 0.03731343283582089 -0.0009765625 -0.0014925373134328358 -0.0009765625 -0.0014925373134328358 -0.0009765625 -0.0014925373134328358 -0.0009765625 -0.0014925373134328358 -0.0009765625 -0.0014925373134328358
0  0.8134765625 0.3417910447761194 0.017578125 0.03880597014925373 0.8089560546875 0.341044776119403 0.818150390625 0.34030447761194027 0.8128271484375 0.3486880597014925 0.8108916015625 0.35337164179104474 0.816537109375 0.35312537313432835
0  0.8447265625 0.2955223880597015 0.015625 0.03582089552238806 -0.0009765625 -0.0014925373134328358 -0.0009765625 -0.0014925373134328358 -0.0009765625 -0.0014925373134328358 -0.0009765625 -0.0014925373134328358 -0.0009765625 -0.0014925373134328358
0  0.82861328125 0.24328358208955222 0.0185546875 0.03880597014925373 -0.0009765625 -0.0014925373134328358 -0.0009765625 -0.0014925373134328358 -0.0009765625 -0.0014925373134328358 -0.0009765625 -0.0014925373134328358 -0.0009765625 -0.0014925373134328358
0  0.7763671875 0.24925373134328357 0.017578125 0.03582089552238806 -0.0009765625 -0.0014925373134328358 -0.0009765625 -0.0014925373134328358 -0.0009765625 -0.0014925373134328358 -0.0009765625 -0.0014925373134328358 -0.0009765625 -0.0014925373134328358
0  0.80615234375 0.29253731343283584 0.0166015625 0.03582089552238806 -0.0009765625 -0.0014925373134328358 -0.0009765625 -0.0014925373134328358 -0.0009765625 -0.0014925373134328358 -0.0009765625 -0.0014925373134328358 -0.0009765625 -0.0014925373134328358
0  0.77294921875 0.33507462686567163 0.0166015625 0.04029850746268657 -0.0009765625 -0.0014925373134328358 -0.0009765625 -0.0014925373134328358 -0.0009765625 -0.0014925373134328358 -0.0009765625 -0.0014925373134328358 -0.0009765625 -0.0014925373134328358
0  0.79443359375 0.3977611940298508 0.0185546875 0.05223880597014925 -0.0009765625 -0.0014925373134328358 -0.0009765625 -0.0014925373134328358 -0.0009765625 -0.0014925373134328358 -0.0009765625 -0.0014925373134328358 -0.0009765625 -0.0014925373134328358
0  0.76318359375 0.40373134328358207 0.0205078125 0.04626865671641791 -0.0009765625 -0.0014925373134328358 -0.0009765625 -0.0014925373134328358 -0.0009765625 -0.0014925373134328358 -0.0009765625 -0.0014925373134328358 -0.0009765625 -0.0014925373134328358
0  0.70068359375 0.332089552238806 0.0166015625 0.04029850746268657 -0.0009765625 -0.0014925373134328358 -0.0009765625 -0.0014925373134328358 -0.0009765625 -0.0014925373134328358 -0.0009765625 -0.0014925373134328358 -0.0009765625 -0.0014925373134328358
0  0.72998046875 0.30895522388059704 0.0166015625 0.041791044776119404 -0.0009765625 -0.0014925373134328358 -0.0009765625 -0.0014925373134328358 -0.0009765625 -0.0014925373134328358 -0.0009765625 -0.0014925373134328358 -0.0009765625 -0.0014925373134328358
0  0.6005859375 0.26940298507462684 0.015625 0.03731343283582089 -0.0009765625 -0.0014925373134328358 -0.0009765625 -0.0014925373134328358 -0.0009765625 -0.0014925373134328358 -0.0009765625 -0.0014925373134328358 -0.0009765625 -0.0014925373134328358
0  0.6142578125 0.15298507462686567 0.017578125 0.03731343283582089 -0.0009765625 -0.0014925373134328358 -0.0009765625 -0.0014925373134328358 -0.0009765625 -0.0014925373134328358 -0.0009765625 -0.0014925373134328358 -0.0009765625 -0.0014925373134328358
0  0.55712890625 0.3716417910447761 0.0224609375 0.04477611940298507 -0.0009765625 -0.0014925373134328358 -0.0009765625 -0.0014925373134328358 -0.0009765625 -0.0014925373134328358 -0.0009765625 -0.0014925373134328358 -0.0009765625 -0.0014925373134328358
0  0.529296875 0.25298507462686565 0.015625 0.034328358208955224 -0.0009765625 -0.0014925373134328358 -0.0009765625 -0.0014925373134328358 -0.0009765625 -0.0014925373134328358 -0.0009765625 -0.0014925373134328358 -0.0009765625 -0.0014925373134328358
0  0.43115234375 0.42686567164179107 0.0478515625 0.05970149253731343 0.4190673828125 0.42145522388059703 0.4227294921875 0.4205223880597015 0.41876171875 0.44057910447761195 0.4306640625 0.44291044776119404 0.4352421875 0.44057910447761195
0  0.3583984375 0.291044776119403 0.015625 0.03880597014925373 -0.0009765625 -0.0014925373134328358 -0.0009765625 -0.0014925373134328358 -0.0009765625 -0.0014925373134328358 -0.0009765625 -0.0014925373134328358 -0.0009765625 -0.0014925373134328358
0  0.31689453125 0.35 0.0166015625 0.034328358208955224 -0.0009765625 -0.0014925373134328358 -0.0009765625 -0.0014925373134328358 -0.0009765625 -0.0014925373134328358 -0.0009765625 -0.0014925373134328358 -0.0009765625 -0.0014925373134328358
0  0.3046875 0.29253731343283584 0.015625 0.03582089552238806 0.3037548828125 0.29127164179104476 0.3107216796875 0.29308358208955226 0.3074599609375 0.3005597014925373 0.30434765625 0.3064492537313433 0.308052734375 0.30712985074626864
0  0.27490234375 0.3723880597014925 0.0166015625 0.03731343283582089 -0.0009765625 -0.0014925373134328358 -0.0009765625 -0.0014925373134328358 -0.0009765625 -0.0014925373134328358 -0.0009765625 -0.0014925373134328358 -0.0009765625 -0.0014925373134328358
0  0.23046875 0.28582089552238804 0.015625 0.04029850746268657 -0.0009765625 -0.0014925373134328358 -0.0009765625 -0.0014925373134328358 -0.0009765625 -0.0014925373134328358 -0.0009765625 -0.0014925373134328358 -0.0009765625 -0.0014925373134328358
0  0.240234375 0.2582089552238806 0.017578125 0.03880597014925373 0.23764453125 0.2545044776119403 0.246033203125 0.25376417910447757 0.2476455078125 0.2818701492537314 0.2344189453125 0.2786641791044776 0.2352255859375 0.27817164179104475
0  0.19140625 0.2291044776119403 0.015625 0.03731343283582089 0.187779296875 0.2302776119402985 0.1973525390625 0.2288373134328358 0.1942138671875 0.23699402985074627 0.18919140625 0.24251044776119404 0.19625390625 0.2429910447761194
0  0.2138671875 0.25149253731343285 0.01171875 0.03134328358208955 -0.0009765625 -0.0014925373134328358 -0.0009765625 -0.0014925373134328358 -0.0009765625 -0.0014925373134328358 -0.0009765625 -0.0014925373134328358 -0.0009765625 -0.0014925373134328358
0  0.1943359375 0.3373134328358209 0.01953125 0.03880597014925373 -0.0009765625 -0.0014925373134328358 -0.0009765625 -0.0014925373134328358 -0.0009765625 -0.0014925373134328358 -0.0009765625 -0.0014925373134328358 -0.0009765625 -0.0014925373134328358
0  0.16650390625 0.291044776119403 0.0185546875 0.04477611940298507 0.1600166015625 0.294310447761194 0.1695771484375 0.2897253731343284 0.165453125 0.3003268656716418 0.165078125 0.3069164179104477 0.1705146484375 0.3029044776119403
0  0.1484375 0.373134328358209 0.01953125 0.03283582089552239 -0.0009765625 -0.0014925373134328358 -0.0009765625 -0.0014925373134328358 -0.0009765625 -0.0014925373134328358 -0.0009765625 -0.0014925373134328358 -0.0009765625 -0.0014925373134328358
0  0.18115234375 0.382089552238806 0.0166015625 0.023880597014925373 -0.0009765625 -0.0014925373134328358 -0.0009765625 -0.0014925373134328358 -0.0009765625 -0.0014925373134328358 -0.0009765625 -0.0014925373134328358 -0.0009765625 -0.0014925373134328358
0  0.0830078125 0.38656716417910447 0.017578125 0.03880597014925373 -0.0009765625 -0.0014925373134328358 -0.0009765625 -0.0014925373134328358 -0.0009765625 -0.0014925373134328358 -0.0009765625 -0.0014925373134328358 -0.0009765625 -0.0014925373134328358
0  0.0322265625 0.3694029850746269 0.01953125 0.04328358208955224 0.028625 0.36557910447761194 0.037048828125 0.3650179104477612 0.0328369140625 0.3739731343283582 0.02880859375 0.382089552238806 0.0350341796875 0.3823701492537313
0  0.03125 0.3291044776119403 0.01953125 0.03731343283582089 -0.0009765625 -0.0014925373134328358 -0.0009765625 -0.0014925373134328358 -0.0009765625 -0.0014925373134328358 -0.0009765625 -0.0014925373134328358 -0.0009765625 -0.0014925373134328358
0  0.08154296875 0.33432835820895523 0.0166015625 0.03582089552238806 -0.0009765625 -0.0014925373134328358 -0.0009765625 -0.0014925373134328358 -0.0009765625 -0.0014925373134328358 -0.0009765625 -0.0014925373134328358 -0.0009765625 -0.0014925373134328358
0  0.1298828125 0.3291044776119403 0.017578125 0.04328358208955224 -0.0009765625 -0.0014925373134328358 -0.0009765625 -0.0014925373134328358 -0.0009765625 -0.0014925373134328358 -0.0009765625 -0.0014925373134328358 -0.0009765625 -0.0014925373134328358
0  0.111328125 0.28432835820895525 0.017578125 0.03731343283582089 0.1070556640625 0.2816626865671642 0.1150595703125 0.2807029850746269 0.110822265625 0.2874194029850746 0.1087822265625 0.2938970149253731 0.1122353515625 0.29365671641791047
0  0.130859375 0.2507462686567164 0.015625 0.03582089552238806 0.126857421875 0.24404328358208954 0.1342685546875 0.24427014925373133 0.1305625 0.25151940298507464 0.12789453125 0.25786268656716416 0.1332314453125 0.25786268656716416
0  0.14599609375 0.23059701492537313 0.0146484375 0.034328358208955224 -0.0009765625 -0.0014925373134328358 -0.0009765625 -0.0014925373134328358 -0.0009765625 -0.0014925373134328358 -0.0009765625 -0.0014925373134328358 -0.0009765625 -0.0014925373134328358
0  0.07958984375 0.25522388059701495 0.0205078125 0.03582089552238806 -0.0009765625 -0.0014925373134328358 -0.0009765625 -0.0014925373134328358 -0.0009765625 -0.0014925373134328358 -0.0009765625 -0.0014925373134328358 -0.0009765625 -0.0014925373134328358
0  0.05419921875 0.2798507462686567 0.0185546875 0.034328358208955224 0.0514873046875 0.27933134328358206 0.0615673828125 0.2781985074626866 0.0559345703125 0.28748656716417914 0.052525390625 0.29518955223880594 0.057861328125 0.29518955223880594
0  0.025390625 0.2462686567164179 0.021484375 0.04477611940298507 -0.0009765625 -0.0014925373134328358 -0.0009765625 -0.0014925373134328358 -0.0009765625 -0.0014925373134328358 -0.0009765625 -0.0014925373134328358 -0.0009765625 -0.0014925373134328358
0  0.005859375 0.282089552238806 0.01171875 0.03582089552238806 -0.0009765625 -0.0014925373134328358 -0.0009765625 -0.0014925373134328358 -0.0009765625 -0.0014925373134328358 -0.0009765625 -0.0014925373134328358 -0.0009765625 -0.0014925373134328358
0  0.04736328125 0.20522388059701493 0.0166015625 0.04328358208955224 -0.0009765625 -0.0014925373134328358 -0.0009765625 -0.0014925373134328358 -0.0009765625 -0.0014925373134328358 -0.0009765625 -0.0014925373134328358 -0.0009765625 -0.0014925373134328358
0  0.0205078125 0.21791044776119403 0.01171875 0.026865671641791045 -0.0009765625 -0.0014925373134328358 -0.0009765625 -0.0014925373134328358 -0.0009765625 -0.0014925373134328358 -0.0009765625 -0.0014925373134328358 -0.0009765625 -0.0014925373134328358
0  0.341796875 0.05373134328358209 0.015625 0.029850746268656716 -0.0009765625 -0.0014925373134328358 -0.0009765625 -0.0014925373134328358 -0.0009765625 -0.0014925373134328358 -0.0009765625 -0.0014925373134328358 -0.0009765625 -0.0014925373134328358
0  0.294921875 0.05373134328358209 0.013671875 0.03582089552238806 -0.0009765625 -0.0014925373134328358 -0.0009765625 -0.0014925373134328358 -0.0009765625 -0.0014925373134328358 -0.0009765625 -0.0014925373134328358 -0.0009765625 -0.0014925373134328358
0  0.25732421875 0.10820895522388059 0.0166015625 0.034328358208955224 -0.0009765625 -0.0014925373134328358 -0.0009765625 -0.0014925373134328358 -0.0009765625 -0.0014925373134328358 -0.0009765625 -0.0014925373134328358 -0.0009765625 -0.0014925373134328358
0  0.2255859375 0.050746268656716415 0.017578125 0.03880597014925373 -0.0009765625 -0.0014925373134328358 -0.0009765625 -0.0014925373134328358 -0.0009765625 -0.0014925373134328358 -0.0009765625 -0.0014925373134328358 -0.0009765625 -0.0014925373134328358
0  0.2705078125 0.019402985074626865 0.01171875 0.01791044776119403 -0.0009765625 -0.0014925373134328358 -0.0009765625 -0.0014925373134328358 -0.0009765625 -0.0014925373134328358 -0.0009765625 -0.0014925373134328358 -0.0009765625 -0.0014925373134328358
0  0.19580078125 0.10149253731343283 0.0146484375 0.03283582089552239 0.1934287109375 0.09957313432835821 0.200404296875 0.09978656716417911 0.1959404296875 0.10532985074626865 0.19384765625 0.11044776119402985 0.1978935546875 0.11066119402985075
0  0.1279296875 0.10149253731343283 0.015625 0.03582089552238806 -0.0009765625 -0.0014925373134328358 -0.0009765625 -0.0014925373134328358 -0.0009765625 -0.0014925373134328358 -0.0009765625 -0.0014925373134328358 -0.0009765625 -0.0014925373134328358
0  0.111328125 0.1373134328358209 0.01171875 0.023880597014925373 -0.0009765625 -0.0014925373134328358 -0.0009765625 -0.0014925373134328358 -0.0009765625 -0.0014925373134328358 -0.0009765625 -0.0014925373134328358 -0.0009765625 -0.0014925373134328358
0  0.05859375 0.10149253731343283 0.017578125 0.03880597014925373 -0.0009765625 -0.0014925373134328358 -0.0009765625 -0.0014925373134328358 -0.0009765625 -0.0014925373134328358 -0.0009765625 -0.0014925373134328358 -0.0009765625 -0.0014925373134328358
0  0.05517578125 0.06492537313432836 0.0146484375 0.028358208955223882 -0.0009765625 -0.0014925373134328358 -0.0009765625 -0.0014925373134328358 -0.0009765625 -0.0014925373134328358 -0.0009765625 -0.0014925373134328358 -0.0009765625 -0.0014925373134328358
0  0.1025390625 0.04626865671641791 0.015625 0.03582089552238806 -0.0009765625 -0.0014925373134328358 -0.0009765625 -0.0014925373134328358 -0.0009765625 -0.0014925373134328358 -0.0009765625 -0.0014925373134328358 -0.0009765625 -0.0014925373134328358
0  0.958984375 0.029104477611940297 0.015625 0.03134328358208955 0.9553876953125 0.027198507462686566 0.9629560546875 0.026785074626865673 0.95984765625 0.03236268656716418 0.957279296875 0.038146268656716414 0.962009765625 0.03794029850746269
0  0.91796875 0.11194029850746269 0.017578125 0.026865671641791045 -0.0009765625 -0.0014925373134328358 -0.0009765625 -0.0014925373134328358 -0.0009765625 -0.0014925373134328358 -0.0009765625 -0.0014925373134328358 -0.0009765625 -0.0014925373134328358
0  0.95947265625 0.10298507462686567 0.0166015625 0.03283582089552239 -0.0009765625 -0.0014925373134328358 -0.0009765625 -0.0014925373134328358 -0.0009765625 -0.0014925373134328358 -0.0009765625 -0.0014925373134328358 -0.0009765625 -0.0014925373134328358
0  0.89892578125 0.24402985074626865 0.0146484375 0.025373134328358207 -0.0009765625 -0.0014925373134328358 -0.0009765625 -0.0014925373134328358 -0.0009765625 -0.0014925373134328358 -0.0009765625 -0.0014925373134328358 -0.0009765625 -0.0014925373134328358
0  0.91748046875 0.3044776119402985 0.0185546875 0.03880597014925373 -0.0009765625 -0.0014925373134328358 -0.0009765625 -0.0014925373134328358 -0.0009765625 -0.0014925373134328358 -0.0009765625 -0.0014925373134328358 -0.0009765625 -0.0014925373134328358
0  0.94482421875 0.33955223880597013 0.0166015625 0.04029850746268657 -0.0009765625 -0.0014925373134328358 -0.0009765625 -0.0014925373134328358 -0.0009765625 -0.0014925373134328358 -0.0009765625 -0.0014925373134328358 -0.0009765625 -0.0014925373134328358
0  0.97119140625 0.3402985074626866 0.0185546875 0.03582089552238806 -0.0009765625 -0.0014925373134328358 -0.0009765625 -0.0014925373134328358 -0.0009765625 -0.0014925373134328358 -0.0009765625 -0.0014925373134328358 -0.0009765625 -0.0014925373134328358
0  0.94775390625 0.22761194029850745 0.0166015625 0.03731343283582089 0.943638671875 0.22590597014925373 0.949759765625 0.22614626865671641 0.9469345703125 0.2328626865671642 0.943638671875 0.23765970149253732 0.9494453125 0.23814029850746268
0  0.98779296875 0.24701492537313433 0.0146484375 0.03731343283582089 -0.0009765625 -0.0014925373134328358 -0.0009765625 -0.0014925373134328358 -0.0009765625 -0.0014925373134328358 -0.0009765625 -0.0014925373134328358 -0.0009765625 -0.0014925373134328358
0  0.65869140625 0.2738805970149254 0.0146484375 0.025373134328358207 -0.0009765625 -0.0014925373134328358 -0.0009765625 -0.0014925373134328358 -0.0009765625 -0.0014925373134328358 -0.0009765625 -0.0014925373134328358 -0.0009765625 -0.0014925373134328358
0  0.72119140625 0.32313432835820893 0.0146484375 0.025373134328358207 -0.0009765625 -0.0014925373134328358 -0.0009765625 -0.0014925373134328358 -0.0009765625 -0.0014925373134328358 -0.0009765625 -0.0014925373134328358 -0.0009765625 -0.0014925373134328358
0  0.38525390625 0.33955223880597013 0.0205078125 0.03731343283582089 -0.0009765625 -0.0014925373134328358 -0.0009765625 -0.0014925373134328358 -0.0009765625 -0.0014925373134328358 -0.0009765625 -0.0014925373134328358 -0.0009765625 -0.0014925373134328358
0  0.43896484375 0.31417910447761194 0.0166015625 0.034328358208955224 -0.0009765625 -0.0014925373134328358 -0.0009765625 -0.0014925373134328358 -0.0009765625 -0.0014925373134328358 -0.0009765625 -0.0014925373134328358 -0.0009765625 -0.0014925373134328358
0  0.4716796875 0.30970149253731344 0.015625 0.03134328358208955 -0.0009765625 -0.0014925373134328358 -0.0009765625 -0.0014925373134328358 -0.0009765625 -0.0014925373134328358 -0.0009765625 -0.0014925373134328358 -0.0009765625 -0.0014925373134328358
0  0.3037109375 0.2507462686567164 0.015625 0.029850746268656716 -0.0009765625 -0.0014925373134328358 -0.0009765625 -0.0014925373134328358 -0.0009765625 -0.0014925373134328358 -0.0009765625 -0.0014925373134328358 -0.0009765625 -0.0014925373134328358
0  0.19384765625 0.013432835820895522 0.0107421875 0.023880597014925373 -0.0009765625 -0.0014925373134328358 -0.0009765625 -0.0014925373134328358 -0.0009765625 -0.0014925373134328358 -0.0009765625 -0.0014925373134328358 -0.0009765625 -0.0014925373134328358
0  0.3251953125 0.10522388059701493 0.013671875 0.025373134328358207 -0.0009765625 -0.0014925373134328358 -0.0009765625 -0.0014925373134328358 -0.0009765625 -0.0014925373134328358 -0.0009765625 -0.0014925373134328358 -0.0009765625 -0.0014925373134328358
