0  0.97802734375 0.3059895833333333 0.0166015625 0.026041666666666668 -0.0009765625 -0.0013020833333333333 -0.0009765625 -0.0013020833333333333 -0.0009765625 -0.0013020833333333333 -0.0009765625 -0.0013020833333333333 -0.0009765625 -0.0013020833333333333
0  0.94677734375 0.310546875 0.0126953125 0.01953125 -0.0009765625 -0.0013020833333333333 -0.0009765625 -0.0013020833333333333 -0.0009765625 -0.0013020833333333333 -0.0009765625 -0.0013020833333333333 -0.0009765625 -0.0013020833333333333
0  0.92724609375 0.30859375 0.0146484375 0.0234375 -0.0009765625 -0.0013020833333333333 -0.0009765625 -0.0013020833333333333 -0.0009765625 -0.0013020833333333333 -0.0009765625 -0.0013020833333333333 -0.0009765625 -0.0013020833333333333
0  0.9013671875 0.3053385416666667 0.01953125 0.024739583333333332 0.8961181640625 0.30126953125 0.90380859375 0.3011067708333333 0.900390625 0.3063151041666667 0.898193359375 0.3125 0.9034423828125 0.3123372395833333
0  0.85498046875 0.30078125 0.0146484375 0.0234375 0.851091796875 0.29811848958333337 0.857779296875 0.298875 0.85415234375 0.3015950520833333 0.851771484375 0.30567578125 0.8565322265625 0.30597786458333337
0  0.9951171875 0.024739583333333332 0.009765625 0.020833333333333332 -0.0009765625 -0.0013020833333333333 -0.0009765625 -0.0013020833333333333 -0.0009765625 -0.0013020833333333333 -0.0009765625 -0.0013020833333333333 -0.0009765625 -0.0013020833333333333
0  0.94384765625 0.01953125 0.0146484375 0.026041666666666668 -0.0009765625 -0.0013020833333333333 -0.0009765625 -0.0013020833333333333 -0.0009765625 -0.0013020833333333333 -0.0009765625 -0.0013020833333333333 -0.0009765625 -0.0013020833333333333
0  0.94921875 0.06510416666666667 0.015625 0.0234375 0.9459052734375 0.06351171875 0.951791015625 0.06304036458333333 0.9486123046875 0.0661796875 0.9462587890625 0.07182942708333333 0.95226171875 0.07104427083333333
0  0.90478515625 0.06510416666666667 0.0146484375 0.0234375 0.9022568359375 0.061837239583333335 0.9095107421875 0.06259244791666667 0.9058837890625 0.06546484375 0.901802734375 0.072265625 0.907810546875 0.07211458333333333
0  0.8857421875 0.025390625 0.015625 0.022135416666666668 0.8829521484375 0.021111979166666666 0.888916015625 0.02097265625 0.88525390625 0.02683203125 0.883580078125 0.03045963541666667 0.8873466796875 0.030598958333333332
0  0.8505859375 0.07942708333333333 0.013671875 0.020833333333333332 -0.0009765625 -0.0013020833333333333 -0.0009765625 -0.0013020833333333333 -0.0009765625 -0.0013020833333333333 -0.0009765625 -0.0013020833333333333 -0.0009765625 -0.0013020833333333333
0  0.83984375 0.038411458333333336 0.013671875 0.01953125 -0.0009765625 -0.0013020833333333333 -0.0009765625 -0.0013020833333333333 -0.0009765625 -0.0013020833333333333 -0.0009765625 -0.0013020833333333333 -0.0009765625 -0.0013020833333333333
0  0.81005859375 0.2994791666666667 0.0166015625 0.028645833333333332 0.805455078125 0.296875 0.8131279296875 0.29743359375 0.808802734375 0.3024557291666667 0.804896484375 0.3089661458333333 0.81201171875 0.31008203125
0  0.7763671875 0.3157552083333333 0.015625 0.022135416666666668 -0.0009765625 -0.0013020833333333333 -0.0009765625 -0.0013020833333333333 -0.0009765625 -0.0013020833333333333 -0.0009765625 -0.0013020833333333333 -0.0009765625 -0.0013020833333333333
0  0.74462890625 0.3177083333333333 0.0166015625 0.026041666666666668 0.741720703125 0.3116627604166667 0.748927734375 0.3116627604166667 0.745134765625 0.31621484375000003 0.74184765625 0.3214401041666667 0.747916015625 0.32177734375
0  0.72802734375 0.3170572916666667 0.0126953125 0.016927083333333332 -0.0009765625 -0.0013020833333333333 -0.0009765625 -0.0013020833333333333 -0.0009765625 -0.0013020833333333333 -0.0009765625 -0.0013020833333333333 -0.0009765625 -0.0013020833333333333
0  0.775390625 0.2858072916666667 0.01171875 0.01953125 -0.0009765625 -0.0013020833333333333 -0.0009765625 -0.0013020833333333333 -0.0009765625 -0.0013020833333333333 -0.0009765625 -0.0013020833333333333 -0.0009765625 -0.0013020833333333333
0  0.70166015625 0.3079427083333333 0.0166015625 0.02734375 0.696759765625 0.3060703125 0.703560546875 0.30572265625 0.70016015625 0.310953125 0.69662890625 0.3167083333333333 0.7031689453125 0.3167083333333333
0  0.677734375 0.2858072916666667 0.01171875 0.01953125 -0.0009765625 -0.0013020833333333333 -0.0009765625 -0.0013020833333333333 -0.0009765625 -0.0013020833333333333 -0.0009765625 -0.0013020833333333333 -0.0009765625 -0.0013020833333333333
0  0.65625 0.3098958333333333 0.015625 0.026041666666666668 0.6549853515625 0.30958203125 0.6616865234375 0.3092447916666667 0.6582724609375 0.31581901041666666 0.6556181640625 0.31919010416666665 0.659916015625 0.31902213541666663
0  0.7880859375 0.080078125 0.013671875 0.01953125 -0.0009765625 -0.0013020833333333333 -0.0009765625 -0.0013020833333333333 -0.0009765625 -0.0013020833333333333 -0.0009765625 -0.0013020833333333333 -0.0009765625 -0.0013020833333333333
0  0.74658203125 0.033203125 0.0146484375 0.02734375 0.7436083984375 0.032203125 0.749494140625 0.03359895833333333 0.745962890625 0.03848177083333333 0.742431640625 0.0414453125 0.749755859375 0.04127083333333333
0  0.7138671875 0.06575520833333333 0.015625 0.024739583333333332 -0.0009765625 -0.0013020833333333333 -0.0009765625 -0.0013020833333333333 -0.0009765625 -0.0013020833333333333 -0.0009765625 -0.0013020833333333333 -0.0009765625 -0.0013020833333333333
0  0.6943359375 0.036458333333333336 0.015625 0.018229166666666668 0.691541015625 0.033132812500000004 0.6987607421875 0.033401041666666666 0.6948505859375 0.036609375 0.691541015625 0.041421875000000004 0.697658203125 0.041690104166666665
0  0.6572265625 0.07682291666666667 0.015625 0.020833333333333332 0.654052734375 0.07352083333333333 0.660435546875 0.07366015625 0.6565634765625 0.07700911458333333 0.6544716796875 0.08035677083333333 0.659703125 0.08035677083333333
0  0.6416015625 0.03515625 0.015625 0.0234375 -0.0009765625 -0.0013020833333333333 -0.0009765625 -0.0013020833333333333 -0.0009765625 -0.0013020833333333333 -0.0009765625 -0.0013020833333333333 -0.0009765625 -0.0013020833333333333
0  0.5927734375 0.03125 0.015625 0.028645833333333332 0.591517578125 0.02957552083333333 0.59765625 0.028459635416666667 0.595005859375 0.03329557291666667 0.5929130859375 0.03943489583333334 0.5972373046875 0.037760416666666664
0  0.5712890625 0.059895833333333336 0.015625 0.0234375 0.567400390625 0.05738411458333333 0.5748818359375 0.05677994791666666 0.57102734375 0.05980338541666667 0.568306640625 0.06539453125 0.5753349609375 0.06524348958333333
0  0.541015625 0.30078125 0.017578125 0.0234375 -0.0009765625 -0.0013020833333333333 -0.0009765625 -0.0013020833333333333 -0.0009765625 -0.0013020833333333333 -0.0009765625 -0.0013020833333333333 -0.0009765625 -0.0013020833333333333
0  0.5068359375 0.2838541666666667 0.013671875 0.020833333333333332 -0.0009765625 -0.0013020833333333333 -0.0009765625 -0.0013020833333333333 -0.0009765625 -0.0013020833333333333 -0.0009765625 -0.0013020833333333333 -0.0009765625 -0.0013020833333333333
0  0.45068359375 0.3131510416666667 0.0146484375 0.022135416666666668 -0.0009765625 -0.0013020833333333333 -0.0009765625 -0.0013020833333333333 -0.0009765625 -0.0013020833333333333 -0.0009765625 -0.0013020833333333333 -0.0009765625 -0.0013020833333333333
0  0.4677734375 0.279296875 0.013671875 0.022135416666666668 -0.0009765625 -0.0013020833333333333 -0.0009765625 -0.0013020833333333333 -0.0009765625 -0.0013020833333333333 -0.0009765625 -0.0013020833333333333 -0.0009765625 -0.0013020833333333333
0  0.53466796875 0.025390625 0.0146484375 0.024739583333333332 0.532470703125 0.024739583333333332 0.5394287109375 0.024739583333333332 0.5362548828125 0.029296875 0.533935546875 0.033365885416666664 0.5386962890625 0.033854166666666664
0  0.48779296875 0.024739583333333332 0.0166015625 0.026041666666666668 0.4871611328125 0.02139192708333333 0.4937353515625 0.023246093750000002 0.4895625 0.02729166666666667 0.4860234375 0.03032552083333333 0.49120703125 0.03150520833333333
0  0.46484375 0.061848958333333336 0.015625 0.022135416666666668 -0.0009765625 -0.0013020833333333333 -0.0009765625 -0.0013020833333333333 -0.0009765625 -0.0013020833333333333 -0.0009765625 -0.0013020833333333333 -0.0009765625 -0.0013020833333333333
0  0.43359375 0.028645833333333332 0.015625 0.0234375 -0.0009765625 -0.0013020833333333333 -0.0009765625 -0.0013020833333333333 -0.0009765625 -0.0013020833333333333 -0.0009765625 -0.0013020833333333333 -0.0009765625 -0.0013020833333333333
0  0.40087890625 0.0546875 0.0166015625 0.0234375 0.398703125 0.05156640625 0.40644140625 0.05054817708333333 0.4029541015625 0.0560703125 0.400556640625 0.06115755208333334 0.4057880859375 0.06028515625
0  0.38525390625 0.012369791666666666 0.0166015625 0.024739583333333332 -0.0009765625 -0.0013020833333333333 -0.0009765625 -0.0013020833333333333 -0.0009765625 -0.0013020833333333333 -0.0009765625 -0.0013020833333333333 -0.0009765625 -0.0013020833333333333
0  0.35498046875 0.3072916666666667 0.0146484375 0.026041666666666668 0.352974609375 0.30293229166666663 0.35967578125 0.30343749999999997 0.3566416015625 0.3078203125 0.35272265625 0.31388932291666666 0.35828515625 0.3142265625
0  0.3310546875 0.296875 0.013671875 0.026041666666666668 0.33004296875 0.29521223958333337 0.3352265625 0.29875260416666666 0.3313076171875 0.30229296875 0.327767578125 0.3043151041666667 0.3313076171875 0.30667578125
0  0.25390625 0.296875 0.017578125 0.028645833333333332 0.250279296875 0.2952005208333333 0.2572548828125 0.29538671875 0.2543251953125 0.30078125 0.2508369140625 0.3048736979166667 0.2576728515625 0.3048736979166667
0  0.2861328125 0.2819010416666667 0.013671875 0.01953125 -0.0009765625 -0.0013020833333333333 -0.0009765625 -0.0013020833333333333 -0.0009765625 -0.0013020833333333333 -0.0009765625 -0.0013020833333333333 -0.0009765625 -0.0013020833333333333
0  0.19775390625 0.3111979166666667 0.0146484375 0.020833333333333332 -0.0009765625 -0.0013020833333333333 -0.0009765625 -0.0013020833333333333 -0.0009765625 -0.0013020833333333333 -0.0009765625 -0.0013020833333333333 -0.0009765625 -0.0013020833333333333
0  0.203125 0.2779947916666667 0.013671875 0.01953125 -0.0009765625 -0.0013020833333333333 -0.0009765625 -0.0013020833333333333 -0.0009765625 -0.0013020833333333333 -0.0009765625 -0.0013020833333333333 -0.0009765625 -0.0013020833333333333
0  0.1494140625 0.3040364583333333 0.015625 0.024739583333333332 -0.0009765625 -0.0013020833333333333 -0.0009765625 -0.0013020833333333333 -0.0009765625 -0.0013020833333333333 -0.0009765625 -0.0013020833333333333 -0.0009765625 -0.0013020833333333333
0  0.166015625 0.2955729166666667 0.01171875 0.0234375 -0.0009765625 -0.0013020833333333333 -0.0009765625 -0.0013020833333333333 -0.0009765625 -0.0013020833333333333 -0.0009765625 -0.0013020833333333333 -0.0009765625 -0.0013020833333333333
0  0.111328125 0.30078125 0.017578125 0.028645833333333332 0.108119140625 0.30133984375 0.116490234375 0.3015247395833333 0.1128623046875 0.3095234375 0.1092353515625 0.3111979166666667 0.1156533203125 0.3106393229166667
0  0.3310546875 0.057942708333333336 0.015625 0.029947916666666668 0.3299296875 0.05748958333333334 0.335265625 0.057291666666666664 0.33319140625 0.0630234375 0.330078125 0.06677864583333333 0.3351181640625 0.06658072916666667
0  0.31982421875 0.01171875 0.0166015625 0.0234375 -0.0009765625 -0.0013020833333333333 -0.0009765625 -0.0013020833333333333 -0.0009765625 -0.0013020833333333333 -0.0009765625 -0.0013020833333333333 -0.0009765625 -0.0013020833333333333
0  0.291015625 0.052734375 0.015625 0.02734375 0.2881728515625 0.04650260416666666 0.294451171875 0.0468515625 0.291443359375 0.0512109375 0.2884345703125 0.05626822916666666 0.293796875 0.056791666666666664
0  0.234375 0.052083333333333336 0.015625 0.0234375 -0.0009765625 -0.0013020833333333333 -0.0009765625 -0.0013020833333333333 -0.0009765625 -0.0013020833333333333 -0.0009765625 -0.0013020833333333333 -0.0009765625 -0.0013020833333333333
0  0.1787109375 0.039713541666666664 0.017578125 0.029947916666666668 0.1766181640625 0.034597656250000004 0.183314453125 0.034970052083333335 0.1801064453125 0.0390625 0.17578125 0.04259635416666666 0.1847099609375 0.04296875
0  0.08935546875 0.025390625 0.0185546875 0.032552083333333336 0.0882216796875 0.02285677083333333 0.0952841796875 0.02390234375 0.0927734375 0.029134114583333332 0.088849609375 0.03394661458333333 0.094029296875 0.034993489583333336
0  0.1015625 0.032552083333333336 0.013671875 0.018229166666666668 0.101166015625 0.0300703125 0.104919921875 0.034342447916666664 0.101166015625 0.03544140625 0.099060546875 0.035562500000000004 0.1007080078125 0.03898177083333333
0  0.03564453125 0.017578125 0.0146484375 0.01953125 -0.0009765625 -0.0013020833333333333 -0.0009765625 -0.0013020833333333333 -0.0009765625 -0.0013020833333333333 -0.0009765625 -0.0013020833333333333 -0.0009765625 -0.0013020833333333333
0  0.62109375 0.06966145833333333 0.013671875 0.022135416666666668 -0.0009765625 -0.0013020833333333333 -0.0009765625 -0.0013020833333333333 -0.0009765625 -0.0013020833333333333 -0.0009765625 -0.0013020833333333333 -0.0009765625 -0.0013020833333333333
0  0.52392578125 0.06380208333333333 0.0146484375 0.0234375 -0.0009765625 -0.0013020833333333333 -0.0009765625 -0.0013020833333333333 -0.0009765625 -0.0013020833333333333 -0.0009765625 -0.0013020833333333333 -0.0009765625 -0.0013020833333333333
0  0.00927734375 0.2701822916666667 0.0146484375 0.022135416666666668 -0.0009765625 -0.0013020833333333333 -0.0009765625 -0.0013020833333333333 -0.0009765625 -0.0013020833333333333 -0.0009765625 -0.0013020833333333333 -0.0009765625 -0.0013020833333333333
0  0.05859375 0.267578125 0.01171875 0.016927083333333332 -0.0009765625 -0.0013020833333333333 -0.0009765625 -0.0013020833333333333 -0.0009765625 -0.0013020833333333333 -0.0009765625 -0.0013020833333333333 -0.0009765625 -0.0013020833333333333
0  0.1015625 0.2727864583333333 0.015625 0.022135416666666668 -0.0009765625 -0.0013020833333333333 -0.0009765625 -0.0013020833333333333 -0.0009765625 -0.0013020833333333333 -0.0009765625 -0.0013020833333333333 -0.0009765625 -0.0013020833333333333
0  0.14111328125 0.279296875 0.0126953125 0.01953125 -0.0009765625 -0.0013020833333333333 -0.0009765625 -0.0013020833333333333 -0.0009765625 -0.0013020833333333333 -0.0009765625 -0.0013020833333333333 -0.0009765625 -0.0013020833333333333
0  0.4052734375 0.3092447916666667 0.013671875 0.01953125 -0.0009765625 -0.0013020833333333333 -0.0009765625 -0.0013020833333333333 -0.0009765625 -0.0013020833333333333 -0.0009765625 -0.0013020833333333333 -0.0009765625 -0.0013020833333333333
0  0.42529296875 0.2838541666666667 0.0107421875 0.020833333333333332 -0.0009765625 -0.0013020833333333333 -0.0009765625 -0.0013020833333333333 -0.0009765625 -0.0013020833333333333 -0.0009765625 -0.0013020833333333333 -0.0009765625 -0.0013020833333333333
0  0.6064453125 0.3020833333333333 0.01171875 0.018229166666666668 -0.0009765625 -0.0013020833333333333 -0.0009765625 -0.0013020833333333333 -0.0009765625 -0.0013020833333333333 -0.0009765625 -0.0013020833333333333 -0.0009765625 -0.0013020833333333333
