0  0.07763671875 0.7280058651026393 0.0224609375 0.03372434017595308 -0.0009765625 -0.001466275659824047 -0.0009765625 -0.001466275659824047 -0.0009765625 -0.001466275659824047 -0.0009765625 -0.001466275659824047 -0.0009765625 -0.001466275659824047
0  0.10546875 0.6363636363636364 0.0234375 0.03225806451612903 0.0979609375 0.6386539589442816 0.106353515625 0.6297199413489736 0.10528515625 0.6423196480938417 0.1045224609375 0.6494222873900294 0.111236328125 0.6430073313782991
0  0.15966796875 0.5689149560117303 0.0146484375 0.02346041055718475 -0.0009765625 -0.001466275659824047 -0.0009765625 -0.001466275659824047 -0.0009765625 -0.001466275659824047 -0.0009765625 -0.001466275659824047 -0.0009765625 -0.001466275659824047
0  0.42724609375 0.18328445747800587 0.0087890625 0.017595307917888565 0.4247958984375 0.18069208211143695 0.428876953125 0.18104545454545454 0.4264443359375 0.1844633431085044 0.425423828125 0.1881158357771261 0.4287978515625 0.18835043988269798
0  0.4111328125 0.05278592375366569 0.0078125 0.011730205278592375 -0.0009765625 -0.001466275659824047 -0.0009765625 -0.001466275659824047 -0.0009765625 -0.001466275659824047 -0.0009765625 -0.001466275659824047 -0.0009765625 -0.001466275659824047
0  0.41455078125 0.41715542521994137 0.0107421875 0.021994134897360705 -0.0009765625 -0.001466275659824047 -0.0009765625 -0.001466275659824047 -0.0009765625 -0.001466275659824047 -0.0009765625 -0.001466275659824047 -0.0009765625 -0.001466275659824047
0  0.41015625 0.4626099706744868 0.009765625 0.021994134897360705 -0.0009765625 -0.001466275659824047 -0.0009765625 -0.001466275659824047 -0.0009765625 -0.001466275659824047 -0.0009765625 -0.001466275659824047 -0.0009765625 -0.001466275659824047
0  0.40673828125 0.3724340175953079 0.0107421875 0.020527859237536656 -0.0009765625 -0.001466275659824047 -0.0009765625 -0.001466275659824047 -0.0009765625 -0.001466275659824047 -0.0009765625 -0.001466275659824047 -0.0009765625 -0.001466275659824047
0  0.51416015625 0.32404692082111436 0.0087890625 0.017595307917888565 -0.0009765625 -0.001466275659824047 -0.0009765625 -0.001466275659824047 -0.0009765625 -0.001466275659824047 -0.0009765625 -0.001466275659824047 -0.0009765625 -0.001466275659824047
0  0.52001953125 0.3629032258064516 0.0068359375 0.01906158357771261 -0.0009765625 -0.001466275659824047 -0.0009765625 -0.001466275659824047 -0.0009765625 -0.001466275659824047 -0.0009765625 -0.001466275659824047 -0.0009765625 -0.001466275659824047
0  0.85205078125 0.6964809384164223 0.0205078125 0.026392961876832845 0.843845703125 0.6857331378299121 0.848423828125 0.6953548387096775 0.8421455078125 0.6990865102639297 0.8430615234375 0.7039956011730205 0.84423828125 0.7055659824046921
0  0.8076171875 0.6129032258064516 0.015625 0.02932551319648094 0.8040947265625 0.6055263929618768 0.8073818359375 0.6104618768328446 0.8001748046875 0.6098914956011731 0.8013134765625 0.6157771260997067 0.80295703125 0.6190043988269794
0  0.75146484375 0.4838709677419355 0.0166015625 0.026392961876832845 0.7460244140625 0.48182844574780065 0.7522578125 0.4843812316715543 0.7472705078125 0.48914662756598243 0.7469306640625 0.49255131964809384 0.75203125 0.4945923753665689
0  0.71337890625 0.37390029325513197 0.0146484375 0.02346041055718475 0.708177734375 0.370758064516129 0.7144951171875 0.37196334310850443 0.71018359375 0.3772316715542522 0.708478515625 0.3811466275659824 0.7120888671875 0.3815982404692082
0  0.68994140625 0.3247800586510264 0.0107421875 0.01906158357771261 -0.0009765625 -0.001466275659824047 -0.0009765625 -0.001466275659824047 -0.0009765625 -0.001466275659824047 -0.0009765625 -0.001466275659824047 -0.0009765625 -0.001466275659824047
0  0.94140625 0.9655425219941349 0.025390625 0.039589442815249266 -0.0009765625 -0.001466275659824047 -0.0009765625 -0.001466275659824047 -0.0009765625 -0.001466275659824047 -0.0009765625 -0.001466275659824047 -0.0009765625 -0.001466275659824047
0  0.533203125 0.5161290322580645 0.01171875 0.020527859237536656 -0.0009765625 -0.001466275659824047 -0.0009765625 -0.001466275659824047 -0.0009765625 -0.001466275659824047 -0.0009765625 -0.001466275659824047 -0.0009765625 -0.001466275659824047
0  0.529296875 0.4706744868035191 0.013671875 0.005865102639296188 -0.0009765625 -0.001466275659824047 -0.0009765625 -0.001466275659824047 -0.0009765625 -0.001466275659824047 -0.0009765625 -0.001466275659824047 -0.0009765625 -0.001466275659824047
0  0.50927734375 0.2895894428152493 0.0087890625 0.01906158357771261 -0.0009765625 -0.001466275659824047 -0.0009765625 -0.001466275659824047 -0.0009765625 -0.001466275659824047 -0.0009765625 -0.001466275659824047 -0.0009765625 -0.001466275659824047
0  0.51025390625 0.22727272727272727 0.0107421875 0.017595307917888565 -0.0009765625 -0.001466275659824047 -0.0009765625 -0.001466275659824047 -0.0009765625 -0.001466275659824047 -0.0009765625 -0.001466275659824047 -0.0009765625 -0.001466275659824047
0  0.61376953125 0.13856304985337242 0.0068359375 0.013196480938416423 -0.0009765625 -0.001466275659824047 -0.0009765625 -0.001466275659824047 -0.0009765625 -0.001466275659824047 -0.0009765625 -0.001466275659824047 -0.0009765625 -0.001466275659824047
0  0.626953125 0.16788856304985336 0.0078125 0.016129032258064516 -0.0009765625 -0.001466275659824047 -0.0009765625 -0.001466275659824047 -0.0009765625 -0.001466275659824047 -0.0009765625 -0.001466275659824047 -0.0009765625 -0.001466275659824047
0  0.04638671875 0.8548387096774194 0.0166015625 0.026392961876832845 -0.0009765625 -0.001466275659824047 -0.0009765625 -0.001466275659824047 -0.0009765625 -0.001466275659824047 -0.0009765625 -0.001466275659824047 -0.0009765625 -0.001466275659824047
0  0.7646484375 0.5403225806451613 0.015625 0.021994134897360705 -0.0009765625 -0.001466275659824047 -0.0009765625 -0.001466275659824047 -0.0009765625 -0.001466275659824047 -0.0009765625 -0.001466275659824047 -0.0009765625 -0.001466275659824047
0  0.73388671875 0.4208211143695015 0.0107421875 0.017595307917888565 -0.0009765625 -0.001466275659824047 -0.0009765625 -0.001466275659824047 -0.0009765625 -0.001466275659824047 -0.0009765625 -0.001466275659824047 -0.0009765625 -0.001466275659824047
