0  0.68896484375 0.44970703125 0.0185546875 0.0263671875 0.6825126953125 0.445740234375 0.6899677734375 0.4475625 0.6835068359375 0.4531943359375 0.6823466796875 0.4565078125 0.6876484375 0.4579990234375
0  0.62451171875 0.59326171875 0.0166015625 0.0224609375 -0.0009765625 -0.0009765625 -0.0009765625 -0.0009765625 -0.0009765625 -0.0009765625 -0.0009765625 -0.0009765625 -0.0009765625 -0.0009765625
0  0.58837890625 0.53466796875 0.0185546875 0.0244140625 -0.0009765625 -0.0009765625 -0.0009765625 -0.0009765625 -0.0009765625 -0.0009765625 -0.0009765625 -0.0009765625 -0.0009765625 -0.0009765625
0  0.5322265625 0.60009765625 0.01953125 0.0244140625 0.5270302734375 0.598353515625 0.53519140625 0.598197265625 0.5306396484375 0.6049453125 0.5271865234375 0.608869140625 0.53346484375 0.60918359375
0  0.529296875 0.54443359375 0.017578125 0.0224609375 0.5241484375 0.5401484375 0.53162890625 0.54345703125 0.5241484375 0.546046875 0.521990234375 0.549787109375 0.5251552734375 0.5516572265625
0  0.486328125 0.62255859375 0.017578125 0.0244140625 0.4791259765625 0.6185302734375 0.487365234375 0.620513671875 0.4817197265625 0.625396484375 0.47836328125 0.627685546875 0.487365234375 0.62890625
0  0.46630859375 0.56005859375 0.0166015625 0.0263671875 0.460017578125 0.55648828125 0.4673291015625 0.5592080078125 0.4617177734375 0.563119140625 0.45916796875 0.566859375 0.4647783203125 0.5683896484375
0  0.419921875 0.56005859375 0.017578125 0.0263671875 0.4109541015625 0.557337890625 0.4170751953125 0.557677734375 0.413333984375 0.56362890625 0.4148642578125 0.56651953125 0.4230263671875 0.5651591796875
0  0.44775390625 0.6279296875 0.0185546875 0.025390625 -0.0009765625 -0.0009765625 -0.0009765625 -0.0009765625 -0.0009765625 -0.0009765625 -0.0009765625 -0.0009765625 -0.0009765625 -0.0009765625
0  0.39208984375 0.65673828125 0.0166015625 0.0244140625 -0.0009765625 -0.0009765625 -0.0009765625 -0.0009765625 -0.0009765625 -0.0009765625 -0.0009765625 -0.0009765625 -0.0009765625 -0.0009765625
0  0.36767578125 0.5673828125 0.0244140625 0.0234375 0.3594970703125 0.5676796875 0.366716796875 0.5653251953125 0.364205078125 0.574271484375 0.36797265625 0.5797646484375 0.37330859375 0.5777236328125
0  0.271484375 0.59765625 0.01953125 0.0234375 -0.0009765625 -0.0009765625 -0.0009765625 -0.0009765625 -0.0009765625 -0.0009765625 -0.0009765625 -0.0009765625 -0.0009765625 -0.0009765625
0  0.3232421875 0.669921875 0.0234375 0.017578125 -0.0009765625 -0.0009765625 -0.0009765625 -0.0009765625 -0.0009765625 -0.0009765625 -0.0009765625 -0.0009765625 -0.0009765625 -0.0009765625
0  0.1884765625 0.685546875 0.021484375 0.02734375 -0.0009765625 -0.0009765625 -0.0009765625 -0.0009765625 -0.0009765625 -0.0009765625 -0.0009765625 -0.0009765625 -0.0009765625 -0.0009765625
0  0.2587890625 0.681640625 0.021484375 0.01953125 -0.0009765625 -0.0009765625 -0.0009765625 -0.0009765625 -0.0009765625 -0.0009765625 -0.0009765625 -0.0009765625 -0.0009765625 -0.0009765625
0  0.32275390625 0.59033203125 0.0185546875 0.0263671875 -0.0009765625 -0.0009765625 -0.0009765625 -0.0009765625 -0.0009765625 -0.0009765625 -0.0009765625 -0.0009765625 -0.0009765625 -0.0009765625
