0  0.15869140625 0.158203125 0.0537109375 0.10286458333333333 0.14892578125 0.15885416666666666 0.1494140625 0.158203125 0.14111328125 0.18489583333333334 0.16259765625 0.18684895833333334 0.16259765625 0.18684895833333334
0  0.126953125 0.19010416666666666 0.048828125 0.08072916666666667 -0.0009765625 -0.0013020833333333333 -0.0009765625 -0.0013020833333333333 -0.0009765625 -0.0013020833333333333 -0.0009765625 -0.0013020833333333333 -0.0009765625 -0.0013020833333333333
0  0.376953125 0.4029947916666667 0.0546875 0.14713541666666666 -0.0009765625 -0.0013020833333333333 -0.0009765625 -0.0013020833333333333 -0.0009765625 -0.0013020833333333333 -0.0009765625 -0.0013020833333333333 -0.0009765625 -0.0013020833333333333
0  0.51318359375 0.3548177083333333 0.0732421875 0.15494791666666666 0.495849609375 0.3473307291666667 0.507568359375 0.3365885416666667 0.49365234375 0.3815104166666667 0.51123046875 0.3971354166666667 0.519287109375 0.3922526041666667
0  0.74853515625 0.70703125 0.1083984375 0.1796875 0.7450078125 0.7109140625 0.7841142578125 0.7120481770833332 0.7730625 0.7517200520833334 0.7458583984375 0.761921875 0.767111328125 0.7641888020833334
0  0.82568359375 0.7200520833333334 0.0830078125 0.16145833333333334 -0.0009765625 -0.0013020833333333333 -0.0009765625 -0.0013020833333333333 -0.0009765625 -0.0013020833333333333 -0.0009765625 -0.0013020833333333333 -0.0009765625 -0.0013020833333333333
0  0.69873046875 0.361328125 0.0185546875 0.03515625 0.69501171875 0.35520703124999997 0.7033427734375 0.35656770833333334 0.698751953125 0.36200781249999997 0.6939912109375 0.36722265625 0.7026630859375 0.3694895833333333
0  0.7060546875 0.4772135416666667 0.01953125 0.029947916666666668 -0.0009765625 -0.0013020833333333333 -0.0009765625 -0.0013020833333333333 -0.0009765625 -0.0013020833333333333 -0.0009765625 -0.0013020833333333333 -0.0009765625 -0.0013020833333333333
0  0.66748046875 0.4778645833333333 0.0205078125 0.033854166666666664 -0.0009765625 -0.0013020833333333333 -0.0009765625 -0.0013020833333333333 -0.0009765625 -0.0013020833333333333 -0.0009765625 -0.0013020833333333333 -0.0009765625 -0.0013020833333333333
0  0.90966796875 0.08854166666666667 0.0322265625 0.0625 -0.0009765625 -0.0013020833333333333 -0.0009765625 -0.0013020833333333333 -0.0009765625 -0.0013020833333333333 -0.0009765625 -0.0013020833333333333 -0.0009765625 -0.0013020833333333333
