0  0.90478515625 0.4150805270863836 0.0205078125 0.036603221083455345 0.8994140625 0.4216691068814056 0.91015625 0.4172767203513909 0.90625 0.4260614934114202 0.904296875 0.4333821376281113 0.9091796875 0.43045387994143486
0  0.189453125 0.4546120058565154 0.021484375 0.0424597364568082 0.1826171875 0.4494875549048316 0.19140625 0.445095168374817 0.1884765625 0.4538799414348463 0.185546875 0.46412884333821375 0.1923828125 0.46266471449487556
0  0.14599609375 0.43997071742313326 0.0205078125 0.03953147877013177 0.142578125 0.43484626647144947 0.15234375 0.43191800878477304 0.1484375 0.44363103953147875 0.1435546875 0.45095168374816985 0.150390625 0.45241581259150804
0  0.15966796875 0.349194729136164 0.0185546875 0.036603221083455345 0.15625 0.34553440702781846 0.1669921875 0.34553440702781846 0.1611328125 0.3528550512445095 0.1572265625 0.35871156661786235 0.1630859375 0.35871156661786235
0  0.97509765625 0.29502196193265007 0.0166015625 0.036603221083455345 0.9703896484375 0.2893484626647145 0.9783935546875 0.28911273792093706 0.97509765625 0.29593704245973645 0.9725869140625 0.3011142020497804 0.9776083984375 0.3011142020497804
0  0.4765625 0.23572474377745242 0.041015625 0.06734992679355783 0.479474609375 0.224796486090776 0.4908095703125 0.2311683748169839 0.491943359375 0.2337174231332357 0.4808916015625 0.24518887262079062 0.491943359375 0.25326207906295756
0  0.70166015625 0.25329428989751096 0.0419921875 0.06734992679355783 0.7026103515625 0.24622254758418738 0.7167099609375 0.251398243045388 0.7132568359375 0.2557130307467057 0.704625 0.26606588579795026 0.71728515625 0.27081112737920937
0  0.7509765625 0.4480234260614934 0.01953125 0.040995607613469986 0.747091796875 0.4384480234260615 0.7572802734375 0.4384480234260615 0.7520966796875 0.44648755490483166 0.748701171875 0.45908345534407025 0.75638671875 0.4582781844802343
0  0.822265625 0.41800878477306 0.01953125 0.0424597364568082 0.8189169921875 0.4130614934114202 0.828748046875 0.4130614934114202 0.82481640625 0.41975988286969257 0.8212412109375 0.4288726207906296 0.8271396484375 0.4288726207906296
0  0.96337890625 0.383601756954612 0.0185546875 0.03806734992679356 0.959908203125 0.3794055636896047 0.968689453125 0.3801508052708638 0.962890625 0.38859590043923864 0.9579208984375 0.3965431918008785 0.964712890625 0.396792093704246
0  0.9951171875 0.3850658857979502 0.009765625 0.029282576866764276 -0.0009765625 -0.0014641288433382138 -0.0009765625 -0.0014641288433382138 -0.0009765625 -0.0014641288433382138 -0.0009765625 -0.0014641288433382138 -0.0009765625 -0.0014641288433382138
