0  0.01513671875 0.22981770833333334 0.0302734375 0.08463541666666667 -0.007603515625 0.21847135416666666 0.0172646484375 0.21847135416666666 0.0056328125 0.23291015625 -0.0047958984375 0.2580455729166667 0.0116494140625 0.2564401041666667
0  0.294921875 0.3203125 0.07421875 0.11197916666666667 0.3081494140625 0.3013736979166667 0.3223916015625 0.30770442708333334 0.3197548828125 0.3295078125 0.2949609375 0.34498177083333337 0.3060390625 0.34990625000000003
0  0.40869140625 0.283203125 0.0458984375 0.09244791666666667 0.402099609375 0.2738333333333333 0.426078125 0.2749947916666667 0.4173583984375 0.295921875 0.4034072265625 0.3040598958333333 0.419974609375 0.3040598958333333
0  0.474609375 0.4264322916666667 0.041015625 0.08203125 0.4642158203125 0.4163645833333333 0.483833984375 0.4153177083333333 0.47441796875 0.4315364583333334 0.4681396484375 0.4498463541666667 0.4822646484375 0.4493229166666666
0  0.91162109375 0.2701822916666667 0.0869140625 0.12890625 0.88427734375 0.2638346354166667 0.900146484375 0.2556966145833333 0.8861083984375 0.2906901041666667 0.9013671875 0.3004557291666667 0.9166259765625 0.2923177083333333
0  0.78125 0.30078125 0.064453125 0.11458333333333333 0.7584189453125 0.29649739583333334 0.774767578125 0.29359114583333334 0.755693359375 0.31320963541666663 0.7660478515625 0.33791406249999995 0.774767578125 0.3350078125
0  0.646484375 0.2630208333333333 0.0546875 0.09375 0.62530078125 0.25884765625 0.6512802734375 0.2529765625 0.63630859375 0.28057031250000003 0.6354287109375 0.29055078125 0.6503994140625 0.28996354166666666
0  0.5654296875 0.3880208333333333 0.05859375 0.09375 0.5495302734375 0.37504036458333334 0.573748046875 0.37210546875 0.56009765625 0.3908919270833333 0.5574560546875 0.4108541666666667 0.5680234375 0.4108541666666667
0  0.6162109375 0.2604166666666667 0.037109375 0.078125 0.605228515625 0.2508723958333333 0.6211630859375 0.24889583333333332 0.6159755859375 0.26470703125 0.6115283203125 0.27804687499999997 0.6241279296875 0.27705859375
0  0.5859375 0.2643229166666667 0.03515625 0.07291666666666667 0.578015625 0.25586458333333334 0.594203125 0.25632421875 0.5845595703125 0.26872265624999997 0.579048828125 0.28066276041666666 0.59626953125 0.2820403645833333
0  0.52001953125 0.31640625 0.0439453125 0.0703125 0.50927734375 0.3076979166666667 0.5294189453125 0.30590885416666663 0.5183408203125 0.32470703125 0.512634765625 0.33679166666666666 0.527740234375 0.3376875
0  0.4794921875 0.2819010416666667 0.044921875 0.07682291666666667 -0.0009765625 -0.0013020833333333333 -0.0009765625 -0.0013020833333333333 -0.0009765625 -0.0013020833333333333 -0.0009765625 -0.0013020833333333333 -0.0009765625 -0.0013020833333333333
0  0.3349609375 0.3235677083333333 0.0546875 0.07942708333333333 0.3314384765625 0.30485546874999997 0.35040234375 0.32407291666666665 0.33864453125 0.3306484375 0.3196806640625 0.3316588541666667 0.3318173828125 0.3443020833333333
0  0.43115234375 0.2825520833333333 0.0185546875 0.0703125 -0.0009765625 -0.0013020833333333333 -0.0009765625 -0.0013020833333333333 -0.0009765625 -0.0013020833333333333 -0.0009765625 -0.0013020833333333333 -0.0009765625 -0.0013020833333333333
0  0.45166015625 0.2760416666666667 0.0283203125 0.0625 0.4457568359375 0.26175390625 0.4607978515625 0.2681705729166667 0.453578125 0.280203125 0.4454560546875 0.28902734375 0.4571884765625 0.29103255208333334
