0  0.23681640625 0.1936912008854455 0.0087890625 0.005534034311012728 -0.0009765625 -0.0005534034311012728 -0.0009765625 -0.0005534034311012728 -0.0009765625 -0.0005534034311012728 -0.0009765625 -0.0005534034311012728 -0.0009765625 -0.0005534034311012728
0  0.18798828125 0.1936912008854455 0.0087890625 0.005534034311012728 -0.0009765625 -0.0005534034311012728 -0.0009765625 -0.0005534034311012728 -0.0009765625 -0.0005534034311012728 -0.0009765625 -0.0005534034311012728 -0.0009765625 -0.0005534034311012728
0  0.1142578125 0.2080796900940786 0.005859375 0.004427227448810182 -0.0009765625 -0.0005534034311012728 -0.0009765625 -0.0005534034311012728 -0.0009765625 -0.0005534034311012728 -0.0009765625 -0.0005534034311012728 -0.0009765625 -0.0005534034311012728
0  0.08984375 0.2166574432761483 0.005859375 0.002767017155506364 -0.0009765625 -0.0005534034311012728 -0.0009765625 -0.0005534034311012728 -0.0009765625 -0.0005534034311012728 -0.0009765625 -0.0005534034311012728 -0.0009765625 -0.0005534034311012728
0  0.376953125 0.22136137244050913 0.0078125 0.005534034311012728 -0.0009765625 -0.0005534034311012728 -0.0009765625 -0.0005534034311012728 -0.0009765625 -0.0005534034311012728 -0.0009765625 -0.0005534034311012728 -0.0009765625 -0.0005534034311012728
0  0.4306640625 0.21997786386275595 0.005859375 0.004980630879911455 -0.0009765625 -0.0005534034311012728 -0.0009765625 -0.0005534034311012728 -0.0009765625 -0.0005534034311012728 -0.0009765625 -0.0005534034311012728 -0.0009765625 -0.0005534034311012728
0  0.56591796875 0.22993912562257887 0.0029296875 0.002767017155506364 -0.0009765625 -0.0005534034311012728 -0.0009765625 -0.0005534034311012728 -0.0009765625 -0.0005534034311012728 -0.0009765625 -0.0005534034311012728 -0.0009765625 -0.0005534034311012728
0  0.54736328125 0.22606530160486996 0.0048828125 0.002767017155506364 -0.0009765625 -0.0005534034311012728 -0.0009765625 -0.0005534034311012728 -0.0009765625 -0.0005534034311012728 -0.0009765625 -0.0005534034311012728 -0.0009765625 -0.0005534034311012728
0  0.52685546875 0.2280022136137244 0.0048828125 0.002213613724405091 -0.0009765625 -0.0005534034311012728 -0.0009765625 -0.0005534034311012728 -0.0009765625 -0.0005534034311012728 -0.0009765625 -0.0005534034311012728 -0.0009765625 -0.0005534034311012728
0  0.5888671875 0.23215273934698394 0.00390625 0.002767017155506364 -0.0009765625 -0.0005534034311012728 -0.0009765625 -0.0005534034311012728 -0.0009765625 -0.0005534034311012728 -0.0009765625 -0.0005534034311012728 -0.0009765625 -0.0005534034311012728
0  0.8251953125 0.19424460431654678 0.0078125 0.005534034311012728 -0.0009765625 -0.0005534034311012728 -0.0009765625 -0.0005534034311012728 -0.0009765625 -0.0005534034311012728 -0.0009765625 -0.0005534034311012728 -0.0009765625 -0.0005534034311012728
0  0.8076171875 0.19120088544548977 0.0078125 0.006087437742114001 -0.0009765625 -0.0005534034311012728 -0.0009765625 -0.0005534034311012728 -0.0009765625 -0.0005534034311012728 -0.0009765625 -0.0005534034311012728 -0.0009765625 -0.0005534034311012728
0  0.41259765625 0.29136690647482016 0.0205078125 0.010514665190924184 -0.0009765625 -0.0005534034311012728 -0.0009765625 -0.0005534034311012728 -0.0009765625 -0.0005534034311012728 -0.0009765625 -0.0005534034311012728 -0.0009765625 -0.0005534034311012728
0  0.150390625 0.2971776425013835 0.01171875 0.008854454897620365 0.1434716796875 0.2966734919756503 0.144474609375 0.2965600442722745 0.1430703125 0.29871942446043165 0.1461796875 0.3005943552850028 0.147181640625 0.3004239070282236
0  0.06005859375 0.3076923076923077 0.0146484375 0.008854454897620365 -0.0009765625 -0.0005534034311012728 -0.0009765625 -0.0005534034311012728 -0.0009765625 -0.0005534034311012728 -0.0009765625 -0.0005534034311012728 -0.0009765625 -0.0005534034311012728
0  0.33837890625 0.2825124515771998 0.0185546875 0.01162147205312673 -0.0009765625 -0.0005534034311012728 -0.0009765625 -0.0005534034311012728 -0.0009765625 -0.0005534034311012728 -0.0009765625 -0.0005534034311012728 -0.0009765625 -0.0005534034311012728
0  0.76171875 0.30049806308799115 0.015625 0.00996126175982291 0.757865234375 0.2965799667957941 0.765005859375 0.2963868289983398 0.7559375 0.3019756502490315 0.764552734375 0.30634311012728277 0.765005859375 0.30627891532927504
0  0.63427734375 0.30741560597675704 0.0107421875 0.008301051466519093 -0.0009765625 -0.0005534034311012728 -0.0009765625 -0.0005534034311012728 -0.0009765625 -0.0005534034311012728 -0.0009765625 -0.0005534034311012728 -0.0009765625 -0.0005534034311012728
0  0.32763671875 0.46928610957387934 0.0146484375 0.011068068622025456 0.3245849609375 0.46651909241837297 0.3275146484375 0.46658826784726065 0.3243408203125 0.4685251798561151 0.3248291015625 0.47080796900940786 0.327392578125 0.47080796900940786
0  0.17724609375 0.49252905368013283 0.0361328125 0.02213613724405091 0.1660810546875 0.48887271721084674 0.1780087890625 0.4890132816823465 0.172044921875 0.4950686220254566 0.172791015625 0.49915273934698395 0.1812392578125 0.49901162147205314
0  0.1064453125 0.4712230215827338 0.01171875 0.008301051466519093 0.100830078125 0.470256779192031 0.108751953125 0.46963198671831763 0.102634765625 0.47281405644714997 0.10584375 0.47650747094631984 0.1131630859375 0.4741211953514112
0  0.580078125 0.4499169894853348 0.03125 0.02324294410625346 0.568306640625 0.446655783065855 0.580078125 0.44576646375207524 0.573015625 0.45214056447149975 0.5703994140625 0.45614277808522413 0.5806015625 0.45614277808522413
0  0.60888671875 0.43359158826784727 0.0263671875 0.018262313226342003 -0.0009765625 -0.0005534034311012728 -0.0009765625 -0.0005534034311012728 -0.0009765625 -0.0005534034311012728 -0.0009765625 -0.0005534034311012728 -0.0009765625 -0.0005534034311012728
0  0.46875 0.43884892086330934 0.033203125 0.03431101272827892 -0.0009765625 -0.0005534034311012728 -0.0009765625 -0.0005534034311012728 -0.0009765625 -0.0005534034311012728 -0.0009765625 -0.0005534034311012728 -0.0009765625 -0.0005534034311012728
0  0.537109375 0.4501936912008854 0.015625 0.010514665190924184 -0.0009765625 -0.0005534034311012728 -0.0009765625 -0.0005534034311012728 -0.0009765625 -0.0005534034311012728 -0.0009765625 -0.0005534034311012728 -0.0009765625 -0.0005534034311012728
0  0.55517578125 0.4524073049252905 0.0087890625 0.007194244604316547 -0.0009765625 -0.0005534034311012728 -0.0009765625 -0.0005534034311012728 -0.0009765625 -0.0005534034311012728 -0.0009765625 -0.0005534034311012728 -0.0009765625 -0.0005534034311012728
0  0.79833984375 0.4676258992805755 0.0107421875 0.011068068622025456 -0.0009765625 -0.0005534034311012728 -0.0009765625 -0.0005534034311012728 -0.0009765625 -0.0005534034311012728 -0.0009765625 -0.0005534034311012728 -0.0009765625 -0.0005534034311012728
0  0.837890625 0.448256779192031 0.017578125 0.016602102933038185 0.8334658203125 0.44511178749308244 0.83608984375 0.4441555063641395 0.8336533203125 0.4501045932484782 0.8419013671875 0.4521234089651356 0.8424638671875 0.4520171555063641
0  0.71484375 0.47980077476480354 0.009765625 0.00996126175982291 -0.0009765625 -0.0005534034311012728 -0.0009765625 -0.0005534034311012728 -0.0009765625 -0.0005534034311012728 -0.0009765625 -0.0005534034311012728 -0.0009765625 -0.0005534034311012728
0  0.044921875 0.6472053126729386 0.013671875 0.010514665190924184 0.0416259765625 0.6442999446596569 0.0494384765625 0.6438848920863309 0.0460205078125 0.6465827338129496 0.043212890625 0.6494881018262313 0.050048828125 0.6492114001106807
0  0.1728515625 0.6568898727172109 0.0234375 0.02545655783065855 0.176478515625 0.6542169341449917 0.177341796875 0.6543796347537354 0.1784931640625 0.6609020475926951 0.16928515625 0.6618804648588822 0.1695732421875 0.6622064194798007
0  0.22509765625 0.6513558384061982 0.0263671875 0.01549529607083564 0.220724609375 0.6487493082457111 0.23234375 0.6506740453790814 0.2260869140625 0.6541178749308245 0.218580078125 0.6546242390702822 0.2246572265625 0.6560426120641948
0  0.47607421875 0.6001660210293304 0.0068359375 0.004980630879911455 -0.0009765625 -0.0005534034311012728 -0.0009765625 -0.0005534034311012728 -0.0009765625 -0.0005534034311012728 -0.0009765625 -0.0005534034311012728 -0.0009765625 -0.0005534034311012728
0  0.4267578125 0.6045932484781406 0.005859375 0.002767017155506364 -0.0009765625 -0.0005534034311012728 -0.0009765625 -0.0005534034311012728 -0.0009765625 -0.0005534034311012728 -0.0009765625 -0.0005534034311012728 -0.0009765625 -0.0005534034311012728
0  0.39892578125 0.6076369673491976 0.0048828125 0.003320420586607637 -0.0009765625 -0.0005534034311012728 -0.0009765625 -0.0005534034311012728 -0.0009765625 -0.0005534034311012728 -0.0009765625 -0.0005534034311012728 -0.0009765625 -0.0005534034311012728
0  0.65234375 0.5633646928610957 0.029296875 0.01992252351964582 0.64479296875 0.5600243497509685 0.6593017578125 0.5588682899833979 0.6527275390625 0.5652916436081904 0.647513671875 0.567218594355285 0.6595283203125 0.5663193137797454
0  0.62353515625 0.5666851134477033 0.0283203125 0.01992252351964582 0.620361328125 0.5636021029330381 0.633509765625 0.5639872717210846 0.6282958984375 0.5664283342556724 0.620361328125 0.5709247371333702 0.6312431640625 0.5710531267293857
0  0.62646484375 0.6427780852241284 0.0419921875 0.026009961261759824 0.630955078125 0.6421754288876591 0.6323935546875 0.6421754288876591 0.6392998046875 0.6485345877144438 0.622611328125 0.650491422246818 0.6231865234375 0.6509800774764803
0  0.6796875 0.6524626452684007 0.03125 0.02213613724405091 0.6717529296875 0.6482429441062535 0.6846748046875 0.6509186496956282 0.6715048828125 0.6538760376314333 0.66777734375 0.6565511898173768 0.676474609375 0.6583818483674598
0  0.82177734375 0.615661317100166 0.0185546875 0.01383508577753182 0.824916015625 0.6127166574432762 0.8307236328125 0.6126275594908689 0.8321357421875 0.6166297731045932 0.82350390625 0.6195650249031545 0.82978125 0.6199203099059214
0  0.759765625 0.6353071389042612 0.005859375 0.005534034311012728 -0.0009765625 -0.0005534034311012728 -0.0009765625 -0.0005534034311012728 -0.0009765625 -0.0005534034311012728 -0.0009765625 -0.0005534034311012728 -0.0009765625 -0.0005534034311012728
0  0.712890625 0.6281128942999447 0.0078125 0.005534034311012728 -0.0009765625 -0.0005534034311012728 -0.0009765625 -0.0005534034311012728 -0.0009765625 -0.0005534034311012728 -0.0009765625 -0.0005534034311012728 -0.0009765625 -0.0005534034311012728
0  0.90771484375 0.6925843940232429 0.0126953125 0.007194244604316547 -0.0009765625 -0.0005534034311012728 -0.0009765625 -0.0005534034311012728 -0.0009765625 -0.0005534034311012728 -0.0009765625 -0.0005534034311012728 -0.0009765625 -0.0005534034311012728
0  0.1376953125 0.7902600996126176 0.009765625 0.00774764803541782 0.1338935546875 0.789114001106807 0.138689453125 0.789114001106807 0.1365966796875 0.7904477033757609 0.13555078125 0.791584394023243 0.1383408203125 0.7916336469286109
0  0.10888671875 0.7946873270614278 0.0087890625 0.006640841173215274 0.1065146484375 0.7942423907028223 0.1102822265625 0.7938422800221361 0.1084765625 0.7956657443276148 0.1077705078125 0.7969551743220807 0.1098896484375 0.7964659656889872
0  0.08740234375 0.7999446596568899 0.0068359375 0.004980630879911455 -0.0009765625 -0.0005534034311012728 -0.0009765625 -0.0005534034311012728 -0.0009765625 -0.0005534034311012728 -0.0009765625 -0.0005534034311012728 -0.0009765625 -0.0005534034311012728
0  0.09228515625 0.7924737133370227 0.0068359375 0.005534034311012728 -0.0009765625 -0.0005534034311012728 -0.0009765625 -0.0005534034311012728 -0.0009765625 -0.0005534034311012728 -0.0009765625 -0.0005534034311012728 -0.0009765625 -0.0005534034311012728
0  0.044921875 0.7916436081903708 0.0078125 0.004980630879911455 -0.0009765625 -0.0005534034311012728 -0.0009765625 -0.0005534034311012728 -0.0009765625 -0.0005534034311012728 -0.0009765625 -0.0005534034311012728 -0.0009765625 -0.0005534034311012728
0  0.404296875 0.7230215827338129 0.009765625 0.004980630879911455 -0.0009765625 -0.0005534034311012728 -0.0009765625 -0.0005534034311012728 -0.0009765625 -0.0005534034311012728 -0.0009765625 -0.0005534034311012728 -0.0009765625 -0.0005534034311012728
0  0.45703125 0.725235196458218 0.005859375 0.00387382401770891 -0.0009765625 -0.0005534034311012728 -0.0009765625 -0.0005534034311012728 -0.0009765625 -0.0005534034311012728 -0.0009765625 -0.0005534034311012728 -0.0009765625 -0.0005534034311012728
0  0.2001953125 0.7855561704482568 0.01953125 0.012728278915329275 -0.0009765625 -0.0005534034311012728 -0.0009765625 -0.0005534034311012728 -0.0009765625 -0.0005534034311012728 -0.0009765625 -0.0005534034311012728 -0.0009765625 -0.0005534034311012728
0  0.23876953125 0.7750415052573326 0.0126953125 0.010514665190924184 -0.0009765625 -0.0005534034311012728 -0.0009765625 -0.0005534034311012728 -0.0009765625 -0.0005534034311012728 -0.0009765625 -0.0005534034311012728 -0.0009765625 -0.0005534034311012728
0  0.4482421875 0.8254012174875485 0.025390625 0.01715550636413946 0.4412802734375 0.8205096845600443 0.4440263671875 0.8205096845600443 0.436375 0.8231776425013835 0.4408876953125 0.8270686220254565 0.44245703125 0.8270686220254565
0  0.376953125 0.8256779192030991 0.015625 0.013281682346430549 -0.0009765625 -0.0005534034311012728 -0.0009765625 -0.0005534034311012728 -0.0009765625 -0.0005534034311012728 -0.0009765625 -0.0005534034311012728 -0.0009765625 -0.0005534034311012728
0  0.15478515625 0.9457664637520753 0.0205078125 0.01549529607083564 0.1497626953125 0.9443237410071943 0.157958984375 0.9420509131156614 0.1556923828125 0.9462014388489209 0.153599609375 0.9490669618151633 0.1593544921875 0.9472883231876038
0  0.1259765625 0.9490868843386829 0.017578125 0.012174875484228001 0.121791015625 0.9479800774764804 0.1300224609375 0.9467149972329828 0.126673828125 0.9503519645821804 0.123326171875 0.9519330381848368 0.1309990234375 0.9508262313226342
0  0.08349609375 0.9598782512451577 0.0185546875 0.01383508577753182 -0.0009765625 -0.0005534034311012728 -0.0009765625 -0.0005534034311012728 -0.0009765625 -0.0005534034311012728 -0.0009765625 -0.0005534034311012728 -0.0009765625 -0.0005534034311012728
0  0.04833984375 0.9571112340896514 0.0283203125 0.01715550636413946 0.0496826171875 0.9520514665190924 0.0594658203125 0.955530160486995 0.05562890625 0.9560736026563365 0.0445029296875 0.9580304371887106 0.05390234375 0.9610741560597676
0  0.10205078125 0.9460431654676259 0.0146484375 0.009407858328721638 -0.0009765625 -0.0005534034311012728 -0.0009765625 -0.0005534034311012728 -0.0009765625 -0.0005534034311012728 -0.0009765625 -0.0005534034311012728 -0.0009765625 -0.0005534034311012728
0  0.16845703125 0.935251798561151 0.0087890625 0.006640841173215274 -0.0009765625 -0.0005534034311012728 -0.0009765625 -0.0005534034311012728 -0.0009765625 -0.0005534034311012728 -0.0009765625 -0.0005534034311012728 -0.0009765625 -0.0005534034311012728
0  0.498046875 0.9341449916989485 0.048828125 0.03431101272827892 0.4932333984375 0.9271881571665744 0.5151015625 0.9284925290536802 0.5074287109375 0.935666851134477 0.48978125 0.9382755949086884 0.510498046875 0.9391455451023797
0  0.61083984375 0.939955727725512 0.0478515625 0.033757609297177645 0.596697265625 0.9335987825124515 0.6179375 0.9333840619811843 0.60238671875 0.9411217487548422 0.5974560546875 0.9449905921416712 0.6179375 0.945420586607637
0  0.8671875 0.8967902600996126 0.033203125 0.020475926950747094 0.856994140625 0.8920470392916436 0.8715517578125 0.8903447703375761 0.8636953125 0.8951892639734366 0.8593056640625 0.9000343110127283 0.873630859375 0.8988555617044826
0  0.80810546875 0.8962368566685114 0.0302734375 0.020475926950747094 0.8036630859375 0.8927017155506365 0.8179892578125 0.8930940785832872 0.8122119140625 0.8984626452684006 0.80389453125 0.900819590481461 0.81637109375 0.9010813503043719
0  0.94384765625 0.774764803541782 0.0107421875 0.00774764803541782 0.943865234375 0.7742213613724406 0.9490966796875 0.7740730492529053 0.9467421875 0.7761483121195352 0.9442138671875 0.7775810736026563 0.9470908203125 0.7775810736026563
0  0.85595703125 0.7728278915329275 0.0302734375 0.01936912008854455 0.849212890625 0.7693691200885445 0.86245703125 0.7679164360819037 0.8575439453125 0.772153292750415 0.85369921875 0.7771167681239624 0.8643798828125 0.7759059214167128
0  0.80029296875 0.7753182069728832 0.0283203125 0.018815716657443277 0.7945732421875 0.7749623685666851 0.8067099609375 0.772590481460985 0.8031533203125 0.7769784172661871 0.799595703125 0.7813663530713891 0.8081748046875 0.7799429994465965
0  0.7509765625 0.7794687327061428 0.029296875 0.020475926950747094 0.7512080078125 0.7748561151079136 0.763916015625 0.7748561151079136 0.76021875 0.7786535694521306 0.751669921875 0.7819269507470946 0.7611435546875 0.7829745434421693
0  0.7138671875 0.7880464858882125 0.02734375 0.01992252351964582 0.715201171875 0.783940232429441 0.72520703125 0.7845705589374654 0.7227607421875 0.7889806308799115 0.711421875 0.790366353071389 0.7214267578125 0.7925080243497509
0  0.65576171875 0.7789153292750415 0.0322265625 0.020475926950747094 0.652326171875 0.7755556170448257 0.66796875 0.7750415052573326 0.6638876953125 0.7799230769230768 0.6536865234375 0.7818505810736027 0.668421875 0.7817216380741561
0  0.93212890625 0.9560044272274488 0.0322265625 0.018262313226342003 0.9261865234375 0.9564687327061427 0.9360224609375 0.9515921416712784 0.9374560546875 0.957978417266187 0.9352021484375 0.9621588267847261 0.943193359375 0.9585589374654123
0  0.89501953125 0.9607083563918096 0.0283203125 0.018815716657443277 -0.0009765625 -0.0005534034311012728 -0.0009765625 -0.0005534034311012728 -0.0009765625 -0.0005534034311012728 -0.0009765625 -0.0005534034311012728 -0.0009765625 -0.0005534034311012728
0  0.7021484375 0.9507470946319867 0.005859375 0.004427227448810182 -0.0009765625 -0.0005534034311012728 -0.0009765625 -0.0005534034311012728 -0.0009765625 -0.0005534034311012728 -0.0009765625 -0.0005534034311012728 -0.0009765625 -0.0005534034311012728
0  0.6953125 0.9764803541781959 0.0078125 0.006087437742114001 -0.0009765625 -0.0005534034311012728 -0.0009765625 -0.0005534034311012728 -0.0009765625 -0.0005534034311012728 -0.0009765625 -0.0005534034311012728 -0.0009765625 -0.0005534034311012728
0  0.7138671875 0.9714997232982845 0.005859375 0.004980630879911455 -0.0009765625 -0.0005534034311012728 -0.0009765625 -0.0005534034311012728 -0.0009765625 -0.0005534034311012728 -0.0009765625 -0.0005534034311012728 -0.0009765625 -0.0005534034311012728
0  0.71533203125 0.9493635860542335 0.0068359375 0.00387382401770891 -0.0009765625 -0.0005534034311012728 -0.0009765625 -0.0005534034311012728 -0.0009765625 -0.0005534034311012728 -0.0009765625 -0.0005534034311012728 -0.0009765625 -0.0005534034311012728
0  0.751953125 0.9540675152185943 0.005859375 0.003320420586607637 -0.0009765625 -0.0005534034311012728 -0.0009765625 -0.0005534034311012728 -0.0009765625 -0.0005534034311012728 -0.0009765625 -0.0005534034311012728 -0.0009765625 -0.0005534034311012728
0  0.76904296875 0.954344216934145 0.0048828125 0.00387382401770891 -0.0009765625 -0.0005534034311012728 -0.0009765625 -0.0005534034311012728 -0.0009765625 -0.0005534034311012728 -0.0009765625 -0.0005534034311012728 -0.0009765625 -0.0005534034311012728
0  0.9091796875 0.039568345323741004 0.02734375 0.018262313226342003 0.9054130859375 0.03620863309352518 0.915248046875 0.035378527946873274 0.9110634765625 0.03941007194244604 0.9054130859375 0.04296790260099612 0.916294921875 0.0417819590481461
0  0.8466796875 0.04261206419479801 0.025390625 0.016602102933038185 0.8431923828125 0.039360819037078026 0.8535029296875 0.03914831211953514 0.8493779296875 0.04244161593801881 0.8431923828125 0.045416159380188156 0.854814453125 0.04509739900387382
0  0.5869140625 0.21472053126729385 0.00390625 0.002213613724405091 -0.0009765625 -0.0005534034311012728 -0.0009765625 -0.0005534034311012728 -0.0009765625 -0.0005534034311012728 -0.0009765625 -0.0005534034311012728 -0.0009765625 -0.0005534034311012728
0  0.5517578125 0.21333702268954066 0.00390625 0.002767017155506364 -0.0009765625 -0.0005534034311012728 -0.0009765625 -0.0005534034311012728 -0.0009765625 -0.0005534034311012728 -0.0009765625 -0.0005534034311012728 -0.0009765625 -0.0005534034311012728
0  0.53369140625 0.21693414499169894 0.0048828125 0.002213613724405091 -0.0009765625 -0.0005534034311012728 -0.0009765625 -0.0005534034311012728 -0.0009765625 -0.0005534034311012728 -0.0009765625 -0.0005534034311012728 -0.0009765625 -0.0005534034311012728
0  0.52685546875 0.21140011068068623 0.0048828125 0.003320420586607637 -0.0009765625 -0.0005534034311012728 -0.0009765625 -0.0005534034311012728 -0.0009765625 -0.0005534034311012728 -0.0009765625 -0.0005534034311012728 -0.0009765625 -0.0005534034311012728
0  0.48193359375 0.2210846707249585 0.0029296875 0.002767017155506364 -0.0009765625 -0.0005534034311012728 -0.0009765625 -0.0005534034311012728 -0.0009765625 -0.0005534034311012728 -0.0009765625 -0.0005534034311012728 -0.0009765625 -0.0005534034311012728
0  0.85400390625 0.33231876037631436 0.0087890625 0.007194244604316547 -0.0009765625 -0.0005534034311012728 -0.0009765625 -0.0005534034311012728 -0.0009765625 -0.0005534034311012728 -0.0009765625 -0.0005534034311012728 -0.0009765625 -0.0005534034311012728
0  0.537109375 0.6358605423353625 0.013671875 0.008854454897620365 -0.0009765625 -0.0005534034311012728 -0.0009765625 -0.0005534034311012728 -0.0009765625 -0.0005534034311012728 -0.0009765625 -0.0005534034311012728 -0.0009765625 -0.0005534034311012728
0  0.57861328125 0.21776425013835085 0.0048828125 0.00387382401770891 -0.0009765625 -0.0005534034311012728 -0.0009765625 -0.0005534034311012728 -0.0009765625 -0.0005534034311012728 -0.0009765625 -0.0005534034311012728 -0.0009765625 -0.0005534034311012728
