0  0.0576171875 0.2978142076502732 0.044921875 0.06284153005464481 0.046482421875 0.2845314207650273 0.06719921875 0.2849330601092896 0.0574169921875 0.2990218579234972 0.0479208984375 0.3094877049180328 0.0674873046875 0.30908469945355194
0  0.19580078125 0.2725409836065574 0.0380859375 0.05874316939890711 0.1904990234375 0.2608920765027323 0.207798828125 0.2608920765027323 0.20023046875 0.2718579234972678 0.1915810546875 0.28471448087431694 0.2053662109375 0.28471448087431694
0  0.33056640625 0.29439890710382516 0.0302734375 0.05327868852459016 0.3269521484375 0.2856775956284153 0.340859375 0.28400000000000003 0.3377421875 0.2957404371584699 0.3288701171875 0.3058032786885246 0.3403798828125 0.30278415300546446
0  0.296875 0.47062841530054644 0.04296875 0.05874316939890711 0.2958984375 0.4592841530054645 0.310224609375 0.4589071038251366 0.3040078125 0.47781284153005465 0.2929248046875 0.48386338797814205 0.307521484375 0.4827281420765028
0  0.478515625 0.27595628415300544 0.037109375 0.060109289617486336 0.4757607421875 0.26513661202185795 0.4930595703125 0.26362431693989075 0.4868427734375 0.2791270491803279 0.478193359375 0.2889590163934426 0.492248046875 0.2874467213114754
0  0.59423828125 0.30601092896174864 0.0322265625 0.05191256830601093 0.5944697265625 0.2966065573770492 0.6076572265625 0.3023087431693989 0.6023818359375 0.31069535519125685 0.5901533203125 0.31639754098360656 0.602142578125 0.3224344262295082
0  0.5498046875 0.42827868852459017 0.041015625 0.06420765027322405 0.5391884765625 0.4146543715846994 0.5584677734375 0.413837431693989 0.55145703125 0.42772950819672134 0.5400654296875 0.4395792349726776 0.559927734375 0.43917076502732244
0  0.40087890625 0.44330601092896177 0.0400390625 0.06420765027322405 0.3896787109375 0.43390846994535515 0.4086650390625 0.42941256830601093 0.399318359375 0.44167213114754095 0.3943525390625 0.4588333333333333 0.409833984375 0.45474726775956287
0  0.83544921875 0.3135245901639344 0.0322265625 0.05327868852459016 0.828125 0.3056693989071038 0.844482421875 0.3049863387978142 0.8369140625 0.3193306010928962 0.829345703125 0.3271857923497268 0.842041015625 0.3254781420765027
0  0.8994140625 0.2766393442622951 0.041015625 0.06420765027322405 0.88810546875 0.2668306010928962 0.906943359375 0.26229508196721313 0.898583984375 0.2785109289617486 0.89263671875 0.29116120218579233 0.908447265625 0.2875409836065574
0  0.76123046875 0.305327868852459 0.0322265625 0.050546448087431695 0.75101171875 0.30241939890710384 0.76464453125 0.29498497267759566 0.7577119140625 0.30759016393442623 0.75586328125 0.3198729508196721 0.7683408203125 0.31179234972677594
0  0.693359375 0.26844262295081966 0.037109375 0.05874316939890711 0.686654296875 0.25528142076502736 0.70125 0.2530122950819672 0.69557421875 0.26738114754098363 0.6871953125 0.2802377049180328 0.701791015625 0.27834699453551914
