0  0.16845703125 0.3039772727272727 0.0361328125 0.10037878787878787 0.161921875 0.29890340909090907 0.1799052734375 0.29890340909090907 0.171404296875 0.3166590909090909 0.1638837890625 0.32997727272727273 0.1782705078125 0.33124431818181815
0  0.4970703125 0.06912878787878787 0.025390625 0.058712121212121215 0.4910888671875 0.06646590909090909 0.502271484375 0.06912878787878787 0.495796875 0.0805435606060606 0.492265625 0.08510984848484848 0.5012900390625 0.08586931818181819
0  0.5830078125 0.21875 0.025390625 0.0625 0.5767822265625 0.21645833333333334 0.5769873046875 0.21526704545454545 0.577806640625 0.2295719696969697 0.5833388671875 0.2343409090909091 0.5837490234375 0.2331496212121212
0  0.40625 0.17708333333333334 0.02734375 0.07765151515151515 0.4065380859375 0.1658371212121212 0.40704296875 0.16485795454545454 0.4153876953125 0.17417424242424243 0.4103310546875 0.19281060606060607 0.411341796875 0.19182954545454545
0  0.6005859375 0.6723484848484849 0.033203125 0.07954545454545454 0.6101162109375 0.6698541666666666 0.6114462890625 0.6703693181818181 0.612775390625 0.6873901515151515 0.604 0.696157196969697 0.606392578125 0.696157196969697
0  0.501953125 0.6553030303030303 0.033203125 0.07575757575757576 0.505859375 0.6515151515151515 0.513671875 0.6458333333333334 0.5166015625 0.6553030303030303 0.5126953125 0.6742424242424242 0.51953125 0.6704545454545454
0  0.4189453125 0.5899621212121212 0.033203125 0.0928030303030303 0.4235712890625 0.5724602272727273 0.4223671875 0.5724602272727273 0.434400390625 0.5917121212121211 0.432595703125 0.6121306818181818 0.431392578125 0.6127140151515151
0  0.85595703125 0.24337121212121213 0.0830078125 0.22537878787878787 0.872314453125 0.22537878787878787 0.886962890625 0.22964015151515152 0.894287109375 0.2665719696969697 0.86572265625 0.2978219696969697 0.881103515625 0.3035037878787879
0  0.6591796875 0.696969696969697 0.009765625 0.026515151515151516 0.662109375 0.696969696969697 0.6630859375 0.696969696969697 0.6640625 0.7045454545454546 0.6611328125 0.7064393939393939 0.6611328125 0.7083333333333334
0  0.6298828125 0.6950757575757576 0.009765625 0.022727272727272728 0.630859375 0.6875 0.6328125 0.6875 0.634765625 0.6912878787878788 0.6337890625 0.6988636363636364 0.634765625 0.696969696969697
