0  0.8125 0.16536458333333334 0.052734375 0.0390625 0.796447265625 0.15886263020833333 0.8197939453125 0.15812174479166666 0.8042294921875 0.16676822916666667 0.7986708984375 0.17467382812499999 0.8127529296875 0.17467382812499999
0  0.9736328125 0.11979166666666667 0.04296875 0.029947916666666668 0.9607060546875 0.11474348958333334 0.98054296875 0.113609375 0.9666572265625 0.11682161458333333 0.959005859375 0.12758984375000001 0.9754423828125 0.12588932291666668
0  0.88232421875 0.0517578125 0.0361328125 0.031901041666666664 0.868408203125 0.048177083333333336 0.880615234375 0.046142578125 0.870849609375 0.053466796875 0.87481640625 0.058145833333333334 0.8818359375 0.05712890625
0  0.46337890625 0.10904947916666667 0.1142578125 0.08528645833333333 0.43160546875 0.09481966145833333 0.4837470703125 0.09375 0.4564736328125 0.11674544270833333 0.4404296875 0.12690690104166666 0.479736328125 0.12690690104166666
0  0.2080078125 0.10123697916666667 0.126953125 0.07486979166666667 0.209115234375 0.09186979166666666 0.232251953125 0.09240169270833333 0.2314541015625 0.12165494791666666 0.1899677734375 0.12059114583333334 0.192361328125 0.12112304687499999
0  0.02294921875 0.07486979166666667 0.0224609375 0.018229166666666668 -0.0009765625 -0.0006510416666666666 -0.0009765625 -0.0006510416666666666 -0.0009765625 -0.0006510416666666666 -0.0009765625 -0.0006510416666666666 -0.0009765625 -0.0006510416666666666
0  0.6689453125 0.166015625 0.046875 0.0390625 0.6595634765625 0.160501953125 0.6829091796875 0.15877278645833334 0.6721630859375 0.16593684895833333 0.664380859375 0.17730143229166664 0.681056640625 0.17532486979166664
0  0.556640625 0.1552734375 0.037109375 0.030598958333333332 0.5469443359375 0.15360546875 0.564208984375 0.15418033854166666 0.55269921875 0.158208984375 0.5503974609375 0.16223697916666666 0.55960546875 0.16262109375
0  0.70654296875 0.095703125 0.0283203125 0.026041666666666668 0.7000908203125 0.09256119791666667 0.712267578125 0.09272721354166667 0.7065517578125 0.09869075520833333 0.700587890625 0.10498632812499999 0.712267578125 0.1048203125
0  0.7880859375 0.06315104166666667 0.009765625 0.009114583333333334 -0.0009765625 -0.0006510416666666666 -0.0009765625 -0.0006510416666666666 -0.0009765625 -0.0006510416666666666 -0.0009765625 -0.0006510416666666666 -0.0009765625 -0.0006510416666666666
0  0.7529296875 0.0595703125 0.0078125 0.007161458333333333 -0.0009765625 -0.0006510416666666666 -0.0009765625 -0.0006510416666666666 -0.0009765625 -0.0006510416666666666 -0.0009765625 -0.0006510416666666666 -0.0009765625 -0.0006510416666666666
0  0.7177734375 0.059895833333333336 0.0078125 0.0078125 -0.0009765625 -0.0006510416666666666 -0.0009765625 -0.0006510416666666666 -0.0009765625 -0.0006510416666666666 -0.0009765625 -0.0006510416666666666 -0.0009765625 -0.0006510416666666666
0  0.6923828125 0.056966145833333336 0.009765625 0.007161458333333333 -0.0009765625 -0.0006510416666666666 -0.0009765625 -0.0006510416666666666 -0.0009765625 -0.0006510416666666666 -0.0009765625 -0.0006510416666666666 -0.0009765625 -0.0006510416666666666
0  0.63330078125 0.055338541666666664 0.0068359375 0.0078125 -0.0009765625 -0.0006510416666666666 -0.0009765625 -0.0006510416666666666 -0.0009765625 -0.0006510416666666666 -0.0009765625 -0.0006510416666666666 -0.0009765625 -0.0006510416666666666
0  0.61083984375 0.058919270833333336 0.0068359375 0.007161458333333333 -0.0009765625 -0.0006510416666666666 -0.0009765625 -0.0006510416666666666 -0.0009765625 -0.0006510416666666666 -0.0009765625 -0.0006510416666666666 -0.0009765625 -0.0006510416666666666
0  0.64794921875 0.0546875 0.0087890625 0.006510416666666667 -0.0009765625 -0.0006510416666666666 -0.0009765625 -0.0006510416666666666 -0.0009765625 -0.0006510416666666666 -0.0009765625 -0.0006510416666666666 -0.0009765625 -0.0006510416666666666
0  0.79248046875 0.12955729166666666 0.0400390625 0.03515625 0.784703125 0.12226822916666667 0.8025947265625 0.12580208333333334 0.79000390625 0.12955729166666666 0.7803955078125 0.13706770833333334 0.7936484375 0.13905533854166666
0  0.3408203125 0.18196614583333334 0.029296875 0.027994791666666668 0.3316826171875 0.17749609375 0.34168359375 0.17857747395833334 0.33222265625 0.18434375 0.332763671875 0.18956966145833332 0.33898046875 0.19011002604166669
0  0.75390625 0.15983072916666666 0.046875 0.039713541666666664 0.742169921875 0.157005859375 0.766166015625 0.15400651041666666 0.75341796875 0.16200455729166666 0.743669921875 0.16925325520833334 0.763166015625 0.16775390625
0  0.65869140625 0.1240234375 0.0498046875 0.034505208333333336 -0.0009765625 -0.0006510416666666666 -0.0009765625 -0.0006510416666666666 -0.0009765625 -0.0006510416666666666 -0.0009765625 -0.0006510416666666666 -0.0009765625 -0.0006510416666666666
0  0.36328125 0.166015625 0.037109375 0.02734375 -0.0009765625 -0.0006510416666666666 -0.0009765625 -0.0006510416666666666 -0.0009765625 -0.0006510416666666666 -0.0009765625 -0.0006510416666666666 -0.0009765625 -0.0006510416666666666
0  0.9755859375 0.20377604166666666 0.046875 0.036458333333333336 -0.0009765625 -0.0006510416666666666 -0.0009765625 -0.0006510416666666666 -0.0009765625 -0.0006510416666666666 -0.0009765625 -0.0006510416666666666 -0.0009765625 -0.0006510416666666666
