0  0.70068359375 0.22794552989934871 0.0419921875 0.03433984606275903 0.6886162109375 0.22304262877442274 0.710689453125 0.22304262877442274 0.698748046875 0.22852693901716994 0.6911494140625 0.2348892835997632 0.705623046875 0.2348892835997632
0  0.49609375 0.1891651865008881 0.115234375 0.07992895204262877 0.4825390625 0.1763173475429248 0.53341796875 0.17272942569567792 0.5208203125 0.1917880402605092 0.493603515625 0.20943753700414447 0.534970703125 0.20640615748963884
0  0.23876953125 0.24126702190645352 0.0419921875 0.03019538188277087 0.2310615234375 0.2348809946714032 0.2508369140625 0.2352616933096507 0.2411064453125 0.24135168738898755 0.2310615234375 0.24668028419182947 0.2486396484375 0.24706098283007696
0  0.326171875 0.22350503256364712 0.01953125 0.013617525162818236 0.3203603515625 0.22132445233866194 0.3268349609375 0.2205393724097099 0.3216552734375 0.2249005328596803 0.32223046875 0.2269940793368857 0.3272666015625 0.2266453522794553
0  0.376953125 0.22972172883362937 0.017578125 0.013025458851391355 -0.0009765625 -0.0005920663114268798 -0.0009765625 -0.0005920663114268798 -0.0009765625 -0.0005920663114268798 -0.0009765625 -0.0005920663114268798 -0.0009765625 -0.0005920663114268798
0  0.2685546875 0.2353463587921847 0.02734375 0.02427471876850207 -0.0009765625 -0.0005920663114268798 -0.0009765625 -0.0005920663114268798 -0.0009765625 -0.0005920663114268798 -0.0009765625 -0.0005920663114268798 -0.0009765625 -0.0005920663114268798
0  0.107421875 0.2329780935464772 0.013671875 0.010065127294256957 0.104736328125 0.2319206631142688 0.110595703125 0.2313499111900533 0.1087119140625 0.23401420959147423 0.1066201171875 0.23623445825932504 0.110595703125 0.23591711071640023
0  0.0263671875 0.21462403789224394 0.033203125 0.03256364712847839 0.0214580078125 0.2077306098283008 0.0384609375 0.20690586145648313 0.0333603515625 0.21453404381290705 0.02519921875 0.2213374777975133 0.039140625 0.22071936056838368
0  0.39208984375 0.24837181764357608 0.0146484375 0.008880994671403197 -0.0009765625 -0.0005920663114268798 -0.0009765625 -0.0005920663114268798 -0.0009765625 -0.0005920663114268798 -0.0009765625 -0.0005920663114268798 -0.0009765625 -0.0005920663114268798
0  0.8583984375 0.20367081113084665 0.041015625 0.028419182948490232 -0.0009765625 -0.0005920663114268798 -0.0009765625 -0.0005920663114268798 -0.0009765625 -0.0005920663114268798 -0.0009765625 -0.0005920663114268798 -0.0009765625 -0.0005920663114268798
0  0.88671875 0.21492007104795738 0.041015625 0.046181172291296625 -0.0009765625 -0.0005920663114268798 -0.0009765625 -0.0005920663114268798 -0.0009765625 -0.0005920663114268798 -0.0009765625 -0.0005920663114268798 -0.0009765625 -0.0005920663114268798
0  0.548828125 0.21699230313795145 0.021484375 0.021906453522794554 -0.0009765625 -0.0005920663114268798 -0.0009765625 -0.0005920663114268798 -0.0009765625 -0.0005920663114268798 -0.0009765625 -0.0005920663114268798 -0.0009765625 -0.0005920663114268798
0  0.9697265625 0.21699230313795145 0.060546875 0.06335109532267615 -0.0009765625 -0.0005920663114268798 -0.0009765625 -0.0005920663114268798 -0.0009765625 -0.0005920663114268798 -0.0009765625 -0.0005920663114268798 -0.0009765625 -0.0005920663114268798
