0  0.140625 0.3190104166666667 0.01953125 0.028645833333333332 0.140625 0.31640625 0.1474609375 0.3151041666666667 0.1455078125 0.3203125 0.1396484375 0.3268229166666667 0.1474609375 0.3255208333333333
0  0.18310546875 0.3170572916666667 0.0166015625 0.029947916666666668 0.185119140625 0.3146041666666667 0.1905869140625 0.31441276041666666 0.1897236328125 0.31978385416666666 0.1867021484375 0.3234283854166667 0.1904423828125 0.32323697916666666
0  0.21826171875 0.3307291666666667 0.0146484375 0.026041666666666668 0.2161865234375 0.3251953125 0.222412109375 0.3251953125 0.21923828125 0.3302408854166667 0.21533203125 0.333984375 0.221435546875 0.3346354166666667
0  0.2587890625 0.3177083333333333 0.015625 0.026041666666666668 0.2574462890625 0.3160807291666667 0.2633056640625 0.3160807291666667 0.2608642578125 0.3209635416666667 0.25732421875 0.3234049479166667 0.2626953125 0.32373046875
0  0.2900390625 0.3059895833333333 0.015625 0.028645833333333332 0.2889931640625 0.3011536458333333 0.29541015625 0.30078125 0.293736328125 0.3054309895833333 0.2906669921875 0.3098958333333333 0.2949912109375 0.3095234375
0  0.3251953125 0.3352864583333333 0.013671875 0.022135416666666668 0.3212890625 0.3333333333333333 0.328125 0.3333333333333333 0.3251953125 0.3359375 0.3212890625 0.33984375 0.328125 0.33984375
0  0.3427734375 0.3098958333333333 0.01171875 0.020833333333333332 0.3403798828125 0.30670442708333334 0.3453935546875 0.30683854166666663 0.3432880859375 0.31071484374999997 0.3394775390625 0.31325520833333337 0.3456943359375 0.31379036458333337
0  0.37841796875 0.3248697916666667 0.0126953125 0.024739583333333332 0.3763427734375 0.32177734375 0.3824462890625 0.32080078125 0.37939453125 0.32666015625 0.3775634765625 0.3291015625 0.3814697265625 0.3284505208333333
0  0.4208984375 0.3287760416666667 0.01171875 0.022135416666666668 0.4184833984375 0.3255559895833333 0.423923828125 0.3254049479166667 0.4214306640625 0.32978776041666663 0.4187099609375 0.3326588541666667 0.423810546875 0.3323567708333333
0  0.4462890625 0.328125 0.01171875 0.020833333333333332 0.4443359375 0.3255208333333333 0.451171875 0.3255208333333333 0.447265625 0.3294270833333333 0.4453125 0.3333333333333333 0.4501953125 0.3333333333333333
0  0.48193359375 0.345703125 0.0126953125 0.01953125 0.479326171875 0.343296875 0.483939453125 0.34423307291666666 0.4817333984375 0.34717317708333334 0.47892578125 0.34984765624999997 0.483337890625 0.3509166666666667
0  0.49951171875 0.3020833333333333 0.0146484375 0.020833333333333332 0.4951171875 0.2991067708333333 0.499720703125 0.2975729166666667 0.49710546875 0.30231640625 0.4951171875 0.30510546875 0.5003486328125 0.3049661458333333
0  0.50390625 0.3372395833333333 0.013671875 0.018229166666666668 0.5022275390625 0.3348802083333333 0.507720703125 0.334390625 0.504333984375 0.33793098958333334 0.501953125 0.3414713541666667 0.5080869140625 0.34086067708333334
0  0.5244140625 0.3209635416666667 0.01171875 0.024739583333333332 0.5224609375 0.3190104166666667 0.52734375 0.3190104166666667 0.5244140625 0.3216145833333333 0.521484375 0.3255208333333333 0.5263671875 0.3255208333333333
