0  0.1318359375 0.1901743264659271 0.05078125 0.10142630744849446 0.1202392578125 0.18358795562599048 0.1460263671875 0.18358795562599048 0.132140625 0.20483359746434232 0.12420703125 0.2196418383518225 0.143646484375 0.2202852614896989
0  0.27587890625 0.23851030110935023 0.0576171875 0.10935023771790808 0.2668671875 0.22203961965134705 0.289703125 0.22752931854199682 0.279130859375 0.24880507131537244 0.2681357421875 0.2645879556259905 0.28124609375 0.26733438985736924
0  0.3486328125 0.2630744849445325 0.0546875 0.098256735340729 0.33984375 0.24722662440570523 0.361328125 0.25356576862123614 0.3515625 0.26782884310618066 0.337890625 0.29160063391442154 0.3544921875 0.29635499207606975
0  0.49365234375 0.25752773375594296 0.0595703125 0.11568938193343899 0.48046875 0.24722662440570523 0.505859375 0.24881141045958796 0.4921875 0.27416798732171155 0.482421875 0.2931854199683043 0.5 0.294770206022187
0  0.5732421875 0.28129952456418383 0.056640625 0.10301109350237718 0.5627265625 0.26488589540412044 0.5904013671875 0.2622820919175911 0.5755615234375 0.2837622820919176 0.5687431640625 0.30198732171156895 0.583984375 0.3000332805071315
0  0.64111328125 0.27099841521394613 0.0498046875 0.0919175911251981 0.6328125 0.25990491283676703 0.6572265625 0.26148969889064977 0.6455078125 0.277337559429477 0.6396484375 0.3011093502377179 0.65234375 0.3011093502377179
0  0.67236328125 0.28129952456418383 0.0380859375 0.06814580031695722 -0.0009765625 -0.001584786053882726 -0.0009765625 -0.001584786053882726 -0.0009765625 -0.001584786053882726 -0.0009765625 -0.001584786053882726 -0.0009765625 -0.001584786053882726
0  0.82568359375 0.3225039619651347 0.0517578125 0.08716323296354993 0.8177138671875 0.31564183835182247 0.8391376953125 0.3145372424722663 0.8292763671875 0.3382662440570523 0.8211142578125 0.3493042789223455 0.83709765625 0.35040729001584786
0  0.88671875 0.2551505546751189 0.041015625 0.08557844690966719 0.889740234375 0.23365768621236133 0.90316796875 0.23256735340729 0.9018251953125 0.2483660855784469 0.894103515625 0.2467321711568938 0.9045107421875 0.24618700475435815
0  0.82373046875 0.27099841521394613 0.0537109375 0.10776545166402536 -0.0009765625 -0.001584786053882726 -0.0009765625 -0.001584786053882726 -0.0009765625 -0.001584786053882726 -0.0009765625 -0.001584786053882726 -0.0009765625 -0.001584786053882726
