0  0.37109375 0.1645658263305322 0.01953125 0.04061624649859944 0.3714990234375 0.16239635854341736 0.3777548828125 0.16111484593837536 0.37650390625 0.16880532212885155 0.37203515625 0.17854621848739496 0.3786494140625 0.17777731092436977
0  0.3505859375 0.18347338935574228 0.01953125 0.028011204481792718 -0.0009765625 -0.0014005602240896359 -0.0009765625 -0.0014005602240896359 -0.0009765625 -0.0014005602240896359 -0.0009765625 -0.0014005602240896359 -0.0009765625 -0.0014005602240896359
0  0.42138671875 0.17647058823529413 0.0185546875 0.03361344537815126 0.4190673828125 0.17292577030812323 0.42578125 0.1722689075630252 0.421966796875 0.17883473389355742 0.418609375 0.1838669467787115 0.4241025390625 0.18321008403361347
0  0.4521484375 0.1715686274509804 0.01953125 0.0350140056022409 -0.0009765625 -0.0014005602240896359 -0.0009765625 -0.0014005602240896359 -0.0009765625 -0.0014005602240896359 -0.0009765625 -0.0014005602240896359 -0.0009765625 -0.0014005602240896359
0  0.48974609375 0.16526610644257703 0.0224609375 0.04201680672268908 -0.0009765625 -0.0014005602240896359 -0.0009765625 -0.0014005602240896359 -0.0009765625 -0.0014005602240896359 -0.0009765625 -0.0014005602240896359 -0.0009765625 -0.0014005602240896359
0  0.546875 0.16736694677871147 0.01953125 0.0350140056022409 -0.0009765625 -0.0014005602240896359 -0.0009765625 -0.0014005602240896359 -0.0009765625 -0.0014005602240896359 -0.0009765625 -0.0014005602240896359 -0.0009765625 -0.0014005602240896359
0  0.5361328125 0.1568627450980392 0.01953125 0.036414565826330535 -0.0009765625 -0.0014005602240896359 -0.0009765625 -0.0014005602240896359 -0.0009765625 -0.0014005602240896359 -0.0009765625 -0.0014005602240896359 -0.0009765625 -0.0014005602240896359
0  0.58935546875 0.16666666666666666 0.0185546875 0.03361344537815126 -0.0009765625 -0.0014005602240896359 -0.0009765625 -0.0014005602240896359 -0.0009765625 -0.0014005602240896359 -0.0009765625 -0.0014005602240896359 -0.0009765625 -0.0014005602240896359
0  0.59765625 0.1330532212885154 0.015625 0.028011204481792718 -0.0009765625 -0.0014005602240896359 -0.0009765625 -0.0014005602240896359 -0.0009765625 -0.0014005602240896359 -0.0009765625 -0.0014005602240896359 -0.0009765625 -0.0014005602240896359
0  0.57470703125 0.16666666666666666 0.0146484375 0.03081232492997199 0.573939453125 0.16566666666666666 0.580357421875 0.16866806722689076 0.5757529296875 0.17346918767507002 0.571986328125 0.17667086834733894 0.578125 0.1792717086834734
0  0.74560546875 0.1092436974789916 0.0322265625 0.07563025210084033 0.7326962890625 0.10276610644257703 0.742767578125 0.10276610644257703 0.7326962890625 0.11335854341736695 0.731017578125 0.12780112044817926 0.74041796875 0.12780112044817926
0  0.72607421875 0.09103641456582633 0.0224609375 0.056022408963585436 -0.0009765625 -0.0014005602240896359 -0.0009765625 -0.0014005602240896359 -0.0009765625 -0.0014005602240896359 -0.0009765625 -0.0014005602240896359 -0.0009765625 -0.0014005602240896359
0  0.62158203125 0.12324929971988796 0.0224609375 0.04481792717086835 0.6173662109375 0.11945378151260505 0.6256064453125 0.11861064425770308 0.620701171875 0.1281764705882353 0.6191318359375 0.13521008403361345 0.6252138671875 0.1343669467787115
0  0.7578125 0.0196078431372549 0.009765625 0.01680672268907563 -0.0009765625 -0.0014005602240896359 -0.0009765625 -0.0014005602240896359 -0.0009765625 -0.0014005602240896359 -0.0009765625 -0.0014005602240896359 -0.0009765625 -0.0014005602240896359
0  0.77783203125 0.008403361344537815 0.0126953125 0.01680672268907563 -0.0009765625 -0.0014005602240896359 -0.0009765625 -0.0014005602240896359 -0.0009765625 -0.0014005602240896359 -0.0009765625 -0.0014005602240896359 -0.0009765625 -0.0014005602240896359
0  0.7041015625 0.037815126050420166 0.01171875 0.01680672268907563 -0.0009765625 -0.0014005602240896359 -0.0009765625 -0.0014005602240896359 -0.0009765625 -0.0014005602240896359 -0.0009765625 -0.0014005602240896359 -0.0009765625 -0.0014005602240896359
0  0.68359375 0.04341736694677871 0.009765625 0.01680672268907563 -0.0009765625 -0.0014005602240896359 -0.0009765625 -0.0014005602240896359 -0.0009765625 -0.0014005602240896359 -0.0009765625 -0.0014005602240896359 -0.0009765625 -0.0014005602240896359
0  0.8427734375 0.0819327731092437 0.03515625 0.06022408963585434 -0.0009765625 -0.0014005602240896359 -0.0009765625 -0.0014005602240896359 -0.0009765625 -0.0014005602240896359 -0.0009765625 -0.0014005602240896359 -0.0009765625 -0.0014005602240896359
0  0.03662109375 0.08683473389355742 0.0126953125 0.03081232492997199 -0.0009765625 -0.0014005602240896359 -0.0009765625 -0.0014005602240896359 -0.0009765625 -0.0014005602240896359 -0.0009765625 -0.0014005602240896359 -0.0009765625 -0.0014005602240896359
0  0.51611328125 0.3557422969187675 0.0732421875 0.10644257703081232 0.4937001953125 0.34299999999999997 0.5254208984375 0.3369789915966387 0.50349609375 0.34500700280112045 0.495099609375 0.37778851540616243 0.518890625 0.3737745098039216
0  0.6572265625 0.3333333333333333 0.107421875 0.16526610644257703 0.640720703125 0.31592577030812324 0.69095703125 0.31592577030812324 0.663291015625 0.3702226890756303 0.6392646484375 0.3785770308123249 0.674939453125 0.37962044817927165
0  0.80517578125 0.1876750700280112 0.0673828125 0.12885154061624648 0.7799423828125 0.17084313725490197 0.804125 0.1772955182072829 0.7805048828125 0.19584733893557424 0.7782548828125 0.21843137254901962 0.7990634765625 0.22085154061624648
0  0.93359375 0.226890756302521 0.0546875 0.08123249299719888 0.9135654296875 0.2158109243697479 0.9334677734375 0.21425490196078434 0.915375 0.22774789915966387 0.9135654296875 0.2453921568627451 0.9240595703125 0.242796918767507
0  0.92626953125 0.1092436974789916 0.0400390625 0.06162464985994398 0.9158935546875 0.09948319327731094 0.931 0.10027170868347338 0.9216611328125 0.10933053221288515 0.913421875 0.12193557422969187 0.92578125 0.12233053221288515
0  0.96875 0.1407563025210084 0.033203125 0.05182072829131653 -0.0009765625 -0.0014005602240896359 -0.0009765625 -0.0014005602240896359 -0.0009765625 -0.0014005602240896359 -0.0009765625 -0.0014005602240896359 -0.0009765625 -0.0014005602240896359
0  0.5771484375 0.2710084033613445 0.064453125 0.11064425770308123 0.5693359375 0.25630252100840334 0.59326171875 0.25910364145658266 0.58154296875 0.2773109243697479 0.56494140625 0.2934173669467787 0.59375 0.296218487394958
0  0.0361328125 0.15336134453781514 0.03515625 0.07142857142857142 -0.0009765625 -0.0014005602240896359 -0.0009765625 -0.0014005602240896359 -0.0009765625 -0.0014005602240896359 -0.0009765625 -0.0014005602240896359 -0.0009765625 -0.0014005602240896359
0  0.0927734375 0.07072829131652661 0.015625 0.04061624649859944 -0.0009765625 -0.0014005602240896359 -0.0009765625 -0.0014005602240896359 -0.0009765625 -0.0014005602240896359 -0.0009765625 -0.0014005602240896359 -0.0009765625 -0.0014005602240896359
0  0.1650390625 0.10994397759103641 0.037109375 0.06022408963585434 0.160251953125 0.109687675070028 0.173017578125 0.109687675070028 0.16823046875 0.12189215686274511 0.163443359375 0.13142717086834735 0.1740810546875 0.12990196078431374
0  0.21435546875 0.09033613445378151 0.0205078125 0.037815126050420166 0.2140068359375 0.08838515406162464 0.220982421875 0.08788515406162464 0.2190634765625 0.09413725490196079 0.2164482421875 0.101390756302521 0.2202841796875 0.101390756302521
0  0.23388671875 0.18487394957983194 0.0185546875 0.03081232492997199 0.2310966796875 0.1854747899159664 0.238072265625 0.18347338935574228 0.2357001953125 0.19127591036414565 0.2337470703125 0.1958781512605042 0.239048828125 0.19427731092436976
0  0.25146484375 0.14635854341736695 0.0185546875 0.029411764705882353 0.2504189453125 0.14490756302521007 0.2561728515625 0.14490756302521007 0.2531650390625 0.15034733893557423 0.251072265625 0.15391176470588236 0.25551953125 0.15409943977591037
0  0.3154296875 0.16036414565826332 0.015625 0.04061624649859944 -0.0009765625 -0.0014005602240896359 -0.0009765625 -0.0014005602240896359 -0.0009765625 -0.0014005602240896359 -0.0009765625 -0.0014005602240896359 -0.0009765625 -0.0014005602240896359
