0  0.33154296875 0.493368700265252 0.0244140625 0.042440318302387266 0.3257529296875 0.4852334217506631 0.3389892578125 0.4844164456233422 0.3321708984375 0.49503846153846154 0.32695703125 0.5032095490716181 0.336783203125 0.5026644562334218
0  0.46875 0.3806366047745358 0.025390625 0.042440318302387266 0.459826171875 0.3767758620689655 0.4712041015625 0.37730901856763926 0.4649267578125 0.3869005305039788 0.461591796875 0.39249602122015914 0.4702236328125 0.392762599469496
0  0.53857421875 0.47679045092838196 0.0244140625 0.04111405835543767 0.5346328125 0.47143766578249335 0.5446083984375 0.4737824933687003 0.54000390625 0.48185809018567644 0.5340576171875 0.4886326259946949 0.5419228515625 0.48915251989389924
0  0.56884765625 0.47413793103448276 0.0244140625 0.03580901856763926 0.565708984375 0.46875066312997343 0.5764765625 0.46987533156498673 0.570181640625 0.4745994694960212 0.565708984375 0.482474801061008 0.5748203125 0.48337400530503977
0  0.7265625 0.48474801061007955 0.0234375 0.04111405835543767 0.7186806640625 0.48017771883289123 0.724818359375 0.4780928381962865 0.7198310546875 0.4866896551724138 0.72194140625 0.49554774535809015 0.72577734375 0.49502652519893897
0  0.74755859375 0.4151193633952255 0.0302734375 0.042440318302387266 0.740251953125 0.41130636604774534 0.7522841796875 0.41048938992042444 0.7448642578125 0.4178435013262599 0.7418564453125 0.4251962864721486 0.7518837890625 0.4246525198938992
0  0.7275390625 0.2964190981432361 0.009765625 0.017241379310344827 0.724609375 0.2957559681697613 0.7294921875 0.2957559681697613 0.7265625 0.29973474801061006 0.724609375 0.30238726790450926 0.7275390625 0.30238726790450926
0  0.76953125 0.3030503978779841 0.009765625 0.017241379310344827 0.769623046875 0.3028249336870027 0.7726044921875 0.3021498673740053 0.7715283203125 0.30575066312997345 0.7706171875 0.3085623342175066 0.772521484375 0.3081127320954907
0  0.7919921875 0.29708222811671087 0.009765625 0.015915119363395226 0.7890625 0.2957559681697613 0.794921875 0.2957559681697613 0.7919921875 0.29973474801061006 0.7900390625 0.3050397877984085 0.7939453125 0.3050397877984085
0  0.6171875 0.37997347480106103 0.0234375 0.03580901856763926 0.6110576171875 0.38178514588859414 0.6120517578125 0.3806604774535809 0.61354296875 0.3905596816976128 0.62000390625 0.39348541114058355 0.620998046875 0.39235941644562333
