0  0.2646484375 0.3192771084337349 0.021484375 0.019462465245597776 -0.0009765625 -0.0009267840593141798 -0.0009765625 -0.0009267840593141798 -0.0009765625 -0.0009267840593141798 -0.0009765625 -0.0009267840593141798 -0.0009765625 -0.0009267840593141798
0  0.35107421875 0.298887859128823 0.0185546875 0.021316033364226137 0.345650390625 0.29715848007414275 0.3518759765625 0.29786190917516214 0.3481708984375 0.3019416126042632 0.3466884765625 0.30264504170528267 0.3492080078125 0.30334754402224284
0  0.36376953125 0.31974050046339203 0.0185546875 0.022242817423540315 -0.0009765625 -0.0009267840593141798 -0.0009765625 -0.0009267840593141798 -0.0009765625 -0.0009267840593141798 -0.0009765625 -0.0009267840593141798 -0.0009765625 -0.0009267840593141798
0  0.36572265625 0.4184430027803522 0.0166015625 0.015755329008341055 -0.0009765625 -0.0009267840593141798 -0.0009765625 -0.0009267840593141798 -0.0009765625 -0.0009267840593141798 -0.0009765625 -0.0009267840593141798 -0.0009765625 -0.0009267840593141798
0  0.32958984375 0.3540315106580167 0.0107421875 0.012974976830398516 -0.0009765625 -0.0009267840593141798 -0.0009765625 -0.0009267840593141798 -0.0009765625 -0.0009267840593141798 -0.0009765625 -0.0009267840593141798 -0.0009765625 -0.0009267840593141798
0  0.1962890625 0.11584800741427248 0.017578125 0.020389249304911955 0.19925390625 0.11470157553290083 0.201412109375 0.11497497683039852 0.20184375 0.11948100092678404 0.197958984375 0.12357645968489342 0.199541015625 0.12384986098239109
0  0.28125 0.23215940685820205 0.017578125 0.023169601482854494 -0.0009765625 -0.0009267840593141798 -0.0009765625 -0.0009267840593141798 -0.0009765625 -0.0009267840593141798 -0.0009765625 -0.0009267840593141798 -0.0009765625 -0.0009267840593141798
0  0.4560546875 0.10287303058387395 0.0234375 0.020389249304911955 0.4460361328125 0.10104448563484708 0.4527060546875 0.1032947173308619 0.4449990234375 0.10582761816496757 0.45241015625 0.10976645041705282 0.45241015625 0.10976645041705282
0  0.46142578125 0.2979610750695088 0.0224609375 0.015755329008341055 -0.0009765625 -0.0009267840593141798 -0.0009765625 -0.0009267840593141798 -0.0009765625 -0.0009267840593141798 -0.0009765625 -0.0009267840593141798 -0.0009765625 -0.0009267840593141798
0  0.59326171875 0.4082483781278962 0.0205078125 0.017608897126969416 -0.0009765625 -0.0009267840593141798 -0.0009765625 -0.0009267840593141798 -0.0009765625 -0.0009267840593141798 -0.0009765625 -0.0009267840593141798 -0.0009765625 -0.0009267840593141798
0  0.51953125 0.4675625579240037 0.0234375 0.021316033364226137 -0.0009765625 -0.0009267840593141798 -0.0009765625 -0.0009267840593141798 -0.0009765625 -0.0009267840593141798 -0.0009765625 -0.0009267840593141798 -0.0009765625 -0.0009267840593141798
0  0.46728515625 0.37256719184430026 0.0224609375 0.024096385542168676 -0.0009765625 -0.0009267840593141798 -0.0009765625 -0.0009267840593141798 -0.0009765625 -0.0009267840593141798 -0.0009765625 -0.0009267840593141798 -0.0009765625 -0.0009267840593141798
0  0.66259765625 0.3841519925857275 0.0224609375 0.021316033364226137 -0.0009765625 -0.0009267840593141798 -0.0009765625 -0.0009267840593141798 -0.0009765625 -0.0009267840593141798 -0.0009765625 -0.0009267840593141798 -0.0009765625 -0.0009267840593141798
0  0.20263671875 0.7706209453197405 0.0185546875 0.015755329008341055 -0.0009765625 -0.0009267840593141798 -0.0009765625 -0.0009267840593141798 -0.0009765625 -0.0009267840593141798 -0.0009765625 -0.0009267840593141798 -0.0009765625 -0.0009267840593141798
0  0.45068359375 0.5681186283595923 0.0166015625 0.018535681186283594 0.4503046875 0.566935125115848 0.4580166015625 0.5657358665430955 0.4564990234375 0.5722150139017609 0.4499248046875 0.5747340129749768 0.4552353515625 0.5744939759036145
0  0.40771484375 0.6760889712696941 0.0205078125 0.021316033364226137 -0.0009765625 -0.0009267840593141798 -0.0009765625 -0.0009267840593141798 -0.0009765625 -0.0009267840593141798 -0.0009765625 -0.0009267840593141798 -0.0009765625 -0.0009267840593141798
0  0.54443359375 0.6190917516218721 0.0185546875 0.022242817423540315 -0.0009765625 -0.0009267840593141798 -0.0009765625 -0.0009267840593141798 -0.0009765625 -0.0009267840593141798 -0.0009765625 -0.0009267840593141798 -0.0009765625 -0.0009267840593141798
0  0.87744140625 0.7451343836886005 0.0205078125 0.022242817423540315 -0.0009765625 -0.0009267840593141798 -0.0009765625 -0.0009267840593141798 -0.0009765625 -0.0009267840593141798 -0.0009765625 -0.0009267840593141798 -0.0009765625 -0.0009267840593141798
0  0.89501953125 0.6241890639481001 0.0205078125 0.021316033364226137 0.8922294921875 0.6214874884151993 0.9020126953125 0.6208044485634847 0.8976962890625 0.6265393883225208 0.8933798828125 0.6306348470806302 0.900142578125 0.6300889712696941
0  0.63671875 0.607970342910102 0.01953125 0.025949953660797033 0.63916015625 0.6072094531974049 0.6442177734375 0.6068776645041706 0.6426474609375 0.6118433734939759 0.6375908203125 0.6153188137164041 0.64351953125 0.6153188137164041
0  0.63134765625 0.6867469879518072 0.0205078125 0.014828544949026877 -0.0009765625 -0.0009267840593141798 -0.0009765625 -0.0009267840593141798 -0.0009765625 -0.0009267840593141798 -0.0009765625 -0.0009267840593141798 -0.0009765625 -0.0009267840593141798
