0  0.45654296875 0.37058823529411766 0.0205078125 0.03235294117647059 0.4533515625 0.365375 0.4598388671875 0.365375 0.4557841796875 0.3708705882352941 0.453892578125 0.37758676470588237 0.4587578125 0.37778970588235294
0  0.4970703125 0.3588235294117647 0.015625 0.029411764705882353 -0.0009765625 -0.0014705882352941176 -0.0009765625 -0.0014705882352941176 -0.0009765625 -0.0014705882352941176 -0.0009765625 -0.0014705882352941176 -0.0009765625 -0.0014705882352941176
0  0.5126953125 0.35955882352941176 0.01953125 0.030882352941176472 -0.0009765625 -0.0014705882352941176 -0.0009765625 -0.0014705882352941176 -0.0009765625 -0.0014705882352941176 -0.0009765625 -0.0014705882352941176 -0.0009765625 -0.0014705882352941176
0  0.57080078125 0.41323529411764703 0.0341796875 0.052941176470588235 0.5614189453125 0.4181926470588235 0.5678671875 0.41417352941176466 0.566310546875 0.4305808823529412 0.57609375 0.4349323529411765 0.5792060546875 0.43158529411764707
0  0.62109375 0.3735294117647059 0.01953125 0.03529411764705882 0.616791015625 0.3654411764705882 0.6250302734375 0.3649823529411765 0.62091015625 0.3741735294117647 0.6177060546875 0.3803764705882353 0.6236572265625 0.3803764705882353
0  0.65283203125 0.35808823529411765 0.0166015625 0.033823529411764704 0.6520556640625 0.3563544117647059 0.6585302734375 0.3565720588235294 0.6547890625 0.3615544117647059 0.6534951171875 0.3654544117647059 0.657091796875 0.36567058823529414
0  0.63916015625 0.37279411764705883 0.0166015625 0.033823529411764704 0.6358515625 0.36716176470588235 0.6414619140625 0.36759411764705885 0.637146484375 0.373010294117647 0.6365703125 0.3808102941176471 0.6405986328125 0.3810264705882353
0  0.73681640625 0.3830882352941177 0.0263671875 0.039705882352941174 0.730716796875 0.3877632352941176 0.7375185546875 0.38289852941176467 0.7347978515625 0.39493235294117646 0.7371787109375 0.3992838235294117 0.739728515625 0.3990279411764706
0  0.6875 0.38088235294117645 0.01953125 0.03235294117647059 -0.0009765625 -0.0014705882352941176 -0.0009765625 -0.0014705882352941176 -0.0009765625 -0.0014705882352941176 -0.0009765625 -0.0014705882352941176 -0.0009765625 -0.0014705882352941176
0  0.923828125 0.29926470588235293 0.03125 0.057352941176470586 0.91455078125 0.28860294117647056 0.9296875 0.29007352941176473 0.91845703125 0.30220588235294116 0.91357421875 0.3150735294117647 0.924560546875 0.3150735294117647
0  0.86962890625 0.3735294117647059 0.0205078125 0.029411764705882353 0.865478515625 0.36811911764705885 0.87241015625 0.36851323529411767 0.868748046875 0.3734382352941176 0.86587109375 0.38033088235294116 0.8721484375 0.38033088235294116
0  0.79736328125 0.40441176470588236 0.0146484375 0.03529411764705882 0.7985537109375 0.4052852941176471 0.801453125 0.40551470588235294 0.800537109375 0.4112588235294118 0.797791015625 0.4153955882352941 0.800689453125 0.4158544117647059
0  0.98486328125 0.38382352941176473 0.0126953125 0.026470588235294117 0.981689453125 0.38416470588235296 0.981576171875 0.38416470588235296 0.9803291015625 0.39013970588235297 0.9837294921875 0.39491911764705884 0.9840703125 0.3944058823529412
0  0.25 0.27941176470588236 0.013671875 0.026470588235294117 -0.0009765625 -0.0014705882352941176 -0.0009765625 -0.0014705882352941176 -0.0009765625 -0.0014705882352941176 -0.0009765625 -0.0014705882352941176 -0.0009765625 -0.0014705882352941176
