0  0.107421875 0.497737556561086 0.044921875 0.25339366515837103 0.0941904296875 0.4603665158371041 0.115888671875 0.4603665158371041 0.1045224609375 0.5241990950226244 0.095912109375 0.5481357466063349 0.115888671875 0.5497330316742082
0  0.01123046875 0.41402714932126694 0.0224609375 0.167420814479638 0.0028115234375 0.39904072398190044 0.0152890625 0.3958280542986425 0.00928125 0.43437104072398186 0.0035048828125 0.4632760180995475 0.0134404296875 0.4643484162895927
0  0.171875 0.3552036199095023 0.021484375 0.1583710407239819 0.1670791015625 0.33980995475113124 0.1771064453125 0.34385067873303166 0.172310546875 0.37415384615384617 0.1688232421875 0.3913212669683258 0.1738369140625 0.3933438914027149
0  0.2177734375 0.4117647058823529 0.017578125 0.1085972850678733 0.21510546875 0.40105882352941175 0.2239990234375 0.40105882352941175 0.2198486328125 0.4230361990950226 0.217625 0.43608597285067874 0.2228134765625 0.43608597285067874
0  0.2607421875 0.38687782805429866 0.017578125 0.10407239819004525 -0.0009765625 -0.004524886877828055 -0.0009765625 -0.004524886877828055 -0.0009765625 -0.004524886877828055 -0.0009765625 -0.004524886877828055 -0.0009765625 -0.004524886877828055
0  0.31884765625 0.5271493212669683 0.0263671875 0.17647058823529413 0.3169296875 0.5015972850678733 0.327958984375 0.4993755656108597 0.322923828125 0.5449276018099548 0.315970703125 0.5693665158371041 0.3258017578125 0.5704796380090498
0  0.296875 0.30995475113122173 0.013671875 0.09502262443438914 0.2985146484375 0.3040542986425339 0.299953125 0.3046606334841629 0.3004765625 0.3331447963800905 0.2941982421875 0.32829864253393665 0.295375 0.33253846153846156
0  0.142578125 0.2850678733031674 0.013671875 0.08144796380090498 -0.0009765625 -0.004524886877828055 -0.0009765625 -0.004524886877828055 -0.0009765625 -0.004524886877828055 -0.0009765625 -0.004524886877828055 -0.0009765625 -0.004524886877828055
0  0.1923828125 0.27828054298642535 0.009765625 0.07692307692307693 0.190150390625 0.2712307692307692 0.191458984375 0.271737556561086 0.18971484375 0.2889049773755656 0.1909140625 0.2985022624434389 0.19178515625 0.2985022624434389
0  0.20068359375 0.19230769230769232 0.0126953125 0.07692307692307693 -0.0009765625 -0.004524886877828055 -0.0009765625 -0.004524886877828055 -0.0009765625 -0.004524886877828055 -0.0009765625 -0.004524886877828055 -0.0009765625 -0.004524886877828055
0  0.24072265625 0.3009049773755656 0.0126953125 0.06787330316742081 -0.0009765625 -0.004524886877828055 -0.0009765625 -0.004524886877828055 -0.0009765625 -0.004524886877828055 -0.0009765625 -0.004524886877828055 -0.0009765625 -0.004524886877828055
0  0.25537109375 0.2239819004524887 0.0126953125 0.07692307692307693 -0.0009765625 -0.004524886877828055 -0.0009765625 -0.004524886877828055 -0.0009765625 -0.004524886877828055 -0.0009765625 -0.004524886877828055 -0.0009765625 -0.004524886877828055
0  0.26904296875 0.21266968325791855 0.0087890625 0.06334841628959276 -0.0009765625 -0.004524886877828055 -0.0009765625 -0.004524886877828055 -0.0009765625 -0.004524886877828055 -0.0009765625 -0.004524886877828055 -0.0009765625 -0.004524886877828055
0  0.31396484375 0.26018099547511314 0.0126953125 0.09502262443438914 -0.0009765625 -0.004524886877828055 -0.0009765625 -0.004524886877828055 -0.0009765625 -0.004524886877828055 -0.0009765625 -0.004524886877828055 -0.0009765625 -0.004524886877828055
0  0.2490234375 0.8868778280542986 0.056640625 0.22624434389140272 0.256626953125 0.9160452488687783 0.2730712890625 0.8978280542986424 0.2730712890625 0.9541447963800905 0.26055859375 0.9972126696832578 0.2730712890625 0.9872760180995475
0  0.38330078125 0.6221719457013575 0.0322265625 0.19457013574660634 0.3758544921875 0.6246380090497737 0.391544921875 0.618475113122172 0.3854287109375 0.6800859728506787 0.378513671875 0.682552036199095 0.391544921875 0.6776199095022624
0  0.44287109375 0.5384615384615384 0.0263671875 0.16289592760180996 0.4397666015625 0.5208054298642534 0.4519736328125 0.5248461538461539 0.4467421875 0.5601990950226244 0.438458984375 0.5773665158371041 0.450666015625 0.5793891402714931
0  0.39501953125 0.19457013574660634 0.0126953125 0.06334841628959276 -0.0009765625 -0.004524886877828055 -0.0009765625 -0.004524886877828055 -0.0009765625 -0.004524886877828055 -0.0009765625 -0.004524886877828055 -0.0009765625 -0.004524886877828055
0  0.4296875 0.2330316742081448 0.01171875 0.07692307692307693 -0.0009765625 -0.004524886877828055 -0.0009765625 -0.004524886877828055 -0.0009765625 -0.004524886877828055 -0.0009765625 -0.004524886877828055 -0.0009765625 -0.004524886877828055
0  0.4033203125 0.31447963800904977 0.017578125 0.10407239819004525 -0.0009765625 -0.004524886877828055 -0.0009765625 -0.004524886877828055 -0.0009765625 -0.004524886877828055 -0.0009765625 -0.004524886877828055 -0.0009765625 -0.004524886877828055
0  0.45947265625 0.29411764705882354 0.0166015625 0.09954751131221719 -0.0009765625 -0.004524886877828055 -0.0009765625 -0.004524886877828055 -0.0009765625 -0.004524886877828055 -0.0009765625 -0.004524886877828055 -0.0009765625 -0.004524886877828055
0  0.4697265625 0.3733031674208145 0.013671875 0.09502262443438914 -0.0009765625 -0.004524886877828055 -0.0009765625 -0.004524886877828055 -0.0009765625 -0.004524886877828055 -0.0009765625 -0.004524886877828055 -0.0009765625 -0.004524886877828055
0  0.47607421875 0.28054298642533937 0.0166015625 0.09954751131221719 0.4697958984375 0.2701990950226244 0.475376953125 0.2669683257918552 0.4716103515625 0.2908868778280543 0.4745400390625 0.3063981900452489 0.4756552734375 0.30575113122171943
0  0.5009765625 0.5226244343891403 0.03125 0.17647058823529413 -0.0009765625 -0.004524886877828055 -0.0009765625 -0.004524886877828055 -0.0009765625 -0.004524886877828055 -0.0009765625 -0.004524886877828055 -0.0009765625 -0.004524886877828055
0  0.5556640625 0.8167420814479638 0.048828125 0.2850678733031674 0.547416015625 0.7932669683257919 0.567287109375 0.8054298642533937 0.5571640625 0.8575475113122172 0.547791015625 0.894027149321267 0.5631630859375 0.894027149321267
0  0.59326171875 0.3936651583710407 0.0166015625 0.11764705882352941 -0.0009765625 -0.004524886877828055 -0.0009765625 -0.004524886877828055 -0.0009765625 -0.004524886877828055 -0.0009765625 -0.004524886877828055 -0.0009765625 -0.004524886877828055
0  0.56689453125 0.3393665158371041 0.0126953125 0.08144796380090498 -0.0009765625 -0.004524886877828055 -0.0009765625 -0.004524886877828055 -0.0009765625 -0.004524886877828055 -0.0009765625 -0.004524886877828055 -0.0009765625 -0.004524886877828055
0  0.6044921875 0.38235294117647056 0.017578125 0.11312217194570136 -0.0009765625 -0.004524886877828055 -0.0009765625 -0.004524886877828055 -0.0009765625 -0.004524886877828055 -0.0009765625 -0.004524886877828055 -0.0009765625 -0.004524886877828055
0  0.6728515625 0.3190045248868778 0.015625 0.10407239819004525 -0.0009765625 -0.004524886877828055 -0.0009765625 -0.004524886877828055 -0.0009765625 -0.004524886877828055 -0.0009765625 -0.004524886877828055 -0.0009765625 -0.004524886877828055
0  0.78173828125 0.332579185520362 0.0244140625 0.13122171945701358 0.775708984375 0.3197737556561086 0.783931640625 0.312316742081448 0.778568359375 0.34710407239819 0.7792841796875 0.36863800904977373 0.7858974609375 0.36366968325791854
0  0.7314453125 0.6334841628959276 0.05859375 0.36199095022624433 -0.0009765625 -0.004524886877828055 -0.0009765625 -0.004524886877828055 -0.0009765625 -0.004524886877828055 -0.0009765625 -0.004524886877828055 -0.0009765625 -0.004524886877828055
0  0.814453125 0.49547511312217196 0.01171875 0.11312217194570136 -0.0009765625 -0.004524886877828055 -0.0009765625 -0.004524886877828055 -0.0009765625 -0.004524886877828055 -0.0009765625 -0.004524886877828055 -0.0009765625 -0.004524886877828055
0  0.845703125 0.5226244343891403 0.013671875 0.11312217194570136 -0.0009765625 -0.004524886877828055 -0.0009765625 -0.004524886877828055 -0.0009765625 -0.004524886877828055 -0.0009765625 -0.004524886877828055 -0.0009765625 -0.004524886877828055
0  0.8662109375 0.334841628959276 0.01171875 0.13574660633484162 -0.0009765625 -0.004524886877828055 -0.0009765625 -0.004524886877828055 -0.0009765625 -0.004524886877828055 -0.0009765625 -0.004524886877828055 -0.0009765625 -0.004524886877828055
0  0.6455078125 0.27828054298642535 0.017578125 0.09502262443438914 -0.0009765625 -0.004524886877828055 -0.0009765625 -0.004524886877828055 -0.0009765625 -0.004524886877828055 -0.0009765625 -0.004524886877828055 -0.0009765625 -0.004524886877828055
