0  0.42333984375 0.2615062761506276 0.0458984375 0.08507670850767085 0.434212890625 0.25170571827057187 0.4428359375 0.24688702928870293 0.4462109375 0.26776987447698747 0.4263388671875 0.28169177126917716 0.4368369140625 0.2768730822873082
0  0.22998046875 0.2733612273361227 0.0478515625 0.08926080892608089 0.215515625 0.2630320781032078 0.2369384765625 0.2647308228730823 0.2238466796875 0.281163179916318 0.2143251953125 0.29192747559274757 0.2365419921875 0.2970278940027894
0  0.16064453125 0.26569037656903766 0.0400390625 0.0794979079497908 -0.0009765625 -0.001394700139470014 -0.0009765625 -0.001394700139470014 -0.0009765625 -0.001394700139470014 -0.0009765625 -0.001394700139470014 -0.0009765625 -0.001394700139470014
0  0.0791015625 0.13528591352859135 0.044921875 0.100418410041841 0.083103515625 0.1256094839609484 0.0956767578125 0.12368619246861925 0.09971875 0.14035983263598328 0.0799599609375 0.15639330543933055 0.092533203125 0.15639330543933055
0  0.037109375 0.20223152022315202 0.048828125 0.09205020920502092 0.0517841796875 0.18642956764295673 0.05465234375 0.1905258019525802 0.0587509765625 0.2115955369595537 0.034162109375 0.21686331938633197 0.03703125 0.22271687587168756
0  0.57470703125 0.14504881450488144 0.0380859375 0.09483960948396095 0.580791015625 0.12792189679218968 0.58408203125 0.12799163179916317 0.592958984375 0.14776847977684798 0.57822265625 0.1682287308228731 0.58078125 0.16889818688981867
0  0.5546875 0.3124128312412831 0.04296875 0.08926080892608089 0.5625302734375 0.3009497907949791 0.570068359375 0.29924965132496517 0.5748291015625 0.3207810320781032 0.5561826171875 0.3321129707112971 0.560943359375 0.3304128312412831
0  0.7470703125 0.15760111576011157 0.04296875 0.08647140864714087 0.746861328125 0.14390376569037658 0.7637412109375 0.14390376569037658 0.7637412109375 0.15486192468619248 0.7472451171875 0.17513389121338913 0.7633583984375 0.17568200836820083
0  0.85546875 0.15271966527196654 0.044921875 0.08507670850767085 0.8630546875 0.14567782426778242 0.8748125 0.14459414225941425 0.87860546875 0.15542817294281727 0.864951171875 0.17817852161785216 0.8759501953125 0.17817852161785216
0  0.93798828125 0.18549511854951187 0.0419921875 0.09205020920502092 0.934630859375 0.17554532775453277 0.953892578125 0.17378940027894002 0.949384765625 0.1907629009762901 0.9366806640625 0.20656485355648535 0.9547119140625 0.20539470013947
0  0.87890625 0.30613668061366806 0.041015625 0.0794979079497908 0.866546875 0.29969874476987446 0.875021484375 0.30322873082287305 0.859484375 0.3148284518828452 0.8729033203125 0.3239065550906555 0.882083984375 0.3259246861924686
0  0.38916015625 0.19874476987447698 0.0361328125 0.0794979079497908 -0.0009765625 -0.001394700139470014 -0.0009765625 -0.001394700139470014 -0.0009765625 -0.001394700139470014 -0.0009765625 -0.001394700139470014 -0.0009765625 -0.001394700139470014
0  0.87841796875 0.059274755927475595 0.0224609375 0.04881450488145049 -0.0009765625 -0.001394700139470014 -0.0009765625 -0.001394700139470014 -0.0009765625 -0.001394700139470014 -0.0009765625 -0.001394700139470014 -0.0009765625 -0.001394700139470014
0  0.9208984375 0.05230125523012552 0.02734375 0.04881450488145049 -0.0009765625 -0.001394700139470014 -0.0009765625 -0.001394700139470014 -0.0009765625 -0.001394700139470014 -0.0009765625 -0.001394700139470014 -0.0009765625 -0.001394700139470014
0  0.37939453125 0.10390516039051603 0.0263671875 0.040446304044630406 -0.0009765625 -0.001394700139470014 -0.0009765625 -0.001394700139470014 -0.0009765625 -0.001394700139470014 -0.0009765625 -0.001394700139470014 -0.0009765625 -0.001394700139470014
0  0.314453125 0.17642956764295675 0.029296875 0.05160390516039052 -0.0009765625 -0.001394700139470014 -0.0009765625 -0.001394700139470014 -0.0009765625 -0.001394700139470014 -0.0009765625 -0.001394700139470014 -0.0009765625 -0.001394700139470014
0  0.27587890625 0.07322175732217573 0.0263671875 0.04602510460251046 -0.0009765625 -0.001394700139470014 -0.0009765625 -0.001394700139470014 -0.0009765625 -0.001394700139470014 -0.0009765625 -0.001394700139470014 -0.0009765625 -0.001394700139470014
0  0.287109375 0.0299860529986053 0.01953125 0.03765690376569038 -0.0009765625 -0.001394700139470014 -0.0009765625 -0.001394700139470014 -0.0009765625 -0.001394700139470014 -0.0009765625 -0.001394700139470014 -0.0009765625 -0.001394700139470014
