0  0.40234375 0.32821637426900585 0.02734375 0.059941520467836254 0.400595703125 0.3217485380116959 0.410626953125 0.31789766081871346 0.4111416015625 0.3309897660818713 0.402138671875 0.34523830409356726 0.410884765625 0.34292690058479536
0  0.51904296875 0.3508771929824561 0.0302734375 0.05847953216374269 0.511587890625 0.3479137426900585 0.528486328125 0.34716959064327485 0.52028515625 0.36205116959064326 0.51258203125 0.3732119883040935 0.526498046875 0.374327485380117
0  0.353515625 0.26242690058479534 0.013671875 0.024853801169590642 0.3500849609375 0.25672222222222224 0.354662109375 0.2570482456140351 0.352046875 0.2621067251461988 0.3504111328125 0.2660233918128655 0.3541171875 0.2656973684210526
0  0.86865234375 0.4137426900584795 0.0224609375 0.04093567251461988 0.8612412109375 0.4095336257309941 0.8696416015625 0.41006871345029244 0.8641005859375 0.41916666666666663 0.860705078125 0.42612426900584793 0.8692841796875 0.42665935672514615
0  0.806640625 0.37719298245614036 0.01953125 0.03508771929824561 0.799744140625 0.37257894736842107 0.8067626953125 0.3712076023391813 0.80157421875 0.3798888888888889 0.802490234375 0.38742690058479534 0.807525390625 0.38674122807017547
0  0.7529296875 0.36403508771929827 0.015625 0.029239766081871343 0.747619140625 0.35876169590643275 0.7509072265625 0.35838304093567247 0.748251953125 0.3665219298245614 0.751412109375 0.37030701754385964 0.75191796875 0.3697397660818713
0  0.7177734375 0.3362573099415205 0.013671875 0.02631578947368421 0.7126376953125 0.3317412280701754 0.71796484375 0.3317412280701754 0.713771484375 0.33767982456140355 0.713318359375 0.34361988304093566 0.718078125 0.34378947368421053
0  0.708984375 0.32383040935672514 0.01171875 0.024853801169590642 0.705078125 0.32456140350877194 0.7099609375 0.32456140350877194 0.70703125 0.3304093567251462 0.7060546875 0.3347953216374269 0.7109375 0.3347953216374269
0  0.81005859375 0.26169590643274854 0.0126953125 0.029239766081871343 0.8115234375 0.26169590643274854 0.8154296875 0.260233918128655 0.8154296875 0.26608187134502925 0.8115234375 0.27046783625730997 0.814453125 0.27046783625730997
0  0.1591796875 0.3442982456140351 0.03125 0.06871345029239766 0.1647294921875 0.34371052631578947 0.171740234375 0.33933771929824563 0.1732001953125 0.3555175438596491 0.1661904296875 0.3686359649122807 0.166482421875 0.36776169590643276
0  0.23095703125 0.3347953216374269 0.0224609375 0.038011695906432746 0.2306259765625 0.3268201754385965 0.2391748046875 0.32512865497076027 0.2375615234375 0.3347894736842105 0.23159375 0.3437236842105263 0.238529296875 0.3415511695906433
0  0.283203125 0.3296783625730994 0.013671875 0.021929824561403508 -0.0009765625 -0.0014619883040935672 -0.0009765625 -0.0014619883040935672 -0.0009765625 -0.0014619883040935672 -0.0009765625 -0.0014619883040935672 -0.0009765625 -0.0014619883040935672
0  0.08544921875 0.4269005847953216 0.0244140625 0.04678362573099415 -0.0009765625 -0.0014619883040935672 -0.0009765625 -0.0014619883040935672 -0.0009765625 -0.0014619883040935672 -0.0009765625 -0.0014619883040935672 -0.0009765625 -0.0014619883040935672
0  0.29248046875 0.24707602339181287 0.0087890625 0.014619883040935672 -0.0009765625 -0.0014619883040935672 -0.0009765625 -0.0014619883040935672 -0.0009765625 -0.0014619883040935672 -0.0009765625 -0.0014619883040935672 -0.0009765625 -0.0014619883040935672
0  0.46435546875 0.24049707602339182 0.0087890625 0.01608187134502924 -0.0009765625 -0.0014619883040935672 -0.0009765625 -0.0014619883040935672 -0.0009765625 -0.0014619883040935672 -0.0009765625 -0.0014619883040935672 -0.0009765625 -0.0014619883040935672
0  0.443359375 0.24195906432748537 0.0078125 0.013157894736842105 -0.0009765625 -0.0014619883040935672 -0.0009765625 -0.0014619883040935672 -0.0009765625 -0.0014619883040935672 -0.0009765625 -0.0014619883040935672 -0.0009765625 -0.0014619883040935672
0  0.50439453125 0.24853801169590642 0.0087890625 0.017543859649122806 -0.0009765625 -0.0014619883040935672 -0.0009765625 -0.0014619883040935672 -0.0009765625 -0.0014619883040935672 -0.0009765625 -0.0014619883040935672 -0.0009765625 -0.0014619883040935672
0  0.90625 0.25146198830409355 0.009765625 0.02046783625730994 0.90625 0.25146198830409355 0.9072265625 0.25146198830409355 0.91015625 0.25584795321637427 0.9072265625 0.260233918128655 0.9072265625 0.25877192982456143
0  0.97509765625 0.24707602339181287 0.0068359375 0.02046783625730994 -0.0009765625 -0.0014619883040935672 -0.0009765625 -0.0014619883040935672 -0.0009765625 -0.0014619883040935672 -0.0009765625 -0.0014619883040935672 -0.0009765625 -0.0014619883040935672
0  0.7607421875 0.24049707602339182 0.0078125 0.01023391812865497 -0.0009765625 -0.0014619883040935672 -0.0009765625 -0.0014619883040935672 -0.0009765625 -0.0014619883040935672 -0.0009765625 -0.0014619883040935672 -0.0009765625 -0.0014619883040935672
0  0.75 0.23464912280701755 0.005859375 0.01023391812865497 -0.0009765625 -0.0014619883040935672 -0.0009765625 -0.0014619883040935672 -0.0009765625 -0.0014619883040935672 -0.0009765625 -0.0014619883040935672 -0.0009765625 -0.0014619883040935672
0  0.78369140625 0.23684210526315788 0.0068359375 0.011695906432748537 -0.0009765625 -0.0014619883040935672 -0.0009765625 -0.0014619883040935672 -0.0009765625 -0.0014619883040935672 -0.0009765625 -0.0014619883040935672 -0.0009765625 -0.0014619883040935672
0  0.1181640625 0.2507309941520468 0.009765625 0.01608187134502924 -0.0009765625 -0.0014619883040935672 -0.0009765625 -0.0014619883040935672 -0.0009765625 -0.0014619883040935672 -0.0009765625 -0.0014619883040935672 -0.0009765625 -0.0014619883040935672
0  0.01611328125 0.24195906432748537 0.0068359375 0.013157894736842105 -0.0009765625 -0.0014619883040935672 -0.0009765625 -0.0014619883040935672 -0.0009765625 -0.0014619883040935672 -0.0009765625 -0.0014619883040935672 -0.0009765625 -0.0014619883040935672
