0  0.8388671875 0.25985401459854013 0.06640625 0.11970802919708029 0.833365234375 0.2576248175182482 0.8629453125 0.26062335766423356 0.847904296875 0.2801094890510949 0.8343681640625 0.2891036496350365 0.854923828125 0.29060145985401464
0  0.92822265625 0.15474452554744525 0.0595703125 0.13722627737226278 0.9022216796875 0.14968029197080293 0.9306337890625 0.14448029197080292 0.912658203125 0.17308321167883212 0.9068603515625 0.19562043795620437 0.931212890625 0.19302043795620438
0  0.7509765625 0.12846715328467154 0.0625 0.14014598540145987 0.7269462890625 0.11717956204379562 0.75048828125 0.11365985401459854 0.73106640625 0.13741459854014598 0.731654296875 0.1690890510948905 0.7481337890625 0.16644963503649635
0  0.6767578125 0.14890510948905109 0.044921875 0.09343065693430656 0.656830078125 0.1375007299270073 0.6742861328125 0.14817518248175182 0.660796875 0.1624087591240876 0.6615908203125 0.17367737226277372 0.6715087890625 0.17604963503649634
0  0.2001953125 0.17883211678832117 0.013671875 0.027737226277372264 -0.0009765625 -0.00145985401459854 -0.0009765625 -0.00145985401459854 -0.0009765625 -0.00145985401459854 -0.0009765625 -0.00145985401459854 -0.0009765625 -0.00145985401459854
0  0.43115234375 0.145985401459854 0.0283203125 0.06715328467153285 0.4260517578125 0.140407299270073 0.440787109375 0.13955912408759125 0.435119140625 0.15226861313868614 0.42803515625 0.16497664233576642 0.4390869140625 0.16412992700729928
0  0.59521484375 0.172992700729927 0.0439453125 0.08029197080291971 0.585205078125 0.18090510948905109 0.6076484375 0.17887153284671534 0.5967666015625 0.20377956204379563 0.5889453125 0.20886277372262774 0.6028876953125 0.2063211678832117
0  0.546875 0.1583941605839416 0.033203125 0.08321167883211679 0.5331025390625 0.16221313868613138 0.5511123046875 0.15957372262773722 0.539458984375 0.17065985401459854 0.5338095703125 0.1901912408759124 0.5493466796875 0.18755182481751828
0  0.4931640625 0.24671532846715327 0.025390625 0.061313868613138686 -0.0009765625 -0.00145985401459854 -0.0009765625 -0.00145985401459854 -0.0009765625 -0.00145985401459854 -0.0009765625 -0.00145985401459854 -0.0009765625 -0.00145985401459854
0  0.49560546875 0.1759124087591241 0.0302734375 0.05401459854014599 0.48733984375 0.17416642335766425 0.50094140625 0.17382627737226278 0.4930068359375 0.1833153284671533 0.48733984375 0.1911109489051095 0.50003515625 0.19212700729927007
0  0.337890625 0.21751824817518248 0.021484375 0.043795620437956206 0.33908984375 0.21398540145985404 0.347337890625 0.21454598540145986 0.345837890625 0.22043211678832117 0.33890234375 0.22995912408759123 0.345650390625 0.2310802919708029
0  0.3505859375 0.1583941605839416 0.01953125 0.04525547445255475 0.343958984375 0.15221605839416058 0.3533583984375 0.15364963503649634 0.3479873046875 0.16196496350364964 0.3441513671875 0.17028175182481753 0.3514404296875 0.17028175182481753
0  0.45068359375 0.14014598540145987 0.0185546875 0.052554744525547446 0.44659375 0.13412408759124086 0.45444140625 0.13444963503649635 0.449646484375 0.14585547445255476 0.446158203125 0.15432700729927007 0.4531337890625 0.15432700729927007
0  0.33837890625 0.17226277372262774 0.0224609375 0.03795620437956204 0.343697265625 0.1524832116788321 0.352408203125 0.15296496350364963 0.3478916015625 0.1618875912408759 0.344181640625 0.1708087591240876 0.35047265625 0.17225693430656933
0  0.626953125 0.1510948905109489 0.025390625 0.07445255474452554 -0.0009765625 -0.00145985401459854 -0.0009765625 -0.00145985401459854 -0.0009765625 -0.00145985401459854 -0.0009765625 -0.00145985401459854 -0.0009765625 -0.00145985401459854
