0  0.46484375 0.15251299826689774 0.154296875 0.2807625649913345 0.427412109375 0.09308492201039861 0.5032431640625 0.08273310225303293 0.4575498046875 0.09480935875216638 0.421578125 0.2000571923743501 0.5081044921875 0.18452859618717504
0  0.70849609375 0.1681109185441941 0.0400390625 0.07279029462738301 0.701171875 0.15424610051993068 0.720703125 0.15251299826689774 0.7138671875 0.16984402079722705 0.7001953125 0.18890814558058924 0.7197265625 0.18890814558058924
0  0.81884765625 0.2097053726169844 0.0380859375 0.08665511265164645 0.807525390625 0.20609185441941075 0.824859375 0.203894280762565 0.813716796875 0.2165303292894281 0.8103115234375 0.23245927209705372 0.8205263671875 0.2313622183708839
0  0.90576171875 0.1655112651646447 0.0595703125 0.12998266897746968 0.8927958984375 0.15808318890814557 0.9246826171875 0.15480242634315425 0.91128125 0.17612651646447142 0.89603125 0.20729116117850954 0.9246826171875 0.2048318890814558
0  0.9482421875 0.2339688041594454 0.041015625 0.09012131715771231 0.942025390625 0.22575909878682843 0.9633486328125 0.22463084922010398 0.954755859375 0.24100866551126518 0.94648046875 0.26416637781629115 0.960484375 0.26247140381282497
0  0.63720703125 0.17937608318890816 0.0263671875 0.05025996533795494 0.6328125 0.1733102253032929 0.64453125 0.17157712305025996 0.6396484375 0.18197573656845753 0.634765625 0.1923743500866551 0.642578125 0.19064124783362218
0  0.37451171875 0.19844020797227035 0.0126953125 0.036395147313691506 -0.0009765625 -0.0017331022530329288 -0.0009765625 -0.0017331022530329288 -0.0009765625 -0.0017331022530329288 -0.0009765625 -0.0017331022530329288 -0.0009765625 -0.0017331022530329288
0  0.16796875 0.19930675909878684 0.009765625 0.02079722703639515 -0.0009765625 -0.0017331022530329288 -0.0009765625 -0.0017331022530329288 -0.0009765625 -0.0017331022530329288 -0.0009765625 -0.0017331022530329288 -0.0009765625 -0.0017331022530329288
0  0.25390625 0.18630849220103987 0.01171875 0.036395147313691506 -0.0009765625 -0.0017331022530329288 -0.0009765625 -0.0017331022530329288 -0.0009765625 -0.0017331022530329288 -0.0009765625 -0.0017331022530329288 -0.0009765625 -0.0017331022530329288
0  0.31005859375 0.17417677642980936 0.0126953125 0.029462738301559793 -0.0009765625 -0.0017331022530329288 -0.0009765625 -0.0017331022530329288 -0.0009765625 -0.0017331022530329288 -0.0009765625 -0.0017331022530329288 -0.0009765625 -0.0017331022530329288
0  0.22216796875 0.19844020797227035 0.0107421875 0.025996533795493933 -0.0009765625 -0.0017331022530329288 -0.0009765625 -0.0017331022530329288 -0.0009765625 -0.0017331022530329288 -0.0009765625 -0.0017331022530329288 -0.0009765625 -0.0017331022530329288
0  0.74169921875 0.1949740034662045 0.0224609375 0.06412478336221837 0.74609375 0.18024263431542462 0.74609375 0.18024263431542462 0.751953125 0.19584055459272098 0.7451171875 0.20623916811091855 0.7451171875 0.20797227036395147
