0  0.0234375 0.7650073206442167 0.015625 0.027818448023426062 0.0196533203125 0.7633601756954612 0.0272216796875 0.7593338213762811 0.0255126953125 0.7673865300146413 0.0224609375 0.7741581259150805 0.0299072265625 0.7703147877013177
0  0.1416015625 0.6991215226939971 0.013671875 0.021961932650073207 0.142638671875 0.6943631039531479 0.1451328125 0.6933557833089312 0.1481064453125 0.697095168374817 0.145228515625 0.7034231332357247 0.1473388671875 0.7032781844802343
0  0.08056640625 0.6390922401171303 0.0107421875 0.021961932650073207 -0.0009765625 -0.0014641288433382138 -0.0009765625 -0.0014641288433382138 -0.0009765625 -0.0014641288433382138 -0.0009765625 -0.0014641288433382138 -0.0009765625 -0.0014641288433382138
0  0.39404296875 0.8008784773060029 0.0126953125 0.032210834553440704 0.390529296875 0.7995387994143485 0.39133984375 0.7995387994143485 0.3882314453125 0.8064275256222547 0.3907998046875 0.8125065885797951 0.391880859375 0.8123045387994143
0  0.30126953125 0.5937042459736457 0.0087890625 0.024890190336749635 -0.0009765625 -0.0014641288433382138 -0.0009765625 -0.0014641288433382138 -0.0009765625 -0.0014641288433382138 -0.0009765625 -0.0014641288433382138 -0.0009765625 -0.0014641288433382138
0  0.353515625 0.5944363103953147 0.009765625 0.02342606149341142 0.355748046875 0.5942796486090776 0.3580498046875 0.5939663250366032 0.35836328125 0.5988286969253295 0.3548056640625 0.6030644216691068 0.35648046875 0.6025929721815521
0  0.41845703125 0.6032210834553441 0.0126953125 0.02342606149341142 0.41748046875 0.601809663250366 0.422607421875 0.6013382137628112 0.4210380859375 0.6068286969253295 0.4181083984375 0.610437774524158 0.422607421875 0.6102796486090777
0  0.65234375 0.5702781844802343 0.009765625 0.01903367496339678 0.6523525390625 0.5712723279648608 0.655666015625 0.5711478770131772 0.6550859375 0.575493411420205 0.6531806640625 0.5785988286969254 0.6550859375 0.5782269399707174
0  0.603515625 0.5592972181551976 0.0078125 0.020497803806734993 0.6033017578125 0.5574670571010248 0.608978515625 0.5571918008784773 0.60760546875 0.5637803806734993 0.604583984375 0.5661142020497804 0.608337890625 0.5659765739385066
0  0.94091796875 0.465592972181552 0.0068359375 0.014641288433382138 0.9415107421875 0.4646647144948755 0.9434072265625 0.4634875549048316 0.94399609375 0.46642898975109814 0.9426875 0.47015519765739383 0.9431455078125 0.47015519765739383
0  0.962890625 0.46412884333821375 0.0078125 0.014641288433382138 0.9633095703125 0.4644421669106881 0.9661689453125 0.4645475841874085 0.965052734375 0.4668477306002929 0.964076171875 0.470298682284041 0.9656806640625 0.470298682284041
0  0.935546875 0.4985358711566618 0.005859375 0.013177159590043924 -0.0009765625 -0.0014641288433382138 -0.0009765625 -0.0014641288433382138 -0.0009765625 -0.0014641288433382138 -0.0009765625 -0.0014641288433382138 -0.0009765625 -0.0014641288433382138
0  0.83837890625 0.5322108345534406 0.0068359375 0.016105417276720352 -0.0009765625 -0.0014641288433382138 -0.0009765625 -0.0014641288433382138 -0.0009765625 -0.0014641288433382138 -0.0009765625 -0.0014641288433382138 -0.0009765625 -0.0014641288433382138
0  0.12109375 0.6412884333821376 0.01171875 0.017569546120058566 -0.0009765625 -0.0014641288433382138 -0.0009765625 -0.0014641288433382138 -0.0009765625 -0.0014641288433382138 -0.0009765625 -0.0014641288433382138 -0.0009765625 -0.0014641288433382138
0  0.2470703125 0.1705710102489019 0.01171875 0.024890190336749635 0.24380078125 0.1676368960468521 0.2490322265625 0.16698243045387995 0.24598046875 0.1723748169838946 0.2494677734375 0.17907467057101026 0.2495771484375 0.17874816983894581
0  0.400390625 0.18667642752562225 0.009765625 0.024890190336749635 0.3967412109375 0.18275402635431917 0.3995751953125 0.1847159590043924 0.3956513671875 0.1881464128843338 0.3964150390625 0.19223279648609076 0.3985947265625 0.19304978038067352
0  0.4384765625 0.1603221083455344 0.01171875 0.024890190336749635 0.4346748046875 0.15912005856515374 0.4405341796875 0.15912005856515374 0.437708984375 0.1650805270863836 0.435302734375 0.16884480234260615 0.43948828125 0.16868814055636897
0  0.48828125 0.1822840409956076 0.01171875 0.024890190336749635 0.4859404296875 0.1819575402635432 0.491171875 0.18310102489019034 0.488337890625 0.18784040995607612 0.4858310546875 0.19192532942898977 0.4902998046875 0.19241581259150803
0  0.5087890625 0.15519765739385066 0.009765625 0.020497803806734993 -0.0009765625 -0.0014641288433382138 -0.0009765625 -0.0014641288433382138 -0.0009765625 -0.0014641288433382138 -0.0009765625 -0.0014641288433382138 -0.0009765625 -0.0014641288433382138
0  0.53955078125 0.15373352855051245 0.0107421875 0.02635431918008785 0.535923828125 0.15288433382137628 0.5405712890625 0.15271449487554906 0.536376953125 0.157303074670571 0.536376953125 0.1617203513909224 0.5394375 0.1617203513909224
0  0.72998046875 0.1617862371888726 0.0087890625 0.01903367496339678 0.7313232421875 0.16044655929721816 0.7326484375 0.1603221083455344 0.7331455078125 0.1645446559297218 0.73140625 0.16851830161054174 0.7326484375 0.16851830161054174
0  0.73974609375 0.17349926793557832 0.0068359375 0.016105417276720352 0.739388671875 0.17340849194729135 0.7410888671875 0.17291800878477306 0.740630859375 0.17615226939970718 0.7392578125 0.178800878477306 0.7405654296875 0.17860468521229866
0  0.84912109375 0.16764275256222547 0.0068359375 0.01903367496339678 0.84912109375 0.16514641288433382 0.8528876953125 0.16573352855051243 0.8511611328125 0.17091068814055638 0.84990625 0.1727935578330893 0.8500625 0.17314641288433383
0  0.880859375 0.15446559297218154 0.0078125 0.016105417276720352 -0.0009765625 -0.0014641288433382138 -0.0009765625 -0.0014641288433382138 -0.0009765625 -0.0014641288433382138 -0.0009765625 -0.0014641288433382138 -0.0009765625 -0.0014641288433382138
0  0.900390625 0.18448023426061494 0.0078125 0.014641288433382138 -0.0009765625 -0.0014641288433382138 -0.0009765625 -0.0014641288433382138 -0.0009765625 -0.0014641288433382138 -0.0009765625 -0.0014641288433382138 -0.0009765625 -0.0014641288433382138
0  0.85400390625 0.15592972181551976 0.0068359375 0.016105417276720352 -0.0009765625 -0.0014641288433382138 -0.0009765625 -0.0014641288433382138 -0.0009765625 -0.0014641288433382138 -0.0009765625 -0.0014641288433382138 -0.0009765625 -0.0014641288433382138
0  0.94921875 0.1705710102489019 0.0078125 0.01903367496339678 -0.0009765625 -0.0014641288433382138 -0.0009765625 -0.0014641288433382138 -0.0009765625 -0.0014641288433382138 -0.0009765625 -0.0014641288433382138 -0.0009765625 -0.0014641288433382138
0  0.96435546875 0.1581259150805271 0.0068359375 0.014641288433382138 -0.0009765625 -0.0014641288433382138 -0.0009765625 -0.0014641288433382138 -0.0009765625 -0.0014641288433382138 -0.0009765625 -0.0014641288433382138 -0.0009765625 -0.0014641288433382138
0  0.69775390625 0.17496339677891654 0.0087890625 0.01903367496339678 -0.0009765625 -0.0014641288433382138 -0.0009765625 -0.0014641288433382138 -0.0009765625 -0.0014641288433382138 -0.0009765625 -0.0014641288433382138 -0.0009765625 -0.0014641288433382138
0  0.6650390625 0.1683748169838946 0.01171875 0.020497803806734993 -0.0009765625 -0.0014641288433382138 -0.0009765625 -0.0014641288433382138 -0.0009765625 -0.0014641288433382138 -0.0009765625 -0.0014641288433382138 -0.0009765625 -0.0014641288433382138
0  0.47998046875 0.1683748169838946 0.0087890625 0.017569546120058566 -0.0009765625 -0.0014641288433382138 -0.0009765625 -0.0014641288433382138 -0.0009765625 -0.0014641288433382138 -0.0009765625 -0.0014641288433382138 -0.0009765625 -0.0014641288433382138
0  0.38525390625 0.1376281112737921 0.0087890625 0.020497803806734993 -0.0009765625 -0.0014641288433382138 -0.0009765625 -0.0014641288433382138 -0.0009765625 -0.0014641288433382138 -0.0009765625 -0.0014641288433382138 -0.0009765625 -0.0014641288433382138
0  0.34375 0.17349926793557832 0.01171875 0.021961932650073207 -0.0009765625 -0.0014641288433382138 -0.0009765625 -0.0014641288433382138 -0.0009765625 -0.0014641288433382138 -0.0009765625 -0.0014641288433382138 -0.0009765625 -0.0014641288433382138
0  0.3193359375 0.18374816983894582 0.0078125 0.016105417276720352 -0.0009765625 -0.0014641288433382138 -0.0009765625 -0.0014641288433382138 -0.0009765625 -0.0014641288433382138 -0.0009765625 -0.0014641288433382138 -0.0009765625 -0.0014641288433382138
0  0.294921875 0.15592972181551976 0.009765625 0.024890190336749635 -0.0009765625 -0.0014641288433382138 -0.0009765625 -0.0014641288433382138 -0.0009765625 -0.0014641288433382138 -0.0009765625 -0.0014641288433382138 -0.0009765625 -0.0014641288433382138
0  0.203125 0.16251830161054173 0.01171875 0.02342606149341142 0.198486328125 0.1611068814055637 0.2025673828125 0.16173352855051246 0.1987998046875 0.16738067349926794 0.1997421875 0.17004831625183017 0.2020439453125 0.1706749633967789
0  0.14111328125 0.17569546120058566 0.0126953125 0.02342606149341142 0.1397529296875 0.17271449487554905 0.1450888671875 0.1719311859443631 0.1426826171875 0.17804831625183015 0.1397529296875 0.18197071742313323 0.1441474609375 0.18181405563689604
0  0.1025390625 0.17935578330893118 0.01171875 0.021961932650073207 0.0974560546875 0.17661054172767204 0.1040732421875 0.1773294289897511 0.1003330078125 0.18437628111273793 0.099181640625 0.1886896046852123 0.10273046875 0.1886896046852123
0  0.99462890625 0.4699853587115666 0.0068359375 0.014641288433382138 -0.0009765625 -0.0014641288433382138 -0.0009765625 -0.0014641288433382138 -0.0009765625 -0.0014641288433382138 -0.0009765625 -0.0014641288433382138 -0.0009765625 -0.0014641288433382138
0  0.806640625 0.5065885797950219 0.009765625 0.014641288433382138 -0.0009765625 -0.0014641288433382138 -0.0009765625 -0.0014641288433382138 -0.0009765625 -0.0014641288433382138 -0.0009765625 -0.0014641288433382138 -0.0009765625 -0.0014641288433382138
0  0.83642578125 0.5051244509516838 0.0087890625 0.014641288433382138 -0.0009765625 -0.0014641288433382138 -0.0009765625 -0.0014641288433382138 -0.0009765625 -0.0014641288433382138 -0.0009765625 -0.0014641288433382138 -0.0009765625 -0.0014641288433382138
0  0.7080078125 0.5241581259150805 0.009765625 0.017569546120058566 -0.0009765625 -0.0014641288433382138 -0.0009765625 -0.0014641288433382138 -0.0009765625 -0.0014641288433382138 -0.0009765625 -0.0014641288433382138 -0.0009765625 -0.0014641288433382138
0  0.6201171875 0.5636896046852123 0.009765625 0.020497803806734993 -0.0009765625 -0.0014641288433382138 -0.0009765625 -0.0014641288433382138 -0.0009765625 -0.0014641288433382138 -0.0009765625 -0.0014641288433382138 -0.0009765625 -0.0014641288433382138
0  0.54736328125 0.5863836017569546 0.0087890625 0.01903367496339678 -0.0009765625 -0.0014641288433382138 -0.0009765625 -0.0014641288433382138 -0.0009765625 -0.0014641288433382138 -0.0009765625 -0.0014641288433382138 -0.0009765625 -0.0014641288433382138
0  0.51025390625 0.5929721815519766 0.0107421875 0.017569546120058566 -0.0009765625 -0.0014641288433382138 -0.0009765625 -0.0014641288433382138 -0.0009765625 -0.0014641288433382138 -0.0009765625 -0.0014641288433382138 -0.0009765625 -0.0014641288433382138
0  0.47119140625 0.6054172767203514 0.0107421875 0.01903367496339678 0.47239453125 0.6036398243045388 0.4744873046875 0.6022020497803806 0.47562109375 0.6054699853587115 0.4740517578125 0.6114831625183016 0.4744873046875 0.6114831625183016
0  0.46337890625 0.6464128843338214 0.0107421875 0.016105417276720352 -0.0009765625 -0.0014641288433382138 -0.0009765625 -0.0014641288433382138 -0.0009765625 -0.0014641288433382138 -0.0009765625 -0.0014641288433382138 -0.0009765625 -0.0014641288433382138
0  0.4697265625 0.7759882869692533 0.017578125 0.029282576866764276 0.4664306640625 0.7714128843338214 0.4732666015625 0.7712298682284041 0.469482421875 0.777818448023426 0.466796875 0.7834919472913616 0.4739990234375 0.7833089311859444
0  0.2724609375 0.6134699853587116 0.013671875 0.02342606149341142 0.2761923828125 0.6115358711566617 0.2783896484375 0.6107510980966324 0.2789130859375 0.6173396778916544 0.2754599609375 0.6214187408491947 0.277552734375 0.621103953147877
0  0.236328125 0.6405563689604685 0.009765625 0.01903367496339678 -0.0009765625 -0.0014641288433382138 -0.0009765625 -0.0014641288433382138 -0.0009765625 -0.0014641288433382138 -0.0009765625 -0.0014641288433382138 -0.0009765625 -0.0014641288433382138
0  0.17431640625 0.6434846266471449 0.0126953125 0.024890190336749635 0.1730654296875 0.6420204978038068 0.1775341796875 0.6430014641288434 0.175462890625 0.6467598828696925 0.172193359375 0.6505183016105417 0.17709765625 0.6516617862371888
0  0.18115234375 0.7818448023426061 0.0146484375 0.02342606149341142 -0.0009765625 -0.0014641288433382138 -0.0009765625 -0.0014641288433382138 -0.0009765625 -0.0014641288433382138 -0.0009765625 -0.0014641288433382138 -0.0009765625 -0.0014641288433382138
0  0.1708984375 0.8689604685212299 0.015625 0.03367496339677892 0.175646484375 0.8698228404099562 0.1762216796875 0.8685285505124452 0.177228515625 0.8739209370424598 0.172193359375 0.878882869692533 0.172912109375 0.8778038067349926
0  0.244140625 0.7657393850658858 0.015625 0.020497803806734993 -0.0009765625 -0.0014641288433382138 -0.0009765625 -0.0014641288433382138 -0.0009765625 -0.0014641288433382138 -0.0009765625 -0.0014641288433382138 -0.0009765625 -0.0014641288433382138
0  0.3056640625 0.7459736456808199 0.01171875 0.021961932650073207 -0.0009765625 -0.0014641288433382138 -0.0009765625 -0.0014641288433382138 -0.0009765625 -0.0014641288433382138 -0.0009765625 -0.0014641288433382138 -0.0009765625 -0.0014641288433382138
0  0.5849609375 0.8052708638360175 0.017578125 0.029282576866764276 0.5792236328125 0.799597364568082 0.5821533203125 0.7999633967789166 0.576416015625 0.804904831625183 0.579833984375 0.8116764275256223 0.5819091796875 0.8124084919472914
0  0.5908203125 0.8455344070278185 0.015625 0.03074670571010249 0.5853310546875 0.8385988286969254 0.58627734375 0.8406251830161054 0.5828984375 0.8422459736456809 0.5856015625 0.8501493411420206 0.5864130859375 0.8511625183016106
0  0.68408203125 0.808199121522694 0.0126953125 0.029282576866764276 -0.0009765625 -0.0014641288433382138 -0.0009765625 -0.0014641288433382138 -0.0009765625 -0.0014641288433382138 -0.0009765625 -0.0014641288433382138 -0.0009765625 -0.0014641288433382138
0  0.80029296875 0.7232796486090776 0.0166015625 0.029282576866764276 0.7966787109375 0.7183777452415813 0.804517578125 0.7179985358711566 0.8009775390625 0.7274758418740849 0.7974375 0.7318360175695461 0.8037587890625 0.730887262079063
0  0.76611328125 0.8543191800878477 0.0166015625 0.03367496339677892 0.7588583984375 0.8512869692532943 0.762904296875 0.8546325036603222 0.7581611328125 0.8588155197657394 0.7591376953125 0.8636266471449487 0.7616494140625 0.865718887262079
0  0.88134765625 0.8477306002928258 0.0126953125 0.02635431918008785 -0.0009765625 -0.0014641288433382138 -0.0009765625 -0.0014641288433382138 -0.0009765625 -0.0014641288433382138 -0.0009765625 -0.0014641288433382138 -0.0009765625 -0.0014641288433382138
0  0.9169921875 0.7415812591508053 0.013671875 0.027818448023426062 0.9112548828125 0.7359077598828697 0.911865234375 0.7375549048316252 0.9100341796875 0.7421303074670571 0.91015625 0.7450585651537335 0.9107666015625 0.7457906295754027
0  0.97509765625 0.91800878477306 0.0205078125 0.03513909224011713 0.976166015625 0.9145314787701317 0.9804384765625 0.9152181551976575 0.97509765625 0.9220805270863836 0.9755556640625 0.9296310395314787 0.976013671875 0.9294011713030746
0  0.60205078125 0.16471449487554904 0.0107421875 0.021961932650073207 -0.0009765625 -0.0014641288433382138 -0.0009765625 -0.0014641288433382138 -0.0009765625 -0.0014641288433382138 -0.0009765625 -0.0014641288433382138 -0.0009765625 -0.0014641288433382138
