0  0.7919921875 0.21010248901903367 0.05078125 0.10102489019033675 0.781591796875 0.19346998535871154 0.806494140625 0.19298682284040997 0.796025390625 0.20866764275256225 0.78515625 0.23306002928257688 0.804306640625 0.2325329428989751
0  0.669921875 0.2745241581259151 0.01953125 0.060029282576866766 -0.0009765625 -0.0014641288433382138 -0.0009765625 -0.0014641288433382138 -0.0009765625 -0.0014641288433382138 -0.0009765625 -0.0014641288433382138 -0.0009765625 -0.0014641288433382138
0  0.61572265625 0.24963396778916544 0.0283203125 0.060029282576866766 0.61144140625 0.24662664714494875 0.621302734375 0.24511127379209371 0.615740234375 0.25345095168374815 0.6111884765625 0.2648243045387994 0.6228203125 0.2648243045387994
0  0.5751953125 0.2686676427525622 0.021484375 0.03953147877013177 0.566423828125 0.265203513909224 0.5771923828125 0.2602357247437775 0.5733818359375 0.27091654465592974 0.570896484375 0.28358418740849195 0.57951171875 0.27936163982430456
0  0.53076171875 0.25768667642752563 0.0087890625 0.020497803806734993 -0.0009765625 -0.0014641288433382138 -0.0009765625 -0.0014641288433382138 -0.0009765625 -0.0014641288433382138 -0.0009765625 -0.0014641288433382138 -0.0009765625 -0.0014641288433382138
0  0.54541015625 0.27232796486090777 0.0087890625 0.020497803806734993 -0.0009765625 -0.0014641288433382138 -0.0009765625 -0.0014641288433382138 -0.0009765625 -0.0014641288433382138 -0.0009765625 -0.0014641288433382138 -0.0009765625 -0.0014641288433382138
0  0.50244140625 0.2781844802342606 0.0068359375 0.014641288433382138 -0.0009765625 -0.0014641288433382138 -0.0009765625 -0.0014641288433382138 -0.0009765625 -0.0014641288433382138 -0.0009765625 -0.0014641288433382138 -0.0009765625 -0.0014641288433382138
0  0.4609375 0.26720351390922403 0.009765625 0.01903367496339678 -0.0009765625 -0.0014641288433382138 -0.0009765625 -0.0014641288433382138 -0.0009765625 -0.0014641288433382138 -0.0009765625 -0.0014641288433382138 -0.0009765625 -0.0014641288433382138
0  0.4453125 0.2613469985358712 0.0078125 0.013177159590043924 -0.0009765625 -0.0014641288433382138 -0.0009765625 -0.0014641288433382138 -0.0009765625 -0.0014641288433382138 -0.0009765625 -0.0014641288433382138 -0.0009765625 -0.0014641288433382138
0  0.755859375 0.23572474377745242 0.02734375 0.07613469985358712 0.742470703125 0.22543191800878476 0.754287109375 0.22308931185944364 0.743779296875 0.23789165446559296 0.745625 0.25592972181551976 0.753994140625 0.25389458272327964
0  0.1611328125 0.32650073206442165 0.029296875 0.07027818448023426 -0.0009765625 -0.0014641288433382138 -0.0009765625 -0.0014641288433382138 -0.0009765625 -0.0014641288433382138 -0.0009765625 -0.0014641288433382138 -0.0009765625 -0.0014641288433382138
