0  0.294921875 0.2727272727272727 0.052734375 0.13636363636363635 0.27813671875 0.2581328671328671 0.3006767578125 0.2504055944055944 0.2862900390625 0.2830297202797203 0.283412109375 0.31221853146853146 0.3045126953125 0.3053513986013986
0  0.4091796875 0.27972027972027974 0.03125 0.0979020979020979 0.3916708984375 0.27391433566433565 0.4044150390625 0.27329720279720277 0.3923603515625 0.28932867132867135 0.3944267578125 0.30659265734265734 0.4054482421875 0.30659265734265734
0  0.3740234375 0.2744755244755245 0.041015625 0.0979020979020979 -0.0009765625 -0.0017482517482517483 -0.0009765625 -0.0017482517482517483 -0.0009765625 -0.0017482517482517483 -0.0009765625 -0.0017482517482517483 -0.0009765625 -0.0017482517482517483
0  0.16943359375 0.3277972027972028 0.0498046875 0.11713286713286714 0.1552734375 0.32517482517482516 0.1787109375 0.32342657342657344 0.166015625 0.34615384615384615 0.16015625 0.36713286713286714 0.1748046875 0.36713286713286714
0  0.111328125 0.32255244755244755 0.037109375 0.07167832167832168 0.1017373046875 0.3103618881118881 0.1194375 0.30538286713286716 0.110333984375 0.32620454545454547 0.101990234375 0.3434073426573427 0.119689453125 0.3411433566433566
0  0.0283203125 0.2666083916083916 0.0390625 0.08216783216783216 0.017900390625 0.2528339160839161 0.0348427734375 0.2528339160839161 0.0260791015625 0.2727045454545454 0.01877734375 0.28786888111888115 0.0322138671875 0.28786888111888115
0  0.06298828125 0.291958041958042 0.0224609375 0.055944055944055944 0.0595703125 0.28321678321678323 0.0595703125 0.28321678321678323 0.05078125 0.29545454545454547 0.05859375 0.3094405594405594 0.05859375 0.3094405594405594
0  0.54541015625 0.32167832167832167 0.0517578125 0.13986013986013987 0.525390625 0.29632867132867136 0.55029296875 0.3041958041958042 0.5283203125 0.3243006993006993 0.52392578125 0.3548951048951049 0.53857421875 0.36013986013986016
0  0.6103515625 0.2744755244755245 0.037109375 0.10139860139860139 0.607421875 0.2674825174825175 0.6201171875 0.26223776223776224 0.615234375 0.2744755244755245 0.609375 0.2937062937062937 0.62109375 0.2902097902097902
0  0.6962890625 0.2701048951048951 0.029296875 0.09615384615384616 0.688080078125 0.26048951048951047 0.6911015625 0.26229195804195804 0.682037109375 0.2821241258741259 0.6860654296875 0.2953461538461538 0.6904296875 0.29414335664335667
0  0.767578125 0.291958041958042 0.048828125 0.09090909090909091 0.754185546875 0.27288286713286714 0.7709609375 0.2688409090909091 0.7599921875 0.29136538461538464 0.7567666015625 0.3098461538461538 0.7712841796875 0.30926923076923074
0  0.78857421875 0.38548951048951047 0.0458984375 0.1346153846153846 0.772404296875 0.3675769230769231 0.7904619140625 0.37608566433566437 0.768126953125 0.38799475524475524 0.7667021484375 0.4126660839160839 0.7766806640625 0.4194720279720279
0  0.85693359375 0.3732517482517482 0.0478515625 0.1451048951048951 0.8453193359375 0.34431118881118883 0.850376953125 0.356986013986014 0.8326767578125 0.3732832167832168 0.8377333984375 0.40768531468531466 0.8448134765625 0.4131188811188811
0  0.85986328125 0.2194055944055944 0.0439453125 0.08916083916083917 0.847599609375 0.21199825174825176 0.865421875 0.21370804195804197 0.853646484375 0.2319405594405594 0.847599609375 0.24447377622377622 0.86001171875 0.24618356643356645
0  0.98095703125 0.3138111888111888 0.0341796875 0.1451048951048951 0.9698662109375 0.30559265734265734 0.9861884765625 0.3101590909090909 0.967826171875 0.3265944055944056 0.9693564453125 0.3503374125874126 0.98159765625 0.3494248251748252
0  0.49609375 0.4423076923076923 0.033203125 0.0944055944055944 0.48519921875 0.4204003496503496 0.500640625 0.41499125874125875 0.48553515625 0.4396311188811189 0.4862060546875 0.45705944055944053 0.4966123046875 0.45585664335664333
