0  0.47314453125 0.39222873900293254 0.0400390625 0.07771260997067449 0.4600654296875 0.3890087976539589 0.483921875 0.3900029325513197 0.4733193359375 0.4044296187683285 0.4653671875 0.42035043988269793 0.4776259765625 0.41935483870967744
0  0.4228515625 0.39956011730205276 0.0390625 0.07771260997067449 0.4154052734375 0.39634017595307913 0.4339599609375 0.39534457478005863 0.42236328125 0.41076686217008795 0.41673046875 0.4246964809384164 0.4309775390625 0.42569061583577716
0  0.5400390625 0.3980938416422287 0.029296875 0.060117302052785926 0.532470703125 0.39432404692082107 0.5463779296875 0.3939442815249267 0.5413203125 0.4041950146627566 0.53474609375 0.4148255131964809 0.5453662109375 0.41558504398826973
0  0.61279296875 0.39882697947214074 0.0283203125 0.06158357771260997 0.6025302734375 0.39152785923753664 0.6187353515625 0.39075659824046916 0.6117900390625 0.4042727272727273 0.6058740234375 0.4162448680351906 0.616677734375 0.41740469208211145
0  0.66455078125 0.35043988269794724 0.0341796875 0.07624633431085044 0.65133203125 0.34158357771261 0.6659716796875 0.3391935483870968 0.65865234375 0.3540073313782991 0.65260546875 0.3673870967741935 0.669154296875 0.36786510263929617
0  0.744140625 0.34237536656891493 0.037109375 0.08064516129032258 0.7331103515625 0.3365366568914956 0.7545341796875 0.3339838709677419 0.746033203125 0.3533856304985337 0.7368515625 0.36410703812316714 0.7518134765625 0.36257624633431085
0  0.81298828125 0.3585043988269795 0.0400390625 0.08944281524926687 0.8053759765625 0.3448240469208211 0.8259970703125 0.3493269794721408 0.823373046875 0.3583343108504399 0.811 0.37859970674486804 0.822998046875 0.3802888563049854
0  0.90625 0.3973607038123167 0.060546875 0.10850439882697947 0.88882421875 0.38769208211143696 0.919037109375 0.3842551319648094 0.904388671875 0.40693695014662756 0.8952333984375 0.4275571847507331 0.9176640625 0.4261818181818182
0  0.16259765625 0.32404692082111436 0.0927734375 0.17595307917888564 0.1451630859375 0.2989765395894428 0.18716015625 0.30782697947214077 0.16800390625 0.3399076246334311 0.1422158203125 0.3620322580645161 0.1820029296875 0.37309530791788853
0  0.36181640625 0.375366568914956 0.0634765625 0.12903225806451613 0.3455244140625 0.3582683284457478 0.3798564453125 0.36481524926686215 0.361873046875 0.3844516129032258 0.3471591796875 0.4065439882697947 0.3738623046875 0.4098181818181818
0  0.48876953125 0.47653958944281527 0.0498046875 0.11730205278592376 0.4789208984375 0.4639721407624633 0.5025673828125 0.47654545454545455 0.4912373046875 0.49429912023460415 0.4710390625 0.5053944281524926 0.494193359375 0.5172287390029325
