0  0.8994140625 0.39986996098829647 0.044921875 0.09232769830949285 0.884974609375 0.3847061118335501 0.9041572265625 0.3934148244473342 0.8880263671875 0.4056059817945384 0.8841025390625 0.4183771131339402 0.898490234375 0.4230221066319896
0  0.8603515625 0.4102730819245774 0.03515625 0.08192457737321196 0.8469140625 0.3990117035110533 0.860029296875 0.4011313394018206 0.845625 0.41485045513654095 0.848291015625 0.4259557867360208 0.8600390625 0.42695708712613784
0  0.77490234375 0.3966189856957087 0.0478515625 0.08842652795838751 0.7806923828125 0.38250065019505847 0.7940849609375 0.3852873862158648 0.796595703125 0.4020065019505851 0.778599609375 0.41482444733420026 0.790318359375 0.41761118335500647
0  0.7216796875 0.3985695708712614 0.037109375 0.06371911573472042 0.7115478515625 0.3893862158647594 0.726501953125 0.3836957087126138 0.719787109375 0.4023901170351105 0.71795703125 0.41620546163849154 0.73046875 0.41376853055916774
0  0.6416015625 0.34070221066319895 0.05859375 0.08842652795838751 0.6365791015625 0.3265838751625488 0.657505859375 0.32323927178153444 0.651646484375 0.3433029908972692 0.636998046875 0.36002210663198964 0.6591796875 0.3572353706111834
0  0.49853515625 0.41222366710013003 0.0537109375 0.07022106631989597 0.4905654296875 0.39863979193758126 0.51130859375 0.39139401820546166 0.5034873046875 0.4162990897269181 0.4963466796875 0.42943042912873863 0.514029296875 0.42399739921976587
0  0.396484375 0.3953185955786736 0.052734375 0.09102730819245773 0.3873076171875 0.3843237971391418 0.4088876953125 0.3785760728218466 0.4028447265625 0.3975422626788036 0.390759765625 0.4136345903771131 0.4119091796875 0.40731209362808846
0  0.28857421875 0.37256176853055917 0.0498046875 0.08972691807542263 0.282166015625 0.3658049414824447 0.3041552734375 0.3607360208062419 0.2978125 0.3810091027308192 0.284703125 0.39621326397919376 0.306693359375 0.3905812743823147
0  0.3310546875 0.4232769830949285 0.041015625 0.06892067620286085 0.3310546875 0.4213263979193758 0.3466796875 0.42392717815344605 0.3427734375 0.43823146944083224 0.3349609375 0.4447334200260078 0.345703125 0.44733420026007803
0  0.13818359375 0.4102730819245774 0.0439453125 0.0741222366710013 0.13983984375 0.39676983094928475 0.1537822265625 0.3996254876462939 0.1530673828125 0.4148595578673602 0.136265625 0.4234278283485045 0.1534248046875 0.42628348504551367
0  0.1669921875 0.42197659297789336 0.03515625 0.07672301690507152 0.160478515625 0.4124850455136541 0.17784765625 0.4124850455136541 0.17097265625 0.43224057217165146 0.15722265625 0.4370585175552666 0.1742294921875 0.4389856957087126
0  0.07275390625 0.3602080624187256 0.0439453125 0.06762028608582575 0.074201171875 0.3395760728218466 0.08484765625 0.33699869960988293 0.0929130859375 0.35160468140442136 0.0767822265625 0.3705071521456437 0.0877509765625 0.36964759427828353
0  0.01611328125 0.3764629388816645 0.0302734375 0.05851755526657997 -0.0009765625 -0.0013003901170351106 -0.0009765625 -0.0013003901170351106 -0.0009765625 -0.0013003901170351106 -0.0009765625 -0.0013003901170351106 -0.0009765625 -0.0013003901170351106
