0  0.88427734375 0.4211026615969582 0.0283203125 0.08555133079847908 0.8769833984375 0.41040874524714827 0.892638671875 0.4098745247148289 0.883849609375 0.4269847908745247 0.8778076171875 0.4366083650190114 0.891541015625 0.4366083650190114
0  0.77099609375 0.4068441064638783 0.0283203125 0.07984790874524715 0.764591796875 0.3929752851711027 0.77899609375 0.3969809885931559 0.771537109375 0.41550950570342204 0.7640771484375 0.4235209125475285 0.77565234375 0.4255247148288973
0  0.662109375 0.41159695817490494 0.03125 0.0779467680608365 0.6532763671875 0.40080038022813685 0.6689541015625 0.4027699619771863 0.660103515625 0.4209847908745247 0.653529296875 0.42984410646387833 0.666931640625 0.43230608365019013
0  0.89990234375 0.15874524714828897 0.0302734375 0.0779467680608365 0.8924951171875 0.14522433460076048 0.9071572265625 0.1467281368821293 0.8994404296875 0.1627509505703422 0.8940390625 0.17727376425855512 0.9038125 0.17727376425855512
0  0.7939453125 0.21197718631178708 0.033203125 0.0741444866920152 0.7822265625 0.20722433460076045 0.796875 0.20532319391634982 0.7890625 0.2224334600760456 0.787109375 0.2300380228136882 0.7998046875 0.22813688212927757
0  0.68701171875 0.188212927756654 0.0302734375 0.07984790874524715 0.6788330078125 0.1772471482889734 0.6924658203125 0.17574524714828896 0.6847490234375 0.19226996197718632 0.6803759765625 0.2017832699619772 0.69298046875 0.2017832699619772
0  0.58935546875 0.17490494296577946 0.0302734375 0.07984790874524715 0.581578125 0.162819391634981 0.59491796875 0.16230988593155893 0.5865478515625 0.17860456273764258 0.5821005859375 0.19082699619771862 0.59491796875 0.18929847908745248
0  0.50830078125 0.14543726235741444 0.0322265625 0.0779467680608365 0.5009853515625 0.13414828897338402 0.5153984375 0.13365779467680608 0.5085712890625 0.14891634980988594 0.5002265625 0.16269961977186312 0.5151455078125 0.16368441064638783
0  0.54833984375 0.4049429657794677 0.0322265625 0.07604562737642585 0.540884765625 0.39383269961977185 0.5562919921875 0.3952851711026616 0.548091796875 0.41028136882129274 0.5413818359375 0.41995627376425854 0.5555458984375 0.4204410646387832
0  0.44921875 0.40779467680608367 0.03515625 0.08935361216730038 0.437796875 0.40292395437262357 0.45391015625 0.39788212927756655 0.446716796875 0.4186083650190114 0.442400390625 0.43093155893536117 0.4562119140625 0.42532889733840307
0  0.40380859375 0.16634980988593157 0.0302734375 0.0817490494296578 0.398001953125 0.16117300380228136 0.4123623046875 0.15703041825095057 0.4075751953125 0.17670342205323195 0.39959765625 0.18757604562737643 0.41289453125 0.1860228136882129
0  0.35302734375 0.3887832699619772 0.0322265625 0.0817490494296578 0.345833984375 0.3830969581749049 0.359619140625 0.38520152091254756 0.352861328125 0.40151330798479085 0.3455634765625 0.41046007604562734 0.3585380859375 0.41046007604562734
0  0.3154296875 0.1806083650190114 0.029296875 0.07984790874524715 0.3091865234375 0.17055893536121672 0.3227890625 0.16852281368821292 0.3172958984375 0.18532699619771864 0.3089248046875 0.19602091254752851 0.32305078125 0.19602091254752851
0  0.251953125 0.4211026615969582 0.03125 0.08555133079847908 0.244384765625 0.41545817490494297 0.26058984375 0.41599239543726235 0.253998046875 0.43363878326996197 0.245208984375 0.44219391634980987 0.259216796875 0.4416577946768061
0  0.25048828125 0.13688212927756654 0.0322265625 0.07604562737642585 0.2442841796875 0.12045057034220533 0.2611826171875 0.1243212927756654 0.254224609375 0.1349638783269962 0.2462724609375 0.14899429657794677 0.2579521484375 0.1509277566539924
0  0.1484375 0.3849809885931559 0.03125 0.08555133079847908 0.1429970703125 0.37316730038022816 0.1566689453125 0.3742528517110266 0.149134765625 0.3921787072243346 0.1404853515625 0.4035855513307985 0.1547158203125 0.4035855513307985
0  0.20068359375 0.17300380228136883 0.0302734375 0.08365019011406843 0.195330078125 0.1637357414448669 0.2107373046875 0.16478897338403042 0.2031689453125 0.18215209125475285 0.1947890625 0.1905722433460076 0.2088447265625 0.19109885931558934
0  0.09716796875 0.13688212927756654 0.0361328125 0.07984790874524715 0.091818359375 0.12441444866920151 0.1080234375 0.12541634980988592 0.100306640625 0.14043916349809885 0.094390625 0.1559619771863118 0.10287890625 0.1559619771863118
