0  0.91259765625 0.8073529411764706 0.0224609375 0.03529411764705882 0.90801953125 0.799264705882353 0.91778515625 0.7971970588235295 0.914734375 0.8056985294117647 0.911529296875 0.8155794117647059 0.918548828125 0.8141999999999999
0  0.92626953125 0.6963235294117647 0.0244140625 0.051470588235294115 0.920767578125 0.6900073529411764 0.9331923828125 0.6893514705882353 0.9277431640625 0.6988705882352941 0.92251171875 0.7087191176470587 0.9338466796875 0.708389705882353
0  0.984375 0.6691176470588235 0.029296875 0.058823529411764705 0.9814453125 0.6637867647058824 0.994087890625 0.6626441176470589 0.98903125 0.6717823529411765 0.983720703125 0.6854911764705882 0.995099609375 0.685110294117647
0  0.98828125 0.6132352941176471 0.0234375 0.047058823529411764 0.9862412109375 0.6084426470588236 0.9970703125 0.6075367647058824 0.992056640625 0.6156911764705882 0.9898505859375 0.6238441176470588 0.9974716796875 0.6226367647058824
0  0.96337890625 0.5661764705882353 0.0244140625 0.04411764705882353 0.9577158203125 0.5603602941176471 0.9672763671875 0.5595132352941177 0.96165234375 0.5688294117647058 0.9569658203125 0.5772970588235294 0.9655888671875 0.5772970588235294
0  0.9892578125 0.46176470588235297 0.021484375 0.05 0.9896767578125 0.4565132352941176 0.998255859375 0.4565132352941176 0.995326171875 0.4659661764705883 0.9898857421875 0.47573529411764703 0.998255859375 0.47416029411764704
0  0.970703125 0.4102941176470588 0.021484375 0.041176470588235294 0.966796875 0.4073529411764706 0.9755859375 0.4073529411764706 0.9697265625 0.4147058823529412 0.9658203125 0.42058823529411765 0.97265625 0.42058823529411765
0  0.923828125 0.4294117647058823 0.021484375 0.03529411764705882 0.9208984375 0.4235294117647059 0.927734375 0.42205882352941176 0.923828125 0.4323529411764706 0.919921875 0.43970588235294117 0.927734375 0.43970588235294117
0  0.9150390625 0.36470588235294116 0.021484375 0.04411764705882353 0.9091796875 0.3602941176470588 0.91796875 0.3588235294117647 0.9140625 0.36617647058823527 0.9111328125 0.3720588235294118 0.91796875 0.37058823529411766
0  0.98681640625 0.28455882352941175 0.0224609375 0.033823529411764704 0.9775390625 0.2823529411764706 0.986328125 0.27794117647058825 0.984375 0.2852941176470588 0.9814453125 0.2926470588235294 0.9892578125 0.2897058823529412
0  0.8505859375 0.2985294117647059 0.021484375 0.041176470588235294 0.8472724609375 0.29038823529411767 0.8551201171875 0.2906514705882353 0.851806640625 0.2987926470588235 0.84866796875 0.3064073529411765 0.8545966796875 0.30667058823529414
0  0.83740234375 0.4375 0.0244140625 0.033823529411764704 0.832990234375 0.4322735294117647 0.8428779296875 0.4318014705882353 0.83769921875 0.43983676470588234 0.8344033203125 0.4462191176470588 0.840837890625 0.4462191176470588
0  0.84521484375 0.525 0.0224609375 0.03529411764705882 0.84375 0.5220588235294118 0.853515625 0.5220588235294118 0.8486328125 0.5294117647058824 0.8447265625 0.5352941176470588 0.8505859375 0.5352941176470588
0  0.9140625 0.5558823529411765 0.0234375 0.047058823529411764 0.9098466796875 0.5498294117647059 0.91965625 0.5498294117647059 0.9155361328125 0.5592823529411765 0.9112197265625 0.5654867647058823 0.919263671875 0.5657823529411765
0  0.92431640625 0.49117647058823527 0.0224609375 0.03823529411764706 0.919921875 0.48676470588235293 0.9267578125 0.48676470588235293 0.9228515625 0.49411764705882355 0.9189453125 0.4970588235294118 0.9267578125 0.4985294117647059
0  0.78564453125 0.47941176470588237 0.0224609375 0.03235294117647059 0.783203125 0.47058823529411764 0.79296875 0.47058823529411764 0.787109375 0.47941176470588237 0.7822265625 0.48676470588235293 0.791015625 0.48676470588235293
0  0.7705078125 0.42058823529411765 0.025390625 0.03823529411764706 0.7652060546875 0.4153617647058824 0.7758095703125 0.41186911764705886 0.7718330078125 0.42234705882352946 0.770673828125 0.4323264705882353 0.776306640625 0.4303308823529412
0  0.71923828125 0.38088235294117645 0.0224609375 0.03529411764705882 0.714599609375 0.3725647058823529 0.72344921875 0.37026617647058824 0.719634765625 0.3824441176470588 0.716736328125 0.38887941176470586 0.722228515625 0.38841911764705883
0  0.70068359375 0.4183823529411765 0.0224609375 0.04264705882352941 0.7001953125 0.4117647058823529 0.70703125 0.41323529411764703 0.7041015625 0.42205882352941176 0.69921875 0.4323529411764706 0.7060546875 0.4323529411764706
0  0.73681640625 0.5169117647058824 0.0205078125 0.039705882352941174 0.7353515625 0.513235294117647 0.744140625 0.513235294117647 0.7412109375 0.5205882352941177 0.73828125 0.5279411764705882 0.744140625 0.5279411764705882
0  0.6875 0.5558823529411765 0.025390625 0.04411764705882353 0.682556640625 0.5483455882352941 0.692626953125 0.5455882352941176 0.68878125 0.5549632352941176 0.6845703125 0.564889705882353 0.6944580078125 0.5618558823529411
0  0.7529296875 0.7014705882352941 0.025390625 0.05 0.750697265625 0.6949573529411766 0.7607421875 0.6949573529411766 0.7573935546875 0.7028367647058823 0.7515341796875 0.7132352941176471 0.7599052734375 0.7148102941176471
0  0.830078125 0.7029411764705882 0.029296875 0.05 0.8245234375 0.6986676470588236 0.8360595703125 0.69545 0.831787109375 0.7070308823529412 0.8292236328125 0.7179691176470588 0.8362734375 0.7160382352941177
0  0.8408203125 0.7985294117647059 0.029296875 0.04411764705882353 0.83864453125 0.7927132352941176 0.848767578125 0.7935602941176471 0.8465185546875 0.8011823529411765 0.84239453125 0.8099323529411765 0.849142578125 0.810214705882353
0  0.8359375 0.850735294117647 0.029296875 0.054411764705882354 0.8312900390625 0.8468294117647059 0.8419189453125 0.8464808823529412 0.8382216796875 0.8548323529411764 0.8342939453125 0.8645749999999999 0.8412255859375 0.8645749999999999
0  0.6826171875 0.7 0.0234375 0.04411764705882353 0.6765048828125 0.6922073529411765 0.6875654296875 0.6910779411764706 0.68156640625 0.6995470588235294 0.6787548828125 0.7119676470588235 0.6868154296875 0.710275
0  0.79150390625 0.23970588235294119 0.0224609375 0.03529411764705882 0.7910458984375 0.23506470588235293 0.79867578125 0.2346044117647059 0.7945556640625 0.2426470588235294 0.7907412109375 0.2511485294117647 0.797607421875 0.2516088235294118
0  0.5634765625 0.4161764705882353 0.052734375 0.09117647058823529 0.5464912109375 0.3985294117647059 0.569126953125 0.39217499999999994 0.5576171875 0.40892794117647063 0.5507119140625 0.4308823529411765 0.5695107421875 0.4245279411764705
0  0.59716796875 0.25588235294117645 0.0205078125 0.03823529411764706 0.59668359375 0.25077499999999997 0.605716796875 0.25101764705882357 0.600716796875 0.2612191176470588 0.596361328125 0.2646205882352941 0.6032978515625 0.2655926470588235
0  0.541015625 0.2639705882352941 0.0234375 0.033823529411764704 0.5361328125 0.25735294117647056 0.544921875 0.25735294117647056 0.541015625 0.2647058823529412 0.537109375 0.2691176470588235 0.5439453125 0.2691176470588235
0  0.8330078125 0.3397058823529412 0.01953125 0.029411764705882353 0.8369140625 0.3382352941176471 0.8388671875 0.3397058823529412 0.8349609375 0.34558823529411764 0.8310546875 0.34705882352941175 0.8330078125 0.34852941176470587
0  0.447265625 0.6411764705882353 0.02734375 0.04411764705882353 0.441345703125 0.6306058823529412 0.453064453125 0.6300558823529412 0.447021484375 0.6397058823529411 0.442443359375 0.6507352941176471 0.451599609375 0.6512867647058823
0  0.36572265625 0.6845588235294118 0.0224609375 0.04264705882352941 0.3616328125 0.6766544117647059 0.3695068359375 0.6763794117647058 0.36639453125 0.6863058823529412 0.36181640625 0.6956794117647059 0.369689453125 0.6956794117647059
0  0.12109375 0.6389705882352941 0.02734375 0.051470588235294115 0.1188095703125 0.6342955882352942 0.1286181640625 0.6352808823529411 0.1242587890625 0.6451294117647058 0.1209892578125 0.6546485294117647 0.12796484375 0.6556323529411765
0  0.08984375 0.48970588235294116 0.025390625 0.04411764705882353 0.0858681640625 0.48388970588235297 0.097115234375 0.4830426470588235 0.0924287109375 0.4898176470588236 0.0881171875 0.500545588235294 0.096740234375 0.4999808823529412
0  0.11572265625 0.4213235294117647 0.0244140625 0.051470588235294115 0.1129677734375 0.4122838235294118 0.1236396484375 0.41395735294117647 0.117859375 0.4229970588235294 0.1116328125 0.43203823529411767 0.1211943359375 0.43203823529411767
0  0.06640625 0.5698529411764706 0.025390625 0.039705882352941174 0.0627705078125 0.5623823529411764 0.07320703125 0.5616338235294117 0.0698935546875 0.5701161764705882 0.0652548828125 0.5795955882352941 0.0727099609375 0.5785970588235294
0  0.02001953125 0.43161764705882355 0.0244140625 0.051470588235294115 0.013763671875 0.4246779411764706 0.0231630859375 0.4230705882352941 0.0210263671875 0.4356161764705882 0.01611328125 0.44783970588235295 0.02358984375 0.4471970588235294
0  0.0673828125 0.34191176470588236 0.02734375 0.045588235294117645 0.0642958984375 0.33248382352941175 0.0733115234375 0.33306176470588233 0.0706259765625 0.34143970588235295 0.065638671875 0.3518382352941177 0.0721611328125 0.3521264705882353
0  0.08740234375 0.31176470588235294 0.0224609375 0.041176470588235294 -0.0009765625 -0.0014705882352941176 -0.0009765625 -0.0014705882352941176 -0.0009765625 -0.0014705882352941176 -0.0009765625 -0.0014705882352941176 -0.0009765625 -0.0014705882352941176
0  0.12744140625 0.36764705882352944 0.0244140625 0.04411764705882353 0.12590234375 0.35844264705882356 0.135462890625 0.3578779411764706 0.1317138671875 0.3683235294117647 0.12740234375 0.3762279411764706 0.1339638671875 0.3762279411764706
0  0.20751953125 0.3713235294117647 0.0224609375 0.033823529411764704 0.205078125 0.36470588235294116 0.2138671875 0.36470588235294116 0.208984375 0.3720588235294118 0.205078125 0.37941176470588234 0.2119140625 0.37941176470588234
0  0.21826171875 0.3264705882352941 0.0205078125 0.03823529411764706 0.213474609375 0.32325294117647063 0.2222548828125 0.32225588235294117 0.21811328125 0.3307382352941176 0.2166220703125 0.3374735294117647 0.2215927734375 0.336725
0  0.16064453125 0.2985294117647059 0.0244140625 0.03823529411764706 0.158708984375 0.2917220588235294 0.168548828125 0.29220735294117645 0.163708984375 0.3014382352941177 0.1593544921875 0.3084823529411765 0.1662900390625 0.30921029411764706
0  0.18212890625 0.24338235294117647 0.0244140625 0.04264705882352941 0.1816884765625 0.2371911764705882 0.190447265625 0.23746029411764707 0.18705078125 0.24768970588235295 0.18115234375 0.2552264705882353 0.191162109375 0.2552264705882353
0  0.2021484375 0.2036764705882353 0.01953125 0.03676470588235294 0.20053515625 0.198575 0.2081171875 0.20051911764705885 0.206826171875 0.20756323529411766 0.20101953125 0.21485 0.2071494140625 0.21606470588235296
0  0.1474609375 0.18529411764705883 0.017578125 0.029411764705882353 0.1455078125 0.18088235294117647 0.15234375 0.18088235294117647 0.150390625 0.18823529411764706 0.1455078125 0.19264705882352942 0.1513671875 0.19264705882352942
0  0.16748046875 0.17426470588235293 0.0224609375 0.039705882352941174 -0.0009765625 -0.0014705882352941176 -0.0009765625 -0.0014705882352941176 -0.0009765625 -0.0014705882352941176 -0.0009765625 -0.0014705882352941176 -0.0009765625 -0.0014705882352941176
0  0.115234375 0.16911764705882354 0.025390625 0.041176470588235294 0.1126015625 0.16622941176470588 0.122611328125 0.16596029411764704 0.1183212890625 0.17538088235294116 0.1145673828125 0.1815720588235294 0.121001953125 0.18130294117647058
0  0.12158203125 0.23529411764705882 0.0263671875 0.047058823529411764 0.1201171875 0.22794117647058823 0.12890625 0.22941176470588234 0.1240234375 0.23823529411764705 0.119140625 0.24411764705882352 0.1279296875 0.24411764705882352
0  0.03466796875 0.2580882352941177 0.0185546875 0.039705882352941174 0.032357421875 0.2521147058823529 0.040806640625 0.25311176470588237 0.0374931640625 0.26184411764705884 0.0316943359375 0.26857941176470584 0.039978515625 0.27007647058823525
0  0.0478515625 0.2125 0.01953125 0.03676470588235294 0.0446953125 0.20798382352941178 0.053169921875 0.20656470588235293 0.0498740234375 0.2162558823529412 0.0479912109375 0.22381764705882354 0.053013671875 0.22358235294117648
0  0.080078125 0.13455882352941176 0.0234375 0.03676470588235294 0.0771484375 0.12794117647058822 0.0849609375 0.12794117647058822 0.0830078125 0.1338235294117647 0.0791015625 0.13823529411764707 0.0849609375 0.13823529411764707
0  0.09716796875 0.09338235294117647 0.0205078125 0.03676470588235294 0.0927734375 0.08823529411764706 0.1015625 0.08676470588235294 0.09765625 0.09705882352941177 0.0927734375 0.10294117647058823 0.1015625 0.10294117647058823
0  0.06640625 0.07058823529411765 0.01953125 0.029411764705882353 0.0712890625 0.06764705882352941 0.07421875 0.06764705882352941 0.078125 0.075 0.07421875 0.0838235294117647 0.076171875 0.0838235294117647
0  0.03173828125 0.0875 0.0224609375 0.03676470588235294 0.02734375 0.08235294117647059 0.037109375 0.08235294117647059 0.0322265625 0.08970588235294118 0.0283203125 0.09558823529411764 0.03515625 0.09558823529411764
0  0.03857421875 0.14926470588235294 0.0185546875 0.03676470588235294 0.040318359375 0.14498382352941178 0.0423583984375 0.1459294117647059 0.043927734375 0.15585588235294118 0.0371787109375 0.16294705882352942 0.0384345703125 0.16365588235294118
0  0.2685546875 0.27794117647058825 0.01953125 0.03529411764705882 0.2626953125 0.27941176470588236 0.2705078125 0.2852941176470588 0.263671875 0.28823529411764703 0.2587890625 0.2897058823529412 0.265625 0.29411764705882354
0  0.25732421875 0.2 0.0205078125 0.041176470588235294 0.25491796875 0.19852941176470587 0.263462890625 0.19879264705882355 0.2611953125 0.20745735294117645 0.2578818359375 0.21612352941176471 0.2632880859375 0.21586176470588236
0  0.23486328125 0.08602941176470588 0.0185546875 0.039705882352941174 0.232421875 0.0838235294117647 0.240234375 0.0838235294117647 0.236328125 0.09264705882352942 0.232421875 0.09705882352941177 0.2392578125 0.09705882352941177
0  0.1591796875 0.09191176470588236 0.021484375 0.03676470588235294 0.1552734375 0.08823529411764706 0.1630859375 0.08676470588235294 0.1591796875 0.09558823529411764 0.1552734375 0.10147058823529412 0.1640625 0.10147058823529412
0  0.12890625 0.08161764705882353 0.01953125 0.027941176470588237 0.1240234375 0.07647058823529412 0.130859375 0.07647058823529412 0.1279296875 0.08235294117647059 0.125 0.08823529411764706 0.130859375 0.08676470588235294
0  0.29150390625 0.1463235294117647 0.0205078125 0.03676470588235294 0.291015625 0.13970588235294118 0.298828125 0.1411764705882353 0.294921875 0.1514705882352941 0.2880859375 0.15735294117647058 0.294921875 0.1588235294117647
0  0.30908203125 0.09558823529411764 0.0166015625 0.029411764705882353 0.30555078125 0.0914529411764706 0.312744140625 0.09027058823529412 0.30960546875 0.09736029411764706 0.3071201171875 0.10464852941176471 0.31208984375 0.10405735294117648
0  0.3759765625 0.10220588235294117 0.015625 0.030882352941176472 0.37109375 0.09705882352941177 0.3818359375 0.1 0.3759765625 0.10588235294117647 0.37109375 0.10882352941176471 0.376953125 0.11176470588235295
0  0.39404296875 0.19338235294117648 0.0185546875 0.033823529411764704 0.388671875 0.18823529411764706 0.3984375 0.18676470588235294 0.39453125 0.19411764705882353 0.390625 0.20147058823529412 0.3984375 0.2
0  0.33837890625 0.20147058823529412 0.0205078125 0.03529411764705882 0.3369140625 0.19705882352941176 0.3447265625 0.19705882352941176 0.3408203125 0.20588235294117646 0.3369140625 0.21029411764705883 0.3447265625 0.21029411764705883
0  0.32080078125 0.2691176470588235 0.0205078125 0.03529411764705882 0.32109765625 0.264075 0.3286572265625 0.2656382352941176 0.3253955078125 0.2716647058823529 0.3212451171875 0.2797 0.327767578125 0.2805941176470588
0  0.29931640625 0.30808823529411766 0.0205078125 0.033823529411764704 0.2978515625 0.3014705882352941 0.3056640625 0.3 0.3037109375 0.31176470588235294 0.298828125 0.3161764705882353 0.3076171875 0.3161764705882353
0  0.2802734375 0.37573529411764706 0.01953125 0.03676470588235294 0.2763671875 0.36911764705882355 0.2861328125 0.36911764705882355 0.28125 0.3779411764705882 0.2763671875 0.38235294117647056 0.2841796875 0.38382352941176473
0  0.36083984375 0.38235294117647056 0.0205078125 0.029411764705882353 0.3572958984375 0.37238088235294114 0.36459375 0.3733985294117647 0.361349609375 0.37889264705882353 0.358646484375 0.3874411764705882 0.3641884765625 0.38764411764705886
0  0.375 0.31838235294117645 0.0234375 0.030882352941176472 0.375 0.3161764705882353 0.3828125 0.3161764705882353 0.37890625 0.3264705882352941 0.3720703125 0.3323529411764706 0.3818359375 0.3323529411764706
0  0.421875 0.24485294117647058 0.01953125 0.033823529411764704 0.4200966796875 0.23920735294117648 0.4297314453125 0.2394294117647059 0.4254326171875 0.24679558823529413 0.421875 0.25282352941176467 0.4283974609375 0.25282352941176467
0  0.43359375 0.10441176470588236 0.0234375 0.03235294117647059 0.4287109375 0.10147058823529412 0.4365234375 0.1 0.4326171875 0.10882352941176471 0.4287109375 0.11470588235294117 0.4375 0.11470588235294117
0  0.43212890625 0.14852941176470588 0.0205078125 0.03529411764705882 0.427734375 0.13823529411764707 0.4375 0.13823529411764707 0.4326171875 0.14558823529411766 0.427734375 0.15 0.4375 0.1514705882352941
0  0.4765625 0.12867647058823528 0.01953125 0.03676470588235294 0.4765625 0.1264705882352941 0.4833984375 0.1264705882352941 0.48046875 0.1323529411764706 0.4765625 0.13970588235294118 0.482421875 0.13970588235294118
0  0.525390625 0.09117647058823529 0.01953125 0.03235294117647059 0.525390625 0.08529411764705883 0.5322265625 0.0838235294117647 0.529296875 0.09117647058823529 0.5263671875 0.09558823529411764 0.5322265625 0.09558823529411764
0  0.33447265625 0.3375 0.0185546875 0.033823529411764704 0.328125 0.3352941176470588 0.337890625 0.3352941176470588 0.3330078125 0.34411764705882353 0.3291015625 0.35 0.3369140625 0.35
0  0.42138671875 0.35441176470588237 0.0224609375 0.03823529411764706 0.4200791015625 0.3514176470588235 0.426705078125 0.3514176470588235 0.4237236328125 0.35865294117647056 0.4200791015625 0.3653882352941176 0.426705078125 0.3648897058823529
0  0.4453125 0.32132352941176473 0.01953125 0.03676470588235294 0.44140625 0.3176470588235294 0.4501953125 0.3176470588235294 0.4462890625 0.3264705882352941 0.4423828125 0.3323529411764706 0.4501953125 0.3323529411764706
0  0.5087890625 0.32426470588235295 0.01953125 0.03676470588235294 0.50390625 0.3220588235294118 0.51171875 0.3264705882352941 0.5068359375 0.33088235294117646 0.501953125 0.3338235294117647 0.5078125 0.3382352941176471
0  0.5 0.24338235294117647 0.01953125 0.033823529411764704 0.498046875 0.23823529411764705 0.5048828125 0.23823529411764705 0.501953125 0.24705882352941178 0.498046875 0.25588235294117645 0.50390625 0.25441176470588234
0  0.52978515625 0.3397058823529412 0.0185546875 0.03235294117647059 0.52734375 0.3382352941176471 0.533203125 0.3352941176470588 0.5322265625 0.34411764705882353 0.53125 0.35 0.5361328125 0.34558823529411764
0  0.33544921875 0.03897058823529412 0.0185546875 0.03676470588235294 0.3359375 0.03235294117647059 0.3427734375 0.03235294117647059 0.33984375 0.04264705882352941 0.3349609375 0.047058823529411764 0.3427734375 0.047058823529411764
0  0.2451171875 0.03455882352941177 0.0234375 0.039705882352941174 0.2412109375 0.026470588235294117 0.2509765625 0.026470588235294117 0.24609375 0.03529411764705882 0.2421875 0.041176470588235294 0.25 0.041176470588235294
0  0.1904296875 0.04779411764705882 0.01953125 0.030882352941176472 0.185546875 0.041176470588235294 0.193359375 0.041176470588235294 0.189453125 0.05 0.185546875 0.054411764705882354 0.1923828125 0.054411764705882354
0  0.3896484375 0.04044117647058824 0.021484375 0.030882352941176472 0.3857421875 0.033823529411764704 0.3955078125 0.03235294117647059 0.390625 0.039705882352941174 0.38671875 0.047058823529411764 0.39453125 0.047058823529411764
0  0.45458984375 0.039705882352941174 0.0185546875 0.03529411764705882 0.453125 0.03529411764705882 0.4609375 0.03529411764705882 0.4580078125 0.041176470588235294 0.4541015625 0.045588235294117645 0.4609375 0.045588235294117645
0  0.552734375 0.15073529411764705 0.0234375 0.03676470588235294 0.5489326171875 0.14550882352941177 0.5588203125 0.14598235294117648 0.5558388671875 0.15449117647058824 0.5523857421875 0.15898088235294117 0.55787890625 0.15921764705882352
0  0.556640625 0.08970588235294118 0.017578125 0.03529411764705882 0.5537109375 0.08823529411764706 0.560546875 0.08823529411764706 0.5556640625 0.09411764705882353 0.552734375 0.09852941176470588 0.5595703125 0.1
0  0.544921875 0.19338235294117648 0.021484375 0.039705882352941174 0.5400390625 0.18970588235294117 0.5517578125 0.18970588235294117 0.544921875 0.19705882352941176 0.541015625 0.20294117647058824 0.5498046875 0.20294117647058824
0  0.615234375 0.09632352941176471 0.017578125 0.03676470588235294 0.6108046875 0.09369705882352941 0.617396484375 0.093225 0.6142578125 0.10196911764705882 0.611275390625 0.10764117647058823 0.6158271484375 0.10716911764705882
0  0.583984375 0.06470588235294118 0.01953125 0.029411764705882353 0.5810546875 0.06470588235294118 0.58984375 0.06470588235294118 0.5849609375 0.07058823529411765 0.5810546875 0.075 0.5869140625 0.075
0  0.6435546875 0.30367647058823527 0.017578125 0.030882352941176472 0.640625 0.3029411764705882 0.6484375 0.3029411764705882 0.64453125 0.31323529411764706 0.640625 0.3205882352941177 0.6474609375 0.3205882352941177
0  0.521484375 0.4147058823529412 0.0234375 0.03235294117647059 0.5185546875 0.4102941176470588 0.5283203125 0.4102941176470588 0.5234375 0.42205882352941176 0.51953125 0.4294117647058823 0.529296875 0.4279411764705882
0  0.9306640625 0.19264705882352942 0.01953125 0.03529411764705882 0.923828125 0.18823529411764706 0.9326171875 0.18529411764705883 0.9296875 0.19558823529411765 0.92578125 0.20294117647058824 0.93359375 0.20147058823529412
0  0.8798828125 0.1426470588235294 0.021484375 0.041176470588235294 0.875 0.13823529411764707 0.8828125 0.13823529411764707 0.87890625 0.14558823529411766 0.8759765625 0.1514705882352941 0.8828125 0.15
0  0.76171875 0.06397058823529411 0.01953125 0.039705882352941174 0.7593603515625 0.05833823529411765 0.7688818359375 0.05833823529411765 0.7644609375 0.066275 0.76123046875 0.07165147058823529 0.767521484375 0.07190735294117646
0  0.92626953125 0.10661764705882353 0.0185546875 0.033823529411764704 0.921875 0.1 0.9287109375 0.1 0.9248046875 0.10588235294117647 0.921875 0.11176470588235295 0.927734375 0.11176470588235295
0  0.89453125 0.06102941176470588 0.021484375 0.033823529411764704 0.896484375 0.05588235294117647 0.9013671875 0.061764705882352944 0.8974609375 0.06764705882352941 0.8916015625 0.0661764705882353 0.89453125 0.07352941176470588
0  0.931640625 0.05367647058823529 0.015625 0.027941176470588237 0.927734375 0.051470588235294115 0.9345703125 0.05 0.931640625 0.05588235294117647 0.9296875 0.060294117647058824 0.9345703125 0.060294117647058824
0  0.98828125 0.14852941176470588 0.01953125 0.03529411764705882 0.9833984375 0.14852941176470588 0.990234375 0.1411764705882353 0.9892578125 0.1514705882352941 0.9892578125 0.16176470588235295 0.994140625 0.15294117647058825
0  0.9921875 0.10220588235294117 0.015625 0.039705882352941174 0.990234375 0.09852941176470588 0.99609375 0.09558823529411764 0.994140625 0.10441176470588236 0.9921875 0.11029411764705882 0.9970703125 0.10735294117647058
0  0.99072265625 0.20588235294117646 0.0185546875 0.041176470588235294 0.9873046875 0.20147058823529412 0.9931640625 0.20147058823529412 0.9892578125 0.2088235294117647 0.9853515625 0.21323529411764705 0.9921875 0.21323529411764705
0  0.81298828125 0.05588235294117647 0.0185546875 0.041176470588235294 0.8076171875 0.05 0.81640625 0.04852941176470588 0.8134765625 0.060294117647058824 0.80859375 0.06470588235294118 0.8173828125 0.06470588235294118
0  0.66796875 0.14926470588235294 0.021484375 0.039705882352941174 0.6635703125 0.14158382352941176 0.6717314453125 0.14132794117647057 0.66816015625 0.1497764705882353 0.665099609375 0.15617794117647057 0.671220703125 0.15643382352941176
0  0.70068359375 0.022058823529411766 0.0224609375 0.03529411764705882 0.6943359375 0.014705882352941176 0.705078125 0.014705882352941176 0.7001953125 0.022058823529411766 0.6943359375 0.027941176470588237 0.703125 0.027941176470588237
0  0.94970703125 0.15073529411764705 0.0185546875 0.030882352941176472 0.9462890625 0.14411764705882352 0.955078125 0.1426470588235294 0.951171875 0.15 0.947265625 0.15735294117647058 0.955078125 0.15588235294117647
0  0.99169921875 0.021323529411764706 0.0166015625 0.030882352941176472 0.990234375 0.01911764705882353 0.9970703125 0.01911764705882353 0.9931640625 0.026470588235294117 0.990234375 0.030882352941176472 0.9951171875 0.030882352941176472
0  0.87353515625 0.08455882352941177 0.0205078125 0.039705882352941174 0.87109375 0.07941176470588235 0.8779296875 0.07941176470588235 0.8740234375 0.08823529411764706 0.87109375 0.09411764705882353 0.8779296875 0.09411764705882353
0  0.796875 0.11323529411764706 0.01953125 0.03235294117647059 0.7932783203125 0.10903382352941177 0.8004716796875 0.10405 0.797306640625 0.11314999999999999 0.7957236328125 0.11835 0.800328125 0.11510000000000001
0  0.2685546875 0.7625 0.0234375 0.04264705882352941 0.26641796875 0.7601102941176471 0.275390625 0.7601102941176471 0.2728271484375 0.7672794117647059 0.268615234375 0.7761029411764706 0.27520703125 0.7761029411764706
0  0.23583984375 0.775 0.0283203125 0.041176470588235294 0.233154296875 0.7746323529411765 0.243408203125 0.7713235294117647 0.242859375 0.7815264705882353 0.23846484375 0.7884191176470589 0.2457890625 0.7845588235294118
0  0.17529296875 0.7080882352941177 0.0263671875 0.045588235294117645 0.1706845703125 0.7033617647058824 0.180494140625 0.7018838235294118 0.1767666015625 0.709564705882353 0.1724501953125 0.7213823529411765 0.1801015625 0.7210867647058824
0  0.1962890625 0.6139705882352942 0.02734375 0.054411764705882354 0.1905126953125 0.6097955882352941 0.201603515625 0.6084029411764705 0.195365234375 0.6177985294117647 0.1930546875 0.6289323529411764 0.2011416015625 0.6296279411764706
0  0.21728515625 0.5455882352941176 0.0283203125 0.04411764705882353 0.2121103515625 0.5394897058823529 0.225044921875 0.5375132352941177 0.219421875 0.5465470588235294 0.216046875 0.5572735294117648 0.2242958984375 0.5578382352941176
0  0.2333984375 0.47941176470588237 0.025390625 0.052941176470588235 0.228794921875 0.47463235294117645 0.2396767578125 0.47463235294117645 0.235595703125 0.48350882352941177 0.2303818359375 0.49579852941176467 0.2399033203125 0.4947735294117647
0  0.1787109375 0.4985294117647059 0.025390625 0.047058823529411764 0.1747265625 0.49585147058823525 0.1855556640625 0.49373676470588235 0.1807421875 0.500985294117647 0.1769326171875 0.511554411764706 0.1837509765625 0.5103470588235294
0  0.17919921875 0.42573529411764705 0.0224609375 0.039705882352941174 0.1737802734375 0.4176073529411765 0.1834716796875 0.415814705882353 0.1797314453125 0.4250323529411765 0.17837109375 0.435275 0.1829619140625 0.43425
0  0.27587890625 0.43676470588235294 0.0224609375 0.03823529411764706 0.271580078125 0.42628676470588234 0.2818515625 0.42728529411764704 0.2778759765625 0.43726323529411765 0.2730712890625 0.44375 0.2805263671875 0.44375
0  0.33154296875 0.4308823529411765 0.0224609375 0.047058823529411764 0.3259541015625 0.42457941176470587 0.3365830078125 0.4242779411764706 0.331970703125 0.4330352941176471 0.328560546875 0.44239705882352937 0.334978515625 0.44239705882352937
0  0.33251953125 0.5301470588235294 0.0224609375 0.04852941176470588 0.3281376953125 0.5240485294117647 0.3383828125 0.5249735294117648 0.334080078125 0.5314529411764706 0.3287529296875 0.5404014705882353 0.3379736328125 0.540710294117647
0  0.41162109375 0.4713235294117647 0.0244140625 0.04264705882352941 0.4076884765625 0.4672852941176471 0.418591796875 0.4667470588235294 0.414302734375 0.47428382352941173 0.411263671875 0.4837058823529412 0.4166259765625 0.4837058823529412
0  0.42529296875 0.44191176470588234 0.0224609375 0.04264705882352941 0.421875 0.43823529411764706 0.431640625 0.43823529411764706 0.42578125 0.4470588235294118 0.4208984375 0.45294117647058824 0.4287109375 0.45294117647058824
0  0.0048828125 0.3088235294117647 0.009765625 0.041176470588235294 -0.0009765625 -0.0014705882352941176 -0.0009765625 -0.0014705882352941176 -0.0009765625 -0.0014705882352941176 -0.0009765625 -0.0014705882352941176 -0.0009765625 -0.0014705882352941176
0  0.64111328125 0.1698529411764706 0.0185546875 0.04264705882352941 -0.0009765625 -0.0014705882352941176 -0.0009765625 -0.0014705882352941176 -0.0009765625 -0.0014705882352941176 -0.0009765625 -0.0014705882352941176 -0.0009765625 -0.0014705882352941176
0  0.6826171875 0.20147058823529412 0.021484375 0.041176470588235294 0.6806640625 0.19411764705882353 0.6875 0.19411764705882353 0.6845703125 0.20147058823529412 0.6787109375 0.20588235294117646 0.6865234375 0.2073529411764706
0  0.85791015625 0.5117647058823529 0.0185546875 0.04411764705882353 -0.0009765625 -0.0014705882352941176 -0.0009765625 -0.0014705882352941176 -0.0009765625 -0.0014705882352941176 -0.0009765625 -0.0014705882352941176 -0.0009765625 -0.0014705882352941176
0  0.89599609375 0.6647058823529411 0.0185546875 0.03529411764705882 -0.0009765625 -0.0014705882352941176 -0.0009765625 -0.0014705882352941176 -0.0009765625 -0.0014705882352941176 -0.0009765625 -0.0014705882352941176 -0.0009765625 -0.0014705882352941176
