0  0.8154296875 0.5058309037900874 0.021484375 0.03206997084548105 0.809265625 0.49723469387755104 0.82034765625 0.4962259475218659 0.814265625 0.5036895043731778 0.811427734375 0.5119606413994169 0.8187255859375 0.5121632653061224
0  0.7236328125 0.5080174927113703 0.01953125 0.03935860058309038 0.7180439453125 0.5045291545189505 0.7273955078125 0.5065597667638484 0.719234375 0.5136661807580175 0.7182138671875 0.5162040816326531 0.723654296875 0.5179810495626822
0  0.64111328125 0.5087463556851312 0.0205078125 0.03206997084548105 0.6367880859375 0.5017638483965015 0.64651953125 0.5035787172011662 0.640978515625 0.5114475218658893 0.637599609375 0.5148760932944606 0.6450322265625 0.5158848396501458
0  0.57177734375 0.49854227405247814 0.0205078125 0.037900874635568516 0.565822265625 0.4945860058309038 0.575927734375 0.4945860058309038 0.5696328125 0.5010145772594753 0.56681640625 0.5084344023323615 0.572283203125 0.5084344023323615
0  0.783203125 0.38338192419825073 0.021484375 0.037900874635568516 0.7772568359375 0.37747230320699715 0.786865234375 0.37673177842565597 0.7815634765625 0.3848921282798834 0.77858203125 0.39181632653061227 0.7862021484375 0.3915685131195335
0  0.744140625 0.32653061224489793 0.017578125 0.023323615160349854 0.739650390625 0.32016618075801745 0.7472451171875 0.31948979591836735 0.7429375 0.32439650145772597 0.7412373046875 0.3299795918367347 0.746111328125 0.3299795918367347
0  0.69580078125 0.38556851311953355 0.0166015625 0.021865889212827987 0.6922080078125 0.37735568513119533 0.7002734375 0.3768673469387755 0.6958046875 0.38304956268221574 0.6934072265625 0.389069970845481 0.698638671875 0.389069970845481
0  0.68505859375 0.3112244897959184 0.0166015625 0.02478134110787172 0.6822685546875 0.30534110787172014 0.68948828125 0.3048731778425656 0.686244140625 0.3112769679300292 0.68310546875 0.31596209912536444 0.6890693359375 0.31518075801749273
0  0.6220703125 0.30174927113702626 0.017578125 0.026239067055393587 0.617693359375 0.29335422740524786 0.624833984375 0.29335422740524786 0.62188671875 0.2994460641399417 0.617693359375 0.30638338192419823 0.626875 0.3040145772594752
0  0.6220703125 0.37244897959183676 0.01953125 0.033527696793002916 0.61741015625 0.368798833819242 0.626330078125 0.3670801749271137 0.622013671875 0.37567055393586 0.618560546875 0.38082507288629736 0.6258984375 0.3799650145772595
0  0.5615234375 0.35058309037900875 0.017578125 0.033527696793002916 0.5565185546875 0.3474067055393586 0.565294921875 0.3474067055393586 0.5602587890625 0.3538498542274053 0.558533203125 0.35964868804664724 0.5624169921875 0.359432944606414
0  0.55859375 0.29664723032069973 0.017578125 0.02478134110787172 0.5557509765625 0.29237755102040813 0.562107421875 0.29202623906705544 0.559400390625 0.2988790087463557 0.5562216796875 0.30204227405247813 0.5622255859375 0.30204227405247813
0  0.5078125 0.2922740524781341 0.017578125 0.030612244897959183 0.5046865234375 0.28817492711370263 0.5107548828125 0.2887405247813411 0.5079736328125 0.2942128279883382 0.5041806640625 0.298365889212828 0.510123046875 0.29930903790087465
0  0.5 0.36370262390670555 0.017578125 0.033527696793002916 0.49643359375 0.3604810495626822 0.5052099609375 0.3611253644314869 0.501037109375 0.3643469387755102 0.497296875 0.37315160349854226 0.5031953125 0.3737959183673469
0  0.48974609375 0.478134110787172 0.0244140625 0.043731778425655975 -0.0009765625 -0.0014577259475218659 -0.0009765625 -0.0014577259475218659 -0.0009765625 -0.0014577259475218659 -0.0009765625 -0.0014577259475218659 -0.0009765625 -0.0014577259475218659
0  0.44482421875 0.3032069970845481 0.0166015625 0.026239067055393587 0.440787109375 0.29694606413994173 0.447248046875 0.29593148688046644 0.4441875 0.30337609329446064 0.4418076171875 0.3094679300291545 0.447701171875 0.30912827988338193
0  0.408203125 0.49271137026239065 0.01953125 0.04081632653061224 0.402173828125 0.4861122448979592 0.4137919921875 0.48664577259475217 0.4093232421875 0.49598542274052476 0.4055703125 0.5034562682215743 0.4123623046875 0.5031895043731778
0  0.4130859375 0.36005830903790087 0.017578125 0.03206997084548105 0.4091796875 0.3573513119533528 0.4175498046875 0.3575597667638484 0.4130859375 0.3640145772594752 0.410435546875 0.3717201166180758 0.4154580078125 0.37192857142857144
0  0.38671875 0.30830903790087466 0.017578125 0.030612244897959183 -0.0009765625 -0.0014577259475218659 -0.0009765625 -0.0014577259475218659 -0.0009765625 -0.0014577259475218659 -0.0009765625 -0.0014577259475218659 -0.0009765625 -0.0014577259475218659
0  0.33740234375 0.37755102040816324 0.0185546875 0.029154518950437316 0.3330078125 0.37354227405247814 0.342041015625 0.37317784256559766 0.337646484375 0.3802842565597668 0.3338623046875 0.3853862973760933 0.342041015625 0.3852040816326531
0  0.33154296875 0.31268221574344024 0.0185546875 0.030612244897959183 0.32775 0.30473032069970846 0.3365126953125 0.3043396501457726 0.332328125 0.31234402332361516 0.327880859375 0.3178104956268222 0.3341591796875 0.3180058309037901
0  0.2744140625 0.32142857142857145 0.015625 0.027696793002915453 0.2718857421875 0.3186690962099125 0.27993359375 0.31951603498542275 0.2752861328125 0.3239139941690962 0.2727919921875 0.3301749271137026 0.277326171875 0.3303440233236152
0  0.22265625 0.3556851311953353 0.021484375 0.037900874635568516 0.218697265625 0.35296501457725943 0.228140625 0.3534591836734694 0.224330078125 0.35914723032069973 0.219857421875 0.3655772594752187 0.2273125 0.36607142857142855
0  0.2841796875 0.4956268221574344 0.0234375 0.04081632653061224 0.2784599609375 0.4901603498542274 0.292236328125 0.48963994169096203 0.285609375 0.4997915451895044 0.282470703125 0.5068206997084548 0.28909765625 0.5065597667638484
0  0.345703125 0.48250728862973763 0.021484375 0.04081632653061224 0.3401923828125 0.47912390670553934 0.3517021484375 0.4770408163265306 0.34664453125 0.486932944606414 0.3438544921875 0.49474198250728857 0.3510048828125 0.493701166180758
0  0.17626953125 0.4970845481049563 0.0244140625 0.03498542274052478 0.1720888671875 0.4886122448979592 0.183533203125 0.4883833819241983 0.1784970703125 0.4984052478134111 0.1734619140625 0.5052390670553936 0.181396484375 0.5047827988338193
