0  0.91796875 0.22868217054263565 0.03515625 0.08139534883720931 0.905291015625 0.22454651162790698 0.9212470703125 0.22401937984496123 0.9098115234375 0.23932364341085272 0.90715234375 0.2541007751937985 0.9172578125 0.2535736434108527
0  0.8447265625 0.21124031007751937 0.033203125 0.07751937984496124 0.8349609375 0.20736434108527133 0.8486328125 0.2054263565891473 0.8408203125 0.22093023255813954 0.8369140625 0.23449612403100775 0.84765625 0.23449612403100775
0  0.81201171875 0.18992248062015504 0.0302734375 0.06976744186046512 0.8036982421875 0.17968798449612403 0.81637109375 0.18056976744186048 0.8092568359375 0.19424806201550388 0.8032529296875 0.2079263565891473 0.8143701171875 0.2079263565891473
0  0.7607421875 0.23255813953488372 0.029296875 0.06976744186046512 0.7519833984375 0.2240872093023256 0.7631005859375 0.22364728682170543 0.7579873046875 0.23997286821705424 0.7537626953125 0.2532093023255814 0.76287890625 0.2532093023255814
0  0.712890625 0.19186046511627908 0.029296875 0.06976744186046512 0.7074150390625 0.18182364341085272 0.7198837890625 0.18272480620155038 0.7135361328125 0.19802131782945737 0.7074150390625 0.21016666666666667 0.7171630859375 0.21016666666666667
0  0.6875 0.1753875968992248 0.025390625 0.060077519379844964 0.6809296875 0.16332751937984497 0.692701171875 0.16099031007751938 0.68603125 0.1699457364341085 0.683087890625 0.18863372093023253 0.6934853515625 0.18707558139534886
0  0.658203125 0.2364341085271318 0.02734375 0.05426356589147287 0.652796875 0.22605232558139535 0.663609375 0.22570542635658913 0.6573310546875 0.2433546511627907 0.6533203125 0.2513158914728682 0.6615166015625 0.250968992248062
0  0.6201171875 0.21705426356589147 0.025390625 0.06589147286821706 0.61343359375 0.21015116279069768 0.624328125 0.21015116279069768 0.6181337890625 0.22329263565891472 0.61407421875 0.23473837209302326 0.6221923828125 0.23473837209302326
0  0.58740234375 0.17829457364341086 0.0263671875 0.06201550387596899 0.580078125 0.17248062015503876 0.591796875 0.17248062015503876 0.5849609375 0.18604651162790697 0.580078125 0.19767441860465115 0.5908203125 0.19767441860465115
0  0.55615234375 0.21608527131782945 0.0283203125 0.060077519379844964 0.553017578125 0.20985658914728683 0.5645927734375 0.20751937984496124 0.560080078125 0.2207577519379845 0.554783203125 0.23360465116279072 0.563416015625 0.23243798449612404
0  0.53173828125 0.1744186046511628 0.0263671875 0.06589147286821706 0.52734375 0.16693798449612404 0.538134765625 0.17040697674418606 0.532373046875 0.18304263565891474 0.526142578125 0.19368217054263565 0.5341796875 0.19647286821705426
0  0.50634765625 0.18410852713178294 0.0263671875 0.06589147286821706 0.5008369140625 0.17718798449612402 0.5125556640625 0.17511046511627906 0.507533203125 0.187984496124031 0.5029296875 0.20002713178294573 0.511927734375 0.20002713178294573
0  0.4755859375 0.24612403100775193 0.025390625 0.06201550387596899 0.4691123046875 0.2389263565891473 0.4810791015625 0.2389263565891473 0.4749970703125 0.2533313953488372 0.471662109375 0.26617829457364345 0.479509765625 0.26578875968992244
0  0.44091796875 0.2180232558139535 0.0263671875 0.06395348837209303 0.4348974609375 0.2067325581395349 0.4480107421875 0.2067325581395349 0.4404296875 0.2242170542635659 0.43551171875 0.2339767441860465 0.445552734375 0.23438372093023255
0  0.40478515625 0.24903100775193798 0.0244140625 0.060077519379844964 0.3991171875 0.24082945736434108 0.409859375 0.24006782945736435 0.4060234375 0.25225000000000003 0.40065234375 0.26405038759689925 0.4090927734375 0.2636705426356589
0  0.37939453125 0.22093023255813954 0.0263671875 0.06589147286821706 0.372650390625 0.21402713178294575 0.3816220703125 0.2169941860465116 0.375640625 0.22843992248062014 0.37371875 0.23903875968992247 0.37969921875 0.2394612403100775
0  0.333984375 0.19670542635658914 0.02734375 0.06782945736434108 0.32913671875 0.19011240310077518 0.3409072265625 0.18881589147286823 0.33567578125 0.20611821705426356 0.328482421875 0.21606782945736433 0.34003515625 0.2126065891472868
0  0.294921875 0.22093023255813954 0.02734375 0.06976744186046512 0.2897080078125 0.21179457364341087 0.3028564453125 0.21404263565891474 0.2960556640625 0.22799031007751938 0.28902734375 0.2365387596899225 0.30058984375 0.23923643410852713
0  0.248046875 0.17151162790697674 0.029296875 0.06782945736434108 0.24627734375 0.16067054263565891 0.2578125 0.16279069767441862 0.2522578125 0.17423643410852716 0.245849609375 0.18695542635658913 0.25567578125 0.18737984496124033
0  0.22802734375 0.23062015503875968 0.0322265625 0.07364341085271318 0.224609375 0.22093023255813954 0.2392578125 0.22093023255813954 0.2333984375 0.2364341085271318 0.2265625 0.25 0.2392578125 0.25
0  0.14453125 0.21705426356589147 0.03125 0.07751937984496124 0.140306640625 0.2072093023255814 0.1557138671875 0.20572868217054266 0.1492529296875 0.22397480620155039 0.1440341796875 0.2338391472868217 0.153974609375 0.2333449612403101
0  0.07373046875 0.1560077519379845 0.0341796875 0.07945736434108527 0.0664150390625 0.14901744186046512 0.08183984375 0.14801356589147288 0.0757705078125 0.16507558139534884 0.068943359375 0.17711821705426356 0.0838623046875 0.1756124031007752
