0  0.15869140625 0.2719812426729191 0.0185546875 0.02579132473622509 0.1562587890625 0.2692860492379836 0.164232421875 0.2699343493552169 0.16139453125 0.2778851113716295 0.157205078125 0.2795076201641266 0.1630166015625 0.2795076201641266
0  0.2099609375 0.2719812426729191 0.015625 0.02579132473622509 0.2060546875 0.2672919109026964 0.2060546875 0.2661195779601407 0.2041015625 0.2719812426729191 0.2060546875 0.27784290738569756 0.2060546875 0.27784290738569756
0  0.2431640625 0.05451348182883939 0.017578125 0.029308323563892145 0.2431640625 0.05275498241500586 0.25 0.05275498241500586 0.248046875 0.05861664712778429 0.244140625 0.06213364595545135 0.2490234375 0.06330597889800703
0  0.41259765625 0.021688159437280186 0.0166015625 0.022274325908558032 0.409048828125 0.01773153575615475 0.4163466796875 0.01758968347010551 0.41305078125 0.02239507620164127 0.409990234375 0.02691676436107855 0.41481640625 0.027057444314185226
0  0.50537109375 0.0615474794841735 0.0146484375 0.022274325908558032 0.5040283203125 0.05759085580304807 0.5106201171875 0.059349355216881595 0.5078125 0.060814771395076204 0.5029296875 0.06652989449003517 0.509033203125 0.06740914419695193
0  0.55712890625 0.1969519343493552 0.0185546875 0.03048065650644783 0.5567978515625 0.19539742086752637 0.5630888671875 0.19636576787807739 0.5601845703125 0.20236928487690506 0.556474609375 0.20507971864009378 0.5603466796875 0.20682297772567407
0  0.71533203125 0.20281359906213364 0.0185546875 0.02813599062133646 0.71466015625 0.1998464243845252 0.7216796875 0.20039624853458382 0.717865234375 0.20753927315357562 0.71405078125 0.21156975381008206 0.720154296875 0.21175263774912076
0  0.80419921875 0.056858147713950764 0.0166015625 0.026963657678780773 0.8004931640625 0.053780773739742084 0.808349609375 0.053424384525205156 0.80434765625 0.060898007033997656 0.8016796875 0.06516881594372802 0.80671875 0.06552520515826495
0  0.63525390625 0.10199296600234467 0.0146484375 0.021101992966002344 0.6376953125 0.09730363423212192 0.6416015625 0.10082063305978899 0.638671875 0.10316529894490035 0.6357421875 0.10668229777256741 0.638671875 0.10902696365767878
0  0.46240234375 0.6535756154747948 0.0224609375 0.029308323563892145 0.460013671875 0.649409144196952 0.468017578125 0.6507280187573271 0.4647216796875 0.658453692848769 0.45797265625 0.6599601406799531 0.4639365234375 0.6607139507620164
0  0.68408203125 0.7420867526377491 0.0205078125 0.02813599062133646 0.6803330078125 0.738883939038687 0.689375 0.7401289566236812 0.683890625 0.7460011723329426 0.6788505859375 0.7508065650644783 0.6871513671875 0.7515181711606096
0  0.689453125 0.5978898007033998 0.017578125 0.02579132473622509 0.6884765625 0.5955451348182884 0.6953125 0.5967174677608441 0.693359375 0.6025791324736225 0.6865234375 0.6037514654161782 0.689453125 0.6049237983587339
0  0.39453125 0.4917936694021102 0.017578125 0.01992966002344666 -0.0009765625 -0.0011723329425556857 -0.0009765625 -0.0011723329425556857 -0.0009765625 -0.0011723329425556857 -0.0009765625 -0.0011723329425556857 -0.0009765625 -0.0011723329425556857
0  0.96630859375 0.3645955451348183 0.0107421875 0.01875732708089097 -0.0009765625 -0.0011723329425556857 -0.0009765625 -0.0011723329425556857 -0.0009765625 -0.0011723329425556857 -0.0009765625 -0.0011723329425556857 -0.0009765625 -0.0011723329425556857
0  0.978515625 0.36400937866354044 0.01171875 0.01992966002344666 -0.0009765625 -0.0011723329425556857 -0.0009765625 -0.0011723329425556857 -0.0009765625 -0.0011723329425556857 -0.0009765625 -0.0011723329425556857 -0.0009765625 -0.0011723329425556857
0  0.5888671875 0.011723329425556858 0.015625 0.021101992966002344 0.5849609375 0.005861664712778429 0.591796875 0.005861664712778429 0.5888671875 0.009378663540445486 0.5849609375 0.01406799531066823 0.591796875 0.01406799531066823
0  0.72705078125 0.1406799531066823 0.0126953125 0.01875732708089097 0.7314453125 0.1406799531066823 0.7314453125 0.1406799531066823 0.7333984375 0.14654161781946073 0.7294921875 0.1488862837045721 0.7294921875 0.15005861664712777
