0  0.16796875 0.4129662522202487 0.0546875 0.16518650088809947 -0.0009765625 -0.0017761989342806395 -0.0009765625 -0.0017761989342806395 -0.0009765625 -0.0017761989342806395 -0.0009765625 -0.0017761989342806395 -0.0009765625 -0.0017761989342806395
0  0.287109375 0.37122557726465366 0.0859375 0.17761989342806395 0.2637158203125 0.3520834813499112 0.2723828125 0.36221847246891653 0.2439052734375 0.3892415630550622 0.256287109375 0.42527353463587925 0.2643349609375 0.4320284191829485
0  0.5126953125 0.4413854351687389 0.0546875 0.11900532859680284 0.51055078125 0.4157726465364121 0.5333291015625 0.42330550621669627 0.518419921875 0.4594653641207815 0.5072373046875 0.4700106571936057 0.520904296875 0.4782966252220249
0  0.68017578125 0.6074600355239786 0.0419921875 0.08880994671403197 0.6724375 0.5913712255772646 0.6900810546875 0.5941865008880994 0.68017578125 0.6054458259325044 0.6727470703125 0.6274031971580817 0.6854375 0.6279662522202487
0  0.818359375 0.5950266429840142 0.064453125 0.13854351687388988 0.798994140625 0.5765346358792185 0.824158203125 0.5879769094138544 0.7956064453125 0.5923783303730018 0.789798828125 0.6205435168738899 0.80480078125 0.6258241563055063
0  0.7509765625 0.7202486678507993 0.0078125 0.023090586145648313 -0.0009765625 -0.0017761989342806395 -0.0009765625 -0.0017761989342806395 -0.0009765625 -0.0017761989342806395 -0.0009765625 -0.0017761989342806395 -0.0009765625 -0.0017761989342806395
0  0.80078125 0.7051509769094139 0.013671875 0.03197158081705151 -0.0009765625 -0.0017761989342806395 -0.0009765625 -0.0017761989342806395 -0.0009765625 -0.0017761989342806395 -0.0009765625 -0.0017761989342806395 -0.0009765625 -0.0017761989342806395
0  0.96630859375 0.33126110124333924 0.0673828125 0.5808170515097691 -0.0009765625 -0.0017761989342806395 -0.0009765625 -0.0017761989342806395 -0.0009765625 -0.0017761989342806395 -0.0009765625 -0.0017761989342806395 -0.0009765625 -0.0017761989342806395
0  0.94384765625 0.6980461811722913 0.0380859375 0.08170515097690942 -0.0009765625 -0.0017761989342806395 -0.0009765625 -0.0017761989342806395 -0.0009765625 -0.0017761989342806395 -0.0009765625 -0.0017761989342806395 -0.0009765625 -0.0017761989342806395
0  0.5927734375 0.6678507992895204 0.01171875 0.021314387211367674 -0.0009765625 -0.0017761989342806395 -0.0009765625 -0.0017761989342806395 -0.0009765625 -0.0017761989342806395 -0.0009765625 -0.0017761989342806395 -0.0009765625 -0.0017761989342806395
