0  0.1328125 0.1046814044213264 0.037109375 0.053315994798439535 0.1240234375 0.09752925877763328 0.142578125 0.09752925877763328 0.1318359375 0.11053315994798439 0.125 0.12483745123537061 0.1396484375 0.12483745123537061
0  0.330078125 0.06371911573472042 0.03125 0.054616384915474644 0.3310546875 0.04811443433029909 0.3408203125 0.05851755526657997 0.330078125 0.06241872561768531 0.322265625 0.07022106631989597 0.33203125 0.08062418725617686
0  0.25732421875 0.045513654096228866 0.0322265625 0.05721716514954486 0.2578125 0.04291287386215865 0.26953125 0.045513654096228866 0.2646484375 0.05981794538361508 0.255859375 0.06631989596879063 0.267578125 0.06892067620286085
0  0.0654296875 0.04291287386215865 0.03515625 0.054616384915474644 0.0615234375 0.032509752925877766 0.076171875 0.02860858257477243 0.0712890625 0.036410923276983094 0.0673828125 0.05071521456436931 0.0771484375 0.0494148244473342
0  0.50927734375 0.13914174252275682 0.0341796875 0.05721716514954486 0.5009765625 0.13394018205461639 0.515625 0.13394018205461639 0.5087890625 0.14434330299089726 0.5029296875 0.1599479843953186 0.515625 0.1599479843953186
0  0.57666015625 0.13328998699609884 0.0400390625 0.06631989596879063 0.5712890625 0.12743823146944083 0.587890625 0.12873862158647595 0.578125 0.14304291287386217 0.5693359375 0.1482444733420026 0.5830078125 0.15214564369310793
0  0.5029296875 0.45513654096228867 0.072265625 0.14304291287386217 0.47265625 0.42522756827048114 0.4892578125 0.4317295188556567 0.4716796875 0.4447334200260078 0.4794921875 0.4798439531859558 0.4931640625 0.4837451235370611
0  0.634765625 0.10273081924577374 0.03125 0.0494148244473342 0.62890625 0.09232769830949285 0.6435546875 0.09232769830949285 0.6376953125 0.10273081924577374 0.630859375 0.11443433029908973 0.6396484375 0.11573472041612484
0  0.7001953125 0.15214564369310793 0.033203125 0.036410923276983094 0.6953125 0.14304291287386217 0.7119140625 0.1508452535760728 0.7041015625 0.15474642392717816 0.693359375 0.16124837451235371 0.7060546875 0.16905071521456436
0  0.69970703125 0.2308192457737321 0.0361328125 0.04811443433029909 0.693359375 0.21846553966189858 0.7099609375 0.21716514954486346 0.701171875 0.23276983094928477 0.693359375 0.24317295188556567 0.705078125 0.247074122236671
0  0.80322265625 0.2535760728218466 0.0283203125 0.05721716514954486 0.7978515625 0.24967490247074123 0.8115234375 0.25487646293888166 0.80078125 0.2626788036410923 0.7958984375 0.2756827048114434 0.8046875 0.27828348504551365
0  0.73046875 0.08387516254876463 0.03125 0.045513654096228866 0.7236328125 0.07802340702210664 0.7392578125 0.08452535760728218 0.732421875 0.09232769830949285 0.720703125 0.0988296488946684 0.7353515625 0.10533159947984395
0  0.53857421875 0.08907672301690507 0.0244140625 0.04031209362808843 -0.0009765625 -0.0013003901170351106 -0.0009765625 -0.0013003901170351106 -0.0009765625 -0.0013003901170351106 -0.0009765625 -0.0013003901170351106 -0.0009765625 -0.0013003901170351106
0  0.78369140625 0.14564369310793238 0.0302734375 0.04681404421326398 0.7763671875 0.1378413524057217 0.7919921875 0.14304291287386217 0.7822265625 0.14954486345903772 0.775390625 0.1625487646293888 0.7880859375 0.16644993498049415
0  0.81982421875 0.15669700910273082 0.0322265625 0.06892067620286085 0.8077392578125 0.1569297789336801 0.8233115234375 0.15648764629388817 0.8143662109375 0.17016514954486345 0.812708984375 0.17943042912873863 0.82132421875 0.17943042912873863
0  0.873046875 0.14759427828348504 0.029296875 0.04291287386215865 0.865234375 0.1352405721716515 0.8779296875 0.13914174252275682 0.8671875 0.1469440832249675 0.86328125 0.15734720416124837 0.875 0.1599479843953186
0  0.91357421875 0.1293888166449935 0.0244140625 0.05851755526657997 0.905552734375 0.11796358907672301 0.921177734375 0.11759297789336802 0.9100166015625 0.1279960988296489 0.905552734375 0.14285695708712615 0.9155966796875 0.1421144343302991
0  0.94775390625 0.17425227568270482 0.0419921875 0.07022106631989597 0.933837890625 0.16242652795838752 0.95297265625 0.16242652795838752 0.9361875 0.178518855656697 0.93081640625 0.18701170351105334 0.944916015625 0.1888010403120936
