0  0.0087890625 0.6657986111111112 0.017578125 0.05381944444444445 -0.0009765625 -0.001736111111111111 -0.0009765625 -0.001736111111111111 -0.0009765625 -0.001736111111111111 -0.0009765625 -0.001736111111111111 -0.0009765625 -0.001736111111111111
0  0.09423828125 0.6241319444444444 0.0263671875 0.043402777777777776 0.08927734375 0.6159010416666667 0.1017021484375 0.6173732638888889 0.094578125 0.6306267361111111 0.0894423828125 0.6368125 0.0978916015625 0.6379895833333333
0  0.20556640625 0.6458333333333334 0.0361328125 0.08333333333333333 0.20037890625 0.6396180555555556 0.217224609375 0.638548611111111 0.2100048828125 0.6551267361111112 0.2018828125 0.6711701388888889 0.2148173828125 0.6706354166666667
0  0.48583984375 0.7404513888888888 0.0263671875 0.050347222222222224 0.4862060546875 0.7252604166666666 0.495544921875 0.7229826388888889 0.4944453125 0.7389322916666666 0.4906005859375 0.7542326388888889 0.495544921875 0.7535798611111111
0  0.52294921875 0.7230902777777778 0.0263671875 0.057291666666666664 0.521693359375 0.7203628472222222 0.531947265625 0.7207343749999999 0.5269248046875 0.7315225694444445 0.5204384765625 0.7393350694444445 0.528599609375 0.7400798611111111
0  0.60693359375 0.7430555555555556 0.0283203125 0.0625 0.613115234375 0.7307239583333334 0.6168955078125 0.7295381944444445 0.620453125 0.7449548611111111 0.6142275390625 0.7603697916666667 0.6168955078125 0.7595798611111111
0  0.7900390625 0.7404513888888888 0.02734375 0.06076388888888889 0.7832294921875 0.7252447916666667 0.795 0.7256319444444445 0.78628125 0.7419079861111111 0.78279296875 0.7543090277777779 0.79173046875 0.7543090277777779
0  0.634765625 0.5963541666666666 0.009765625 0.022569444444444444 -0.0009765625 -0.001736111111111111 -0.0009765625 -0.001736111111111111 -0.0009765625 -0.001736111111111111 -0.0009765625 -0.001736111111111111 -0.0009765625 -0.001736111111111111
0  0.7197265625 0.6180555555555556 0.013671875 0.027777777777777776 0.721548828125 0.6139322916666666 0.725865234375 0.6132500000000001 0.72442578125 0.6188767361111112 0.721740234375 0.6238211805555556 0.7262490234375 0.6227986111111111
0  0.54248046875 0.7013888888888888 0.0205078125 0.052083333333333336 -0.0009765625 -0.001736111111111111 -0.0009765625 -0.001736111111111111 -0.0009765625 -0.001736111111111111 -0.0009765625 -0.001736111111111111 -0.0009765625 -0.001736111111111111
0  0.55078125 0.6484375 0.01171875 0.026041666666666668 -0.0009765625 -0.001736111111111111 -0.0009765625 -0.001736111111111111 -0.0009765625 -0.001736111111111111 -0.0009765625 -0.001736111111111111 -0.0009765625 -0.001736111111111111
0  0.3662109375 0.6128472222222222 0.01171875 0.03125 -0.0009765625 -0.001736111111111111 -0.0009765625 -0.001736111111111111 -0.0009765625 -0.001736111111111111 -0.0009765625 -0.001736111111111111 -0.0009765625 -0.001736111111111111
0  0.38134765625 0.59375 0.0107421875 0.020833333333333332 -0.0009765625 -0.001736111111111111 -0.0009765625 -0.001736111111111111 -0.0009765625 -0.001736111111111111 -0.0009765625 -0.001736111111111111 -0.0009765625 -0.001736111111111111
0  0.30419921875 0.6171875 0.0087890625 0.019097222222222224 -0.0009765625 -0.001736111111111111 -0.0009765625 -0.001736111111111111 -0.0009765625 -0.001736111111111111 -0.0009765625 -0.001736111111111111 -0.0009765625 -0.001736111111111111
0  0.38525390625 0.6527777777777778 0.0126953125 0.03125 -0.0009765625 -0.001736111111111111 -0.0009765625 -0.001736111111111111 -0.0009765625 -0.001736111111111111 -0.0009765625 -0.001736111111111111 -0.0009765625 -0.001736111111111111
0  0.41796875 0.6310763888888888 0.009765625 0.026041666666666668 -0.0009765625 -0.001736111111111111 -0.0009765625 -0.001736111111111111 -0.0009765625 -0.001736111111111111 -0.0009765625 -0.001736111111111111 -0.0009765625 -0.001736111111111111
0  0.15576171875 0.5842013888888888 0.0107421875 0.029513888888888888 -0.0009765625 -0.001736111111111111 -0.0009765625 -0.001736111111111111 -0.0009765625 -0.001736111111111111 -0.0009765625 -0.001736111111111111 -0.0009765625 -0.001736111111111111
0  0.177734375 0.5824652777777778 0.013671875 0.029513888888888888 -0.0009765625 -0.001736111111111111 -0.0009765625 -0.001736111111111111 -0.0009765625 -0.001736111111111111 -0.0009765625 -0.001736111111111111 -0.0009765625 -0.001736111111111111
0  0.3203125 0.59375 0.009765625 0.024305555555555556 -0.0009765625 -0.001736111111111111 -0.0009765625 -0.001736111111111111 -0.0009765625 -0.001736111111111111 -0.0009765625 -0.001736111111111111 -0.0009765625 -0.001736111111111111
0  0.271484375 0.5659722222222222 0.0078125 0.017361111111111112 -0.0009765625 -0.001736111111111111 -0.0009765625 -0.001736111111111111 -0.0009765625 -0.001736111111111111 -0.0009765625 -0.001736111111111111 -0.0009765625 -0.001736111111111111
0  0.28857421875 0.5998263888888888 0.0068359375 0.019097222222222224 -0.0009765625 -0.001736111111111111 -0.0009765625 -0.001736111111111111 -0.0009765625 -0.001736111111111111 -0.0009765625 -0.001736111111111111 -0.0009765625 -0.001736111111111111
0  0.0302734375 0.5807291666666666 0.01171875 0.026041666666666668 -0.0009765625 -0.001736111111111111 -0.0009765625 -0.001736111111111111 -0.0009765625 -0.001736111111111111 -0.0009765625 -0.001736111111111111 -0.0009765625 -0.001736111111111111
0  0.017578125 0.5512152777777778 0.01171875 0.022569444444444444 -0.0009765625 -0.001736111111111111 -0.0009765625 -0.001736111111111111 -0.0009765625 -0.001736111111111111 -0.0009765625 -0.001736111111111111 -0.0009765625 -0.001736111111111111
0  0.0595703125 0.5668402777777778 0.017578125 0.036458333333333336 -0.0009765625 -0.001736111111111111 -0.0009765625 -0.001736111111111111 -0.0009765625 -0.001736111111111111 -0.0009765625 -0.001736111111111111 -0.0009765625 -0.001736111111111111
0  0.095703125 0.5373263888888888 0.009765625 0.019097222222222224 0.0942509765625 0.5348003472222222 0.09780859375 0.535326388888889 0.0958818359375 0.5395434027777778 0.0943994140625 0.5433645833333334 0.096919921875 0.5436267361111111
0  0.81103515625 0.625 0.0087890625 0.017361111111111112 -0.0009765625 -0.001736111111111111 -0.0009765625 -0.001736111111111111 -0.0009765625 -0.001736111111111111 -0.0009765625 -0.001736111111111111 -0.0009765625 -0.001736111111111111
0  0.83935546875 0.6414930555555556 0.0068359375 0.015625 -0.0009765625 -0.001736111111111111 -0.0009765625 -0.001736111111111111 -0.0009765625 -0.001736111111111111 -0.0009765625 -0.001736111111111111 -0.0009765625 -0.001736111111111111
0  0.8662109375 0.6432291666666666 0.0078125 0.015625 -0.0009765625 -0.001736111111111111 -0.0009765625 -0.001736111111111111 -0.0009765625 -0.001736111111111111 -0.0009765625 -0.001736111111111111 -0.0009765625 -0.001736111111111111
0  0.8544921875 0.6189236111111112 0.0078125 0.015625 -0.0009765625 -0.001736111111111111 -0.0009765625 -0.001736111111111111 -0.0009765625 -0.001736111111111111 -0.0009765625 -0.001736111111111111 -0.0009765625 -0.001736111111111111
0  0.810546875 0.6085069444444444 0.005859375 0.015625 -0.0009765625 -0.001736111111111111 -0.0009765625 -0.001736111111111111 -0.0009765625 -0.001736111111111111 -0.0009765625 -0.001736111111111111 -0.0009765625 -0.001736111111111111
0  0.80419921875 0.6102430555555556 0.0068359375 0.015625 -0.0009765625 -0.001736111111111111 -0.0009765625 -0.001736111111111111 -0.0009765625 -0.001736111111111111 -0.0009765625 -0.001736111111111111 -0.0009765625 -0.001736111111111111
0  0.76123046875 0.6293402777777778 0.0068359375 0.019097222222222224 -0.0009765625 -0.001736111111111111 -0.0009765625 -0.001736111111111111 -0.0009765625 -0.001736111111111111 -0.0009765625 -0.001736111111111111 -0.0009765625 -0.001736111111111111
0  0.9091796875 0.6345486111111112 0.0078125 0.019097222222222224 -0.0009765625 -0.001736111111111111 -0.0009765625 -0.001736111111111111 -0.0009765625 -0.001736111111111111 -0.0009765625 -0.001736111111111111 -0.0009765625 -0.001736111111111111
0  0.9794921875 0.6475694444444444 0.0078125 0.017361111111111112 -0.0009765625 -0.001736111111111111 -0.0009765625 -0.001736111111111111 -0.0009765625 -0.001736111111111111 -0.0009765625 -0.001736111111111111 -0.0009765625 -0.001736111111111111
0  0.9619140625 0.6371527777777778 0.009765625 0.020833333333333332 -0.0009765625 -0.001736111111111111 -0.0009765625 -0.001736111111111111 -0.0009765625 -0.001736111111111111 -0.0009765625 -0.001736111111111111 -0.0009765625 -0.001736111111111111
0  0.92236328125 0.6328125 0.0087890625 0.019097222222222224 -0.0009765625 -0.001736111111111111 -0.0009765625 -0.001736111111111111 -0.0009765625 -0.001736111111111111 -0.0009765625 -0.001736111111111111 -0.0009765625 -0.001736111111111111
0  0.73681640625 0.7135416666666666 0.0244140625 0.08333333333333333 0.7399375 0.6960954861111112 0.7408408203125 0.6960954861111112 0.7480595703125 0.7126736111111112 0.7432470703125 0.7276475694444444 0.7438486328125 0.7276475694444444
0  0.98779296875 0.7369791666666666 0.0205078125 0.05381944444444445 -0.0009765625 -0.001736111111111111 -0.0009765625 -0.001736111111111111 -0.0009765625 -0.001736111111111111 -0.0009765625 -0.001736111111111111 -0.0009765625 -0.001736111111111111
0  0.22998046875 0.6215277777777778 0.0205078125 0.052083333333333336 0.2287421875 0.6179930555555555 0.2366162109375 0.6166597222222223 0.2338037109375 0.6279913194444444 0.2291171875 0.6363229166666666 0.2358662109375 0.6353229166666667
