0  0.83154296875 0.42114384748700173 0.0556640625 0.12478336221837089 0.8068369140625 0.4093379549393414 0.8297333984375 0.4108994800693241 0.8107998046875 0.4359064124783362 0.812560546875 0.46013171577123047 0.8297333984375 0.4609116117850954
0  0.64501953125 0.4930675909878683 0.0595703125 0.13344887348353554 0.6214599609375 0.4830086655112652 0.6417060546875 0.48802253032928944 0.6219306640625 0.511419410745234 0.6271103515625 0.530639514731369 0.6417060546875 0.5323102253032929
0  0.95458984375 0.548526863084922 0.0498046875 0.11265164644714037 -0.0009765625 -0.0017331022530329288 -0.0009765625 -0.0017331022530329288 -0.0009765625 -0.0017331022530329288 -0.0009765625 -0.0017331022530329288 -0.0009765625 -0.0017331022530329288
0  0.98291015625 0.40467937608318894 0.0341796875 0.1369150779896014 0.97216796875 0.38908145580589254 0.97412109375 0.389948006932409 0.96728515625 0.4254766031195841 0.97802734375 0.4462738301559792 0.97900390625 0.44540727902946275
0  0.45166015625 0.6594454072790294 0.0537109375 0.1195840554592721 -0.0009765625 -0.0017331022530329288 -0.0009765625 -0.0017331022530329288 -0.0009765625 -0.0017331022530329288 -0.0009765625 -0.0017331022530329288 -0.0009765625 -0.0017331022530329288
0  0.1552734375 0.5519930675909879 0.037109375 0.09185441941074524 -0.0009765625 -0.0017331022530329288 -0.0009765625 -0.0017331022530329288 -0.0009765625 -0.0017331022530329288 -0.0009765625 -0.0017331022530329288 -0.0009765625 -0.0017331022530329288
0  0.1572265625 0.47920277296360486 0.044921875 0.10571923743500866 0.15486328125 0.46103639514731365 0.178109375 0.4577088388214905 0.1724853515625 0.4730138648180242 0.1631123046875 0.49297400346620457 0.179234375 0.4896481802426343
0  0.017578125 0.5701906412478336 0.03515625 0.09358752166377816 0.0226748046875 0.5538336221837089 0.0334169921875 0.5532391681109186 0.035095703125 0.5740901213171578 0.023009765625 0.5967279029462739 0.03140234375 0.5955372616984402
0  0.27001953125 0.9246100519930676 0.0400390625 0.11265164644714037 0.2632529296875 0.8962461005199307 0.257759765625 0.8969428076256498 0.251875 0.9227071057192375 0.26246875 0.9477746967071057 0.2605068359375 0.9477746967071057
0  0.88720703125 0.7105719237435009 0.0419921875 0.14211438474870017 -0.0009765625 -0.0017331022530329288 -0.0009765625 -0.0017331022530329288 -0.0009765625 -0.0017331022530329288 -0.0009765625 -0.0017331022530329288 -0.0009765625 -0.0017331022530329288
0  0.76416015625 0.58578856152513 0.0498046875 0.13518197573656845 -0.0009765625 -0.0017331022530329288 -0.0009765625 -0.0017331022530329288 -0.0009765625 -0.0017331022530329288 -0.0009765625 -0.0017331022530329288 -0.0009765625 -0.0017331022530329288
