0  0.94580078125 0.3742378048780488 0.0654296875 0.1448170731707317 0.9161025390625 0.3461189024390244 0.9418076171875 0.34429420731707316 0.9155185546875 0.36709146341463417 0.9190234375 0.3944496951219512 0.9371337890625 0.3944496951219512
0  0.92431640625 0.510670731707317 0.0732421875 0.17073170731707318 0.937517578125 0.48960823170731704 0.95120703125 0.49174542682926825 0.9614736328125 0.5259344512195122 0.9416240234375 0.5483719512195122 0.9553134765625 0.5505091463414634
0  0.783203125 0.37652439024390244 0.0546875 0.10975609756097561 0.76427734375 0.36114329268292683 0.788369140625 0.36240853658536587 0.770048828125 0.3797408536585366 0.76462890625 0.40105182926829264 0.78380859375 0.40198170731707317
0  0.7255859375 0.3864329268292683 0.064453125 0.1326219512195122 0.729884765625 0.3632545731707317 0.7485 0.3615929878048781 0.7548828125 0.3748780487804878 0.7421181640625 0.4138993902439024 0.7548828125 0.41223932926829265
0  0.5400390625 0.42835365853658536 0.044921875 0.09451219512195122 0.525896484375 0.40982926829268296 0.5346201171875 0.41160518292682924 0.521724609375 0.4198948170731708 0.522482421875 0.4317362804878049 0.530068359375 0.43469664634146343
0  0.494140625 0.39710365853658536 0.033203125 0.05945121951219512 0.481689453125 0.3902439024390244 0.498291015625 0.3898628048780488 0.487548828125 0.4032012195121951 0.485107421875 0.4100609756097561 0.496826171875 0.40853658536585363
0  0.35302734375 0.43978658536585363 0.0478515625 0.10213414634146341 -0.0009765625 -0.001524390243902439 -0.0009765625 -0.001524390243902439 -0.0009765625 -0.001524390243902439 -0.0009765625 -0.001524390243902439 -0.0009765625 -0.001524390243902439
0  0.27978515625 0.4649390243902439 0.0478515625 0.0975609756097561 0.2749326171875 0.45550609756097565 0.295166015625 0.4480762195121951 0.2908017578125 0.46975 0.2804873046875 0.4889481707317073 0.298736328125 0.4846128048780488
0  0.20947265625 0.5594512195121951 0.0439453125 0.1524390243902439 -0.0009765625 -0.001524390243902439 -0.0009765625 -0.001524390243902439 -0.0009765625 -0.001524390243902439 -0.0009765625 -0.001524390243902439 -0.0009765625 -0.001524390243902439
0  0.11279296875 0.5030487804878049 0.0673828125 0.17073170731707318 -0.0009765625 -0.001524390243902439 -0.0009765625 -0.001524390243902439 -0.0009765625 -0.001524390243902439 -0.0009765625 -0.001524390243902439 -0.0009765625 -0.001524390243902439
0  0.23828125 0.8986280487804879 0.048828125 0.2027439024390244 -0.0009765625 -0.001524390243902439 -0.0009765625 -0.001524390243902439 -0.0009765625 -0.001524390243902439 -0.0009765625 -0.001524390243902439 -0.0009765625 -0.001524390243902439
0  0.49462890625 0.4923780487804878 0.0751953125 0.0975609756097561 0.481296875 0.5086966463414634 0.4879501953125 0.4597393292682927 0.4922265625 0.4775426829268292 0.511234375 0.5049878048780487 0.5140859375 0.47309146341463415
