0  0.94677734375 0.25 0.0400390625 0.07396449704142012 0.935546875 0.23964497041420119 0.953125 0.2470414201183432 0.939453125 0.2559171597633136 0.93359375 0.26627218934911245 0.9443359375 0.26627218934911245
0  0.92578125 0.3062130177514793 0.041015625 0.07988165680473373 0.917908203125 0.2983550295857988 0.9377138671875 0.2983550295857988 0.9299921875 0.3217455621301775 0.91925 0.3319156804733728 0.9350283203125 0.3314068047337278
0  0.8095703125 0.2818047337278107 0.03125 0.0695266272189349 0.7998046875 0.27662721893491127 0.81640625 0.27366863905325445 0.8076171875 0.29142011834319526 0.8017578125 0.30177514792899407 0.818359375 0.2988165680473373
0  0.77099609375 0.3165680473372781 0.0400390625 0.07100591715976332 0.7626123046875 0.3085369822485207 0.7812626953125 0.3076257396449704 0.77223828125 0.3263091715976332 0.7641162109375 0.33952366863905326 0.7782548828125 0.33906804733727813
0  0.69677734375 0.29511834319526625 0.0341796875 0.0695266272189349 0.6888076171875 0.2908920118343195 0.7049208984375 0.28609763313609465 0.69887890625 0.3035325443786982 0.692548828125 0.3148639053254438 0.706359375 0.31268491124260356
0  0.5830078125 0.2625739644970414 0.044921875 0.08136094674556213 0.57537890625 0.25204733727810646 0.5934013671875 0.2515325443786982 0.5842197265625 0.27059171597633136 0.57673828125 0.2839837278106509 0.5906806640625 0.28449852071005916
0  0.373046875 0.261094674556213 0.04296875 0.08431952662721894 0.3662021484375 0.25159171597633134 0.3827998046875 0.2510562130177515 0.37432421875 0.2681745562130178 0.365142578125 0.28475739644970416 0.3803271484375 0.2852914201183432
0  0.33837890625 0.2448224852071006 0.0380859375 0.07840236686390532 0.33233203125 0.23343047337278108 0.3490078125 0.23491715976331362 0.3414873046875 0.2542337278106509 0.332986328125 0.2656242603550296 0.3463916015625 0.2661198224852071
0  0.24609375 0.3254437869822485 0.0390625 0.07396449704142012 0.2363193359375 0.3172026627218935 0.2542724609375 0.3176715976331361 0.24560546875 0.33408136094674556 0.2387958984375 0.34580325443786986 0.2536533203125 0.34627218934911247
0  0.10595703125 0.29289940828402367 0.0458984375 0.08284023668639054 0.100158203125 0.2869423076923077 0.113935546875 0.28746449704142013 0.1063583984375 0.3072899408284024 0.09705859375 0.3140710059171598 0.1153125 0.31511538461538463
0  0.1279296875 0.246301775147929 0.033203125 0.07248520710059171 -0.0009765625 -0.0014792899408284023 -0.0009765625 -0.0014792899408284023 -0.0009765625 -0.0014792899408284023 -0.0009765625 -0.0014792899408284023 -0.0009765625 -0.0014792899408284023
0  0.55419921875 0.25 0.0322265625 0.0621301775147929 0.5552802734375 0.24722633136094674 0.5597275390625 0.24128254437869823 0.5594658203125 0.260698224852071 0.557373046875 0.271 0.56051171875 0.2706050295857988
0  0.9482421875 0.05029585798816568 0.029296875 0.06804733727810651 0.9432197265625 0.04354733727810651 0.9559716796875 0.04483431952662722 0.9500205078125 0.059000000000000004 0.9401025390625 0.069301775147929 0.9525712890625 0.07187721893491124
0  0.904296875 0.04437869822485207 0.037109375 0.06804733727810651 0.8870498046875 0.03480325443786982 0.8978623046875 0.0360310650887574 0.8856982421875 0.04749556213017751 0.8875908203125 0.0593698224852071 0.8938076171875 0.05977958579881657
0  0.78173828125 0.07396449704142012 0.0361328125 0.07100591715976332 0.781154296875 0.06349112426035503 0.7951748046875 0.0652603550295858 0.79079296875 0.08030473372781065 0.7799853515625 0.09402071005917159 0.787580078125 0.09578994082840238
0  0.70849609375 0.03328402366863906 0.0322265625 0.06360946745562131 0.6994326171875 0.02310059171597633 0.7139892578125 0.02310059171597633 0.70590234375 0.03780177514792899 0.70151171875 0.046900887573964496 0.711447265625 0.048301775147928994
0  0.64990234375 0.10281065088757396 0.0400390625 0.06360946745562131 0.6406376953125 0.09233727810650888 0.657392578125 0.09193343195266272 0.6502119140625 0.10724260355029586 0.6425 0.12013313609467455 0.6549990234375 0.11852218934911242
0  0.677734375 0.01849112426035503 0.033203125 0.03698224852071006 0.669921875 0.004437869822485207 0.6865234375 0.005917159763313609 0.6787109375 0.005917159763313609 0.6708984375 0.020710059171597635 0.6865234375 0.020710059171597635
0  0.5771484375 0.034023668639053255 0.03515625 0.0621301775147929 0.569470703125 0.021701183431952663 0.5870322265625 0.024850591715976332 0.5757099609375 0.04095118343195266 0.5687783203125 0.04900147928994083 0.5821796875 0.05145118343195266
0  0.62890625 0.02440828402366864 0.025390625 0.04881656804733728 0.6279296875 0.013313609467455622 0.6416015625 0.011834319526627219 0.63671875 0.022189349112426034 0.6318359375 0.034023668639053255 0.6396484375 0.03254437869822485
0  0.50927734375 0.1309171597633136 0.0380859375 0.07840236686390532 0.502494140625 0.12164497041420118 0.5200546875 0.12164497041420118 0.5111083984375 0.13770562130177513 0.5028251953125 0.15125739644970415 0.5167412109375 0.15175887573964497
0  0.4384765625 0.09171597633136094 0.029296875 0.05917159763313609 0.43674609375 0.08420118343195267 0.449916015625 0.08796449704142012 0.4449462890625 0.09474112426035503 0.437740234375 0.1052810650887574 0.4469345703125 0.1082914201183432
0  0.46533203125 0.022189349112426034 0.0322265625 0.04142011834319527 0.4658203125 0.0073964497041420114 0.478515625 0.0073964497041420114 0.4775390625 0.019230769230769232 0.466796875 0.034023668639053255 0.474609375 0.034023668639053255
0  0.37158203125 0.04659763313609468 0.0400390625 0.07248520710059171 0.3636123046875 0.039662721893491126 0.3811640625 0.038791420118343196 0.37109375 0.05709763313609467 0.36505078125 0.06886686390532544 0.3779990234375 0.069301775147929
0  0.31298828125 0.0621301775147929 0.0361328125 0.0650887573964497 0.314453125 0.057692307692307696 0.328125 0.05473372781065089 0.32421875 0.0695266272189349 0.3173828125 0.08284023668639054 0.3271484375 0.08284023668639054
0  0.2158203125 0.020710059171597635 0.03125 0.04142011834319527 0.2045419921875 0.010288461538461538 0.2194521484375 0.010883136094674556 0.2108193359375 0.020393491124260355 0.2063076171875 0.036440828402366864 0.2178828125 0.036440828402366864
0  0.23583984375 0.1227810650887574 0.0302734375 0.05621301775147929 0.232421875 0.11982248520710059 0.251953125 0.11834319526627218 0.240234375 0.128698224852071 0.23046875 0.14497041420118342 0.2451171875 0.14497041420118342
0  0.15380859375 0.10281065088757396 0.0361328125 0.06656804733727811 0.147740234375 0.09530917159763314 0.1616904296875 0.09446301775147929 0.1552734375 0.10672041420118343 0.1485771484375 0.1206671597633136 0.161412109375 0.12024556213017752
0  0.06005859375 0.0621301775147929 0.0322265625 0.0650887573964497 0.0524296875 0.04974112426035503 0.0543515625 0.052653846153846155 0.043365234375 0.06097485207100592 0.0483095703125 0.07179142011834319 0.049408203125 0.07262426035502959
0  0.63134765625 0.8069526627218935 0.0986328125 0.1908284023668639 0.60546875 0.7773668639053254 0.614990234375 0.7773668639053254 0.576904296875 0.8170295857988166 0.595947265625 0.8627041420118343 0.602294921875 0.8615014792899408
0  0.7568359375 0.03698224852071006 0.025390625 0.05029585798816568 -0.0009765625 -0.0014792899408284023 -0.0009765625 -0.0014792899408284023 -0.0009765625 -0.0014792899408284023 -0.0009765625 -0.0014792899408284023 -0.0009765625 -0.0014792899408284023
