0  0.61328125 0.06241872561768531 0.0234375 0.03901170351105332 0.6090439453125 0.05807672301690507 0.620361328125 0.058587776332899875 0.6153740234375 0.06497269180754225 0.6107705078125 0.07186996098829648 0.6188271484375 0.07263589076723016
0  0.65625 0.04096228868660598 0.02734375 0.04811443433029909 0.64813671875 0.03973211963589077 0.6636181640625 0.040039011703511054 0.656685546875 0.046500650195058515 0.651140625 0.056039011703511055 0.6603828125 0.05542392717815345
0  0.71435546875 0.05071521456436931 0.0244140625 0.04161248374512354 0.710859375 0.0475110533159948 0.7202841796875 0.04724317295188556 0.715873046875 0.05365279583875163 0.711259765625 0.05926007802340702 0.7196826171875 0.05872691807542263
0  0.76416015625 0.08387516254876463 0.0244140625 0.04291287386215865 0.7578125 0.08062418725617686 0.771484375 0.07932379713914174 0.7666015625 0.0858257477243173 0.7626953125 0.09752925877763328 0.7705078125 0.09752925877763328
0  0.81201171875 0.09817945383615084 0.0166015625 0.055916775032509754 -0.0009765625 -0.0013003901170351106 -0.0009765625 -0.0013003901170351106 -0.0009765625 -0.0013003901170351106 -0.0009765625 -0.0013003901170351106 -0.0009765625 -0.0013003901170351106
0  0.583984375 0.07932379713914174 0.03125 0.05721716514954486 0.5810546875 0.0754226267880364 0.59375 0.0741222366710013 0.5888671875 0.08322496749024708 0.5830078125 0.09492847854356307 0.5947265625 0.09492847854356307
0  0.56494140625 0.14109232769830948 0.0322265625 0.055916775032509754 0.564130859375 0.13432379713914175 0.5757529296875 0.13504291287386216 0.57196875 0.14764109232769831 0.562779296875 0.15411963589076724 0.575212890625 0.1537594278283485
0  0.5263671875 0.1508452535760728 0.033203125 0.054616384915474644 0.522818359375 0.14608452535760727 0.5356796875 0.14711183355006502 0.5315634765625 0.15807282184655397 0.524361328125 0.16526527958387516 0.5333642578125 0.16492327698309492
0  0.41162109375 0.10403120936280884 0.0361328125 0.07022106631989597 0.409271484375 0.09801690507152146 0.4237060546875 0.09891027308192457 0.4176640625 0.10740442132639791 0.4079287109375 0.12081404421326399 0.42202734375 0.12126137841352405
0  0.52978515625 0.22756827048114434 0.0439453125 0.08062418725617686 -0.0009765625 -0.0013003901170351106 -0.0009765625 -0.0013003901170351106 -0.0009765625 -0.0013003901170351106 -0.0009765625 -0.0013003901170351106 -0.0009765625 -0.0013003901170351106
0  0.5078125 0.24577373211963588 0.041015625 0.07802340702210664 0.5164794921875 0.24349804941482445 0.52197265625 0.2415474642392718 0.52490234375 0.2605656697009103 0.509521484375 0.26983094928478546 0.5113525390625 0.2717815344603381
0  0.76806640625 0.247074122236671 0.0322265625 0.08322496749024708 0.756103515625 0.23375682704811443 0.760419921875 0.23584655396618986 0.751787109375 0.25047594278283486 0.7584580078125 0.26510533159947985 0.7615966796875 0.26562808842652796
0  0.814453125 0.21456436931079323 0.03515625 0.07282184655396619 -0.0009765625 -0.0013003901170351106 -0.0009765625 -0.0013003901170351106 -0.0009765625 -0.0013003901170351106 -0.0009765625 -0.0013003901170351106 -0.0009765625 -0.0013003901170351106
0  0.95458984375 0.13849154746423928 0.0361328125 0.053315994798439535 0.9472744140625 0.13279063719115736 0.960169921875 0.13346423927178153 0.9533427734375 0.14322886866059817 0.9467685546875 0.1543407022106632 0.9614345703125 0.15501300390117034
0  0.21142578125 0.13719115734720416 0.0361328125 0.06892067620286085 0.2086181640625 0.13256957087126137 0.223197265625 0.13212873862158647 0.217232421875 0.1440416124837451 0.2102744140625 0.15551235370611183 0.222865234375 0.15639531859557868
0  0.35302734375 0.09817945383615084 0.0380859375 0.06371911573472042 0.346130859375 0.09062158647594279 0.363525390625 0.08737061118335501 0.3568115234375 0.10240572171651495 0.34979296875 0.11459687906371911 0.363220703125 0.11337841352405723
0  0.3544921875 0.20611183355006502 0.046875 0.07932379713914174 0.3546533203125 0.20055656697009103 0.3698251953125 0.1990403120936281 0.3686875 0.21217295188556567 0.3542744140625 0.2318699609882965 0.371341796875 0.2303550065019506
0  0.3193359375 0.28218465539661897 0.04296875 0.0754226267880364 0.330060546875 0.2785045513654096 0.3343505859375 0.2775526657997399 0.3372109375 0.2899284785435631 0.32005078125 0.29849804941482444 0.3232685546875 0.2994499349804941
