0  0.05224609375 0.23576642335766423 0.0458984375 0.08029197080291971 0.035775390625 0.2284277372262774 0.0537978515625 0.22995328467153284 0.0412158203125 0.24774452554744528 0.0381552734375 0.2589284671532847 0.05209765625 0.2589284671532847
0  0.11865234375 0.23941605839416058 0.0439453125 0.0905109489051095 0.123365234375 0.23382481751824816 0.136640625 0.230421897810219 0.135501953125 0.2428963503649635 0.1290546875 0.25763795620437957 0.139294921875 0.25366861313868616
0  0.1689453125 0.1978102189781022 0.044921875 0.08905109489051095 0.163146484375 0.19124671532846713 0.18362890625 0.191814598540146 0.176421875 0.21052554744525548 0.1658017578125 0.22356642335766425 0.18362890625 0.2241328467153285
0  0.2607421875 0.23868613138686132 0.025390625 0.07737226277372262 0.253552734375 0.23184963503649636 0.2506103515625 0.23331532846715328 0.2496298828125 0.24553576642335767 0.255841796875 0.2582437956204379 0.253552734375 0.2587328467153285
0  0.32421875 0.22116788321167882 0.03125 0.04817518248175182 0.319017578125 0.21442919708029196 0.3335654296875 0.2128978102189781 0.3274189453125 0.22606861313868612 0.32188671875 0.23433868613138684 0.3317216796875 0.2340321167883212
0  0.2861328125 0.33138686131386863 0.033203125 0.07591240875912408 0.2922626953125 0.31884817518248176 0.292908203125 0.31884817518248176 0.3032314453125 0.33428029197080295 0.29323046875 0.3497138686131387 0.2938759765625 0.3492306569343066
0  0.37744140625 0.2591240875912409 0.0419921875 0.07737226277372262 0.375 0.24963503649635035 0.3935546875 0.24963503649635035 0.3876953125 0.26423357664233577 0.3779296875 0.27883211678832115 0.390625 0.2773722627737226
0  0.5087890625 0.17007299270072992 0.046875 0.09781021897810219 0.501599609375 0.16365985401459854 0.52355078125 0.16737518248175182 0.5127822265625 0.1840919708029197 0.499943359375 0.19585547445255475 0.5210654296875 0.19895036496350366
0  0.58642578125 0.22773722627737225 0.0419921875 0.07591240875912408 0.5765595703125 0.2217737226277372 0.597564453125 0.2193956204379562 0.5886533203125 0.2350948905109489 0.580697265625 0.25127153284671533 0.5978828125 0.24936788321167885
0  0.7373046875 0.2569343065693431 0.041015625 0.072992700729927 0.7288994140625 0.24833868613138685 0.748400390625 0.2501883211678832 0.739423828125 0.2654583941605839 0.72858984375 0.27656350364963506 0.7449951171875 0.2774890510948905
0  0.74267578125 0.15766423357664233 0.0400390625 0.07883211678832117 0.7489013671875 0.1484029197080292 0.760314453125 0.1484029197080292 0.761658203125 0.16245401459854014 0.750580078125 0.17901459854014598 0.75863671875 0.1780116788321168
