0  0.986328125 0.043478260869565216 0.009765625 0.03298350824587706 -0.0009765625 -0.0014992503748125937 -0.0009765625 -0.0014992503748125937 -0.0009765625 -0.0014992503748125937 -0.0009765625 -0.0014992503748125937 -0.0009765625 -0.0014992503748125937
0  0.9453125 0.022488755622188907 0.01953125 0.03298350824587706 0.9435556640625 0.018466266866566716 0.9519345703125 0.017221889055472263 0.9489619140625 0.025728635682158923 0.945853515625 0.03278260869565217 0.9512587890625 0.031745127436281856
0  0.89794921875 0.03823088455772114 0.0185546875 0.034482758620689655 0.8999375 0.03406746626686657 0.9061630859375 0.03338530734632684 0.9043837890625 0.03975712143928036 0.901419921875 0.046811094452773615 0.9058662109375 0.046128935532233885
0  0.83642578125 0.01649175412293853 0.0205078125 0.03298350824587706 0.828220703125 0.011002998500749626 0.8377685546875 0.01060119940029985 0.832275390625 0.018634182908545727 0.83619921875 0.026263868065967016 0.8305751953125 0.026464767616191907
0  0.7900390625 0.035982008995502246 0.017578125 0.03298350824587706 0.786041015625 0.03125637181409295 0.79409765625 0.03258170914542729 0.7900693359375 0.039649175412293854 0.784890625 0.04406746626686657 0.792802734375 0.044950524737631184
0  0.76123046875 0.020239880059970013 0.0146484375 0.037481259370314844 -0.0009765625 -0.0014992503748125937 -0.0009765625 -0.0014992503748125937 -0.0009765625 -0.0014992503748125937 -0.0009765625 -0.0014992503748125937 -0.0009765625 -0.0014992503748125937
0  0.69189453125 0.044977511244377814 0.0205078125 0.035982008995502246 0.684248046875 0.03983658170914543 0.6918076171875 0.03961019490254873 0.6875087890625 0.045298350824587705 0.68528515625 0.053263868065967016 0.69076953125 0.05417391304347826
0  0.64892578125 0.031484257871064465 0.0146484375 0.038980509745127435 -0.0009765625 -0.0014992503748125937 -0.0009765625 -0.0014992503748125937 -0.0009765625 -0.0014992503748125937 -0.0009765625 -0.0014992503748125937 -0.0009765625 -0.0014992503748125937
0  0.59326171875 0.035982008995502246 0.0185546875 0.038980509745127435 -0.0009765625 -0.0014992503748125937 -0.0009765625 -0.0014992503748125937 -0.0009765625 -0.0014992503748125937 -0.0009765625 -0.0014992503748125937 -0.0009765625 -0.0014992503748125937
0  0.54931640625 0.0472263868065967 0.0166015625 0.031484257871064465 0.5428505859375 0.04095502248875562 0.5475810546875 0.04261469265367316 0.5435263671875 0.04842428785607197 0.543662109375 0.05464917541229385 0.5462294921875 0.055271364317841076
0  0.5712890625 0.05547226386806597 0.017578125 0.038980509745127435 0.5662880859375 0.050994002998500744 0.5672568359375 0.050994002998500744 0.56467578125 0.0591664167916042 0.568224609375 0.06387256371814093 0.56903125 0.06362518740629686
0  0.45166015625 0.09220389805097451 0.0205078125 0.037481259370314844 0.444091796875 0.08253973013493254 0.4527236328125 0.08133433283358321 0.4459755859375 0.09097301349325337 0.44550390625 0.09988755622188905 0.4517822265625 0.09916491754122939
0  0.373046875 0.050974512743628186 0.01953125 0.035982008995502246 -0.0009765625 -0.0014992503748125937 -0.0009765625 -0.0014992503748125937 -0.0009765625 -0.0014992503748125937 -0.0009765625 -0.0014992503748125937 -0.0009765625 -0.0014992503748125937
0  0.29736328125 0.06371814092953523 0.0107421875 0.031484257871064465 -0.0009765625 -0.0014992503748125937 -0.0009765625 -0.0014992503748125937 -0.0009765625 -0.0014992503748125937 -0.0009765625 -0.0014992503748125937 -0.0009765625 -0.0014992503748125937
0  0.2099609375 0.10719640179910045 0.013671875 0.037481259370314844 -0.0009765625 -0.0014992503748125937 -0.0009765625 -0.0014992503748125937 -0.0009765625 -0.0014992503748125937 -0.0009765625 -0.0014992503748125937 -0.0009765625 -0.0014992503748125937
0  0.212890625 0.1206896551724138 0.015625 0.031484257871064465 -0.0009765625 -0.0014992503748125937 -0.0009765625 -0.0014992503748125937 -0.0009765625 -0.0014992503748125937 -0.0009765625 -0.0014992503748125937 -0.0009765625 -0.0014992503748125937
0  0.15966796875 0.07871064467766117 0.0146484375 0.037481259370314844 0.1602783203125 0.07603298350824587 0.164044921875 0.07531034482758621 0.1642021484375 0.08374362818590704 0.159650390625 0.09073163418290854 0.1634169921875 0.08880359820089954
0  0.2880859375 0.13718140929535233 0.021484375 0.04047976011994003 0.2889931640625 0.1334872563718141 0.296142578125 0.13562818590704648 0.29195703125 0.14312443778110945 0.2877724609375 0.14847976011994002 0.293701171875 0.15035382308845577
0  0.294921875 0.2166416791604198 0.0234375 0.046476761619190406 -0.0009765625 -0.0014992503748125937 -0.0009765625 -0.0014992503748125937 -0.0009765625 -0.0014992503748125937 -0.0009765625 -0.0014992503748125937 -0.0009765625 -0.0014992503748125937
0  0.22900390625 0.22263868065967016 0.0263671875 0.05247376311844078 0.221099609375 0.2149085457271364 0.23028515625 0.2158920539730135 0.222595703125 0.2280269865067466 0.2236630859375 0.23819340329835081 0.229431640625 0.2368815592203898
0  0.20556640625 0.21139430284857572 0.0205078125 0.047976011994003 -0.0009765625 -0.0014992503748125937 -0.0009765625 -0.0014992503748125937 -0.0009765625 -0.0014992503748125937 -0.0009765625 -0.0014992503748125937 -0.0009765625 -0.0014992503748125937
0  0.18115234375 0.1926536731634183 0.0205078125 0.043478260869565216 0.1772197265625 0.1859400299850075 0.1861572265625 0.18456821589205397 0.182224609375 0.19554572713643179 0.1791865234375 0.20569865067466267 0.187408203125 0.20514992503748128
0  0.2041015625 0.25337331334332835 0.02734375 0.050974512743628186 0.203033203125 0.24606446776611693 0.21307421875 0.24704797601199402 0.20816015625 0.256887556221889 0.20068359375 0.26508545727136434 0.212005859375 0.2641019490254873
0  0.25244140625 0.2841079460269865 0.0283203125 0.05247376311844078 0.250884765625 0.28479010494752627 0.2611123046875 0.28649775112443776 0.25533203125 0.2987856071964018 0.250884765625 0.30424737631184406 0.255109375 0.3049295352323838
0  0.30908203125 0.2773613193403298 0.0283203125 0.053973013493253376 0.30810546875 0.2668125937031484 0.3194404296875 0.2692488755622189 0.3146796875 0.27899400299850075 0.3101455078125 0.2911754122938531 0.317853515625 0.2911754122938531
0  0.33984375 0.2691154422788606 0.029296875 0.049475262368815595 0.331490234375 0.26226836581709145 0.34296484375 0.25849325337331336 0.3370234375 0.2679310344827586 0.334154296875 0.2827151424287856 0.343990234375 0.27925487256371817
0  0.37744140625 0.30434782608695654 0.0302734375 0.05997001499250375 -0.0009765625 -0.0014992503748125937 -0.0009765625 -0.0014992503748125937 -0.0009765625 -0.0014992503748125937 -0.0009765625 -0.0014992503748125937 -0.0009765625 -0.0014992503748125937
0  0.4150390625 0.2871064467766117 0.029296875 0.05247376311844078 0.4089921875 0.2826686656671664 0.4207763671875 0.28130284857571214 0.4149951171875 0.29393403298350823 0.4118828125 0.3031499250374812 0.420109375 0.30212593703148427
0  0.45068359375 0.32008995502248877 0.0263671875 0.05247376311844078 0.445669921875 0.3093013493253373 0.4591845703125 0.31030434782608696 0.4526455078125 0.32000899550224887 0.44610546875 0.3290449775112444 0.4559150390625 0.330383808095952
0  0.142578125 0.2383808095952024 0.01953125 0.041979010494752625 0.1343818359375 0.23179460269865068 0.1453681640625 0.22965367316341828 0.1404853515625 0.24116491754122937 0.1373466796875 0.25133883058470763 0.1446708984375 0.25
0  0.17529296875 0.31259370314842577 0.0302734375 0.046476761619190406 0.1695078125 0.3047631184407796 0.18088671875 0.3008470764617691 0.17735546875 0.3147016491754123 0.1714697265625 0.32524437781109444 0.1836328125 0.3216296851574213
0  0.0634765625 0.03073463268365817 0.017578125 0.031484257871064465 0.058310546875 0.02679310344827586 0.065337890625 0.025547226386806596 0.061958984375 0.03384707646176911 0.0600673828125 0.03903448275862069 0.0647978515625 0.03944827586206897
0  0.02978515625 0.060719640179910044 0.0146484375 0.037481259370314844 -0.0009765625 -0.0014992503748125937 -0.0009765625 -0.0014992503748125937 -0.0009765625 -0.0014992503748125937 -0.0009765625 -0.0014992503748125937 -0.0009765625 -0.0014992503748125937
0  0.02587890625 0.0944527736131934 0.0185546875 0.038980509745127435 0.0241005859375 0.09048425787106447 0.03248828125 0.08949325337331335 0.0303916015625 0.09865667166416792 0.025390625 0.10658020989505247 0.030552734375 0.10559070464767617
0  0.05126953125 0.09820089955022489 0.0185546875 0.037481259370314844 0.0487412109375 0.09431934032983509 0.057373046875 0.09552323838080959 0.0531357421875 0.10226986506746627 0.047798828125 0.10998050974512744 0.0558037109375 0.11046326836581709
0  0.05615234375 0.13568215892053972 0.0107421875 0.034482758620689655 -0.0009765625 -0.0014992503748125937 -0.0009765625 -0.0014992503748125937 -0.0009765625 -0.0014992503748125937 -0.0009765625 -0.0014992503748125937 -0.0009765625 -0.0014992503748125937
0  0.12060546875 0.11244377811094453 0.0126953125 0.038980509745127435 0.125583984375 0.10763868065967017 0.1242587890625 0.10763868065967017 0.126578125 0.1142503748125937 0.1226025390625 0.12315292353823089 0.12376171875 0.12340629685157421
0  0.0869140625 0.20614692653673164 0.025390625 0.049475262368815595 0.0858896484375 0.20276011994003001 0.0947001953125 0.20118740629685158 0.091216796875 0.211568215892054 0.0862998046875 0.21817391304347825 0.093265625 0.2169160419790105
0  0.123046875 0.20839580209895053 0.0234375 0.044977511244377814 -0.0009765625 -0.0014992503748125937 -0.0009765625 -0.0014992503748125937 -0.0009765625 -0.0014992503748125937 -0.0009765625 -0.0014992503748125937 -0.0009765625 -0.0014992503748125937
0  0.13671875 0.19940029985007496 0.0234375 0.038980509745127435 -0.0009765625 -0.0014992503748125937 -0.0009765625 -0.0014992503748125937 -0.0009765625 -0.0014992503748125937 -0.0009765625 -0.0014992503748125937 -0.0009765625 -0.0014992503748125937
0  0.02978515625 0.27436281859070466 0.0263671875 0.044977511244377814 0.0232978515625 0.26699400299850073 0.0345458984375 0.2632518740629685 0.029859375 0.27361319340329837 0.026859375 0.28512593703148426 0.0351083984375 0.28224737631184404
0  0.02197265625 0.19415292353823088 0.0126953125 0.043478260869565216 -0.0009765625 -0.0014992503748125937 -0.0009765625 -0.0014992503748125937 -0.0009765625 -0.0014992503748125937 -0.0009765625 -0.0014992503748125937 -0.0009765625 -0.0014992503748125937
0  0.05810546875 0.2683658170914543 0.0185546875 0.053973013493253376 -0.0009765625 -0.0014992503748125937 -0.0009765625 -0.0014992503748125937 -0.0009765625 -0.0014992503748125937 -0.0009765625 -0.0014992503748125937 -0.0009765625 -0.0014992503748125937
0  0.095703125 0.2818590704647676 0.025390625 0.05697151424287856 -0.0009765625 -0.0014992503748125937 -0.0009765625 -0.0014992503748125937 -0.0009765625 -0.0014992503748125937 -0.0009765625 -0.0014992503748125937 -0.0009765625 -0.0014992503748125937
0  0.12158203125 0.2946026986506747 0.0361328125 0.05247376311844078 -0.0009765625 -0.0014992503748125937 -0.0009765625 -0.0014992503748125937 -0.0009765625 -0.0014992503748125937 -0.0009765625 -0.0014992503748125937 -0.0009765625 -0.0014992503748125937
0  0.12255859375 0.3238380809595202 0.0224609375 0.05697151424287856 0.1263076171875 0.3169175412293853 0.131251953125 0.31727886056971516 0.1328994140625 0.32848275862068965 0.1253662109375 0.33860269865067466 0.1267783203125 0.3389640179910045
0  0.10205078125 0.34632683658170915 0.0205078125 0.05697151424287856 0.1074482421875 0.33976761619190404 0.108625 0.3386836581709145 0.11309765625 0.3509715142428786 0.1079189453125 0.3650674662668666 0.1088603515625 0.3643448275862069
0  0.37744140625 0.34707646176911544 0.0224609375 0.05847076461769116 0.3853544921875 0.3430269865067466 0.3887109375 0.3437631184407796 0.391828125 0.35480659670164916 0.3841552734375 0.36511394302848577 0.38679296875 0.3647466266866567
0  0.4755859375 0.29760119940029983 0.02734375 0.046476761619190406 -0.0009765625 -0.0014992503748125937 -0.0009765625 -0.0014992503748125937 -0.0009765625 -0.0014992503748125937 -0.0009765625 -0.0014992503748125937 -0.0009765625 -0.0014992503748125937
0  0.501953125 0.2886056971514243 0.02734375 0.05847076461769116 0.5064912109375 0.2845562218890555 0.5129658203125 0.28566116941529235 0.5134453125 0.2952323838080959 0.504333984375 0.3025937031484258 0.511287109375 0.3062758620689655
0  0.546875 0.30059970014992504 0.029296875 0.05247376311844078 0.543552734375 0.2911484257871064 0.556849609375 0.2901454272863568 0.55074609375 0.3008545727136432 0.546822265625 0.3139055472263868 0.55314453125 0.3139055472263868
0  0.5732421875 0.31334332833583206 0.029296875 0.053973013493253376 0.568341796875 0.30448125937031484 0.5803310546875 0.3014692653673164 0.57553515625 0.3161949025487256 0.5709580078125 0.3245607196401799 0.5807666015625 0.32221889055472264
0  0.43701171875 0.3748125937031484 0.0322265625 0.053973013493253376 0.4317626953125 0.36878860569715144 0.4444580078125 0.36147976011994004 0.4412841796875 0.37505397301349325 0.4387900390625 0.3879310344827586 0.4471787109375 0.38340629685157424
0  0.4716796875 0.3830584707646177 0.033203125 0.05247376311844078 0.464599609375 0.37661919040479763 0.4765888671875 0.37327286356821593 0.470703125 0.3853208395802099 0.4672158203125 0.3970329835082459 0.4776787109375 0.3940209895052474
0  0.50537109375 0.41529235382308843 0.0322265625 0.06296851574212893 0.4937958984375 0.4067256371814093 0.5058857421875 0.40751424287856075 0.4971396484375 0.42094152923538225 0.4948251953125 0.4335772113943029 0.5056279296875 0.4351574212893553
0  0.5673828125 0.404047976011994 0.033203125 0.06446776611694154 0.5684462890625 0.3979235382308846 0.57695703125 0.3975157421289355 0.5748291015625 0.4073148425787106 0.5681806640625 0.4191544227886057 0.5766904296875 0.41792953523238385
0  0.57958984375 0.3733133433283358 0.0361328125 0.05697151424287856 -0.0009765625 -0.0014992503748125937 -0.0009765625 -0.0014992503748125937 -0.0009765625 -0.0014992503748125937 -0.0009765625 -0.0014992503748125937 -0.0009765625 -0.0014992503748125937
0  0.59716796875 0.35157421289355323 0.0302734375 0.05847076461769116 -0.0009765625 -0.0014992503748125937 -0.0009765625 -0.0014992503748125937 -0.0009765625 -0.0014992503748125937 -0.0009765625 -0.0014992503748125937 -0.0009765625 -0.0014992503748125937
0  0.64111328125 0.35007496251874065 0.0380859375 0.05847076461769116 0.629638671875 0.3410794602698651 0.644775390625 0.33620689655172414 0.637451171875 0.3504497751124438 0.633544921875 0.3650674662668666 0.64501953125 0.36169415292353824
0  0.60302734375 0.48575712143928035 0.0341796875 0.06896551724137931 0.599138671875 0.47543628185907044 0.614724609375 0.4741319340329835 0.609056640625 0.4884872563718141 0.6011220703125 0.5015397301349325 0.61245703125 0.5006686656671665
0  0.39111328125 0.49025487256371814 0.0361328125 0.06296851574212893 0.385869140625 0.48391304347826086 0.401572265625 0.4848425787106447 0.394892578125 0.497031484257871 0.38763671875 0.5086206896551724 0.399013671875 0.5093853073463268
0  0.47607421875 0.4715142428785607 0.0341796875 0.06446776611694154 0.48126171875 0.4666146926536732 0.4909931640625 0.4637106446776612 0.491533203125 0.4782338830584708 0.4809921875 0.4906836581709145 0.489912109375 0.4902683658170915
0  0.525390625 0.48800599700149927 0.037109375 0.06446776611694154 0.5267421875 0.4797871064467766 0.5389052734375 0.47812743628185905 0.5359326171875 0.49306596701649175 0.5283642578125 0.5088350824587706 0.53782421875 0.5080044977511244
0  0.6201171875 0.46926536731634183 0.033203125 0.06296851574212893 0.6214248046875 0.4620374812593703 0.62691796875 0.46243778110944533 0.6222099609375 0.47488755622188905 0.6211630859375 0.48854122938530736 0.62665625 0.4889430284857571
0  0.63232421875 0.44152923538230887 0.0244140625 0.06146926536731634 0.6187177734375 0.4608785607196402 0.6264345703125 0.4616686656671664 0.621546875 0.47785907046476767 0.619232421875 0.48496701649175417 0.625919921875 0.4845727136431784
0  0.66259765625 0.4002998500749625 0.0341796875 0.06296851574212893 0.651646484375 0.3907691154422788 0.6636787109375 0.38876161919040475 0.6571396484375 0.4016116941529235 0.6563544921875 0.4140614692653673 0.6636787109375 0.4124542728635683
0  0.67724609375 0.46326836581709147 0.0361328125 0.06296851574212893 0.674369140625 0.45454122938530733 0.6895400390625 0.451328335832084 0.684046875 0.47060419790104946 0.6759384765625 0.4806431784107946 0.6861396484375 0.4794392803598201
0  0.69970703125 0.4280359820089955 0.0341796875 0.05847076461769116 0.6904296875 0.42203898050974514 0.70068359375 0.4194152923538231 0.69677734375 0.43553223388305845 0.696044921875 0.44865067466266867 0.705078125 0.4434032983508246
0  0.73779296875 0.431784107946027 0.0322265625 0.06296851574212893 0.739388671875 0.4334032983508246 0.7519921875 0.4337991004497751 0.7491630859375 0.4452503748125937 0.744275390625 0.45709745127436285 0.751220703125 0.4567031484257871
0  0.77978515625 0.4542728635682159 0.0361328125 0.053973013493253376 0.76776171875 0.4448755622188906 0.7830634765625 0.4441529235382309 0.775294921875 0.4582488755622189 0.771763671875 0.47125937031484255 0.7840048828125 0.4701754122938531
0  0.853515625 0.39280359820089955 0.033203125 0.05997001499250375 0.8425986328125 0.3848050974512744 0.8585029296875 0.38404197901049475 0.8485634765625 0.3962503748125937 0.8455810546875 0.4092218890554723 0.855521484375 0.40845877061469266
0  0.91650390625 0.44152923538230887 0.0341796875 0.046476761619190406 -0.0009765625 -0.0014992503748125937 -0.0009765625 -0.0014992503748125937 -0.0009765625 -0.0014992503748125937 -0.0009765625 -0.0014992503748125937 -0.0009765625 -0.0014992503748125937
0  0.82861328125 0.4587706146926537 0.0341796875 0.06596701649175413 -0.0009765625 -0.0014992503748125937 -0.0009765625 -0.0014992503748125937 -0.0009765625 -0.0014992503748125937 -0.0009765625 -0.0014992503748125937 -0.0009765625 -0.0014992503748125937
0  0.8408203125 0.5149925037481259 0.041015625 0.06446776611694154 0.8326201171875 0.5126761619190404 0.8493740234375 0.5061439280359821 0.8440546875 0.5237001499250374 0.837140625 0.5339070464767616 0.851767578125 0.5294167916041979
0  0.962890625 0.4272863568215892 0.0390625 0.07196401799100449 0.949951171875 0.4175952023988006 0.966849609375 0.41577361319340334 0.9549912109375 0.43079310344827587 0.952619140625 0.4435367316341829 0.96269921875 0.4417166416791604
0  0.98876953125 0.41304347826086957 0.0224609375 0.06446776611694154 0.983490234375 0.40651124437781105 0.9997119140625 0.40283658170914544 0.991734375 0.4179430284857571 0.990404296875 0.4297826086956522 1.0010419921875 0.4277421289355322
0  0.9736328125 0.5037481259370314 0.02734375 0.06896551724137931 0.964224609375 0.49535532233883056 0.9682529296875 0.49491304347826093 0.961634765625 0.5103748125937032 0.9665263671875 0.5214182908545727 0.96969140625 0.5205337331334333
0  0.72998046875 0.5179910044977512 0.0361328125 0.06446776611694154 0.7162998046875 0.5118470764617691 0.7292744140625 0.5089415292353823 0.7230576171875 0.5259550224887556 0.72359765625 0.537160419790105 0.7341396484375 0.5334257871064468
0  0.79443359375 0.5142428785607196 0.0126953125 0.06596701649175413 -0.0009765625 -0.0014992503748125937 -0.0009765625 -0.0014992503748125937 -0.0009765625 -0.0014992503748125937 -0.0009765625 -0.0014992503748125937 -0.0009765625 -0.0014992503748125937
0  0.86279296875 0.7841079460269865 0.0146484375 0.08095952023988005 -0.0009765625 -0.0014992503748125937 -0.0009765625 -0.0014992503748125937 -0.0009765625 -0.0014992503748125937 -0.0009765625 -0.0014992503748125937 -0.0009765625 -0.0014992503748125937
