0  0.10693359375 0.24413145539906103 0.0205078125 0.03755868544600939 0.0995791015625 0.2397793427230047 0.10629296875 0.24002347417840375 0.100646484375 0.24882629107981222 0.1012578125 0.2544507042253521 0.1056826171875 0.254206572769953
0  0.04443359375 0.18857589984350548 0.0458984375 0.10485133020344288 0.0237861328125 0.18041627543035993 0.0367607421875 0.1797449139280125 0.024623046875 0.19584194053208137 0.0262978515625 0.21797496087636933 0.0401083984375 0.21529107981220658
0  0.1953125 0.1564945226917058 0.052734375 0.07511737089201878 0.1830751953125 0.1610923317683881 0.197509765625 0.1562503912363067 0.1904599609375 0.18153364632237873 0.2008671875 0.18476056338028168 0.207580078125 0.17776838810641626
0  0.2998046875 0.24100156494522693 0.076171875 0.09389671361502347 -0.0009765625 -0.001564945226917058 -0.0009765625 -0.001564945226917058 -0.0009765625 -0.001564945226917058 -0.0009765625 -0.001564945226917058 -0.0009765625 -0.001564945226917058
0  0.30712890625 0.10328638497652583 0.0478515625 0.081377151799687 0.2890625 0.10172143974960876 0.3056640625 0.10328638497652583 0.29296875 0.1189358372456964 0.296875 0.13302034428794993 0.3076171875 0.1298904538341158
0  0.40771484375 0.1651017214397496 0.0400390625 0.07981220657276995 0.39640625 0.1528622848200313 0.4164560546875 0.1538810641627543 0.4034072265625 0.1702018779342723 0.3992705078125 0.18346165884194054 0.4132734375 0.18448200312989047
0  0.443359375 0.19483568075117372 0.017578125 0.0297339593114241 0.4404296875 0.19874804381846636 0.4482421875 0.19874804381846636 0.4443359375 0.20657276995305165 0.4423828125 0.20970266040688576 0.4482421875 0.2112676056338028
0  0.49853515625 0.15101721439749607 0.0146484375 0.03599374021909233 0.495421875 0.15023474178403756 0.5034267578125 0.14975899843505477 0.4994248046875 0.15712363067292645 0.49571875 0.16306103286384976 0.502685546875 0.16329890453834114
0  0.53662109375 0.16588419405320814 0.0556640625 0.09389671361502347 0.5145224609375 0.15203755868544602 0.5337919921875 0.15738184663536775 0.5185986328125 0.18291705790297338 0.5215625 0.1936056338028169 0.53305078125 0.19301251956181534
0  0.5859375 0.1298904538341158 0.0234375 0.053208137715179966 -0.0009765625 -0.001564945226917058 -0.0009765625 -0.001564945226917058 -0.0009765625 -0.001564945226917058 -0.0009765625 -0.001564945226917058 -0.0009765625 -0.001564945226917058
0  0.609375 0.11815336463223787 0.015625 0.03599374021909233 0.6044921875 0.11737089201877934 0.6123046875 0.11580594679186229 0.6064453125 0.12363067292644757 0.60546875 0.12832550860719874 0.6103515625 0.1298904538341158
0  0.66748046875 0.19092331768388107 0.0576171875 0.07198748043818466 0.648302734375 0.1895602503912363 0.6635 0.19130046948356808 0.659158203125 0.21159624413145542 0.6638623046875 0.21159624413145542 0.672546875 0.21275586854460093
0  0.72216796875 0.15571205007824726 0.0205078125 0.03912363067292645 -0.0009765625 -0.001564945226917058 -0.0009765625 -0.001564945226917058 -0.0009765625 -0.001564945226917058 -0.0009765625 -0.001564945226917058 -0.0009765625 -0.001564945226917058
0  0.75048828125 0.16040688575899845 0.0458984375 0.09233176838810642 0.732142578125 0.15420344287949922 0.745169921875 0.15710172143974963 0.7299716796875 0.1739186228482003 0.7462548828125 0.1878356807511737 0.7462548828125 0.1878356807511737
0  0.8134765625 0.1564945226917058 0.021484375 0.053208137715179966 0.807921875 0.15092018779342722 0.8177490234375 0.15023474178403756 0.813048828125 0.16221596244131456 0.8085634765625 0.16837871674491392 0.8166806640625 0.16735211267605635
0  0.8564453125 0.11032863849765258 0.02734375 0.054773082942097026 0.8508427734375 0.10747887323943663 0.86173828125 0.10925978090766822 0.8550673828125 0.11745539906103286 0.851732421875 0.127075117370892 0.860181640625 0.1277871674491393
0  0.873046875 0.11502347417840375 0.009765625 0.026604068857589983 -0.0009765625 -0.001564945226917058 -0.0009765625 -0.001564945226917058 -0.0009765625 -0.001564945226917058 -0.0009765625 -0.001564945226917058 -0.0009765625 -0.001564945226917058
0  0.8994140625 0.1056338028169014 0.009765625 0.026604068857589983 0.896484375 0.10485133020344288 0.904296875 0.10328638497652583 0.8994140625 0.10641627543035993 0.8974609375 0.11267605633802817 0.900390625 0.11267605633802817
0  0.89111328125 0.1643192488262911 0.0263671875 0.053208137715179966 0.88653515625 0.15942879499217527 0.8969990234375 0.15838028169014085 0.8908955078125 0.1702582159624413 0.8876259765625 0.17375117370892018 0.8946005859375 0.17340219092331768
0  0.8447265625 0.12284820031298904 0.009765625 0.026604068857589983 -0.0009765625 -0.001564945226917058 -0.0009765625 -0.001564945226917058 -0.0009765625 -0.001564945226917058 -0.0009765625 -0.001564945226917058 -0.0009765625 -0.001564945226917058
0  0.951171875 0.15179968701095461 0.041015625 0.09702660406885759 0.93133984375 0.1412926447574335 0.9415810546875 0.1443317683881064 0.929443359375 0.16560406885759 0.9286845703125 0.18201564945226917 0.9393046875 0.18748669796557121
0  0.95166015625 0.0837245696400626 0.0185546875 0.03599374021909233 -0.0009765625 -0.001564945226917058 -0.0009765625 -0.001564945226917058 -0.0009765625 -0.001564945226917058 -0.0009765625 -0.001564945226917058 -0.0009765625 -0.001564945226917058
0  0.00830078125 0.21283255086071987 0.0166015625 0.0406885758998435 0.01073828125 0.2073974960876369 0.0120283203125 0.2071392801251956 0.014609375 0.21592801251956184 0.0089638671875 0.22290766823161187 0.01025390625 0.22264788732394364
