0  0.0703125 0.5247395833333334 0.037109375 0.0625 0.0603115234375 0.5184739583333333 0.0765556640625 0.5184739583333333 0.0657265625 0.5285 0.0606123046875 0.5381263020833333 0.07264453125 0.5381263020833333
0  0.19189453125 0.5227864583333334 0.0341796875 0.06380208333333333 0.182861328125 0.5209140625 0.19873046875 0.5196940104166666 0.18896484375 0.52783203125 0.1834716796875 0.5416666666666666 0.197205078125 0.5412604166666667
0  0.2197265625 0.5013020833333334 0.013671875 0.028645833333333332 0.2198662109375 0.4988841145833333 0.2250283203125 0.4983255208333333 0.2237724609375 0.5040924479166666 0.2212607421875 0.5098580729166667 0.2250283203125 0.5094869791666666
0  0.3203125 0.5104166666666666 0.01953125 0.036458333333333336 -0.0009765625 -0.0013020833333333333 -0.0009765625 -0.0013020833333333333 -0.0009765625 -0.0013020833333333333 -0.0009765625 -0.0013020833333333333 -0.0009765625 -0.0013020833333333333
0  0.35302734375 0.509765625 0.0146484375 0.024739583333333332 0.3486201171875 0.5079114583333334 0.355826171875 0.50757421875 0.3519072265625 0.5116197916666666 0.348240234375 0.5161718750000001 0.3560791015625 0.5170143229166667
0  0.39013671875 0.515625 0.0126953125 0.020833333333333332 0.387228515625 0.51363671875 0.392142578125 0.5127005208333334 0.3894345703125 0.5176484375 0.388431640625 0.5208567708333333 0.39133984375 0.5203216145833334
0  0.41748046875 0.5032552083333334 0.0107421875 0.01953125 0.416015625 0.50390625 0.421875 0.5026041666666666 0.4189453125 0.5078125 0.416015625 0.5104166666666666 0.421875 0.5091145833333334
0  0.447265625 0.5247395833333334 0.015625 0.028645833333333332 0.44482421875 0.5243671875 0.451939453125 0.5251119791666666 0.44873046875 0.5305065104166666 0.445521484375 0.5344127604166666 0.450404296875 0.53459765625
0  0.46142578125 0.4954427083333333 0.0087890625 0.016927083333333332 -0.0009765625 -0.0013020833333333333 -0.0009765625 -0.0013020833333333333 -0.0009765625 -0.0013020833333333333 -0.0009765625 -0.0013020833333333333 -0.0009765625 -0.0013020833333333333
0  0.4541015625 0.5026041666666666 0.0078125 0.013020833333333334 -0.0009765625 -0.0013020833333333333 -0.0009765625 -0.0013020833333333333 -0.0009765625 -0.0013020833333333333 -0.0009765625 -0.0013020833333333333 -0.0009765625 -0.0013020833333333333
0  0.48486328125 0.5032552083333334 0.0087890625 0.01171875 -0.0009765625 -0.0013020833333333333 -0.0009765625 -0.0013020833333333333 -0.0009765625 -0.0013020833333333333 -0.0009765625 -0.0013020833333333333 -0.0009765625 -0.0013020833333333333
0  0.50830078125 0.5032552083333334 0.0087890625 0.022135416666666668 -0.0009765625 -0.0013020833333333333 -0.0009765625 -0.0013020833333333333 -0.0009765625 -0.0013020833333333333 -0.0009765625 -0.0013020833333333333 -0.0009765625 -0.0013020833333333333
0  0.52001953125 0.4986979166666667 0.0087890625 0.015625 -0.0009765625 -0.0013020833333333333 -0.0009765625 -0.0013020833333333333 -0.0009765625 -0.0013020833333333333 -0.0009765625 -0.0013020833333333333 -0.0009765625 -0.0013020833333333333
0  0.5361328125 0.5130208333333334 0.015625 0.020833333333333332 0.5370048828125 0.5106497395833333 0.54150390625 0.51023046875 0.5397255859375 0.5148346354166666 0.5367958984375 0.5177643229166666 0.541294921875 0.5177643229166666
0  0.54638671875 0.5013020833333334 0.0107421875 0.020833333333333332 -0.0009765625 -0.0013020833333333333 -0.0009765625 -0.0013020833333333333 -0.0009765625 -0.0013020833333333333 -0.0009765625 -0.0013020833333333333 -0.0009765625 -0.0013020833333333333
0  0.56591796875 0.501953125 0.0087890625 0.014322916666666666 -0.0009765625 -0.0013020833333333333 -0.0009765625 -0.0013020833333333333 -0.0009765625 -0.0013020833333333333 -0.0009765625 -0.0013020833333333333 -0.0009765625 -0.0013020833333333333
0  0.58544921875 0.5071614583333334 0.0087890625 0.014322916666666666 -0.0009765625 -0.0013020833333333333 -0.0009765625 -0.0013020833333333333 -0.0009765625 -0.0013020833333333333 -0.0009765625 -0.0013020833333333333 -0.0009765625 -0.0013020833333333333
0  0.61328125 0.5006510416666666 0.009765625 0.016927083333333332 -0.0009765625 -0.0013020833333333333 -0.0009765625 -0.0013020833333333333 -0.0009765625 -0.0013020833333333333 -0.0009765625 -0.0013020833333333333 -0.0009765625 -0.0013020833333333333
