0  0.20166015625 0.5475260416666666 0.0302734375 0.04296875 0.2021962890625 0.5410325520833333 0.2118271484375 0.5413059895833333 0.2089580078125 0.54731640625 0.2017861328125 0.5557864583333333 0.2101875 0.5555130208333333
0  0.26318359375 0.4720052083333333 0.0185546875 0.032552083333333336 0.2574990234375 0.46528515625 0.26754296875 0.46528515625 0.26393359375 0.4700989583333333 0.259068359375 0.4776315104166667 0.26581640625 0.47805078124999995
0  0.29150390625 0.4915364583333333 0.0166015625 0.024739583333333332 0.2880859375 0.4895833333333333 0.296875 0.48828125 0.29296875 0.4921875 0.2880859375 0.5013020833333334 0.296875 0.5
0  0.30517578125 0.5279947916666666 0.0244140625 0.03515625 0.30213671875 0.5228385416666667 0.3126787109375 0.52397265625 0.307748046875 0.5298671875 0.3011171875 0.5355338541666667 0.31046875 0.53757421875
0  0.31298828125 0.6217447916666666 0.0244140625 0.040364583333333336 0.3130888671875 0.6149440104166667 0.321720703125 0.6157278645833334 0.3187783203125 0.6212213541666667 0.3136767578125 0.6298541666666667 0.3201513671875 0.6298541666666667
0  0.33984375 0.5 0.013671875 0.028645833333333332 0.3374716796875 0.4957213541666667 0.345423828125 0.49665234374999995 0.341796875 0.5020455729166667 0.3373330078125 0.5074401041666666 0.344447265625 0.5078125
0  0.40625 0.4765625 0.017578125 0.033854166666666664 0.404296875 0.47265625 0.4140625 0.4739583333333333 0.408203125 0.4765625 0.4033203125 0.4856770833333333 0.412109375 0.484375
0  0.42236328125 0.634765625 0.0244140625 0.037760416666666664 0.4185791015625 0.6277669270833334 0.4302978515625 0.6287434895833334 0.4244384765625 0.6348463541666667 0.4193115234375 0.6431484375 0.428283203125 0.6436354166666667
0  0.451171875 0.474609375 0.017578125 0.032552083333333336 0.44677734375 0.4680989583333333 0.4563515625 0.46851692708333337 0.4517998046875 0.47333072916666663 0.4488173828125 0.4810729166666667 0.454625 0.4810729166666667
0  0.4970703125 0.4752604166666667 0.015625 0.03125 0.49432421875 0.47094791666666663 0.50180078125 0.47155729166666666 0.4978330078125 0.4766432291666667 0.4938662109375 0.48173046875 0.5013427734375 0.4823411458333333
0  0.57470703125 0.4954427083333333 0.0185546875 0.029947916666666668 0.5729892578125 0.49222265625 0.5798076171875 0.49162890625000005 0.576546875 0.4957799479166667 0.57402734375 0.5025000000000001 0.57936328125 0.5023020833333333
0  0.59423828125 0.5032552083333334 0.0166015625 0.029947916666666668 0.5908203125 0.4986979166666667 0.599609375 0.5 0.5947265625 0.5026041666666666 0.5908203125 0.5104166666666666 0.5966796875 0.5104166666666666
0  0.63720703125 0.4908854166666667 0.0166015625 0.028645833333333332 0.6337890625 0.48828125 0.6416015625 0.48828125 0.638671875 0.4921875 0.6337890625 0.5 0.6416015625 0.5
0  0.66162109375 0.50390625 0.0146484375 0.026041666666666668 0.658203125 0.5026041666666666 0.666015625 0.5026041666666666 0.6630859375 0.5065104166666666 0.66015625 0.5130208333333334 0.6650390625 0.5130208333333334
0  0.69580078125 0.48046875 0.0166015625 0.03125 0.6920947265625 0.47600390625000005 0.7017294921875 0.4758072916666667 0.697283203125 0.4831197916666667 0.694615234375 0.48786328124999995 0.6992099609375 0.48786328124999995
0  0.54541015625 0.626953125 0.0205078125 0.037760416666666664 0.543623046875 0.6231393229166667 0.5538115234375 0.6231393229166667 0.5486279296875 0.63005078125 0.54398046875 0.6372018229166666 0.5520234375 0.6369635416666667
0  0.63623046875 0.646484375 0.0244140625 0.040364583333333336 0.631326171875 0.6404739583333333 0.6438818359375 0.64204296875 0.6374072265625 0.64910546875 0.6338759765625 0.6572148437499999 0.6413310546875 0.6572148437499999
0  0.71240234375 0.6451822916666666 0.0224609375 0.03515625 0.7041015625 0.6380208333333334 0.71484375 0.6380208333333334 0.7080078125 0.6432291666666666 0.7041015625 0.65234375 0.712890625 0.65234375
0  0.78271484375 0.6484375 0.0205078125 0.036458333333333336 0.775390625 0.6458333333333334 0.7861328125 0.640625 0.78125 0.6497395833333334 0.779296875 0.6588541666666666 0.787109375 0.6575520833333334
0  0.85400390625 0.5240885416666666 0.0146484375 0.024739583333333332 0.8525390625 0.5205078125 0.858154296875 0.5203450520833334 0.8565673828125 0.5257161458333334 0.8536376953125 0.5310872395833334 0.85791015625 0.53125
0  0.0537109375 0.583984375 0.017578125 0.016927083333333332 -0.0009765625 -0.0013020833333333333 -0.0009765625 -0.0013020833333333333 -0.0009765625 -0.0013020833333333333 -0.0009765625 -0.0013020833333333333 -0.0009765625 -0.0013020833333333333
