0  0.48193359375 0.4890190336749634 0.0283203125 0.055636896046852125 0.4772080078125 0.484783308931186 0.489685546875 0.48443045387994144 0.482857421875 0.4946661786237189 0.4767373046875 0.5027847730600292 0.4892138671875 0.5027847730600292
0  0.32763671875 0.2547584187408492 0.0068359375 0.01171303074670571 -0.0009765625 -0.0014641288433382138 -0.0009765625 -0.0014641288433382138 -0.0009765625 -0.0014641288433382138 -0.0009765625 -0.0014641288433382138 -0.0009765625 -0.0014641288433382138
0  0.0361328125 0.6390922401171303 0.025390625 0.048316251830161056 -0.0009765625 -0.0014641288433382138 -0.0009765625 -0.0014641288433382138 -0.0009765625 -0.0014641288433382138 -0.0009765625 -0.0014641288433382138 -0.0009765625 -0.0014641288433382138
0  0.1982421875 0.5314787701317716 0.02734375 0.06149341142020498 0.199837890625 0.5276617862371888 0.208326171875 0.5261185944363104 0.2062685546875 0.537303074670571 0.197265625 0.5454011713030746 0.2062685546875 0.5442445095168374
0  0.27587890625 0.6295754026354319 0.0244140625 0.0527086383601757 -0.0009765625 -0.0014641288433382138 -0.0009765625 -0.0014641288433382138 -0.0009765625 -0.0014641288433382138 -0.0009765625 -0.0014641288433382138 -0.0009765625 -0.0014641288433382138
0  0.37646484375 0.5241581259150805 0.0244140625 0.0527086383601757 0.366638671875 0.5160922401171303 0.374419921875 0.5200922401171303 0.36752734375 0.5320937042459737 0.36775 0.5377598828696926 0.3750869140625 0.5380937042459736
0  0.560546875 0.5373352855051244 0.025390625 0.04978038067349927 0.55258203125 0.5305183016105417 0.5619814453125 0.5301976573938506 0.554931640625 0.5382049780380673 0.55322265625 0.5484538799414348 0.5619814453125 0.5474934114202049
0  0.6484375 0.5666178623718887 0.02734375 0.055636896046852125 0.64298828125 0.5619765739385065 0.655701171875 0.561623718887262 0.649109375 0.5686837481698389 0.642517578125 0.5792723279648608 0.656171875 0.5785666178623718
0  0.70556640625 0.5241581259150805 0.0283203125 0.055636896046852125 0.6950078125 0.5219882869692533 0.7065166015625 0.520909224011713 0.6995634765625 0.5327730600292826 0.70004296875 0.5392445095168374 0.708435546875 0.5385241581259151
0  0.7724609375 0.5161054172767203 0.029296875 0.05417276720351391 0.766078125 0.520471449487555 0.7796806640625 0.5218316251830161 0.7740126953125 0.5313484626647145 0.768345703125 0.5354260614934114 0.7767333984375 0.5354260614934114
0  0.84423828125 0.5117130307467057 0.0263671875 0.048316251830161056 0.8394248046875 0.5065885797950219 0.8505166015625 0.5069019033674963 0.84423828125 0.5169414348462665 0.838169921875 0.5213338213762811 0.849888671875 0.5225900439238652
0  0.990234375 0.7254758418740849 0.017578125 0.0424597364568082 -0.0009765625 -0.0014641288433382138 -0.0009765625 -0.0014641288433382138 -0.0009765625 -0.0014641288433382138 -0.0009765625 -0.0014641288433382138 -0.0009765625 -0.0014641288433382138
0  0.83056640625 0.2240117130307467 0.0048828125 0.008784773060029283 -0.0009765625 -0.0014641288433382138 -0.0009765625 -0.0014641288433382138 -0.0009765625 -0.0014641288433382138 -0.0009765625 -0.0014641288433382138 -0.0009765625 -0.0014641288433382138
