0  0.10107421875 0.3530559167750325 0.0322265625 0.055916775032509754 0.095703125 0.3433029908972692 0.1103515625 0.3420026007802341 0.103515625 0.34980494148244473 0.095703125 0.3602080624187256 0.11328125 0.36150845253576075
0  0.1826171875 0.3491547464239272 0.025390625 0.045513654096228866 0.175724609375 0.3402730819245774 0.187953125 0.3402730819245774 0.1826171875 0.3503394018205462 0.175947265625 0.35892457737321193 0.18817578125 0.35892457737321193
0  0.103515625 0.5786736020806242 0.03515625 0.05201560468140442 0.0933447265625 0.5740520156046814 0.1102421875 0.5737217165149545 0.1025390625 0.5810013003901171 0.0965751953125 0.5952301690507152 0.1072607421875 0.595892067620286
0  0.1259765625 0.6599479843953185 0.0390625 0.06631989596879063 0.1226630859375 0.6517737321196359 0.1392998046875 0.6526098829648895 0.1327080078125 0.6676579973992197 0.12109375 0.6772704811443433 0.1358466796875 0.6772704811443433
0  0.14794921875 0.5214564369310793 0.0341796875 0.054616384915474644 0.1394609375 0.5112158647594278 0.152064453125 0.5122431729518856 0.1433193359375 0.5228608582574772 0.140490234375 0.5324512353706111 0.1494921875 0.5314239271781535
0  0.1904296875 0.5325097529258778 0.03515625 0.053315994798439535 0.179068359375 0.5247880364109233 0.193228515625 0.5217581274382315 0.1836201171875 0.5358998699609884 0.181091796875 0.5443172951885565 0.1944931640625 0.5439804941482445
0  0.2060546875 0.42977893368010406 0.033203125 0.04811443433029909 0.1984296875 0.42454876462938884 0.2111376953125 0.42208712613784133 0.2048994140625 0.4328556566970091 0.2009716796875 0.4402405721716515 0.2104453125 0.43931729518855656
0  0.2822265625 0.3179453836150845 0.03125 0.04811443433029909 0.27558203125 0.3076345903771131 0.290318359375 0.3091443433029909 0.2832900390625 0.31639011703511055 0.2730888671875 0.32544603381014303 0.2898642578125 0.3260494148244473
0  0.27392578125 0.5143042912873862 0.0400390625 0.05851755526657997 0.260802734375 0.5049570871261378 0.2789306640625 0.5053237971391418 0.266845703125 0.516295188556567 0.2599794921875 0.5265357607282185 0.2753603515625 0.5269024707412223
0  0.2900390625 0.6417425227568271 0.037109375 0.05851755526657997 0.278111328125 0.6396059817945384 0.2965263671875 0.6373771131339402 0.285923828125 0.6485227568270481 0.278111328125 0.658555266579974 0.2920615234375 0.6581833550065019
0  0.3544921875 0.3433029908972692 0.03125 0.04681404421326398 0.3458427734375 0.33837971391417426 0.3594443359375 0.3392860858257477 0.3519638671875 0.3474369310793238 0.3458427734375 0.35558647594278286 0.356951171875 0.35558647594278286
0  0.31103515625 0.4070221066319896 0.0341796875 0.0494148244473342 -0.0009765625 -0.0013003901170351106 -0.0009765625 -0.0013003901170351106 -0.0009765625 -0.0013003901170351106 -0.0009765625 -0.0013003901170351106 -0.0009765625 -0.0013003901170351106
0  0.3583984375 0.5377113133940182 0.0390625 0.05851755526657997 0.3495400390625 0.5326020806241872 0.3662802734375 0.5281443433029909 0.35986328125 0.5392899869960989 0.3534462890625 0.5541521456436931 0.3687919921875 0.5489505851755526
0  0.40576171875 0.6176853055916776 0.0400390625 0.05981794538361508 0.394251953125 0.6184512353706112 0.4106533203125 0.6176853055916776 0.4014453125 0.6287971391417425 0.3979931640625 0.6383758127438232 0.4132431640625 0.6379921976592978
0  0.4140625 0.34070221066319895 0.029296875 0.05201560468140442 0.40625 0.3368010403120936 0.41796875 0.3328998699609883 0.4140625 0.3433029908972692 0.41015625 0.35240572171651496 0.4228515625 0.34850455136540964
0  0.47607421875 0.37776332899869963 0.0341796875 0.0377113133940182 0.4638671875 0.37711313394018203 0.4765625 0.37711313394018203 0.4697265625 0.3862158647594278 0.466796875 0.39791937581274384 0.4755859375 0.39791937581274384
0  0.48974609375 0.5013003901170351 0.0439453125 0.05851755526657997 0.4806083984375 0.4969349804941482 0.4998603515625 0.4913615084525358 0.4926064453125 0.5051092327698309 0.4842353515625 0.518113133940182 0.4990234375 0.5158829648894668
0  0.5078125 0.6300390117035111 0.04296875 0.06892067620286085 0.49609375 0.6241872561768531 0.515625 0.6241872561768531 0.50390625 0.6397919375812744 0.49609375 0.6488946684005201 0.509765625 0.6514954486345904
0  0.4970703125 0.33029908972691807 0.029296875 0.0494148244473342 0.4901123046875 0.3247256176853056 0.5023583984375 0.32257217165149543 0.4954267578125 0.3330338101430429 0.4931162109375 0.3410325097529259 0.503283203125 0.3385721716514955
0  0.533203125 0.3342002600780234 0.03515625 0.03901170351105332 0.5205078125 0.33550065019505854 0.533203125 0.3342002600780234 0.5244140625 0.3459037711313394 0.5234375 0.3550065019505852 0.5283203125 0.3511053315994798
0  0.54443359375 0.3790637191157347 0.0302734375 0.04811443433029909 0.5342666015625 0.3740715214564369 0.549748046875 0.37099479843953187 0.5425849609375 0.38176332899869964 0.5370400390625 0.38945513654096225 0.55205859375 0.3882249674902471
0  0.55126953125 0.49739921976592977 0.0400390625 0.06892067620286085 0.5393369140625 0.48913263979193755 0.5560126953125 0.4900026007802341 0.54522265625 0.5035006501950585 0.5383564453125 0.5143849154746424 0.5530703125 0.5148205461638491
0  0.60107421875 0.6163849154746424 0.0478515625 0.06762028608582575 0.5869140625 0.6085825747724317 0.6044921875 0.6072821846553966 0.59375 0.6241872561768531 0.59375 0.6371911573472041 0.6083984375 0.6319895968790638
0  0.61279296875 0.3296488946684005 0.0341796875 0.053315994798439535 0.602966796875 0.3236111833550065 0.6153564453125 0.3229375812743823 0.6087822265625 0.33371261378413525 0.6039775390625 0.34111963589076727 0.6143447265625 0.34111963589076727
0  0.63134765625 0.42522756827048114 0.0380859375 0.05721716514954486 0.61767578125 0.4183602080624187 0.635802734375 0.41177633289987 0.6275634765625 0.42823407022106635 0.62371875 0.4392067620286086 0.638275390625 0.43518335500650196
0  0.84521484375 0.3517555266579974 0.0380859375 0.06371911573472042 0.8356328125 0.34663459037711314 0.85333203125 0.34500910273081925 0.84295703125 0.3547620286085826 0.8356328125 0.3657347204161248 0.854248046875 0.363703511053316
0  0.75732421875 0.2815344603381014 0.0341796875 0.053315994798439535 0.746974609375 0.2728036410923277 0.7608818359375 0.27111963589076726 0.753548828125 0.2808842652795839 0.747986328125 0.2919960988296489 0.7618935546875 0.2906488946684005
0  0.91455078125 0.3504551365409623 0.0439453125 0.053315994798439535 0.908203125 0.3472041612483745 0.9267578125 0.3472041612483745 0.9189453125 0.36150845253576075 0.9091796875 0.3719115734720416 0.92578125 0.3706111833550065
0  0.73876953125 0.4362808842652796 0.0478515625 0.0741222366710013 0.727818359375 0.423555266579974 0.746302734375 0.4240195058517556 0.7333984375 0.4370234070221067 0.7281669921875 0.4500273081924578 0.743861328125 0.4514213263979193
0  0.75 0.5715214564369311 0.046875 0.06631989596879063 0.7387001953125 0.56292977893368 0.7612998046875 0.5595851755526658 0.74905859375 0.5708712613784135 0.7418388671875 0.586336801040312 0.7591025390625 0.5834109232769831
0  0.68359375 0.3094928478543563 0.03125 0.05981794538361508 0.67578125 0.3016905071521456 0.689453125 0.30039011703511054 0.6826171875 0.3094928478543563 0.67578125 0.32249674902470743 0.689453125 0.32249674902470743
0  0.7568359375 0.36540962288686607 0.029296875 0.04161248374512354 0.748046875 0.3680104031209363 0.7626953125 0.36671001300390116 0.755859375 0.37971391417425226 0.7490234375 0.38751625487646296 0.7607421875 0.3862158647594278
0  0.80078125 0.3283485045513654 0.03515625 0.055916775032509754 0.7912509765625 0.3251612483745124 0.808271484375 0.32268270481144345 0.798697265625 0.334368010403121 0.7941767578125 0.34463849154746423 0.80720703125 0.34392977893368015
