0  0.849609375 0.42020497803806733 0.0625 0.09370424597364568 0.8312685546875 0.41649926793557834 0.8610234375 0.4034128843338214 0.84634375 0.41530893118594436 0.8415830078125 0.4480234260614934 0.86459375 0.43731771595900437
0  0.681640625 0.7701317715959004 0.05078125 0.08199121522693997 0.6778740234375 0.763333821376281 0.7005439453125 0.763856515373353 0.692173828125 0.7873879941434846 0.676478515625 0.7920937042459737 0.6987998046875 0.7900014641288434
0  0.7822265625 0.7174231332357247 0.0234375 0.04978038067349927 0.777552734375 0.7090571010248902 0.7884345703125 0.703723279648609 0.7886435546875 0.7147042459736457 0.781529296875 0.7294494875549048 0.7928291015625 0.7216061493411421
0  0.65283203125 0.5571010248901903 0.0458984375 0.06588579795021962 0.6430927734375 0.5538857979502195 0.6585732421875 0.5403089311859444 0.661787109375 0.5516954612005857 0.65711328125 0.5757818448023426 0.668212890625 0.5648330893118595
0  0.47998046875 0.5351390922401171 0.0576171875 0.0951683748169839 0.4610419921875 0.5247862371888726 0.4855087890625 0.5103528550512445 0.4766845703125 0.5259882869692533 0.4730751953125 0.561467057101025 0.49433203125 0.5476368960468522
0  0.29443359375 0.6061493411420205 0.0576171875 0.09956076134699854 0.27001953125 0.596528550512445 0.2880166015625 0.584606149341142 0.2691826171875 0.6053133235724744 0.274623046875 0.6316676427525622 0.2884345703125 0.6279019033674964
0  0.39990234375 0.6764275256222547 0.0361328125 0.05856515373352855 0.3899619140625 0.6712240117130308 0.4023876953125 0.6634011713030746 0.3991572265625 0.6745783308931186 0.3959267578125 0.6932064421669106 0.4071083984375 0.6861273792093704
0  0.24560546875 0.8799414348462665 0.0888671875 0.1581259150805271 0.2020439453125 0.8635739385065886 0.2252373046875 0.8566193265007321 0.2040322265625 0.8933806734992679 0.2325263671875 0.9221918008784773 0.215296875 0.9261654465592972
0  0.0908203125 0.9538799414348462 0.02734375 0.048316251830161056 0.081263671875 0.9490688140556369 0.0934013671875 0.9421669106881405 0.0860771484375 0.9575402635431918 0.08544921875 0.9700893118594437 0.0961220703125 0.9638155197657393
0  0.16015625 0.7745241581259151 0.029296875 0.05856515373352855 0.149169921875 0.7697657393850659 0.16015625 0.767203513909224 0.15185546875 0.7690336749633968 0.149658203125 0.7807467057101025 0.15673828125 0.7785505124450952
0  0.232421875 0.7664714494875549 0.021484375 0.03953147877013177 -0.0009765625 -0.0014641288433382138 -0.0009765625 -0.0014641288433382138 -0.0009765625 -0.0014641288433382138 -0.0009765625 -0.0014641288433382138 -0.0009765625 -0.0014641288433382138
0  0.16845703125 0.7459736456808199 0.0283203125 0.05124450951683748 0.1640625 0.7335285505124451 0.1767578125 0.7335285505124451 0.1689453125 0.746705710102489 0.1640625 0.7569546120058566 0.1728515625 0.7584187408491947
0  0.75537109375 0.6259150805270863 0.0166015625 0.03367496339677892 -0.0009765625 -0.0014641288433382138 -0.0009765625 -0.0014641288433382138 -0.0009765625 -0.0014641288433382138 -0.0009765625 -0.0014641288433382138 -0.0009765625 -0.0014641288433382138
0  0.9814453125 0.49633967789165445 0.037109375 0.2020497803806735 -0.0009765625 -0.0014641288433382138 -0.0009765625 -0.0014641288433382138 -0.0009765625 -0.0014641288433382138 -0.0009765625 -0.0014641288433382138 -0.0009765625 -0.0014641288433382138
