0  0.36572265625 0.513177159590044 0.0419921875 0.08638360175695461 0.35546875 0.5080527086383602 0.3759765625 0.5036603221083455 0.3671875 0.5256222547584187 0.3583984375 0.5373352855051244 0.376953125 0.5344070278184481
0  0.56396484375 0.5043923865300146 0.0439453125 0.08638360175695461 0.553955078125 0.4987188872620791 0.57666015625 0.4959736456808199 0.5660400390625 0.5146412884333821 0.5572509765625 0.5267203513909224 0.575927734375 0.5228770131771596
0  0.7568359375 0.5190336749633968 0.041015625 0.08052708638360176 0.7512470703125 0.5121830161054173 0.7706298828125 0.5137130307467057 0.76246875 0.5290073206442167 0.7519267578125 0.5422635431918008 0.7668896484375 0.5427730600292826
0  0.93603515625 0.5204978038067349 0.0439453125 0.08345534407027819 0.92897265625 0.5157335285505125 0.94839453125 0.515203513909224 0.939919921875 0.531086383601757 0.930384765625 0.5459106881405564 0.9462763671875 0.5464407027818448
0  0.18115234375 0.48975109809663253 0.0419921875 0.09224011713030747 0.172423828125 0.48372474377745245 0.1936123046875 0.4813718887262079 0.18498046875 0.5019604685212299 0.1771328125 0.5143147877013177 0.190865234375 0.5137262079062958
0  0.94775390625 0.3609077598828697 0.0380859375 0.06588579795021962 0.939453125 0.353900439238653 0.9575888671875 0.3530644216691069 0.947265625 0.3664509516837482 0.9402900390625 0.37649048316251826 0.9559150390625 0.37607174231332363
0  0.85107421875 0.38872620790629575 0.0322265625 0.0629575402635432 0.8434052734375 0.38168081991215225 0.8596279296875 0.38168081991215225 0.8511181640625 0.39483748169838945 0.843671875 0.404407027818448 0.8577666015625 0.40400878477306
0  0.75390625 0.349194729136164 0.033203125 0.05710102489019034 0.744873046875 0.34553440702781846 0.759521484375 0.3444363103953148 0.752197265625 0.35395314787701315 0.747314453125 0.36383601756954614 0.76025390625 0.36346998535871156
0  0.64697265625 0.3169838945827233 0.0283203125 0.0629575402635432 0.64080859375 0.3069311859443631 0.6556748046875 0.3057159590043924 0.6481064453125 0.31827818448023426 0.641078125 0.3312459736456808 0.6564853515625 0.3316515373352855
0  0.58203125 0.3528550512445095 0.033203125 0.06734992679355783 0.5761591796875 0.34872474377745244 0.590611328125 0.348298682284041 0.584943359375 0.35977013177159595 0.5789921875 0.37039238653001466 0.5889111328125 0.37039238653001466
0  0.47119140625 0.3008784773060029 0.0322265625 0.07759882869692533 0.4648173828125 0.29255051244509517 0.4805126953125 0.29500292825768665 0.4726650390625 0.3072576866764275 0.4654716796875 0.3160819912152269 0.47855078125 0.31706295754026353
0  0.36328125 0.3389458272327965 0.033203125 0.06881405563689605 0.358677734375 0.3282913616398243 0.3733515625 0.32656661786237184 0.36759765625 0.3403704245973646 0.3621298828125 0.3541756954612006 0.3733515625 0.35288140556368963
0  0.27392578125 0.33382137628111275 0.0302734375 0.06734992679355783 0.2682578125 0.32459150805270864 0.28384375 0.3275666178623719 0.2744921875 0.3377628111273792 0.2685419921875 0.348809663250366 0.2781767578125 0.3496588579795022
0  0.18359375 0.3389458272327965 0.03515625 0.06881405563689605 0.1756240234375 0.33131185944363106 0.1917373046875 0.33131185944363106 0.1845439453125 0.34425329428989754 0.178501953125 0.3550380673499268 0.189435546875 0.35460614934114204
0  0.05224609375 0.308199121522694 0.0400390625 0.07174231332357248 0.046142578125 0.30289165446559296 0.0650634765625 0.3033499267935578 0.0565185546875 0.3161610541727672 0.046447265625 0.325311859443631 0.0614013671875 0.325311859443631
