0  0.1005859375 0.39766081871345027 0.0390625 0.0847953216374269 0.1041611328125 0.39887426900584794 0.112740234375 0.3983391812865497 0.1145283203125 0.41278947368421054 0.101658203125 0.4224239766081871 0.11166796875 0.42295906432748537
0  0.251953125 0.3676900584795322 0.02734375 0.05701754385964912 0.2568359375 0.36293859649122806 0.261474609375 0.3603801169590643 0.266357421875 0.3742690058479532 0.257080078125 0.385233918128655 0.261474609375 0.3841374269005848
0  0.34033203125 0.3786549707602339 0.0244140625 0.04678362573099415 0.3359375 0.3742690058479532 0.349609375 0.3757309941520468 0.3427734375 0.3845029239766082 0.3349609375 0.38742690058479534 0.3466796875 0.39035087719298245
0  0.43359375 0.3347953216374269 0.025390625 0.05555555555555555 0.42375390625 0.32975730994152047 0.435263671875 0.32975730994152047 0.425671875 0.33980847953216375 0.4242333984375 0.3495 0.4323857421875 0.35021783625730996
0  0.54443359375 0.3435672514619883 0.0283203125 0.05263157894736842 0.5357841796875 0.33711842105263157 0.5487060546875 0.3367792397660819 0.540998046875 0.3483187134502924 0.5360107421875 0.35544590643274854 0.547798828125 0.3564634502923977
0  0.66748046875 0.3347953216374269 0.0263671875 0.043859649122807015 0.661681640625 0.322093567251462 0.6739501953125 0.322093567251462 0.6695556640625 0.33580116959064327 0.6644287109375 0.34265350877192985 0.6732177734375 0.34265350877192985
0  0.7861328125 0.3128654970760234 0.029296875 0.05555555555555555 0.776916015625 0.30541228070175436 0.7886875 0.3082309941520468 0.7792705078125 0.3177470760233918 0.7757392578125 0.3262061403508772 0.784685546875 0.32937865497076024
0  0.96044921875 0.375 0.0263671875 0.08333333333333333 -0.0009765625 -0.0014619883040935672 -0.0009765625 -0.0014619883040935672 -0.0009765625 -0.0014619883040935672 -0.0009765625 -0.0014619883040935672 -0.0009765625 -0.0014619883040935672
0  0.23974609375 0.18932748538011696 0.0205078125 0.033625730994152045 0.2392578125 0.17982456140350878 0.2421875 0.18128654970760233 0.2353515625 0.18421052631578946 0.234375 0.19444444444444445 0.23828125 0.195906432748538
0  0.29833984375 0.24195906432748537 0.0146484375 0.027777777777777776 0.2939453125 0.23976608187134502 0.2998046875 0.2412280701754386 0.294921875 0.24415204678362573 0.29296875 0.24853801169590642 0.296875 0.25
0  0.36279296875 0.21052631578947367 0.0244140625 0.04093567251461988 0.3578359375 0.20792251461988304 0.3655224609375 0.20444298245614034 0.362662109375 0.21568274853801167 0.360875 0.22558333333333333 0.3698125 0.2202309941520468
0  0.4814453125 0.21710526315789475 0.017578125 0.03070175438596491 0.481576171875 0.21187134502923974 0.488638671875 0.21128362573099416 0.4869384765625 0.21774561403508771 0.48419140625 0.22557748538011693 0.4877236328125 0.22518567251461985
0  0.42333984375 0.2631578947368421 0.0126953125 0.02046783625730994 0.421875 0.26169590643274854 0.4267578125 0.25877192982456143 0.4248046875 0.2631578947368421 0.4228515625 0.26900584795321636 0.427734375 0.26900584795321636
0  0.3544921875 0.3084795321637427 0.009765625 0.011695906432748537 0.353515625 0.3084795321637427 0.357421875 0.3055555555555556 0.35546875 0.3084795321637427 0.35546875 0.3128654970760234 0.357421875 0.31140350877192985
0  0.619140625 0.17251461988304093 0.017578125 0.038011695906432746 0.615099609375 0.1713011695906433 0.622841796875 0.1713011695906433 0.620583984375 0.17902777777777779 0.6163896484375 0.18482456140350878 0.6230029296875 0.18458187134502924
0  0.55419921875 0.24926900584795322 0.0126953125 0.021929824561403508 0.55078125 0.24707602339181287 0.5537109375 0.24415204678362573 0.552734375 0.25 0.5537109375 0.2573099415204678 0.5576171875 0.25146198830409355
